0.000000000000000000e+00 0.000000000000000000e+00
4.438389974128544857e+00 4.460732751767450210e+00
8.876779948102470286e+00 8.921232827265063392e+00
1.331516992349045836e+01 1.338150508443144204e+01
1.775355989908401000e+01 1.784155423080868985e+01
2.219194988703500826e+01 2.230138482792400367e+01
2.663033986299247147e+01 2.676100130394024035e+01
3.106872983826044177e+01 3.122040794429665311e+01
3.550711981654049509e+01 3.567960892693459840e+01
3.994550980286220465e+01 4.013860828182454554e+01
4.438389977868492053e+01 4.459740990772627356e+01
4.882228975344627742e+01 4.905601764242736351e+01
5.326067973098137998e+01 5.351443517282677931e+01
5.769906970823767267e+01 5.797266609107702351e+01
6.213745969285510284e+01 6.243071390096795881e+01
6.657584967669482978e+01 6.688858199724487008e+01
7.101423965162993568e+01 7.134627366244944824e+01
7.545262965544664269e+01 7.580379213600767230e+01
7.989101963651549454e+01 8.026114054192547087e+01
8.432940963018651814e+01 8.471832187770550604e+01
8.876779962419216474e+01 8.917533916517015768e+01
9.320618963072541874e+01 9.363219525567100732e+01
9.764457964000308721e+01 9.808889291195460203e+01
1.020829696142074283e+02 1.025454349285146805e+02
1.065213596036103922e+02 1.070018239308307102e+02
1.109597496336861866e+02 1.114580625283215056e+02
1.153981396133480644e+02 1.159141532988428622e+02
1.198365296684348067e+02 1.203700986588901429e+02
1.242749196439135630e+02 1.248259009893465077e+02
1.287133096824030076e+02 1.292815626465361731e+02
1.331516996736984026e+02 1.337370859529618485e+02
1.375900897371269593e+02 1.381924730989069872e+02
1.420284798066115286e+02 1.426477262588364567e+02
1.464668697883764139e+02 1.471028476224291524e+02
1.509052598008403834e+02 1.515578391898913537e+02
1.553436498554847276e+02 1.560127030460664628e+02
1.597820398869499172e+02 1.604674411492261470e+02
1.642204299678721213e+02 1.649220554177638860e+02
1.686588199941172661e+02 1.693765477741338543e+02
1.730972100645089995e+02 1.738309200092758431e+02
1.775356001643313562e+02 1.782851740267125251e+02
1.819739902696809963e+02 1.827393115861692934e+02
1.864123802905331786e+02 1.871933342452467173e+02
1.908507703127947934e+02 1.916472438626670964e+02
1.952891603351860965e+02 1.961010419914501881e+02
1.997275503583499585e+02 2.005547303241549173e+02
2.041659403562500756e+02 2.050083103686476704e+02
2.086043304047910851e+02 2.094617836596174243e+02
2.130427204450024874e+02 2.139151517729340526e+02
2.174811104608833148e+02 2.183684161597425373e+02
2.219195004499100037e+02 2.228215782532570586e+02
2.263578905803941268e+02 2.272746395648801183e+02
2.307962805689272727e+02 2.317276013320187076e+02
2.352346706466919670e+02 2.361804650889480399e+02
2.396730606286755574e+02 2.406332320240744025e+02
2.441114506251511784e+02 2.450859034548414002e+02
2.485498406228884960e+02 2.495384806681393002e+02
2.529882306546597022e+02 2.539909649912185614e+02
2.574266206317487331e+02 2.584433576714504852e+02
2.618650106360856853e+02 2.628956597525835832e+02
2.663034006298323106e+02 2.673478725238090874e+02
2.707417906360187203e+02 2.717999971670683408e+02
2.751801808093435397e+02 2.762520347969985437e+02
2.796185709401928534e+02 2.807039865380188530e+02
2.840569609737606243e+02 2.851558533826914754e+02
2.884953509615817211e+02 2.896076366211331106e+02
2.929337409516119806e+02 2.940593370058315941e+02
2.973721309380160278e+02 2.985109558649347150e+02
3.018105209794935604e+02 3.029624940285096955e+02
3.062489111214541708e+02 3.074139525078317092e+02
3.106873012765443036e+02 3.118653323000030468e+02
3.151256912573409181e+02 3.163166343909384750e+02
3.195640813593566918e+02 3.207678597164812118e+02
3.240024713604429962e+02 3.252190090184494693e+02
3.284408614477134165e+02 3.296700833639224015e+02
3.328792516363473624e+02 3.341210836570309084e+02
3.373176418010256157e+02 3.385720107188564043e+02
3.417560319819164079e+02 3.430228654313830248e+02
3.461944222050456688e+02 3.474736486599659884e+02
3.506328123421187115e+02 3.519243612983579510e+02
3.550712025632934683e+02 3.563750040577319851e+02
3.595095927081391665e+02 3.608255778729717349e+02
3.639479827672551551e+02 3.652760833414941999e+02
3.683863728272947355e+02 3.697265212801881944e+02
3.728247628604642614e+02 3.741768924973298454e+02
3.772631530928334200e+02 3.786271977493865393e+02
3.817015431776567880e+02 3.830774376824331853e+02
3.861399331667381603e+02 3.875276132581308843e+02
3.905783233984792560e+02 3.919777247984853830e+02
3.950167134607633557e+02 3.964277734919595559e+02
3.994551034697051364e+02 4.008777594885027611e+02
4.038934936700573530e+02 4.053276838938372748e+02
4.083318836540722714e+02 4.097775471133339806e+02
4.127702738186914075e+02 4.142273499875137190e+02
4.172086639524168277e+02 4.186770931083416940e+02
4.216470542070806005e+02 4.231267768422274003e+02
4.260854442085428673e+02 4.275764022556324448e+02
