0.000000000000000000e+00 0.000000000000000000e+00
4.439047775339854063e+00 4.460621502188363507e+00
8.878095550888708942e+00 8.921027771999341383e+00
1.331714332782382826e+01 1.338122311365762585e+01
1.775619110422044145e+01 1.784121171150959384e+01
2.219523888080333407e+01 2.230099762222865678e+01
2.663428667285486995e+01 2.676058479074384877e+01
3.107333444854814175e+01 3.121997703682767167e+01
3.551238223261115934e+01 3.567917808084039422e+01
3.995143001372888847e+01 4.013819152728218853e+01
4.439047780109518015e+01 4.459702090778225880e+01
4.882952558021058564e+01 4.905566959645361180e+01
5.326857336824652833e+01 5.351414091368054926e+01
5.770762115758584798e+01 5.797243811726309559e+01
6.214666894726605051e+01 6.243056431407768514e+01
6.658571672489915727e+01 6.688852258929578909e+01
7.102476450334198432e+01 7.134631587194634506e+01
7.546381228920535023e+01 7.580394710377336764e+01
7.990286009626728969e+01 8.026141909546983300e+01
8.434190789186894222e+01 8.471873455184294244e+01
8.878095571437876288e+01 8.917589617593583284e+01
9.322000354817939183e+01 9.363290661367186374e+01
9.765905137374132039e+01 9.808976832696885140e+01
1.020980991714031774e+02 1.025464838450416210e+02
1.065371469530947905e+02 1.070030555611295142e+02
1.109761947308670358e+02 1.114594858369148369e+02
1.154152425709553427e+02 1.159157769715165784e+02
1.198542903860606827e+02 1.203719312707513609e+02
1.242933381933708290e+02 1.248279508424478621e+02
1.287323860485462035e+02 1.292838378559486614e+02
1.331714338317678425e+02 1.337395943861334615e+02
1.376104816131223174e+02 1.381952224592093899e+02
1.420495294446816956e+02 1.426507240545836908e+02
1.464885772342713324e+02 1.471061011652298589e+02
1.509276250538316617e+02 1.515613556140961862e+02
1.553666729394258255e+02 1.560164893351371234e+02
1.598057207390223766e+02 1.604715040853905634e+02
1.642447685279248617e+02 1.649264016485742559e+02
1.686838163586585893e+02 1.693811838018405638e+02
1.731228641676585198e+02 1.738358522392678935e+02
1.775619119908300831e+02 1.782904085659741895e+02
1.820009598151359285e+02 1.827448545194353642e+02
1.864400076381702718e+02 1.871991915614464972e+02
1.908790554781110700e+02 1.916534213064332164e+02
1.953181033810071199e+02 1.961075451442788733e+02
1.997571512041460551e+02 2.005615647482560462e+02
2.041961990315804769e+02 2.050154815093003435e+02
2.086352468557592488e+02 2.094692967423467849e+02
2.130742947065182022e+02 2.139230119081389319e+02
2.175133424976830838e+02 2.183766284883251387e+02
2.219523903685613391e+02 2.228301476793197367e+02
2.263914382073093350e+02 2.272835708735187268e+02
2.308304859967513210e+02 2.317368992636407086e+02
2.352695338740355169e+02 2.361901342829795567e+02
2.397085816963262914e+02 2.406432769778029410e+02
2.441476295545103881e+02 2.450963287185586523e+02
2.485866773796231541e+02 2.495492906616774178e+02
2.530257252095585159e+02 2.540021638244249971e+02
2.574647731174098340e+02 2.584549494969055559e+02
2.619038210565961435e+02 2.629076486559376349e+02
2.663428689406676995e+02 2.673602624991025323e+02
2.707819168309650877e+02 2.718127921771819047e+02
2.752209646408086314e+02 2.762652386107321263e+02
2.796600124447522262e+02 2.807176029429350024e+02
2.840990602261962295e+02 2.851698861523631194e+02
2.885381081741799676e+02 2.896220891036262515e+02
2.929771559694239613e+02 2.940742128873970387e+02
2.974162038131927375e+02 2.985262586715807061e+02
3.018552518069742518e+02 3.029782271707740051e+02
3.062942998001296928e+02 3.074301193033879258e+02
3.107333476993932209e+02 3.118819360168927233e+02
3.151723955084909221e+02 3.163336782578256816e+02
3.196114433323223238e+02 3.207853468854995072e+02
3.240504911717431469e+02 3.252369425614293732e+02
3.284895391666570958e+02 3.296884663795413530e+02
3.329285871553415745e+02 3.341399190353015456e+02
3.373676351663081050e+02 3.385913014927424456e+02
3.418066831495337965e+02 3.430426144291552646e+02
3.462457311376532516e+02 3.474938586736946604e+02
3.506847789269204441e+02 3.519450350027219656e+02
3.551238267261015835e+02 3.563961442778230548e+02
3.595628745926622969e+02 3.608471872194754724e+02
3.640019223789103080e+02 3.652981644697525780e+02
3.684409701829320056e+02 3.697490768189525738e+02
3.728800180393519668e+02 3.741999249011737447e+02
3.773190658907641932e+02 3.786507094987380242e+02
3.817581137770871464e+02 3.831014312218876512e+02
3.861971616347510690e+02 3.875520907538381721e+02
3.906362094414008652e+02 3.920026888979170963e+02
3.950752572898167045e+02 3.964532261752571571e+02
3.995143050995105227e+02 4.009037033962174519e+02
4.039533529035589936e+02 4.053541209763185407e+02
4.083924008633139806e+02 4.098044798337401744e+02
4.128314486793666447e+02 4.142547802383292606e+02
4.172704965395382715e+02 4.187050230945220619e+02
4.217095446284922104e+02 4.231552090018556100e+02
4.261485926152623733e+02 4.276053383664553280e+02
