0.000000000000000000e+00 0.000000000000000000e+00
4.439794102748241045e+00 4.460621496183976298e+00
8.879588208745133215e+00 8.921044075816396912e+00
1.331938231168436459e+01 1.338127155144273850e+01
1.775917641479889042e+01 1.784130763155959443e+01
2.219897052215177524e+01 2.230115591947481235e+01
2.663876463493777180e+01 2.676081992064854731e+01
3.107855874777031602e+01 3.122030303133036000e+01
3.551835285476131787e+01 3.567960857686238541e+01
3.995814696316011094e+01 4.013873977174704066e+01
4.439794107705387205e+01 4.459769973652908703e+01
4.883773518125023827e+01 4.905649151374024086e+01
5.327752928637835339e+01 5.351511808849406293e+01
5.771732339089444253e+01 5.797358234249730913e+01
6.215711750536866020e+01 6.243188710565021182e+01
6.659691163425587490e+01 6.689003511485458375e+01
7.103670574460389275e+01 7.134802902170470418e+01
7.547649989823955252e+01 7.580587145981195363e+01
7.991629401540836852e+01 8.026356496493588111e+01
8.435608813737394485e+01 8.472111197346679035e+01
8.879588227845874826e+01 8.917851495189475486e+01
9.323567644183673053e+01 9.363577622951041235e+01
9.767547057417328915e+01 9.809289811990612407e+01
1.021152646781281561e+02 1.025498828182695235e+02
1.065550588239547096e+02 1.070067324995808349e+02
1.109948529983711296e+02 1.114634494033494434e+02
1.154346471315716087e+02 1.159200355015537554e+02
1.198744412831738373e+02 1.203764928931138485e+02
1.243142353928856778e+02 1.248328235243079689e+02
1.287540295662155074e+02 1.292890293805502324e+02
1.331938236898220396e+02 1.337451123338406944e+02
1.376336178341554444e+02 1.382010742793323175e+02
1.420734119583989070e+02 1.426569169944414170e+02
1.465132061449068601e+02 1.471126422140150680e+02
1.509530002990217383e+02 1.515682517437619481e+02
1.553927944783109751e+02 1.560237472306352231e+02
1.598325886102232403e+02 1.604791303101633844e+02
1.642723827888338519e+02 1.649344026572468067e+02
1.687121769431146276e+02 1.693895658753477846e+02
1.731519710941437324e+02 1.738446214379329149e+02
1.775917652567179061e+02 1.782995709798883013e+02
1.820315594059727005e+02 1.827544158318123095e+02
1.864713535554543000e+02 1.872091575717265641e+02
1.909111477070869114e+02 1.916637976123863609e+02
1.953509418667454725e+02 1.961183372965543867e+02
1.997907360161673580e+02 2.005727780640958144e+02
2.042305301780490936e+02 2.050271211525842432e+02
2.086703243137740174e+02 2.094813679909730411e+02
2.131101184702526439e+02 2.139355197419411638e+02
2.175499126026383010e+02 2.183895778241542303e+02
2.219897067480055455e+02 2.228435433544977116e+02
2.264295010011584566e+02 2.272974174950997508e+02
2.308692952594073518e+02 2.317512015449632372e+02
2.353090894370481010e+02 2.362048966793523448e+02
2.397488836205060352e+02 2.406585039557067773e+02
2.441886777718516441e+02 2.451120244912937665e+02
2.486284719280208719e+02 2.495654594409070341e+02
2.530682660883499295e+02 2.540188098918155220e+02
2.575080603083945334e+02 2.584720769379201784e+02
2.619478545267577374e+02 2.629252614538791022e+02
2.663876486330129296e+02 2.673783645817402430e+02
2.708274427479658470e+02 2.718313873294346195e+02
2.752672368822865110e+02 2.762843307548430971e+02
2.797070310080358695e+02 2.807371956559123305e+02
2.841468252280004094e+02 2.851899830787617134e+02
2.885866193455118491e+02 2.896426938022572131e+02
2.930264134929660713e+02 2.940953287968197856e+02
2.974662076730040212e+02 2.985478890066486883e+02
3.019060018349379675e+02 3.030003753273537086e+02
3.063457959888735331e+02 3.074527887494791116e+02
3.107855901906327745e+02 3.119051299669318382e+02
3.152253844295182716e+02 3.163573998535286478e+02
3.196651786251048293e+02 3.208095992415437081e+02
3.241049729520011624e+02 3.252617286984410612e+02
3.285447672375514685e+02 3.297137892602971760e+02
3.329845615529807219e+02 3.341657816620819403e+02
3.374243558565938201e+02 3.386177066596861778e+02
3.418641499787071325e+02 3.430695650536287076e+02
3.463039441667923484e+02 3.475213575054016246e+02
3.507437384278258605e+02 3.519730848420207394e+02
3.551835327415608390e+02 3.564247477043475101e+02
3.596233269185624977e+02 3.608763469255201812e+02
3.640631212122123088e+02 3.653278830263168402e+02
3.685029154952634940e+02 3.697793566990192176e+02
3.729427096277944429e+02 3.742307686703660465e+02
3.773825038697128775e+02 3.786821196117110162e+02
3.818222980834473219e+02 3.831334100942702889e+02
3.862620924389231050e+02 3.875846408088311819e+02
3.907018866248361064e+02 3.920358123215822843e+02
3.951416807608979980e+02 3.964869255922869797e+02
3.995814748950982107e+02 4.009379808613220462e+02
4.040212690266920390e+02 4.053889786371243531e+02
4.084610632210519725e+02 4.098399198789541629e+02
4.129008573833607443e+02 4.142908049571326501e+02
4.173406516670479505e+02 4.187416343982355897e+02
4.217804458016849480e+02 4.231924089025355897e+02
4.262202399360035656e+02 4.276431288806971907e+02
