0.000000000000000000e+00 0.000000000000000000e+00
4.441073810999232485e+00 4.460621494342592364e+00
8.882147622051256519e+00 8.921070649919609963e+00
1.332322143324462793e+01 1.338135052554779847e+01
1.776429524482719557e+01 1.784146409226639207e+01
2.220536906343963679e+01 2.230141424422313179e+01
2.664644287594815353e+01 2.676120380682407784e+01
3.108751668781075495e+01 3.122083552887247038e+01
3.552859050340050118e+01 3.568031208596910631e+01
3.996966431994680136e+01 4.013963609176930447e+01
4.441073813616152677e+01 4.459881009036359956e+01
4.885181194973711172e+01 4.905783656286854466e+01
5.329288576143038370e+01 5.351671792855502474e+01
5.773395957500309805e+01 5.797545655330907266e+01
6.217503339510046345e+01 6.243405473739439060e+01
6.661610725282736212e+01 6.689251477250698485e+01
7.105718106711439930e+01 7.135083877907761973e+01
7.549825489113197818e+01 7.580902894166717942e+01
7.993932872514896815e+01 8.026708735531424566e+01
8.438040255618878405e+01 8.472501603766718858e+01
8.882147642679890964e+01 8.918281699928193973e+01
9.326255030052575989e+01 9.364049216615316595e+01
9.770362411360025590e+01 9.809804345883364363e+01
1.021446979365621530e+02 1.025554727835265680e+02
1.065857717813405117e+02 1.070127818900890304e+02
1.110268456565639212e+02 1.114699726007447111e+02
1.154679194696922764e+02 1.159270466972707823e+02
1.199089933627021338e+02 1.203840057694926031e+02
1.243500672218425223e+02 1.248408515595899928e+02
1.287911410956800466e+02 1.292975856625248241e+02
1.332322149146203856e+02 1.337542097316027139e+02
1.376732887913517800e+02 1.382107253014081323e+02
1.421143626043781580e+02 1.426671338243246510e+02
1.465554364562487422e+02 1.471234368982759406e+02
1.509965102972434750e+02 1.515796359595499325e+02
1.554375841852584870e+02 1.560357324145981011e+02
1.598786580813483624e+02 1.604917276528773300e+02
1.643197319243066090e+02 1.649476230520298827e+02
1.687608057902740200e+02 1.694034200248559614e+02
1.732018796477105127e+02 1.738591197995796165e+02
1.776429535063707874e+02 1.783147237292870955e+02
1.820840273315074000e+02 1.827702330620718669e+02
1.865251011924994771e+02 1.872256490348896989e+02
1.909661750514068217e+02 1.916809729243500726e+02
1.954072489106506509e+02 1.961362058436168638e+02
1.998483227886206350e+02 2.005913490250980544e+02
2.042893966509273014e+02 2.050464035291055325e+02
2.087304704751933286e+02 2.095013705586122228e+02
2.131715443389145150e+02 2.139562511939356000e+02
2.176126181726735069e+02 2.184110465233580953e+02
2.220536920200470377e+02 2.228657576273127461e+02
2.264947658715782950e+02 2.273203855378055778e+02
2.309358396956723141e+02 2.317749313007690830e+02
2.353769136035618885e+02 2.362293959210465459e+02
2.398179875135569432e+02 2.406837803181979325e+02
2.442590614994690554e+02 2.451380854572819885e+02
2.487001353641354342e+02 2.495923123310198548e+02
2.531412092320426837e+02 2.540464620236529640e+02
2.575822831131008570e+02 2.585005352739168529e+02
2.620233569553444681e+02 2.629545329115740060e+02
2.664644309369766688e+02 2.674084559674803359e+02
2.709055048277898550e+02 2.718623052848851671e+02
2.753465788178817775e+02 2.763160817193301000e+02
2.797876526679049221e+02 2.807697861694674089e+02
2.842287266520899607e+02 2.852234194051135887e+02
2.886698005008894938e+02 2.896769820930694550e+02
2.931108743425871239e+02 2.941304751311095060e+02
2.975519483317473259e+02 2.985838993914296680e+02
3.019930223383306043e+02 3.030372555058326611e+02
3.064340963382919085e+02 3.074905443433092955e+02
3.108751703739097820e+02 3.119437667247760260e+02
3.153162442569696395e+02 3.163969233164945081e+02
3.197573180866966140e+02 3.208500147909729776e+02
3.241983920322808785e+02 3.253030417824055007e+02
3.286394660318529759e+02 3.297560050352414578e+02
3.330805400564981937e+02 3.342089052623232988e+02
3.375216140597706271e+02 3.386617432295320214e+02
3.419626880813262915e+02 3.431145194150909106e+02
3.464037621056388616e+02 3.475672345581923537e+02
3.508448360435953646e+02 3.520198893761518661e+02
3.552859098772094626e+02 3.564724843747138721e+02
3.597269837810638364e+02 3.609250203042277576e+02
3.641680576377117404e+02 3.653774978109087783e+02
3.686091316794722843e+02 3.698299173329796758e+02
3.730502055685612390e+02 3.742822795310783022e+02
3.774912795613765866e+02 3.787345850122746924e+02
3.819323534317886697e+02 3.831868342878261728e+02
3.863734273390923022e+02 3.876390279726485915e+02
3.908145012200333781e+02 3.920911668434409876e+02
3.952555751513327778e+02 3.965432512281809068e+02
3.996966490551809557e+02 4.009952814413414330e+02
4.041377229187796161e+02 4.054472581955560599e+02
4.085787967444887272e+02 4.098991822214285321e+02
4.130198708332145543e+02 4.143510539794007173e+02
4.174609448481149911e+02 4.188028736564399424e+02
4.219020187361145418e+02 4.232546419750376572e+02
4.263430927013612859e+02 4.277063597174960137e+02
