0.000000000000000000e+00 0.000000000000000000e+00
4.440838553391040833e+00 4.460621494547064358e+00
8.881677108536383258e+00 8.921065897552676205e+00
1.332251566373882312e+01 1.338133639635068306e+01
1.776335422668289965e+01 1.784143609255654184e+01
2.220419279234042165e+01 2.230136800527330365e+01
2.664503136157988550e+01 2.676113507877512632e+01
3.108586991674906486e+01 3.122074016964435472e+01
3.552670848601520959e+01 3.568018607478225590e+01
3.996754705934252172e+01 4.013947551657307145e+01
4.440838564260202759e+01 4.459861111661233934e+01
4.884922419649814174e+01 4.905759546940932125e+01
5.329006277299070149e+01 5.351643109129105369e+01
5.773090136666643701e+01 5.797512044739916348e+01
6.217173993365015860e+01 6.243366591550500289e+01
6.661257849731141789e+01 6.689206984706825665e+01
7.105341705820524112e+01 7.135033450800580113e+01
7.549425562262514688e+01 7.580846213722666960e+01
7.993509419107472525e+01 8.026645491475233030e+01
8.437593278705361399e+01 8.472431490280720823e+01
8.881677135779983701e+01 8.918204420755787964e+01
9.325760992605179922e+01 9.363964483966509533e+01
9.769844849828896827e+01 9.809711878253651207e+01
1.021392871126894590e+02 1.025544679828363996e+02
1.065801256981542053e+02 1.070116943203683775e+02
1.110209642753077333e+02 1.114687996291497427e+02
1.154618028639543610e+02 1.159257856746673951e+02
1.199026414509672946e+02 1.203826542919100575e+02
1.243434800738822759e+02 1.248394071463809922e+02
1.287843186903920127e+02 1.292960459322108022e+02
1.332251572641049790e+02 1.337525723394700776e+02
1.376659958403043333e+02 1.382089879241487438e+02
1.421068344319600385e+02 1.426652942599833978e+02
1.465476730700904682e+02 1.471214929608811133e+02
1.509885116517019696e+02 1.515775854752428415e+02
1.554293502819560615e+02 1.560335733467301793e+02
1.598701889388943300e+02 1.604894580042863765e+02
1.643110275558215108e+02 1.649452407826041735e+02
1.687518661686194719e+02 1.694009230898024612e+02
1.731927047704935774e+02 1.738565064046256339e+02
1.776335433717729870e+02 1.783119919942684533e+02
1.820743820150662771e+02 1.827673811453385042e+02
1.865152206141761440e+02 1.872226751321845200e+02
1.909560592124974505e+02 1.916778751804867227e+02
1.953968978528639298e+02 1.961329825640514457e+02
1.998377364537953440e+02 2.005879984634948698e+02
2.042785750560536826e+02 2.050429241497933219e+02
2.087194136501624655e+02 2.094977607647170430e+02
2.131602522581196126e+02 2.139525094020687277e+02
2.176010909604924279e+02 2.184071710803516737e+02
2.220419295412471570e+02 2.228617471288071101e+02
2.264827681437097340e+02 2.273162384076059652e+02
2.309236067756850161e+02 2.317706460509555200e+02
2.353644453735529680e+02 2.362249711342586806e+02
2.398052839737408135e+02 2.406792145849666724e+02
2.442461225749916025e+02 2.451333774563165662e+02
2.486869611814080940e+02 2.495874606756652554e+02
2.531277997897676642e+02 2.540414652450136828e+02
2.575686383857565716e+02 2.584953921781274175e+02
2.620094770936994450e+02 2.629492422248858361e+02
2.664503157183349913e+02 2.674030164090981998e+02
2.708911543007371847e+02 2.718567156463361130e+02
2.753319929594252926e+02 2.763103407865833105e+02
2.797728317041234618e+02 2.807638926138362194e+02
2.842136703172338912e+02 2.852173720993596362e+02
2.886545090044974700e+02 2.896707799957827660e+02
2.930953477590034595e+02 2.941241171152536253e+02
2.975361863465197416e+02 2.985773842974642207e+02
3.019770251116715940e+02 3.030305823325965093e+02
3.064178637008116652e+02 3.074837120087652806e+02
3.108587022652761220e+02 3.119367741846542117e+02
3.152995408344149837e+02 3.163897695274500848e+02
3.197403795186967841e+02 3.208426987902972769e+02
3.241812181276442857e+02 3.252955624867831261e+02
3.286220568687449486e+02 3.297483615152985976e+02
3.330628956357317634e+02 3.342010965655740620e+02
3.375037343452268033e+02 3.386537684143157207e+02
3.419445730308345901e+02 3.431063775824079016e+02
3.463854116158904048e+02 3.475589248244434657e+02
3.508262502068832873e+02 3.520114108134303592e+02
3.552670888271925378e+02 3.564638361357701228e+02
3.597079274709520860e+02 3.609162015404263002e+02
3.641487660503764801e+02 3.653685076460829464e+02
3.685896046316591992e+02 3.698207549491219197e+02
3.730304434625023760e+02 3.742729441180778167e+02
3.774712820912903339e+02 3.787250757692058869e+02
3.819121207578065196e+02 3.831771504210419153e+02
3.863529594638671369e+02 3.876291686931650702e+02
3.907937982468504288e+02 3.920811311124352869e+02
3.952346369003921609e+02 3.965330383540796220e+02
3.996754754863584367e+02 4.009848910445443835e+02
4.041163141177893294e+02 4.054366894468234364e+02
4.085571526873144990e+02 4.098884343090216476e+02
4.129979914828692245e+02 4.143401260456283239e+02
4.174388301563412824e+02 4.187917655187161472e+02
4.218796687925434412e+02 4.232433528102899913e+02
4.263205076401076781e+02 4.276948885783812102e+02
