0.000000000000000000e+00 0.000000000000000000e+00
4.440957393903498307e+00 4.460621494471506132e+00
8.881914787997670757e+00 8.921068305550837962e+00
1.332287218207387269e+01 1.338134355379434659e+01
1.776382957609100188e+01 1.784145028053188753e+01
2.220478697462331041e+01 2.230139143433324378e+01
2.664574438579353099e+01 2.676116990243395577e+01
3.108670178651640015e+01 3.122078848427839404e+01
3.552765918439189363e+01 3.568024992499898929e+01
3.996861660112122649e+01 4.013955688772050934e+01
4.440957401903604307e+01 4.459871194800402350e+01
4.885053144128601588e+01 4.905771763361467208e+01
5.329148885357928833e+01 5.351657643260685404e+01
5.773244627979855892e+01 5.797529073919632481e+01
6.217340369512577070e+01 6.243386291303316682e+01
6.661436109813763551e+01 6.689229524191010512e+01
7.105531852168252271e+01 7.135058995841056628e+01
7.549627595209709341e+01 7.580874925485761651e+01
7.993723336908807653e+01 8.026677525767995292e+01
8.437819080759405210e+01 8.472467002364817290e+01
8.881914821568614116e+01 8.918243562439971583e+01
9.326010567248968641e+01 9.364007404104401644e+01
9.770106309512868847e+01 9.809758714956738856e+01
1.021420205040933809e+02 1.025549769078164388e+02
1.065829779303160478e+02 1.070122451507932624e+02
1.110239353788017524e+02 1.114693936773269769e+02
1.154648928256400211e+02 1.159264242696503544e+02
1.199058502498859582e+02 1.203833387024263430e+02
1.243468077245483698e+02 1.248401386055867022e+02
1.287877651821404754e+02 1.292968256418482440e+02
1.332287226078110507e+02 1.337534014846243338e+02
1.376696800323532557e+02 1.382098676659926184e+02
1.421106374723549379e+02 1.426662257295022584e+02
1.465515949600595320e+02 1.471224772619338523e+02
1.509925523560433192e+02 1.515786237252980584e+02
1.554335098268554134e+02 1.560346664986050484e+02
1.598744673211365352e+02 1.604906070922646961e+02
1.643154247293057608e+02 1.649464468841200073e+02
1.687563821787876464e+02 1.694021871887708812e+02
1.731973396434213441e+02 1.738578294196164507e+02
1.776382970886019166e+02 1.783133749490063451e+02
1.820792544970973097e+02 1.827688249475143891e+02
1.865202119457515550e+02 1.872241806856676192e+02
1.909611693877160121e+02 1.916794434045441449e+02
1.954021268294418405e+02 1.961346142888322106e+02
1.998430842359825306e+02 2.005896946359338813e+02
2.042840416774104142e+02 2.050446855780485862e+02
2.087249990775177650e+02 2.094995881439758136e+02
2.131659565708287118e+02 2.139544035422984791e+02
2.176069140013278798e+02 2.184091329268761115e+02
2.220478715426635290e+02 2.228637772675071176e+02
2.264888289728967266e+02 2.273183377028243513e+02
2.309297864352025158e+02 2.317728151634786400e+02
2.353707439271897783e+02 2.362272108452630164e+02
2.398117013695779463e+02 2.406815256075254297e+02
2.442526588264515226e+02 2.451357604093492171e+02
2.486936162762679032e+02 2.495899163865892945e+02
2.531345737243043175e+02 2.540439943202364930e+02
2.575755311264143756e+02 2.584979952744562866e+02
2.620164886601338594e+02 2.629519199847357527e+02
2.664574460881934783e+02 2.674057694695403598e+02
2.708984035376409452e+02 2.718595446290511290e+02
2.753393610644442333e+02 2.763132462986127393e+02
2.797803184666844345e+02 2.807668753746601169e+02
2.842212759205136194e+02 2.852204327114923785e+02
2.886622333601759465e+02 2.896739188806594143e+02
2.931031907627579471e+02 2.941273349087790052e+02
2.975441482120889987e+02 2.985806815047588429e+02
3.019851057304978212e+02 3.030339594967474568e+02
3.064260633205726094e+02 3.074871696759961992e+02
3.108670207605349560e+02 3.119403129093602729e+02
3.153079782412978602e+02 3.163933898352385086e+02
3.197489356429498457e+02 3.208464011423598095e+02
3.241898932547102845e+02 3.252993474356220531e+02
3.286308506683041060e+02 3.297522294979072512e+02
3.330718082759865410e+02 3.342050480791857581e+02
3.375127658617772113e+02 3.386578040305955710e+02
3.419537234828442820e+02 3.431104976772188593e+02
3.463946810899291222e+02 3.475631298334947132e+02
3.508356386388411465e+02 3.520157011676734555e+02
3.552765960554876301e+02 3.564682123395317603e+02
3.597175535411702185e+02 3.609206640000877542e+02
3.641585109516855709e+02 3.653730567855753861e+02
3.685994683733327975e+02 3.698253911748331006e+02
3.730404258449787562e+02 3.742776678432205699e+02
3.774813834446650844e+02 3.787298873973215336e+02
3.819223410055135446e+02 3.831820503707519947e+02
3.863632985799634980e+02 3.876341572936531747e+02
3.908042562440550682e+02 3.920862087963325848e+02
3.952452136686921449e+02 3.965382054794803253e+02
3.996861710940814874e+02 4.009901478898530058e+02
4.041271285202921604e+02 4.054420365631308414e+02
4.085680861882154886e+02 4.098938721175752562e+02
4.130090437398284280e+02 4.143456547538974064e+02
4.174500011736687952e+02 4.187973851869805912e+02
4.218909585953570627e+02 4.232490641425381455e+02
4.263319161193386435e+02 4.277006918461884197e+02
