0.000000000000000000e+00 0.000000000000000000e+00
4.441299577656079300e+00 4.460621494265028630e+00
8.882599156220788217e+00 8.921075154728100642e+00
1.332389873547108472e+01 1.338136391328470154e+01
1.776519831394499960e+01 1.784149062597031588e+01
2.220649790538804780e+01 2.230145807430797333e+01
2.664779748495533340e+01 2.676126896959161172e+01
3.108909706334383927e+01 3.122092595338646248e+01
3.553039665659649415e+01 3.568043161154325560e+01
3.997169624018830802e+01 4.013978845504730941e+01
4.441299582058525175e+01 4.459899889915897120e+01
4.885429540009008775e+01 4.905806535153477910e+01
5.329559500182531906e+01 5.351699014737869931e+01
5.773689461776068299e+01 5.797577555970089236e+01
6.217819420646790718e+01 6.243442384506428056e+01
6.661949379338163624e+01 6.689293710331367038e+01
7.106079337494236370e+01 7.135131750023809616e+01
7.550209296540157311e+01 7.580956707104378722e+01
7.994339254973533571e+01 8.026768782817650560e+01
8.438469214628719328e+01 8.472568176224103809e+01
8.882599173976993256e+01 8.918355079357723980e+01
9.326729133679896222e+01 9.364129680222245611e+01
9.770859097527224435e+01 9.809892163594551562e+01
1.021498905701513991e+02 1.025564271062963542e+02
1.065911901817691216e+02 1.070138149520726358e+02
1.110324897681187934e+02 1.114710868937814894e+02
1.154737894303699193e+02 1.159282446606022461e+02
1.199150890118196457e+02 1.203852898156764013e+02
1.243563886187108096e+02 1.248422240272747388e+02
1.287976882597669146e+02 1.292990488524457078e+02
1.332389878453361973e+02 1.337557658640817522e+02
1.376802874342238852e+02 1.382123765171983223e+02
1.421215870340122649e+02 1.426688823294713302e+02
1.465628867078416420e+02 1.471252847624077162e+02
1.510041863110931217e+02 1.515815852401859161e+02
1.554454859586198552e+02 1.560377851130824638e+02
1.598867856083788581e+02 1.604938857167053925e+02
1.643280852001321932e+02 1.649498883991381604e+02
1.687693848347587675e+02 1.694057944519627483e+02
1.732106844601204898e+02 1.738616052451274072e+02
1.776519840574733280e+02 1.783173219208538001e+02
1.820932836976380145e+02 1.827729458225066992e+02
1.865345833722319071e+02 1.872284781351774541e+02
1.909758829662302446e+02 1.916839199004919010e+02
1.954171825586143427e+02 1.961392723905147477e+02
1.998584821832147327e+02 2.005945367398211943e+02
2.042997818089083921e+02 2.050497141757462884e+02
2.087410814079231329e+02 2.095048055435114804e+02
2.131823810378550661e+02 2.139598120762535700e+02
2.176236806308036194e+02 2.184147347721280994e+02
2.220649802709437495e+02 2.228695747242911693e+02
2.265062798955993344e+02 2.273243329087090103e+02
2.309475795147391750e+02 2.317790102897732254e+02
2.353888791619772576e+02 2.362336079017794077e+02
2.398301787833227081e+02 2.406881267251771419e+02
2.442714783842143618e+02 2.451425677019778959e+02
2.487127780172947666e+02 2.495969316291376572e+02
2.531540776501133791e+02 2.540512195783734342e+02
2.575953772507394319e+02 2.585054324095872289e+02
2.620366768752810458e+02 2.629595708603542334e+02
2.664779765032802175e+02 2.674136359129319089e+02
2.709192761145372970e+02 2.718676284337697666e+02
2.753605757244668553e+02 2.763215492731085305e+02
2.798018753251870976e+02 2.807753992217036512e+02
2.842431751016346198e+02 2.852291790375151095e+02
2.886844746904854446e+02 2.896828894430722698e+02
2.931257744368596150e+02 2.941365312941717320e+02
2.975670741807925310e+02 2.985901054069752263e+02
3.020083738919518055e+02 3.030436124326346885e+02
3.064496735215978447e+02 3.074970532451694680e+02
3.108909733182770196e+02 3.119504285610701686e+02
3.153322730001725631e+02 3.164037390485800643e+02
3.197735726256846647e+02 3.208569854353539768e+02
3.242148722118097339e+02 3.253101681923170645e+02
3.286561717969723873e+02 3.297632881828789095e+02
3.330974715854083570e+02 3.342163461231140786e+02
3.375387713552217974e+02 3.386693425735987830e+02
3.419800711791865524e+02 3.431222782469071149e+02
3.464213709703213908e+02 3.475751537586608606e+02
3.508626707160603928e+02 3.520279697520020363e+02
3.553039703853165747e+02 3.564807268317528042e+02
3.597452700538334511e+02 3.609334256750162240e+02
3.641865698488502403e+02 3.653860669816930908e+02
3.686278694445580868e+02 3.698386510500014310e+02
3.730691692759829721e+02 3.742911785608322361e+02
3.775104689292724061e+02 3.787436501302245233e+02
3.819517686207618681e+02 3.831960662357753336e+02
3.863930682147091602e+02 3.876484274629397078e+02
3.908343678245231558e+02 3.921007344905361265e+02
3.952756675423008232e+02 3.965529877812838322e+02
3.997169673249542257e+02 4.010051880271934124e+02
4.041582669843314761e+02 4.054573354492898716e+02
4.085995667912961835e+02 4.099094307305368829e+02
4.130408666428237439e+02 4.143614741203898006e+02
4.174821664611455390e+02 4.188134663585587987e+02
4.219234663460352976e+02 4.232654078979481369e+02
4.263647660831775283e+02 4.277172993105376690e+02
