0.000000000000000000e+00 0.000000000000000000e+00
4.440466967045581193e+00 4.460621494934559728e+00
8.880933934320491829e+00 8.921058268627028554e+00
1.332140090299197510e+01 1.338131372298839494e+01
1.776186787074935225e+01 1.784139116765602751e+01
2.220233484456157314e+01 2.230129382312365038e+01
2.664280182404598918e+01 2.676102482486469114e+01
3.108326879297198531e+01 3.122058722011097487e+01
3.552373576392712806e+01 3.567998398477482169e+01
3.996420274976337339e+01 4.013921801073871620e+01
4.440466971956307418e+01 4.459829208105377063e+01
4.884513669124281421e+01 4.905720895695304762e+01
5.328560366337254806e+01 5.351597132060024364e+01
5.772607063175602349e+01 5.797458177003891677e+01
6.216653759953771896e+01 6.243304284137806803e+01
6.660700457899011440e+01 6.689135702107516579e+01
7.104747155607739728e+01 7.134952674194100553e+01
7.548793852510848978e+01 7.580755431524508481e+01
7.992840552892815253e+01 8.026544207188199209e+01
8.436887251417499556e+01 8.472319220949842133e+01
8.880933948312966209e+01 8.918080698190823341e+01
9.324980651141453336e+01 9.363828849930771980e+01
9.769027350955629174e+01 9.809563884981605497e+01
1.021307404865149806e+02 1.025528600499189906e+02
1.065712074555745232e+02 1.070099540964566245e+02
1.110116744268478044e+02 1.114669228925868083e+02
1.154521413992281680e+02 1.159237683882595604e+02
1.198926083903601807e+02 1.203804924605398838e+02
1.243330754408851249e+02 1.248370968814723625e+02
1.287735424710479037e+02 1.292935834727605879e+02
1.332140094648025297e+02 1.337499539296146338e+02
1.376544764601455881e+02 1.382062099423318386e+02
1.420949434352353364e+02 1.426623531599301771e+02
1.465354104110883497e+02 1.471183852831071022e+02
1.509758774622079898e+02 1.515743078662417531e+02
1.554163444456723937e+02 1.560301223732280960e+02
1.598568114486880347e+02 1.604858304272430019e+02
1.642972784487816114e+02 1.649414334999984248e+02
1.687377455287026464e+02 1.693969330237746362e+02
1.731782125432015107e+02 1.738523304606727891e+02
1.776186795277047281e+02 1.783076272021853299e+02
1.820591465416316055e+02 1.827628246772095224e+02
1.864996136451532607e+02 1.872179241237776637e+02
1.909400806222399751e+02 1.916729268678790277e+02
1.953805475913634382e+02 1.961278342940560719e+02
1.998210146071845088e+02 2.005826475023439457e+02
2.042614816221958733e+02 2.050373678338609125e+02
2.087019486915208404e+02 2.094919965135478037e+02
2.131424157127195826e+02 2.139465346877408365e+02
2.175828827922966582e+02 2.184009836547632517e+02
2.220233497700984060e+02 2.228553444516516322e+02
2.264638168218916690e+02 2.273096181537157463e+02
2.309042838605698194e+02 2.317638058530380931e+02
2.353447509264426571e+02 2.362179087478691315e+02
2.397852179426858186e+02 2.406719277876777312e+02
2.442256849610816118e+02 2.451258641500884323e+02
2.486661519824021127e+02 2.495797187205505452e+02
2.531066190056271239e+02 2.540334924722479855e+02
2.575470859953732656e+02 2.584871865393204757e+02
2.619875530403495532e+02 2.629408017146982388e+02
2.664280201960798422e+02 2.673943390943499026e+02
2.708684873375879079e+02 2.718477995325233110e+02
2.753089543142616549e+02 2.763011839683127278e+02
2.797494213043746640e+02 2.807544933476723372e+02
2.841898883312049406e+02 2.852077285610976105e+02
2.886303554745206839e+02 2.896608902346058585e+02
2.930708224692095314e+02 2.941139794052356251e+02
2.975112896191756136e+02 2.985669968926052320e+02
3.019517567668592051e+02 3.030199435807852524e+02
3.063922237432921634e+02 3.074728203665579258e+02
3.108326907206082979e+02 3.119256278470624011e+02
3.152731578529431999e+02 3.163783668723232267e+02
3.197136248947724084e+02 3.208310382372504250e+02
3.241540918717030308e+02 3.252836424857824795e+02
3.285945590501728475e+02 3.297361805882849239e+02
3.330350262320350225e+02 3.341886531854439681e+02
3.374754933911897865e+02 3.386410610959927681e+02
3.419159605674352633e+02 3.430934049809310409e+02
3.463564277739251338e+02 3.475456854258465000e+02
3.507968949363755655e+02 3.519979033364100474e+02
3.552373619265384264e+02 3.564500590743193698e+02
3.596778289768433297e+02 3.609021534894829415e+02
3.641182961728266037e+02 3.653541873004352851e+02
3.685587631679570677e+02 3.698061610373371195e+02
3.729992301796282277e+02 3.742580753559842606e+02
3.774396973238602300e+02 3.787099308987419590e+02
3.818801643274254047e+02 3.831617282013439763e+02
3.863206314957744212e+02 3.876134681304868081e+02
3.907610985669685988e+02 3.920651508550906783e+02
3.952015655961357652e+02 3.965167773618395586e+02
3.996420326042291435e+02 4.009683478631611138e+02
4.040824997454453751e+02 4.054198631132102264e+02
4.085229669943105364e+02 4.098713236695767819e+02
4.129634340741865230e+02 4.143227299836639190e+02
4.174039011203213363e+02 4.187740826585312561e+02
4.218443681791420659e+02 4.232253822848014124e+02
4.262848354421440717e+02 4.276766292278979904e+02
