0.000000000000000000e+00 0.000000000000000000e+00
4.441073811031641227e+00 4.460621494373635976e+00
8.882147622277642540e+00 8.921070650794709067e+00
1.332322143825452798e+01 1.338135052442936157e+01
1.776429524951004879e+01 1.784146408881352741e+01
2.220536906145946432e+01 2.230141424069528711e+01
2.664644287512508569e+01 2.676120380299552082e+01
3.108751668784629629e+01 3.122083552240400195e+01
3.552859050229134397e+01 3.568031208374853236e+01
3.996966431897418204e+01 4.013963609628427776e+01
4.441073815702956296e+01 4.459881010252932754e+01
4.885181197541636067e+01 4.905783658019110760e+01
5.329288580066430114e+01 5.351671794592421350e+01
5.773395965051172141e+01 5.797545657698015020e+01
6.217503348239520733e+01 6.243405476145763799e+01
6.661610734012150203e+01 6.689251476498378679e+01
7.105718118275152051e+01 7.135083880323560379e+01
7.549825499671761975e+01 7.580902896415574332e+01
7.993932882193203682e+01 8.026708735199963485e+01
8.438040265079493452e+01 8.472501601837809915e+01
8.882147647133371038e+01 8.918281695782955865e+01
9.326255034519246578e+01 9.364049212161077662e+01
9.770362418571940566e+01 9.809804341512277404e+01
1.021446980575033336e+02 1.025554727174891383e+02
1.065857719427569634e+02 1.070127818334378276e+02
1.110268458009164050e+02 1.114699725400017769e+02
1.154679196162297785e+02 1.159270466023366168e+02
1.199089934766674332e+02 1.203840057080043096e+02
1.243500673563178225e+02 1.248408515007145496e+02
1.287911412311980257e+02 1.292975856173858631e+02
1.332322151255015115e+02 1.337542097087915067e+02
1.376732889907387971e+02 1.382107252422723604e+02
1.421143628474086995e+02 1.426671337831036226e+02
1.465554366665550674e+02 1.471234368586337951e+02
1.509965105260328642e+02 1.515796359204317696e+02
1.554375844141250127e+02 1.560357323176254170e+02
1.598786583252359605e+02 1.604917275947361190e+02
1.643197321581610595e+02 1.649476230397024779e+02
1.687608060251271809e+02 1.694034199608134657e+02
1.732018798828635227e+02 1.738591197342979058e+02
1.776429537516557389e+02 1.783147237055575829e+02
1.820840276107002751e+02 1.827702330549283829e+02
1.865251014686869553e+02 1.872256490604607393e+02
1.909661753294702464e+02 1.916809729205731969e+02
1.954072491863462915e+02 1.961362058995709390e+02
1.998483230456620845e+02 2.005913489981374198e+02
2.042893969958938953e+02 2.050464036022960670e+02
2.087304709207899123e+02 2.095013706403302081e+02
2.131715447902690528e+02 2.139562512857080492e+02
2.176126186223095829e+02 2.184110465790929823e+02
2.220536924383416135e+02 2.228657576857104345e+02
2.264947663141094836e+02 2.273203856113790380e+02
2.309358402288154934e+02 2.317749313028503479e+02
2.353769141700671810e+02 2.362293959263553802e+02
2.398179879970416835e+02 2.406837803268757057e+02
2.442590619180738543e+02 2.451380856188118855e+02
2.487001358295021873e+02 2.495923124957800496e+02
2.531412096603853001e+02 2.540464620794448933e+02
2.575822834942773056e+02 2.585005353377241590e+02
2.620233573438248413e+02 2.629545329771456750e+02
2.664644313137481504e+02 2.674084560707395326e+02
2.709055052165454640e+02 2.718623053897034652e+02
2.753465791644918568e+02 2.763160818170201765e+02
2.797876530295267230e+02 2.807697862544416694e+02
2.842287269003907113e+02 2.852234193879411919e+02
2.886698007260093846e+02 2.896769820779368274e+02
2.931108745556178974e+02 2.941304752035079559e+02
2.975519484871668965e+02 2.985838993977845348e+02
3.019930223637376798e+02 3.030372555331969124e+02
3.064340961871811260e+02 3.074905443728218870e+02
3.108751700371932998e+02 3.119437667605835713e+02
3.153162439302292341e+02 3.163969233264215291e+02
3.197573178013579422e+02 3.208500148184207887e+02
3.241983918203685562e+02 3.253030417561292325e+02
3.286394657879311580e+02 3.297560049655503462e+02
3.330805398123336545e+02 3.342089051888698350e+02
3.375216138154411283e+02 3.386617430280622330e+02
3.419626878361055446e+02 3.431145191913500412e+02
3.464037618603859983e+02 3.475672345075545309e+02
3.508448358177670343e+02 3.520198892719370178e+02
3.552859097561862427e+02 3.564724842636753692e+02
3.597269836595017978e+02 3.609250201907645987e+02
3.641680574778056325e+02 3.653774976977803703e+02
3.686091313209104783e+02 3.698299172179569041e+02
3.730502052088842220e+02 3.742822794146894694e+02
3.774912790954654156e+02 3.787345848946182514e+02
3.819323530198049070e+02 3.831868341657956307e+02
3.863734269867681519e+02 3.876390277984550039e+02
3.908145009459773291e+02 3.920911666676175855e+02
3.952555748502235815e+02 3.965432510534653261e+02
3.996966487036264084e+02 4.009952814665606411e+02
4.041377225890371392e+02 4.054472584208400576e+02
4.085787965085417568e+02 4.098991823256636735e+02
4.130198703616827061e+02 4.143510540336839085e+02
4.174609442898865836e+02 4.188028736949377162e+02
4.219020181781005476e+02 4.232546420106607457e+02
4.263430921164231222e+02 4.277063595025573477e+02
