0.000000000000000000e+00 0.000000000000000000e+00
4.439203304644196102e+00 4.460621499866316064e+00
8.878406609315604214e+00 8.921031214559262068e+00
1.331760991467027999e+01 1.338123334714621748e+01
1.775681321867092066e+01 1.784123197696308338e+01
2.219601652324411134e+01 2.230103106491411324e+01
2.663521984242172991e+01 2.676063445933983687e+01
3.107442314747967771e+01 3.122004589009971909e+01
3.551362645650622341e+01 3.567926899261274087e+01
3.995282977116919199e+01 4.013830729099569083e+01
4.439203310229859767e+01 4.459716422039386430e+01
4.883123641052887365e+01 4.905584309948382327e+01
5.327043971752725326e+01 5.351434716765353983e+01
5.770964305578353049e+01 5.797267960199071979e+01
6.214884636862077372e+01 6.243084344830174359e+01
6.658804967707875733e+01 6.688884171218529673e+01
7.102725300154014576e+01 7.134667728918341822e+01
7.546645632092713640e+01 7.580435303686223847e+01
7.990565963899405233e+01 8.026187170914857916e+01
8.434486299975661439e+01 8.471923595231278625e+01
8.878406636514719708e+01 8.917644844756159728e+01
9.322326972693167590e+01 9.363351172021619107e+01
9.766247306012670037e+01 9.809042820809187901e+01
1.021016764223946893e+02 1.025472003930991320e+02
1.065408797599035324e+02 1.070038306313833232e+02
1.109800831000679295e+02 1.114603212986941969e+02
1.154192864323041903e+02 1.159166745314465032e+02
1.198584897619410441e+02 1.203728925751333350e+02
1.242976931469516728e+02 1.248289775610076617e+02
1.287368965141094748e+02 1.292849316063627327e+02
1.331760998722058957e+02 1.337407568191542566e+02
1.376153031958415909e+02 1.381964550992835825e+02
1.420545065937681386e+02 1.426520284169864112e+02
1.464937099940502492e+02 1.471074787285822367e+02
1.509329133211540466e+02 1.515628078209438740e+02
1.553721167013264335e+02 1.560180175672850282e+02
1.598113200637537830e+02 1.604731097707788194e+02
1.642505234679265413e+02 1.649280861457056062e+02
1.686897268310177651e+02 1.693829483600780748e+02
1.731289301739076905e+02 1.738376980967743179e+02
1.775681334887964056e+02 1.782923370594697303e+02
1.820073369169702460e+02 1.827468667514286835e+02
1.864465402685897573e+02 1.872012887468118549e+02
1.908857436215628525e+02 1.916556045613442336e+02
1.953249469653486869e+02 1.961098158236455333e+02
1.997641503173214801e+02 2.005639237964817596e+02
2.042033536692619009e+02 2.050179300423529867e+02
2.086425570776981431e+02 2.094718359361443163e+02
2.130817605189748747e+02 2.139256427690616533e+02
2.175209639574656251e+02 2.183793519202874336e+02
2.219601674085719196e+02 2.228329648380454842e+02
2.263993708013322816e+02 2.272864826288704876e+02
2.308385741388423753e+02 2.317399066493985913e+02
2.352777775441913377e+02 2.361932382097735967e+02
2.397169809259193585e+02 2.406464784116387534e+02
2.441561842785360454e+02 2.450996285441048883e+02
2.485953876348354470e+02 2.495526895919618937e+02
2.530345909985567232e+02 2.540056628645557169e+02
2.574737944336775399e+02 2.584585495103277708e+02
2.619129978337450666e+02 2.629113504694377639e+02
2.663522011710984998e+02 2.673640669271241563e+02
2.707914045587897931e+02 2.718166999704579894e+02
2.752306078658439787e+02 2.762692506264704093e+02
2.796698112896865496e+02 2.807217198869493586e+02
2.841090145987996607e+02 2.851741088542303828e+02
2.885482180612845013e+02 2.896264184347010655e+02
2.929874213904767544e+02 2.940786494407519172e+02
2.974266247323645302e+02 2.985308030862424857e+02
3.018658281313114458e+02 3.029828801624305470e+02
3.063050316553743642e+02 3.074348815415692684e+02
3.107442351807338241e+02 3.118868081841675348e+02
3.151834387112218110e+02 3.163386610005717330e+02
3.196226422056903971e+02 3.207904408396117333e+02
3.240618457230713716e+02 3.252421483505957553e+02
3.285010491766443010e+02 3.296937846337535802e+02
3.329402526946396392e+02 3.341453503928116788e+02
3.373794561897736912e+02 3.385968464437798957e+02
3.418186597013087749e+02 3.430482736687953320e+02
3.462578631318197040e+02 3.474996327400310179e+02
3.506970665966553042e+02 3.519509245156669976e+02
3.551362700929945504e+02 3.564021496392575727e+02
3.595754734847250234e+02 3.608533090878057692e+02
3.640146769766630541e+02 3.653044033824176609e+02
3.684538803958736253e+02 3.697554332084408770e+02
3.728930837801866005e+02 3.742063994406340726e+02
3.773322871150627407e+02 3.786573026350746431e+02
3.817714905301149315e+02 3.831081433831604954e+02
3.862106938492870540e+02 3.875589225353794518e+02
3.906498971648052247e+02 3.920096408662889758e+02
3.950891005024682840e+02 3.964602987048696150e+02
3.995283038239650182e+02 4.009108968224287537e+02
4.039675072382305530e+02 4.053614359334802089e+02
4.084067105951286294e+02 4.098119167133600627e+02
4.128459139447150505e+02 4.142623394902163341e+02
4.172851172606198134e+02 4.187127050308927210e+02
4.217243207447551754e+02 4.231630138647147419e+02
4.261635240928563917e+02 4.276132666522363479e+02
