0.000000000000000000e+00 0.000000000000000000e+00
4.721529733606277368e+00 4.735373915766321495e+00
9.443059469287646834e+00 9.470666250088489946e+00
1.416458920361136009e+01 1.420587796800138491e+01
1.888611893848200651e+01 1.894101002049949045e+01
2.360764867234955489e+01 2.367606333750865133e+01
2.832917841220030297e+01 2.841103884050647821e+01
3.305070814611853791e+01 3.314593742164856849e+01
3.777223788806158211e+01 3.788075997363729641e+01
4.249376762870160462e+01 4.261550735941300871e+01
4.721529736781043596e+01 4.735018043896774032e+01
5.193682710676468162e+01 5.208478005545359224e+01
5.665835685039273528e+01 5.681930702392269694e+01
6.137988659102106226e+01 6.155376217266818628e+01
6.610141632763709651e+01 6.628814627753403954e+01
7.082294606884683219e+01 7.102246014474269487e+01
7.554447581312489035e+01 7.575670453945076588e+01
8.026600555637935486e+01 8.049088021581832209e+01
8.498753530853122129e+01 8.522498793029743069e+01
8.970906506467163410e+01 8.995902840596659189e+01
9.443059482309126906e+01 9.469300237814479715e+01
9.915212457139389812e+01 9.942691056516069636e+01
1.038736543205146887e+02 1.041607536467377884e+02
1.085951840805749100e+02 1.088945323166796868e+02
1.133167138316647140e+02 1.136282472550779090e+02
1.180382435837241957e+02 1.183618991259042446e+02
1.227597733398569062e+02 1.230954885833571808e+02
1.274813031085949717e+02 1.278290162730319821e+02
1.322028328552928826e+02 1.325624828284587977e+02
1.369243625971763834e+02 1.372958888884330690e+02
1.416458923495287365e+02 1.420292350643708232e+02
1.463674220958348542e+02 1.467625219635402516e+02
1.510889518536831986e+02 1.514957501967581948e+02
1.558104816235108387e+02 1.562289203700243547e+02
1.605320113837414056e+02 1.609620330268716089e+02
1.652535411682036965e+02 1.656950887235243499e+02
1.699750709389938379e+02 1.704280881023676102e+02
1.746966006800659841e+02 1.751610316275533137e+02
1.794181304368104861e+02 1.798939198456104691e+02
1.841396601713311156e+02 1.846267533786657395e+02
1.888611899715309050e+02 1.893595326836000936e+02
1.935827197303642038e+02 1.940922583185426333e+02
1.983042495237874050e+02 1.988249308117784153e+02
2.030257793058061111e+02 2.035575506135820660e+02
2.077473090942561669e+02 2.082901182973216123e+02
2.124688388900706286e+02 2.130226343194201775e+02
2.171903686928969819e+02 2.177550991394414837e+02
2.219118985009969833e+02 2.224875132882523587e+02
2.266334283170366177e+02 2.272198771737897403e+02
2.313549581397973043e+02 2.319521913443079484e+02
2.360764879463958437e+02 2.366844562381274955e+02
2.407980177292839699e+02 2.414166722911540433e+02
2.455195475167667496e+02 2.461488399136252667e+02
2.502410772676877855e+02 2.508809595700551540e+02
2.549626071036029202e+02 2.556130317187879086e+02
2.596841368516786588e+02 2.603450567711007011e+02
2.644056666420450483e+02 2.650770351348696749e+02
2.691271964123899352e+02 2.698089672671772519e+02
2.738487262561807825e+02 2.745408535625332433e+02
2.785702560411319837e+02 2.792726944549536938e+02
2.832917857876582275e+02 2.840044903067650921e+02
2.880133155398123108e+02 2.887362415383374810e+02
2.927348452802348220e+02 2.934679485245070509e+02
2.974563750318873190e+02 2.981996117062432745e+02
3.021779047843385797e+02 3.029312313734261579e+02
3.068994346248463216e+02 3.076628079775379092e+02
3.116209643711782746e+02 3.123943418206158071e+02
3.163424942286683290e+02 3.171258332272235521e+02
3.210640240151246303e+02 3.218572827323203001e+02
3.257855537659404490e+02 3.265886904913166973e+02
3.305070835214654039e+02 3.313200569485420033e+02
3.352286132774271437e+02 3.360513824673898853e+02
3.399501430831630842e+02 3.407826673996597151e+02
3.446716728870450197e+02 3.455139120670958732e+02
3.493932026910366631e+02 3.502451168612326455e+02
3.541147324991111418e+02 3.549762820381527035e+02
3.588362622449683386e+02 3.597074079338565298e+02
3.635577920281925230e+02 3.644384948263972319e+02
3.682793217958576406e+02 3.691695430695602909e+02
3.730008515734930370e+02 3.739005530500033956e+02
3.777223814554338333e+02 3.786315250464666633e+02
3.824439112018114884e+02 3.833624593111701984e+02
3.871654409529868417e+02 3.880933561539997072e+02
3.918869707014357004e+02 3.928242158613674633e+02
3.966085004954962869e+02 3.975550387933274692e+02
4.013300303451197806e+02 4.022858251644821621e+02
4.060515601537376824e+02 4.070165753715664323e+02
4.107730898987967976e+02 4.117472895849690531e+02
4.154946197378791339e+02 4.164779681827915851e+02
4.202161494851341104e+02 4.212086114143933173e+02
4.249376792437087715e+02 4.259392196358239744e+02
4.296592090031496696e+02 4.306697929026651082e+02
4.343807387626972627e+02 4.354003316438116826e+02
4.391022685747553851e+02 4.401308361628622379e+02
4.438237983900383483e+02 4.448613065930524044e+02
4.485453281429631716e+02 4.495917432351147909e+02
4.532668579174087427e+02 4.543221464692089171e+02
4.579883877634299552e+02 4.590525163525726384e+02
4.627099175684976444e+02 4.637828532312346965e+02
4.674314473243763359e+02 4.685131573381207772e+02
4.721529770782337891e+02 4.732434288644151366e+02
4.768745068694737483e+02 4.779736681345652869e+02
4.815960367194696801e+02 4.827038753743963753e+02
4.863175666502276613e+02 4.874340508530521561e+02
4.910390964648183854e+02 4.921641947246500877e+02
4.957606262699226249e+02 4.968943072796313345e+02
5.004821560674518537e+02 5.016243886706903368e+02
5.052036858962198949e+02 5.063544392302155188e+02
5.099252157729657142e+02 5.110844591066784233e+02
5.146467455648634086e+02 5.158144486678012299e+02
5.193682753112518640e+02 5.205444079266007975e+02
5.240898051294971083e+02 5.252743371897890938e+02
5.288113349683330853e+02 5.300042368060135232e+02
5.335328648165109371e+02 5.347341067674577744e+02
5.382543945861110615e+02 5.394639474220173270e+02
5.429759245425832432e+02 5.441937588627499736e+02
5.476974543959076982e+02 5.489235413514725224e+02
5.524189842272867281e+02 5.536532951101172557e+02
5.571405140275888925e+02 5.583830203817212805e+02
5.618620438466523410e+02 5.631127173452293846e+02
5.665835737357020889e+02 5.678423860752709516e+02
5.713051035873595538e+02 5.725720268900391829e+02
5.760266334437086471e+02 5.773016399353067527e+02
5.807481633343581962e+02 5.820312255685641958e+02
5.854696930906245598e+02 5.867607837239336277e+02
5.901912228442641890e+02 5.914903147281177098e+02
5.949127527694357696e+02 5.962198187784736092e+02
5.996342825154724778e+02 6.009492960334779355e+02
6.043558122757656292e+02 6.056787465791852583e+02
6.090773422134565180e+02 6.104081707201529525e+02
6.137988720911457676e+02 6.151375684973420448e+02
6.185204018385825293e+02 6.198669403402980151e+02
6.232419316749726477e+02 6.245962862988119468e+02
6.279634614304670777e+02 6.293256063614850291e+02
6.326849912121531361e+02 6.340549008220584710e+02
6.374065211214046940e+02 6.387841698888205428e+02
6.421280509258148186e+02 6.435134137406422496e+02
6.468495808923194090e+02 6.482426324759278486e+02
6.515711108426587543e+02 6.529718264155758334e+02
6.562926406407794957e+02 6.577009955347750747e+02
6.610141704283228137e+02 6.624301400031317826e+02
6.657357003262717399e+02 6.671592599984289791e+02
6.704572300796410218e+02 6.718883557224769447e+02
6.751787601005189572e+02 6.766174273711237674e+02
6.799002900063499055e+02 6.813464750358874653e+02
6.846218197904449880e+02 6.860754988926307760e+02
6.893433495444932078e+02 6.908044990412377047e+02
6.940648793006625965e+02 6.955334758584638166e+02
6.987864090616949397e+02 7.002624293582807695e+02
7.035079389527228386e+02 7.049913596393676016e+02
7.082294689680495594e+02 7.097202667616193139e+02
7.129509987984008603e+02 7.144491511092760447e+02
7.176725287268582179e+02 7.191780125020960668e+02
7.223940584722663516e+02 7.239068514483356012e+02
7.271155882141295024e+02 7.286356676692272458e+02
7.318371180732560788e+02 7.333644615382039547e+02
7.365586478992361208e+02 7.380932333357339985e+02
7.412801777594681880e+02 7.428219830167452074e+02
7.460017076179248079e+02 7.475507108169281310e+02
7.507232375173700802e+02 7.522794167907136398e+02
7.554447674864456985e+02 7.570081010486214836e+02
