0.000000000000000000e+00 0.000000000000000000e+00
4.722659982957363667e+00 4.735373915055347105e+00
9.445319966405948620e+00 9.470678560327099760e+00
1.416797995112954922e+01 1.420591469611006197e+01
1.889063993462883673e+01 1.894108307325141283e+01
2.361329991762826097e+01 2.367618442300880588e+01
2.833595990059144043e+01 2.841121946623784567e+01
3.305861988594077161e+01 3.314618891429392278e+01
3.778127987647586394e+01 3.788109346844076697e+01
4.250393986144968750e+01 4.261593382540952746e+01
4.722659984543398792e+01 4.735071064866144752e+01
5.194925983298649186e+01 5.208542461674755231e+01
5.667191981654721644e+01 5.682007639314805658e+01
6.139457981243049289e+01 6.155466659934003815e+01
6.611723980310210891e+01 6.628919587864774599e+01
7.083989979280394778e+01 7.102366487423657304e+01
7.556255978569353715e+01 7.575807419323953695e+01
8.028521977758487083e+01 8.049242444148890741e+01
8.500787977111957616e+01 8.522671622078162557e+01
8.973053978617039661e+01 8.996095011336709035e+01
9.445319978838801944e+01 9.469512670985193381e+01
9.917585977614361070e+01 9.942924658384055192e+01
1.038985197737358135e+02 1.041633102961532700e+02
1.086211797671446249e+02 1.088973183843813217e+02
1.133438397686227432e+02 1.136312714067441476e+02
1.180664997630884727e+02 1.183651698983245808e+02
1.227891597721006463e+02 1.230990143833737989e+02
1.275118197896305219e+02 1.278328053979458048e+02
1.322344798125773195e+02 1.325665434697306750e+02
1.369571398035308789e+02 1.373002290923011799e+02
1.416797997890872409e+02 1.420338627252790502e+02
1.464024597749751706e+02 1.467674448940269372e+02
1.511251198100310944e+02 1.515009761119012524e+02
1.558477798258999769e+02 1.562344568125508886e+02
1.605704398352294788e+02 1.609678875355311050e+02
1.652930998659812474e+02 1.657012686749709758e+02
1.700157598706148860e+02 1.704346007308949993e+02
1.747384198839344549e+02 1.751678841020629989e+02
1.794610798867906851e+02 1.799011192702870972e+02
1.841837398727188884e+02 1.846343066913986490e+02
1.889063998719302617e+02 1.893674468511803752e+02
1.936290599241402219e+02 1.941005400908299521e+02
1.983517199659874848e+02 1.988335868487868652e+02
2.030743799686234183e+02 2.035665875561881535e+02
2.077970399612388803e+02 2.082995426556072402e+02
2.125196999518159657e+02 2.130324525213843003e+02
2.172423600034790070e+02 2.177653175012214319e+02
2.219650200602409313e+02 2.224981380135006930e+02
2.266876801251129336e+02 2.272309144955691522e+02
2.314103401966595470e+02 2.319636472890410914e+02
2.361330002516438356e+02 2.366963367931122093e+02
2.408556602831317264e+02 2.414289834115982103e+02
2.455783202923437329e+02 2.461615875246885139e+02
2.503009802917575826e+02 2.508941494461590196e+02
2.550236402898409267e+02 2.556266695521317160e+02
2.597463002866996362e+02 2.603591482142792302e+02
2.644689602813452893e+02 2.650915857451290094e+02
2.691916203075180078e+02 2.698239825273169572e+02
2.739142803335414555e+02 2.745563389082918775e+02
2.786369403535684910e+02 2.792886551903699797e+02
2.833596003544835185e+02 2.840209317038447807e+02
2.880822603825819215e+02 2.887531687946042211e+02
2.928049203895159849e+02 2.934853668191720431e+02
2.975275804448576764e+02 2.982175260879917573e+02
3.022502404653488384e+02 3.029496469031566903e+02
3.069729004697367145e+02 3.076817294866090151e+02
3.116955604807383224e+02 3.124137742436441840e+02
3.164182204803020682e+02 3.171457814985817549e+02
3.211408804838094966e+02 3.218777515078660372e+02
3.258635405986409523e+02 3.266096846196037973e+02
3.305862006854525816e+02 3.313415811630562757e+02
3.353088607105418077e+02 3.360734413288344058e+02
3.400315207385476697e+02 3.408052654608301282e+02
3.447541807934907183e+02 3.455370538685078827e+02
3.494768408095102359e+02 3.502688066910195062e+02
3.541995008420330464e+02 3.550005244003438634e+02
3.589221608363045561e+02 3.597322071442988545e+02
3.636448208276917171e+02 3.644638551981884120e+02
3.683674808444787914e+02 3.691954688720898616e+02
3.730901408708119220e+02 3.739270484869581992e+02
3.778128008763867456e+02 3.786585941746656090e+02
3.825354609877980465e+02 3.833901062205652579e+02
3.872581209848768822e+02 3.881215849157773619e+02
3.919807810063133502e+02 3.928530306218797250e+02
3.967034410175849644e+02 3.975844433644775791e+02
4.014261010402007059e+02 4.023158235945556953e+02
4.061487610368877768e+02 4.070471715234257317e+02
4.108714210306459336e+02 4.117784873578510769e+02
4.155940810547008368e+02 4.165097712178329630e+02
4.203167410507447812e+02 4.212410234325272995e+02
4.250394010522745134e+02 4.259722442239312272e+02
4.297620610586125167e+02 4.307034338295543421e+02
4.344847210666848696e+02 4.354345925223321956e+02
4.392073810664643361e+02 4.401657204657152533e+02
4.439300410669769690e+02 4.448968180284232403e+02
4.486527010682808623e+02 4.496278852840066520e+02
4.533753611453531676e+02 4.543589223891655138e+02
4.580980212069263757e+02 4.590899296586610490e+02
4.628206812502341450e+02 4.638209074941794370e+02
4.675433412547621401e+02 4.685518557991255193e+02
4.722660013543249988e+02 4.732827750316430411e+02
4.769886613889439104e+02 4.780136652080493036e+02
4.817113215531657602e+02 4.827445265171804181e+02
4.864339816376789258e+02 4.874753591963645363e+02
4.911566416996104181e+02 4.922061636081129450e+02
4.958793017123414302e+02 4.969369397920748952e+02
5.006019618223191401e+02 5.016676879098552035e+02
5.053246219616194139e+02 5.063984082592144773e+02
5.100472820670253213e+02 5.111291010410734543e+02
5.147699421160428983e+02 5.158597664971041468e+02
5.194926022075122773e+02 5.205904046688839344e+02
5.242152623261185909e+02 5.253210157457842797e+02
5.289379223862393928e+02 5.300516000051907213e+02
5.336605824817020221e+02 5.347821576204154326e+02
5.383832424583725924e+02 5.395126888098945983e+02
5.431059025009147945e+02 5.442431936042437428e+02
5.478285626008885174e+02 5.489736722406748868e+02
5.525512226810460561e+02 5.537041249180999785e+02
5.572738827131229300e+02 5.584345518701951505e+02
5.619965427488305068e+02 5.631649532115071679e+02
5.667192028880233465e+02 5.678953291079519659e+02
5.714418630496436435e+02 5.726256796559383702e+02
5.761645232424846199e+02 5.773560052247644307e+02
5.808871832652982903e+02 5.820863058599502438e+02
5.856098432692190272e+02 5.868165816967685942e+02
5.903325033095895833e+02 5.915468329634329621e+02
5.950551635014386420e+02 5.962770597453416030e+02
5.997778234960189820e+02 6.010072622758571015e+02
6.045004834956771447e+02 6.057374406325765221e+02
6.092231436726126503e+02 6.104675949282318470e+02
6.139458038671264148e+02 6.151977254130590609e+02
6.186684638754659318e+02 6.199278322324993269e+02
6.233911240858735709e+02 6.246579156602624607e+02
6.281137841656120600e+02 6.293879756196381550e+02
6.328364443339702348e+02 6.341180123292267581e+02
6.375591043589049605e+02 6.388480260047936099e+02
6.422817644081330855e+02 6.435780167459520271e+02
6.470044246219806610e+02 6.483079847565855971e+02
6.517270848220312018e+02 6.530379301124089579e+02
6.564497450616883043e+02 6.577678528603815948e+02
6.611724053212545869e+02 6.624977531749495938e+02
6.658950654708844468e+02 6.672276315015682258e+02
6.706177254933227232e+02 6.719574874844302030e+02
6.753403856235565854e+02 6.766873217341727695e+02
6.800630458458190333e+02 6.814171341893896852e+02
6.847857058361283862e+02 6.861469248342577885e+02
6.895083658402104447e+02 6.908766939648662628e+02
6.942310260303172527e+02 6.956064417250257748e+02
6.989536861958638383e+02 7.003361680335215169e+02
7.036763462038925354e+02 7.050658731944920419e+02
7.083990064537051694e+02 7.097955573675244523e+02
7.131216665563350716e+02 7.145252206991571029e+02
7.178443267300560819e+02 7.192548632585815085e+02
7.225669867305175558e+02 7.239844850761264752e+02
7.272896469361492109e+02 7.287140864154848714e+02
7.320123069592573302e+02 7.334436673558276425e+02
7.367349672480264644e+02 7.381732280287449157e+02
7.414576273542397757e+02 7.429027686296549291e+02
7.461802874568364814e+02 7.476322890718074632e+02
7.509029475246883294e+02 7.523617894497423322e+02
7.556256077326315790e+02 7.570912700771916661e+02
