0.000000000000000000e+00 0.000000000000000000e+00
4.722659982568176318e+00 4.735373915178820781e+00
9.445319964636590626e+00 9.470678560446009087e+00
1.416797994866315946e+01 1.420591469622236147e+01
1.889063993213662229e+01 1.894108307029589611e+01
2.361329991494539371e+01 2.367618441402424168e+01
2.833595989786276448e+01 2.841121945730903775e+01
3.305861988138011043e+01 3.314618890322257982e+01
3.778127986651752224e+01 3.788109345450698129e+01
4.250393984962515503e+01 4.261593381178789741e+01
4.722659983212132317e+01 4.735071064529886087e+01
5.194925981966707695e+01 5.208542461905375376e+01
5.667191981214055829e+01 5.682007639403782662e+01
6.139457980148088012e+01 6.155466659993838618e+01
6.611723979117401484e+01 6.628919587944085379e+01
7.083989977362330137e+01 7.102366487162419162e+01
7.556255976646926342e+01 7.575807419227849948e+01
8.028521975832653368e+01 8.049242443978056372e+01
8.500787974497124821e+01 8.522671621871953107e+01
8.973053974342471406e+01 8.996095011154355348e+01
9.445319973623026044e+01 9.469512670728374815e+01
9.917585972085427670e+01 9.942924658096845292e+01
1.038985197184093181e+02 1.041633102881378079e+02
1.086211797415052445e+02 1.088973183761703467e+02
1.133438397543188216e+02 1.136312713987956613e+02
1.180664997835471581e+02 1.183651698909526431e+02
1.227891597871339258e+02 1.230990143886623258e+02
1.275118198180334019e+02 1.278328054004415719e+02
1.322344798111548698e+02 1.325665434334363511e+02
1.369571398042272108e+02 1.373002290242030767e+02
1.416797997895633046e+02 1.420338626596881682e+02
1.464024597979390023e+02 1.467674448247227588e+02
1.511251198329568979e+02 1.515009760176115492e+02
1.558477798488264057e+02 1.562344567082818116e+02
1.605704398581186751e+02 1.609678873997343089e+02
1.652930998983224526e+02 1.657012685204279023e+02
1.700157598903902567e+02 1.704346005599649914e+02
1.747384199268478824e+02 1.751678839320110228e+02
1.794610799296529535e+02 1.799011191016971907e+02
1.841837399317282120e+02 1.846343065370959664e+02
1.889063999527320163e+02 1.893674466977616078e+02
1.936290599479117702e+02 1.941005399398837312e+02
1.983517199898890055e+02 1.988335867070255460e+02
2.030743800207077925e+02 2.035665874154550465e+02
2.077970400578336410e+02 2.082995424705796950e+02
2.125197001025351256e+02 2.130324522800493128e+02
2.172423601542324718e+02 2.177653173010574505e+02
2.219650201423660292e+02 2.224981378483074081e+02
2.266876802071803922e+02 2.272309143329156313e+02
2.314103402785827939e+02 2.319636471587629387e+02
2.361330003287023374e+02 2.366963366756199321e+02
2.408556603582526918e+02 2.414289833295145513e+02
2.455783203952287863e+02 2.461615874194499156e+02
2.503009803943799909e+02 2.508941493418183200e+02
2.550236404298934190e+02 2.556266694486587312e+02
2.597463004335041887e+02 2.603591481272615624e+02
2.644689604465214643e+02 2.650915856590827389e+02
2.691916205107802398e+02 2.698239824440902339e+02
2.739142805090847332e+02 2.745563387811614575e+02
2.786369404889624661e+02 2.792886550621865354e+02
2.833596005085120169e+02 2.840209315404498511e+02
2.880822605752618983e+02 2.887531686329313061e+02
2.928049205779362296e+02 2.934853666233648255e+02
2.975275805781498093e+02 2.982175258260959936e+02
3.022502406204927183e+02 3.029496465918251715e+02
3.069729006265209819e+02 3.076817292342614110e+02
3.116955606266220684e+02 3.124137740504781391e+02
3.164182206515690723e+02 3.171457813057785984e+02
3.211408806958562536e+02 3.218777513556656231e+02
3.258635406953227402e+02 3.266096844384061342e+02
3.305862006984705204e+02 3.313415808941434761e+02
3.353088607571892794e+02 3.360734411284398675e+02
3.400315207542055305e+02 3.408052653108342156e+02
3.447541808051253156e+02 3.455370536775293999e+02
3.494768409227507959e+02 3.502688066022412841e+02
3.541995009795648457e+02 3.550005242834964747e+02
3.589221610597625158e+02 3.597322070055963081e+02
3.636448210692325347e+02 3.644638550608606238e+02
3.683674810824567203e+02 3.691954687595693940e+02
3.730901411087379529e+02 3.739270483243221861e+02
3.778128011099148580e+02 3.786585940239053798e+02
3.825354611401381817e+02 3.833901060885144716e+02
3.872581211376100896e+02 3.881215849105154803e+02
3.919807811349488134e+02 3.928530305802785279e+02
3.967034412256313090e+02 3.975844433165148075e+02
4.014261012991535154e+02 4.023158234605261896e+02
4.061487612879425910e+02 4.070471713047415392e+02
4.108714212816715872e+02 4.117784870442336569e+02
4.155940813057858350e+02 4.165097709856986512e+02
4.203167414671850111e+02 4.212410231997837400e+02
4.250394014688512243e+02 4.259722439965660215e+02
4.297620614752294159e+02 4.307034336151198204e+02
4.344847214833213229e+02 4.354345923794943474e+02
4.392073814831040863e+02 4.401657204695278551e+02
4.439300414836086475e+02 4.448968179159547844e+02
4.486527015351729801e+02 4.496278851095285063e+02
4.533753615934022037e+02 4.543589222863184887e+02
4.580980216672247707e+02 4.590899295579164345e+02
4.628206817128384500e+02 4.638209073955351869e+02
4.675433417174748456e+02 4.685518557035161393e+02
4.722660018392178927e+02 4.732827747799841518e+02
4.769886618689101851e+02 4.780136648959484091e+02
4.817113218638054377e+02 4.827445262088162963e+02
4.864339819483136580e+02 4.874753588884680653e+02
4.911566420110688114e+02 4.922061632130848920e+02
4.958793021387263025e+02 4.969369393874169418e+02
5.006019622488388450e+02 5.016676875088885481e+02
5.053246223055569999e+02 5.063984079699385461e+02
5.100472824281879412e+02 5.111291007141711589e+02
5.147699424772559951e+02 5.158597660503210136e+02
5.194926024831985387e+02 5.205904041678397789e+02
5.242152625146975424e+02 5.253210152814176581e+02
5.289379225748203908e+02 5.300515996346882730e+02
5.336605826085991566e+02 5.347821572427312731e+02
5.383832427088055965e+02 5.395126883738463448e+02
5.431059028439492522e+02 5.442431931558575116e+02
5.478285629439025115e+02 5.489736717911866890e+02
5.525512230240628924e+02 5.537041244706152838e+02
5.572738831149574708e+02 5.584345514346374557e+02
5.619965432232668263e+02 5.631649527799231691e+02
5.667192033624767191e+02 5.678953286693877089e+02
5.714418635233912482e+02 5.726256793276141934e+02
5.761645236281826783e+02 5.773560049819998312e+02
5.808871837066332091e+02 5.820863055358520342e+02
5.856098437105626999e+02 5.868165814817637056e+02
5.903325037130434794e+02 5.915468327321261768e+02
5.950551637241007938e+02 5.962770594654541583e+02
5.997778238833043361e+02 6.010072618834303739e+02
6.045004840350593440e+02 6.057374402961540909e+02
6.092231442113031790e+02 6.104675946751508491e+02
6.139458044125321976e+02 6.151977251994262588e+02
6.186684644003485118e+02 6.199278320321058118e+02
6.233911245993772354e+02 6.246579153401823987e+02
6.281137846316036075e+02 6.293879753972330491e+02
6.328364446353248240e+02 6.341180121085042174e+02
6.375591048589963066e+02 6.388480257881919897e+02
6.422817649067435468e+02 6.435780164524198881e+02
6.470044251205993078e+02 6.483079844527983369e+02
6.517270853205668573e+02 6.530379298164298234e+02
6.564497454368814715e+02 6.577678525230094237e+02
6.611724056965924774e+02 6.624977528506735780e+02
6.658950658455842131e+02 6.672276310126602539e+02
6.706177258970906223e+02 6.719574870513454243e+02
6.753403860273867849e+02 6.766873212859397881e+02
6.800630462498475026e+02 6.814171335084831753e+02
6.847857062382299773e+02 6.861469240467004056e+02
6.895083662445870232e+02 6.908766930195856730e+02
6.942310262491877211e+02 6.956064406771647555e+02
6.989536864928204523e+02 7.003361670916551702e+02
7.036763466347376834e+02 7.050658724403625683e+02
7.083990068845440646e+02 7.097955568062457132e+02
7.131216669696414101e+02 7.145252202690930972e+02
7.178443272315566901e+02 7.192548627582011704e+02
7.225669872230896544e+02 7.239844845721320326e+02
7.272896473767514181e+02 7.287140860680005972e+02
7.320123073673792078e+02 7.334436669202447092e+02
7.367349673992659973e+02 7.381732274573170116e+02
7.414576275076506136e+02 7.429027680544290888e+02
7.461802876102070741e+02 7.476322886240880052e+02
7.509029476027299097e+02 7.523617890953844380e+02
7.556256078107421672e+02 7.570912698264285154e+02
