0.000000000000000000e+00 0.000000000000000000e+00
4.721529733585885680e+00 4.735373915775473286e+00
9.443059467494201442e+00 9.470666249024588979e+00
1.416458920154903467e+01 1.420587796799432212e+01
1.888611893638024242e+01 1.894101002282156543e+01
2.360764867520379440e+01 2.367606334291193093e+01
2.832917841416971427e+01 2.841103884590875239e+01
3.305070814910791910e+01 3.314593743042225071e+01
3.777223788896634460e+01 3.788075997872539347e+01
4.249376762404262564e+01 4.261550737507757702e+01
4.721529737024029316e+01 4.735018045765683325e+01
5.193682710919550516e+01 5.208478007830578349e+01
5.665835685091113305e+01 5.681930705966939144e+01
6.137988660869098112e+01 6.155376219585346576e+01
6.610141635073111388e+01 6.628814630078329628e+01
7.082294609157162313e+01 7.102246016822029162e+01
7.554447583582583547e+01 7.575670456348193227e+01
8.026600559273975932e+01 8.049088024363331328e+01
8.498753535959716032e+01 8.522498794746439899e+01
8.970906510996221073e+01 8.995902842351949857e+01
9.443059485414715937e+01 9.469300239572851297e+01
9.915212461173832992e+01 9.942691057794122855e+01
1.038736543831441992e+02 1.041607536613323930e+02
1.085951841314519584e+02 1.088945323313106712e+02
1.133167138825342590e+02 1.136282472700461881e+02
1.180382436284708092e+02 1.183618991421340070e+02
1.227597733783229330e+02 1.230954885983613281e+02
1.274813031470597195e+02 1.278290162917913193e+02
1.322028329265122863e+02 1.325624828482085888e+02
1.369243627118804625e+02 1.372958889199733505e+02
1.416458924875825005e+02 1.420292350969426707e+02
1.463674222566241383e+02 1.467625219932004370e+02
1.510889520431161372e+02 1.514957502175354591e+02
1.558104818240312284e+02 1.562289203596153584e+02
1.605320115842757787e+02 1.609620329974471531e+02
1.652535413386605114e+02 1.656950886957797593e+02
1.699750710774224558e+02 1.704280880755705425e+02
1.746966008170693954e+02 1.751610315755562794e+02
1.794181305712534993e+02 1.798939197964821517e+02
1.841396603240682737e+02 1.846267533281595092e+02
1.888611900754192732e+02 1.893595326784961514e+02
1.935827198780640401e+02 1.940922583143616578e+02
1.983042496714474225e+02 1.988249307647686521e+02
2.030257794532715252e+02 2.035575505995452090e+02
2.077473092211972698e+02 2.082901182693875626e+02
2.124688390438691954e+02 2.130226342922682647e+02
2.171903688468078144e+02 2.177550991011791552e+02
2.219118985878139085e+02 2.224875132188185205e+02
2.266334284037830002e+02 2.272198770974967488e+02
2.313549581620069375e+02 2.319521912715814551e+02
2.360764879685498272e+02 2.366844561460275145e+02
2.407980177676940912e+02 2.414166721996496960e+02
2.455195475176880677e+02 2.461488397866489208e+02
2.502410772843235804e+02 2.508809594765734801e+02
2.549626070336407224e+02 2.556130316636866837e+02
2.596841367937696532e+02 2.603450567167645318e+02
2.644056665905493446e+02 2.650770351147891688e+02
2.691271963533705502e+02 2.698089672670494679e+02
2.738487261314365355e+02 2.745408535597874788e+02
2.785702558889154261e+02 2.792726944431499874e+02
2.832917856662159011e+02 2.840044903309532174e+02
2.880133154427792306e+02 2.887362415899316943e+02
2.927348452421068714e+02 2.934679485789870341e+02
2.974563750159417168e+02 2.981996117454542627e+02
3.021779048733760646e+02 3.029312314035281588e+02
3.068994347140330206e+02 3.076628080144812429e+02
3.116209644928469515e+02 3.123943417864902585e+02
3.163424942445208217e+02 3.171258331929424230e+02
3.210640240529886000e+02 3.218572826120506534e+02
3.257855538172309480e+02 3.265886903835721000e+02
3.305070836032397210e+02 3.313200568750812636e+02
3.352286134692984092e+02 3.360513824893267838e+02
3.399501432283576605e+02 3.407826674082523368e+02
3.446716730035585101e+02 3.455139121528509918e+02
3.493932027484688660e+02 3.502451168752796207e+02
3.541147325571779447e+02 3.549762820896332869e+02
3.588362623595284617e+02 3.597074079791733539e+02
3.635577922387490162e+02 3.644384948896533842e+02
3.682793220061420243e+02 3.691695431744511779e+02
3.730008517837643467e+02 3.739005531727020752e+02
3.777223815480523399e+02 3.786315251628939222e+02
3.824439113364281297e+02 3.833624593941141825e+02
3.871654411095516934e+02 3.880933563387286540e+02
3.918869708579984490e+02 3.928242160941571228e+02
3.966085006318669457e+02 3.975550389926963817e+02
4.013300304028247183e+02 4.022858253632231254e+02
4.060515601754817112e+02 4.070165755680824304e+02
4.107730900578993669e+02 4.117472898912221808e+02
4.154946198391403414e+02 4.164779685994482179e+02
4.202161496933267131e+02 4.212086118276148454e+02
4.249376794440560161e+02 4.259392199309680791e+02
4.296592092015599178e+02 4.306697932472058028e+02
4.343807390262358581e+02 4.354003320282766936e+02
4.391022687773591997e+02 4.401308365448361428e+02
4.438237985909759118e+02 4.448613070708496480e+02
4.485453283438702670e+02 4.495917437423512411e+02
4.532668581415916265e+02 4.543221469802110732e+02
4.579883878929870207e+02 4.590525168005547130e+02
4.627099176967951735e+02 4.637828537449161104e+02
4.674314474528154619e+02 4.685131577576053132e+02
4.721529772986297075e+02 4.732434292644192624e+02
4.768745070830784130e+02 4.779736685300179602e+02
4.815960368830495213e+02 4.827038757701204190e+02
4.863175668141980168e+02 4.874340512778744028e+02
4.910390966188633683e+02 4.921641951225979028e+02
4.957606264239663005e+02 4.968943076765518185e+02
5.004821562206906265e+02 5.016243892650634280e+02
5.052036860493512904e+02 5.063544397875119785e+02
5.099252159396353932e+02 5.110844596623272764e+02
5.146467457314719240e+02 5.158144491672983349e+02
5.193682755782780305e+02 5.205444084343562281e+02
5.240898054382153077e+02 5.252743377465887988e+02
5.288113352777688760e+02 5.300042372651187179e+02
5.335328651162877804e+02 5.347341072660963164e+02
5.382543950048750503e+02 5.394639478972192137e+02
5.429759248552394411e+02 5.441937594077082849e+02
5.476974547085774248e+02 5.489235419149813424e+02
5.524189845399532715e+02 5.536532957061053821e+02
5.571405144716742370e+02 5.583830209738982830e+02
5.618620442890589857e+02 5.631127179011342605e+02
5.665835741782170771e+02 5.678423866295125890e+02
5.713051040901771103e+02 5.725720274437052240e+02
5.760266338952942533e+02 5.773016406012020525e+02
5.807481637339419649e+02 5.820312262336778986e+02
5.854696934892242552e+02 5.867607843848229550e+02
5.901912232655606658e+02 5.914903153844680901e+02
5.949127530294181270e+02 5.962198193864126097e+02
5.996342829701311530e+02 6.009492966419871891e+02
6.043558127675335072e+02 6.056787472777067478e+02
6.090773427053883324e+02 6.104081714489852857e+02
6.137988725834898105e+02 6.151375692243459525e+02
6.185204024120082522e+02 6.198669410668451292e+02
6.232419323956992230e+02 6.245962869848772243e+02
6.279634622377354845e+02 6.293256070639002928e+02
6.326849920194235892e+02 6.340549015556015320e+02
6.374065218750424719e+02 6.387841705215121237e+02
6.421280516143294790e+02 6.435134144546022981e+02
6.468495815807800682e+02 6.482426331119377210e+02
6.515711115310368768e+02 6.529718270061587191e+02
6.562926415325930520e+02 6.577009961792871309e+02
6.610141713523710223e+02 6.624301405646504008e+02
6.657357012511587300e+02 6.671592605547874655e+02
6.704572310550647671e+02 6.718883562719237261e+02
6.751787609411978792e+02 6.766174278803263178e+02
6.799002908466386543e+02 6.813464756782071845e+02
6.846218207304781345e+02 6.860754995909439913e+02
6.893433507082976348e+02 6.908044997096660609e+02
6.940648804644547454e+02 6.955334765684992817e+02
6.987864102603014089e+02 7.002624298363359685e+02
7.035079400235265439e+02 7.049913600025365668e+02
7.082294700388441697e+02 7.097202669900943874e+02
7.129509998630792325e+02 7.144491513468245785e+02
7.176725297916857471e+02 7.191780127148371093e+02
7.223940595345959537e+02 7.239068515976844083e+02
7.271155892764567170e+02 7.286356678066165387e+02
7.318371190186262538e+02 7.333644618483318709e+02
7.365586487669727376e+02 7.380932335772187116e+02
7.412801786272882509e+02 7.428219832971240066e+02
7.460017084858593535e+02 7.475507108922786301e+02
7.507232382371046242e+02 7.522794167600525270e+02
7.554447682057882503e+02 7.570081010588405661e+02
