0.000000000000000000e+00 0.000000000000000000e+00
4.721529733599217238e+00 4.735373915768005482e+00
9.443059468919578592e+00 9.470666248970168510e+00
1.416458920434895852e+01 1.420587796742461251e+01
1.888611893922046647e+01 1.894101002002303602e+01
2.360764867396212452e+01 2.367606333675166042e+01
2.832917840763144923e+01 2.841103883978423283e+01
3.305070814257007328e+01 3.314593742054488246e+01
3.777223788241551006e+01 3.788075997261570649e+01
4.249376761726781382e+01 4.261550737196480299e+01
4.721529735273311701e+01 4.735018044832605710e+01
5.193682709615596593e+01 5.208478007097725992e+01
5.665835683966875536e+01 5.681930705207464882e+01
6.137988658022591437e+01 6.155376219184636000e+01
6.610141631532887629e+01 6.628814629694511495e+01
7.082294605073590787e+01 7.102246016304451359e+01
7.554447579497652043e+01 7.575670455512940293e+01
8.026600553825494444e+01 8.049088023598797292e+01
8.498753527488720749e+01 8.522498795580526121e+01
8.970906502315509101e+01 8.995902843128453696e+01
9.443059476739543356e+01 9.469300240305707916e+01
9.915212451176850550e+01 9.942691058478763466e+01
1.038736542607925628e+02 1.041607536572365973e+02
1.085951840008322336e+02 1.088945323267285801e+02
1.133167137576564869e+02 1.136282472644238055e+02
1.180382435035841695e+02 1.183618991350228384e+02
1.227597732387280729e+02 1.230954885932503089e+02
1.274813030074462858e+02 1.278290162941058554e+02
1.322028327603643163e+02 1.325624828841337433e+02
1.369243625467236711e+02 1.372958889809847562e+02
1.416458922995013836e+02 1.420292351623635909e+02
1.463674220602964624e+02 1.467625220950891958e+02
1.510889518466609047e+02 1.514957503235568765e+02
1.558104816139957052e+02 1.562289204500295057e+02
1.605320113771242632e+02 1.609620331060492617e+02
1.652535411572326325e+02 1.656950888290856483e+02
1.699750708927186338e+02 1.704280881705777233e+02
1.746966006522890211e+02 1.751610316646024046e+02
1.794181304064823053e+02 1.798939198836684454e+02
1.841396601596029825e+02 1.846267534413074145e+02
1.888611899562191070e+02 1.893595327412082838e+02
1.935827197587959176e+02 1.940922584100116524e+02
1.983042495657327891e+02 1.988249308642077722e+02
2.030257793476834820e+02 2.035575506813748348e+02
2.077473091360479316e+02 2.082901183307742485e+02
2.124688389319423436e+02 2.130226343146184718e+02
2.171903687347424068e+02 2.177550991464573258e+02
2.219118985426994755e+02 2.224875132522323611e+02
2.266334283586298284e+02 2.272198771392970116e+02
2.313549581813483940e+02 2.319521913263121746e+02
2.360764879324235608e+02 2.366844562327609935e+02
2.407980177444864296e+02 2.414166722857798391e+02
2.455195475678507648e+02 2.461488398988182666e+02
2.502410773187200448e+02 2.508809595978547691e+02
2.549626070751336897e+02 2.556130317974579782e+02
2.596841368242378962e+02 2.603450568506529521e+02
2.644056665704122793e+02 2.650770352591393362e+02
2.691271963179153772e+02 2.698089674112939065e+02
2.738487260827586169e+02 2.745408537626734642e+02
2.785702558764222658e+02 2.792726947001158351e+02
2.832917856373508130e+02 2.840044905590227131e+02
2.880133154652394296e+02 2.887362417885168497e+02
2.927348452429998815e+02 2.934679487631804022e+02
2.974563750291187034e+02 2.981996119380382879e+02
3.021779047815816739e+02 3.029312316173247837e+02
3.068994345467011158e+02 3.076628081468120399e+02
3.116209643379514773e+02 3.123943419613758579e+02
3.163424940896426278e+02 3.171258333576718087e+02
3.210640239011928543e+02 3.218572828112660886e+02
3.257855537109154511e+02 3.265886905887094258e+02
3.305070834656658008e+02 3.313200570744738798e+02
3.352286133330606503e+02 3.360513825963269028e+02
3.399501430814116247e+02 3.407826675833720174e+02
3.446716728309573909e+02 3.455139122619211776e+02
3.493932026878004535e+02 3.502451170759229058e+02
3.541147324986102376e+02 3.549762822439134879e+02
3.588362622444685712e+02 3.597074081318827439e+02
3.635577919904147279e+02 3.644384951292100823e+02
3.682793218684536214e+02 3.691695433915546687e+02
3.730008516460561623e+02 3.739005533716060654e+02
3.777223814413613923e+02 3.786315252859789666e+02
3.824439111965140796e+02 3.833624595022691324e+02
3.871654410588977271e+02 3.880933564018378661e+02
3.918869708300633761e+02 3.928242161333993749e+02
3.966085006396285735e+02 3.975550391042086176e+02
4.013300303916790881e+02 4.022858255452476897e+02
4.060515601481887984e+02 4.070165758201509334e+02
4.107730898932518926e+02 4.117472901348656933e+02
4.154946196744858753e+02 4.164779687821913967e+02
4.202161494218986491e+02 4.212086120104651741e+02
4.249376791726148213e+02 4.259392201712226438e+02
4.296592089301693136e+02 4.306697934874366638e+02
4.343807386897684637e+02 4.354003322131943605e+02
4.391022684452195790e+02 4.401308367300252939e+02
4.438237981971049066e+02 4.448613072093345409e+02
4.485453279500358121e+02 4.495917438176334144e+02
4.532668576934532894e+02 4.543221470100421584e+02
4.579883874450395069e+02 4.590525167997174094e+02
4.627099172496137953e+02 4.637828535796778624e+02
4.674314470057909716e+02 4.685131576486987797e+02
4.721529767657609682e+02 4.732434291424368666e+02
4.768745065504159584e+02 4.779736683907096904e+02
4.815960363308427077e+02 4.827038756278852816e+02
4.863175662619028685e+02 4.874340511063131771e+02
4.910390960585348239e+02 4.921641949843435668e+02
4.957606258636363918e+02 4.968943075366174185e+02
5.004821556604995862e+02 5.016243889270072032e+02
5.052036854216057691e+02 5.063544396480989462e+02
5.099252152984254280e+02 5.110844595205828114e+02
5.146467450902957808e+02 5.158144490568930678e+02
5.193682748366827582e+02 5.205444084172786461e+02
5.240898045852832183e+02 5.252743376877975834e+02
5.288113344248391741e+02 5.300042372241534849e+02
5.335328642571618047e+02 5.347341071943212683e+02
5.382543940477885371e+02 5.394639478224062259e+02
5.429759240062280696e+02 5.441937592841020432e+02
5.476974538595566173e+02 5.489235417705367581e+02
5.524189836908201414e+02 5.536532955163753513e+02
5.571405136070708295e+02 5.583830207824981926e+02
5.618620434259713647e+02 5.631127177672228754e+02
5.665835733150657916e+02 5.678423864928597595e+02
5.713051032280271784e+02 5.725720272669530004e+02
5.760266330721115082e+02 5.773016403355580906e+02
5.807481628663696256e+02 5.820312260045882340e+02
5.854696927066622720e+02 5.867607843018821541e+02
5.901912225497925419e+02 5.914903152539027360e+02
5.949127523610771959e+02 5.962198194022014377e+02
5.996342821085534069e+02 6.009492966534055540e+02
6.043558118632938658e+02 6.056787472459473065e+02
6.090773418010747946e+02 6.104081713367979773e+02
6.137988716789357113e+02 6.151375692281428655e+02
6.185204014216265023e+02 6.198669410768582111e+02
6.232419312494682799e+02 6.245962869909701567e+02
6.279634610536277251e+02 6.293256070580970345e+02
6.326849908353199226e+02 6.340549015150360219e+02
6.374065205910378609e+02 6.387841705970740804e+02
6.421280505517120218e+02 6.435134143741665866e+02
6.468495805182124059e+02 6.482426331944022877e+02
6.515711104685149166e+02 6.529718270214912081e+02
6.562926403507167379e+02 6.577009960519574179e+02
6.610141701041554825e+02 6.624301404642737907e+02
6.657357000007802981e+02 6.671592605317302969e+02
6.704572298238107351e+02 6.718883562447891791e+02
6.751787597100681069e+02 6.766174279162764833e+02
6.799002896155554936e+02 6.813464754948108748e+02
6.846218194515469122e+02 6.860754992947511255e+02
6.893433493099712450e+02 6.908044994194891615e+02
6.940648790869799996e+02 6.955334762476252308e+02
6.987864088480239388e+02 7.002624295998103889e+02
7.035079388270555683e+02 7.049913596912922458e+02
7.082294688423710340e+02 7.097202669616958701e+02
7.129509986729578941e+02 7.144491511581902614e+02
7.176725285856747405e+02 7.191780126472463053e+02
7.223940585617610850e+02 7.239068514596499426e+02
7.271155884785694070e+02 7.286356676670843626e+02
7.318371183464580554e+02 7.333644615462445699e+02
7.365586481668776742e+02 7.380932332676416081e+02
7.412801780270679046e+02 7.428219829497836599e+02
7.460017078857381421e+02 7.475507105527485692e+02
7.507232379096407158e+02 7.522794165034724756e+02
7.554447678784569007e+02 7.570081007347102968e+02
