0.000000000000000000e+00 0.000000000000000000e+00
4.721529733677101603e+00 4.735373915777432607e+00
9.443059467698606824e+00 9.470666249014822569e+00
1.416458920176411240e+01 1.420587796710719886e+01
1.888611893662663022e+01 1.894101001969599096e+01
2.360764867189007532e+01 2.367606333519702133e+01
2.832917841299043005e+01 2.841103883821876863e+01
3.305070814793196377e+01 3.314593742240154484e+01
3.777223789081973848e+01 3.788075997075104340e+01
4.249376763328132256e+01 4.261550736043456311e+01
4.721529736874737182e+01 4.735018044922529157e+01
5.193682710771420830e+01 5.208478007287229161e+01
5.665835686506187585e+01 5.681930705260461423e+01
6.137988660573561361e+01 6.155376219098364743e+01
6.610141634680681477e+01 6.628814629609885856e+01
7.082294608326128582e+01 7.102246016230442649e+01
7.554447582753115853e+01 7.575670455612332432e+01
8.026600557082379339e+01 8.049088023159151817e+01
8.498753531360674174e+01 8.522498795954962247e+01
8.970906506110236478e+01 8.995902843529680126e+01
9.443059480498428115e+01 9.469300240709759464e+01
9.915212457199615415e+01 9.942691058900466317e+01
1.038736543209878391e+02 1.041607536728539287e+02
1.085951840578411804e+02 1.088945323423532301e+02
1.133167138192799825e+02 1.136282472809377424e+02
1.180382435652106778e+02 1.183618991525288493e+02
1.227597733178045587e+02 1.230954885997324908e+02
1.274813030865240933e+02 1.278290163094916068e+02
1.322028328429432804e+02 1.325624828996299698e+02
1.369243625809559717e+02 1.372958889570935526e+02
1.416458923292413772e+02 1.420292351346306532e+02
1.463674221188417732e+02 1.467625220279167593e+02
1.510889519051949321e+02 1.514957502790579440e+02
1.558104816725211776e+02 1.562289204033411352e+02
1.605320114327242322e+02 1.609620330775940431e+02
1.652535412104687680e+02 1.656950887851814969e+02
1.699750709503084636e+02 1.704280881638536300e+02
1.746966007560381513e+02 1.751610316581963502e+02
1.794181305164877926e+02 1.798939198851750234e+02
1.841396602697862193e+02 1.846267534034396363e+02
1.888611900567529176e+02 1.893595327176502394e+02
1.935827198593767662e+02 1.940922583555371261e+02
1.983042496527694425e+02 1.988249308429667508e+02
2.030257794347845106e+02 2.035575506773975007e+02
2.077473091826539360e+02 2.082901183616546632e+02
2.124688389784397486e+02 2.130226343837913703e+02
2.171903687813302781e+02 2.177550992233001352e+02
2.219118985893940135e+02 2.224875133929736819e+02
2.266334284053661747e+02 2.272198772814716108e+02
2.313549582280468258e+02 2.319521914223431622e+02
2.360764880173840083e+02 2.366844562936506691e+02
2.407980178004066545e+02 2.414166723518922595e+02
2.455195475481425547e+02 2.461488400289852905e+02
2.502410773739329670e+02 2.508809596849835657e+02
2.549626071589894991e+02 2.556130318502989667e+02
2.596841369989774648e+02 2.603450568802563794e+02
2.644056667452617262e+02 2.650770352400471666e+02
2.691271965308087601e+02 2.698089673620481790e+02
2.738487263645804433e+02 2.745408536551434509e+02
2.785702561165987845e+02 2.792726945210843041e+02
2.832917858668503186e+02 2.840044903903497016e+02
2.880133156190061641e+02 2.887362416119864861e+02
2.927348453707165277e+02 2.934679486194079345e+02
2.974563751223711279e+02 2.981996117915643367e+02
3.021779049322791479e+02 3.029312313939021806e+02
3.068994347593690009e+02 3.076628079603170818e+02
3.116209646095970243e+02 3.123943417499274346e+02
3.163424944570480193e+02 3.171258332007528793e+02
3.210640242171632508e+02 3.218572827089958537e+02
3.257855539820874355e+02 3.265886904637312682e+02
3.305070837339567902e+02 3.313200570164827923e+02
3.352286134837981990e+02 3.360513826310426566e+02
3.399501432370665839e+02 3.407826676488251110e+02
3.446716730462972009e+02 3.455139123999288699e+02
3.493932027944533729e+02 3.502451171325266159e+02
3.541147326013310703e+02 3.549762823392095470e+02
3.588362623471972483e+02 3.597074082673495923e+02
3.635577920994095393e+02 3.644384951853969596e+02
3.682793218670246915e+02 3.691695434315084867e+02
3.730008516446353042e+02 3.739005533788989624e+02
3.777223813973183155e+02 3.786315253977869020e+02
3.824439111450661812e+02 3.833624596438527306e+02
3.871654408893923573e+02 3.880933565519960666e+02
3.918869706378411024e+02 3.928242163479083047e+02
3.966085004091693236e+02 3.975550392322392668e+02
4.013300302336217555e+02 4.022858257212328681e+02
4.060515600570267907e+02 4.070165758638073044e+02
4.107730898564755080e+02 4.117472901525933366e+02
4.154946196377213141e+02 4.164779688047777881e+02
4.202161495440649901e+02 4.212086120299753702e+02
4.249376792949232708e+02 4.259392201551515882e+02
4.296592090524211471e+02 4.306697935239570256e+02
4.343807388213426748e+02 4.354003322504831885e+02
4.391022685724925054e+02 4.401308367678450963e+02
4.438237983243882354e+02 4.448613072015112380e+02
4.485453280773247116e+02 4.495917437847137990e+02
4.532668578203613947e+02 4.543221468330083326e+02
4.579883875720227024e+02 4.590525166586120349e+02
4.627099174577051599e+02 4.637828534368527471e+02
4.674314472135704364e+02 4.685131574615195404e+02
4.721529769579221920e+02 4.732434289567174801e+02
4.768745067421284034e+02 4.779736682301876840e+02
4.815960364904941571e+02 4.827038754713024673e+02
4.863175664215107190e+02 4.874340509636351726e+02
4.910390962174682272e+02 4.921641948093060819e+02
4.957606260225800270e+02 4.968943073628735760e+02
5.004821558200476943e+02 5.016243888000848301e+02
5.052036856476491948e+02 5.063544394197899123e+02
5.099252155242953677e+02 5.110844592832111175e+02
5.146467453161933463e+02 5.158144487894438726e+02
5.193682751689964334e+02 5.205444081042357993e+02
5.240898049184312413e+02 5.252743373664443425e+02
5.288113347576758088e+02 5.300042368755796360e+02
5.335328645866862871e+02 5.347341068590420718e+02
5.382543943568543909e+02 5.394639474995739192e+02
5.429759241083465895e+02 5.441937589394190127e+02
5.476974539616815036e+02 5.489235414220391931e+02
5.524189837931634202e+02 5.536532952222908079e+02
5.571405137254030251e+02 5.583830204887619857e+02
5.618620435445820931e+02 5.631127175546837407e+02
5.665835734337256326e+02 5.678423862821707644e+02
5.713051033467932029e+02 5.725720270936656107e+02
5.760266331159034507e+02 5.773016403185526997e+02
5.807481628876982995e+02 5.820312259956433536e+02
5.854696928068747184e+02 5.867607841683095558e+02
5.901912225605144613e+02 5.914903151648597941e+02
5.949127523385307086e+02 5.962198193151319856e+02
5.996342820845678716e+02 6.009492965591130087e+02
6.043558119078429627e+02 6.056787470759124972e+02
6.090773418456471973e+02 6.104081712213708215e+02
6.137988717217672274e+02 6.151375689939636686e+02
6.185204016976804269e+02 6.198669406843723664e+02
6.232419316798918771e+02 6.245962866399347604e+02
6.279634614354168889e+02 6.293256068278657267e+02
6.326849912171237520e+02 6.340549012852779924e+02
6.374065211011118208e+02 6.387841703975136625e+02
6.421280508663840010e+02 6.435134141771312670e+02
6.468495808328837029e+02 6.482426330127084384e+02
6.515711107831692743e+02 6.529718269944605709e+02
6.562926406063118066e+02 6.577009962136380636e+02
6.610141705125799945e+02 6.624301408045469088e+02
6.657357004100624636e+02 6.671592608621444924e+02
6.704572302220549318e+02 6.718883567266113914e+02
6.751787601082537549e+02 6.766174284787441593e+02
6.799002900136458720e+02 6.813464762356680922e+02
6.846218197552898346e+02 6.860755000418301961e+02
6.893433495093497640e+02 6.908045002854825043e+02
6.940648792897451358e+02 6.955334769216676705e+02
6.987864090507796391e+02 7.002624301824366739e+02
7.035079388876939674e+02 7.049913602410476869e+02
7.082294689030261452e+02 7.097202674836679535e+02
7.129509987340954922e+02 7.144491516683715417e+02
7.176725286199354059e+02 7.191780130483489302e+02
7.223940584283229782e+02 7.239068517424502716e+02
7.271155881763862681e+02 7.286356679481889387e+02
7.318371179589371422e+02 7.333644619795129529e+02
7.365586477168624242e+02 7.380932337533704413e+02
7.412801775769561345e+02 7.428219834308881673e+02
7.460017074357162983e+02 7.475507111007470940e+02
7.507232372555378106e+02 7.522794169564815547e+02
7.554447672244448313e+02 7.570081012546203283e+02
