0.000000000000000000e+00 0.000000000000000000e+00
4.721529733579129307e+00 4.735373915762315811e+00
9.443059467699359999e+00 9.470666249051813423e+00
1.416458920170698832e+01 1.420587796694371363e+01
1.888611893657163066e+01 1.894101001954883046e+01
2.360764867184645865e+01 2.367606333552864584e+01
2.832917841496456646e+01 2.841103883853924472e+01
3.305070815009628404e+01 3.314593742024322864e+01
3.777223789378469121e+01 3.788075997119248939e+01
4.249376763038567617e+01 4.261550736764442604e+01
4.721529737471320232e+01 4.735018046035330030e+01
5.193682711367246441e+01 5.208478007595063275e+01
5.665835686907708180e+01 5.681930705765225298e+01
6.137988660971279842e+01 6.155376221169323969e+01
6.610141635076615785e+01 6.628814631760764087e+01
7.082294609217287018e+01 7.102246018536040140e+01
7.554447584724100295e+01 7.575670457934215563e+01
8.026600559050788775e+01 8.049088025761454901e+01
8.498753533313737307e+01 8.522498797707696383e+01
8.970906509526412265e+01 8.995902845305104734e+01
9.443059484954240190e+01 9.469300242552631630e+01
9.915212458557428477e+01 9.942691060756534682e+01
1.038736543353410440e+02 1.041607537055438684e+02
1.085951840950714313e+02 1.088945323751379561e+02
1.133167138461442534e+02 1.136282473136420776e+02
1.180382435920881932e+02 1.183618991893991108e+02
1.227597733656337624e+02 1.230954886357625213e+02
1.274813031491032120e+02 1.278290163253206231e+02
1.322028329298159406e+02 1.325624829126965096e+02
1.369243626872860773e+02 1.372958889760828072e+02
1.416458924349391566e+02 1.420292351532439170e+02
1.463674221825274344e+02 1.467625220857299837e+02
1.510889519689463327e+02 1.514957503057406427e+02
1.558104817363047232e+02 1.562289204420795272e+02
1.605320114965173843e+02 1.609620330777303252e+02
1.652535412744809378e+02 1.656950887825038023e+02
1.699750710149378676e+02 1.704280881616133456e+02
1.746966007796634131e+02 1.751610317183096299e+02
1.794181305338551624e+02 1.798939199789796817e+02
1.841396602886130154e+02 1.846267535053979714e+02
1.888611900338794953e+02 1.893595328055944265e+02
1.935827198365176969e+02 1.940922584674418658e+02
1.983042496299011646e+02 1.988249309603939992e+02
2.030257794118659262e+02 2.035575507940267812e+02
2.077473092002420856e+02 2.082901184776094112e+02
2.124688389961261805e+02 2.130226344992689747e+02
2.171903687989507716e+02 2.177550993781442799e+02
2.219118986069856874e+02 2.224875135013808745e+02
2.266334284229606624e+02 2.272198773915059462e+02
2.313549582456725489e+02 2.319521915850663163e+02
2.360764880522409612e+02 2.366844564565843712e+02
2.407980178352799498e+02 2.414166724465697200e+02
2.455195475980158335e+02 2.461488400632688354e+02
2.502410773966690556e+02 2.508809597097115329e+02
2.549626071625095278e+02 2.556130318335885079e+02
2.596841369174283614e+02 2.603450568863503918e+02
2.644056666718129236e+02 2.650770352691485527e+02
2.691271964176277720e+02 2.698089674190639471e+02
2.738487261973189675e+02 2.745408537114293495e+02
2.785702559531003999e+02 2.792726945933968636e+02
2.832917857276677864e+02 2.840044904530695931e+02
2.880133155739067661e+02 2.887362416800443725e+02
2.927348453256208813e+02 2.934679487021790010e+02
2.974563750977697509e+02 2.981996118361331014e+02
3.021779048532496290e+02 3.029312315457042359e+02
3.068994346083159144e+02 3.076628081323276547e+02
3.116209643653984358e+02 3.123943419901126504e+02
3.163424941230292688e+02 3.171258333985571198e+02
3.210640238744550743e+02 3.218572828419833058e+02
3.257855536252188813e+02 3.265886905955791235e+02
3.305070833711242813e+02 3.313200571109208568e+02
3.352286131921257493e+02 3.360513826977949634e+02
3.399501429627279094e+02 3.407826677070236201e+02
3.446716727045607058e+02 3.455139124470975958e+02
3.493932025796094081e+02 3.502451172551881200e+02
3.541147323871388153e+02 3.549762823730332002e+02
3.588362621330046522e+02 3.597074082602006229e+02
3.635577919189265685e+02 3.644384951783912356e+02
3.682793216865666182e+02 3.691695434207982771e+02
3.730008514715310639e+02 3.739005534081503015e+02
3.777223812215407861e+02 3.786315253058228336e+02
3.824439109679203739e+02 3.833624595448550281e+02
3.871654407183714852e+02 3.880933563538338831e+02
3.918869704668135228e+02 3.928242161165325115e+02
3.966085002383624101e+02 3.975550390077177099e+02
4.013300300200462516e+02 4.022858254852573054e+02
4.060515599038023993e+02 4.070165757125773212e+02
4.107730896520121178e+02 4.117472899246203042e+02
4.154946194332442246e+02 4.164779685539156162e+02
4.202161491806586469e+02 4.212086118330659019e+02
4.249376789314273424e+02 4.259392199569568902e+02
4.296592086889311872e+02 4.306697932141237288e+02
4.343807384485124885e+02 4.354003319410962831e+02
4.391022682207572529e+02 4.401308364599457263e+02
4.438237979968305922e+02 4.448613068988842087e+02
4.485453277651058102e+02 4.495917436289342390e+02
4.532668576261785347e+02 4.543221468153089972e+02
4.579883873950033149e+02 4.590525166511969246e+02
4.627099172063711876e+02 4.637828536127333336e+02
4.674314469624715116e+02 4.685131576872531127e+02
4.721529767835153280e+02 4.732434291806833926e+02
4.768745066425728965e+02 4.779736684452865916e+02
4.815960363909373996e+02 4.827038758275182317e+02
4.863175663220875435e+02 4.874340513626910365e+02
4.910390961183365448e+02 4.921641952414289563e+02
4.957606259234360664e+02 4.968943077931565995e+02
5.004821557208208560e+02 5.016243891812843572e+02
5.052036855486747982e+02 5.063544397527094247e+02
5.099252154041054155e+02 5.110844596257799139e+02
5.146467451959084656e+02 5.158144491087093684e+02
5.193682749947773800e+02 5.205444083890299680e+02
5.240898047824962305e+02 5.252743377953860318e+02
5.288113346219449795e+02 5.300042374393708542e+02
5.335328643984315704e+02 5.347341074066525834e+02
5.382543942091353983e+02 5.394639480350872418e+02
5.429759239937282018e+02 5.441937595538352070e+02
5.476974538470572043e+02 5.489235420472967917e+02
5.524189836783315286e+02 5.536532957915397901e+02
5.571405134559959151e+02 5.583830210556503744e+02
5.618620432920791927e+02 5.631127179785946737e+02
5.665835731812369431e+02 5.678423869154166823e+02
5.713051030941539921e+02 5.725720277340545863e+02
5.760266329479259184e+02 5.773016409516557133e+02
5.807481627840290912e+02 5.820312265859645322e+02
5.854696925393086531e+02 5.867607847625390605e+02
5.901912222929456675e+02 5.914903157572241525e+02
5.949127520568038108e+02 5.962198198766018322e+02
5.996342818074488150e+02 6.009492971294812378e+02
6.043558115635503327e+02 6.056787476436027191e+02
6.090773415014161856e+02 6.104081717786770014e+02
6.137988713795007243e+02 6.151375695831000030e+02
6.185204012474655428e+02 6.198669413684325491e+02
6.232419309898853044e+02 6.245962872787057449e+02
6.279634607454240722e+02 6.293256073430154629e+02
6.326849905270300951e+02 6.340549017966752672e+02
6.374065202751515926e+02 6.387841708637545253e+02
6.421280500954633226e+02 6.435134146388165846e+02
6.468495800619342617e+02 6.482426332894444840e+02
6.515711100120663559e+02 6.529718271447775351e+02
6.562926399828377271e+02 6.577009961842022676e+02
6.610141697790913895e+02 6.624301405894241270e+02
6.657356996759717731e+02 6.671592605962131302e+02
6.704572294223089557e+02 6.718883563083860508e+02
6.751787593085141452e+02 6.766174279516487786e+02
6.799002892139837968e+02 6.813464756076400590e+02
6.846218191434734308e+02 6.860754993855631483e+02
6.893433488975306318e+02 6.908044997669460372e+02
6.940648786537360593e+02 6.955334765942158128e+02
6.987864084161274150e+02 7.002624299398249832e+02
7.035079382060688431e+02 7.049913600545708050e+02
7.082294682213939723e+02 7.097202672165225295e+02
7.129509980518823795e+02 7.144491515036155533e+02
7.176725279673705700e+02 7.191780128855436942e+02
7.223940577734249473e+02 7.239068518149751981e+02
7.271155877444534781e+02 7.286356680664034684e+02
7.318371175663030499e+02 7.333644619549777417e+02
7.365586473098355782e+02 7.380932335823083577e+02
7.412801771699621440e+02 7.428219831742278529e+02
7.460017070285234695e+02 7.475507107743201232e+02
7.507232367740282371e+02 7.522794165618956868e+02
7.554447667426625230e+02 7.570081008225446340e+02
