0.000000000000000000e+00 0.000000000000000000e+00
4.721529733580807964e+00 4.735373915774393261e+00
9.443059467295046971e+00 9.470666249017231308e+00
1.416458920271905519e+01 1.420587796693744842e+01
1.888611893887219750e+01 1.894101001955388952e+01
2.360764867413647039e+01 2.367606333872488023e+01
2.832917841051648367e+01 2.841103884173560346e+01
3.305070814536817636e+01 3.314593742248504071e+01
3.777223788480694111e+01 3.788075997135034356e+01
4.249376762667147034e+01 4.261550736793269323e+01
4.721529736539546462e+01 4.735018046051015261e+01
5.193682710289724014e+01 5.208478008337997522e+01
5.665835684644623171e+01 5.681930705380634095e+01
6.137988658747642745e+01 6.155376219414520733e+01
6.610141634894040408e+01 6.628814629916561785e+01
7.082294608961217364e+01 7.102246016677429452e+01
7.554447583389200815e+01 7.575670455896693056e+01
8.026600557717318907e+01 8.049088023823438220e+01
8.498753532087803819e+01 8.522498796578022962e+01
8.970906505964592270e+01 8.995902844145334143e+01
9.443059482036258601e+01 9.469300240561804571e+01
9.915212456077114211e+01 9.942691058763116985e+01
1.038736543099912950e+02 1.041607536691711715e+02
1.085951840842250107e+02 1.088945323388783208e+02
1.133167138353080077e+02 1.136282472771477217e+02
1.180382435850181082e+02 1.183618991490773453e+02
1.227597733376324243e+02 1.230954885956043796e+02
1.274813031151553560e+02 1.278290162985201164e+02
1.322028328687820249e+02 1.325624828874746868e+02
1.369243626106534748e+02 1.372958889564361016e+02
1.416458923476472194e+02 1.420292351336605634e+02
1.463674221059379477e+02 1.467625220687384342e+02
1.510889518918795034e+02 1.514957502862297929e+02
1.558104816592223187e+02 1.562289204110594483e+02
1.605320114522674544e+02 1.609620330764054472e+02
1.652535412123229150e+02 1.656950887765057132e+02
1.699750709964700661e+02 1.704280881553491724e+02
1.746966007838103678e+02 1.751610316499530882e+02
1.794181305380678850e+02 1.798939199387383496e+02
1.841396602764942543e+02 1.846267534720095114e+02
1.888611900278205837e+02 1.893595327712740186e+02
1.935827198305211141e+02 1.940922583831944053e+02
1.983042496239490902e+02 1.988249308441821768e+02
2.030257794403222249e+02 2.035575506476557166e+02
2.077473092285246707e+02 2.082901183012068600e+02
2.124688390074464337e+02 2.130226343244544864e+02
2.171903688103765262e+02 2.177550991347274021e+02
2.219118986183489710e+02 2.224875132579637977e+02
2.266334284343157037e+02 2.272198771479014852e+02
2.313549582570364578e+02 2.319521913075859345e+02
2.360764880636793919e+02 2.366844561435563037e+02
2.407980178467358598e+02 2.414166721975742576e+02
2.455195476093636557e+02 2.461488398175979171e+02
2.502410773689673533e+02 2.508809594758121193e+02
2.549626071736500421e+02 2.556130316245963741e+02
2.596841369510379991e+02 2.603450566770678734e+02
2.644056667083924026e+02 2.650770350911660103e+02
2.691271964553500879e+02 2.698089672238920684e+02
2.738487262058184228e+02 2.745408535624951014e+02
2.785702559576055819e+02 2.792726944885607736e+02
2.832917857971927447e+02 2.840044904034903084e+02
2.880133155517805790e+02 2.887362416627213406e+02
2.927348453233524310e+02 2.934679486358780878e+02
2.974563750750334634e+02 2.981996118117676247e+02
3.021779048371385556e+02 3.029312314948156200e+02
3.068994345895285392e+02 3.076628080115530679e+02
3.116209643551428030e+02 3.123943418790948385e+02
3.163424941828227475e+02 3.171258333174543509e+02
3.210640239728186316e+02 3.218572827869876392e+02
3.257855538202463777e+02 3.265886905478433846e+02
3.305070836096846278e+02 3.313200570185101697e+02
3.352286133578010663e+02 3.360513826321465558e+02
3.399501431261343782e+02 3.407826675658205318e+02
3.446716730008740228e+02 3.455139122634897149e+02
3.493932027598572745e+02 3.502451170586995204e+02
3.541147325680626636e+02 3.549762821899726077e+02
3.588362623139197467e+02 3.597074081321963490e+02
3.635577920994535361e+02 3.644384950218652648e+02
3.682793218670539090e+02 3.691695432650784596e+02
3.730008516446452518e+02 3.739005533171278444e+02
3.777223814364447207e+02 3.786315253555343361e+02
3.824439112164983499e+02 3.833624595839959284e+02
3.871654410372116217e+02 3.880933565060048522e+02
3.918869708628102444e+02 3.928242162213759343e+02
3.966085006342254928e+02 3.975550391143777915e+02
4.013300303831948668e+02 4.022858255299909729e+02
4.060515601262691234e+02 4.070165758199449328e+02
4.107730898713309671e+02 4.117472901426766612e+02
4.154946196525765458e+02 4.164779687461393678e+02
4.202161494121763781e+02 4.212086119906644512e+02
4.249376792909221194e+02 4.259392201625138910e+02
4.296592090707014790e+02 4.306697934217318107e+02
4.343807388303166022e+02 4.354003321487538187e+02
4.391022685814818942e+02 4.401308365558168134e+02
4.438237983333706893e+02 4.448613069634217254e+02
4.485453280990909093e+02 4.495917436403636884e+02
4.532668579183081192e+02 4.543221467556675179e+02
4.579883876686058670e+02 4.590525166096274461e+02
4.627099174719862731e+02 4.637828534781764347e+02
4.674314472514953422e+02 4.685131574974212754e+02
4.721529770013535199e+02 4.732434289926202382e+02
4.768745067861206053e+02 4.779736682620384158e+02
4.815960365344878937e+02 4.827038755070396405e+02
4.863175664657658217e+02 4.874340509696160666e+02
4.910390962798514920e+02 4.921641948154223769e+02
4.957606260849578916e+02 4.968943073694551913e+02
5.004821558824190788e+02 5.016243887595123851e+02
5.052036857108623167e+02 5.063544393098203500e+02
5.099252155875321364e+02 5.110844591851266614e+02
5.146467453794009543e+02 5.158144486892973646e+02
5.193682751257906602e+02 5.205444079498968222e+02
5.240898049853841485e+02 5.252743372745690067e+02
5.288113348248249395e+02 5.300042367839530471e+02
5.335328646489351740e+02 5.347341067515294526e+02
5.382543944561447233e+02 5.394639473829961389e+02
5.429759243059610299e+02 5.441937588221887836e+02
5.476974541592920787e+02 5.489235413758125333e+02
5.524189839906626958e+02 5.536532952310441260e+02
5.571405137463711981e+02 5.583830204982749592e+02
5.618620435461210718e+02 5.631127174272703542e+02
5.665835734352101554e+02 5.678423863709537045e+02
5.713051033326842116e+02 5.725720271954158989e+02
5.760266331861275830e+02 5.773016403922608788e+02
5.807481629579347100e+02 5.820312260182317914e+02
5.854696927132142719e+02 5.867607841693027240e+02
5.901912225877383662e+02 5.914903152141446299e+02
5.949127523515459188e+02 5.962198191676130818e+02
5.996342820975830818e+02 6.009492964789974394e+02
6.043558118950006701e+02 6.056787469964490356e+02
6.090773418327054287e+02 6.104081711116601809e+02
6.137988717107331240e+02 6.151375689099654664e+02
6.185204014543578523e+02 6.198669407505994968e+02
6.232419312138769101e+02 6.245962866640031734e+02
6.279634609844272291e+02 6.293256067313207041e+02
6.326849908899642969e+02 6.340549011866735327e+02
6.374065208682251296e+02 6.387841703122292074e+02
6.421280506286291256e+02 6.435134142149174750e+02
6.468495805950934709e+02 6.482426329260861166e+02
6.515711105452571701e+02 6.529718268325216286e+02
6.562926403754897819e+02 6.577009959007257294e+02
6.610141701590769117e+02 6.624301403128167749e+02
6.657357000575323127e+02 6.671592603447993497e+02
6.704572298064936149e+02 6.718883560587728425e+02
6.751787596924904165e+02 6.766174277741035894e+02
6.799002895979361938e+02 6.813464754314304628e+02
6.846218194142393259e+02 6.860754992240955517e+02
6.893433492334233961e+02 6.908044993400103522e+02
6.940648789895974460e+02 6.955334762346215030e+02
6.987864087493696843e+02 7.002624297291458788e+02
7.035079385126140323e+02 7.049913597667325575e+02
7.082294685279420037e+02 7.097202667984954587e+02
7.129509983560438968e+02 7.144491509339588902e+02
7.176725282690204040e+02 7.191780124147769584e+02
7.223940580119349306e+02 7.239068510848946971e+02
7.271155878042210361e+02 7.286356672881338454e+02
7.318371176195646512e+02 7.333644611497678625e+02
7.365586473618106993e+02 7.380932330246824904e+02
7.412801772221786223e+02 7.428219826395461496e+02
7.460017070809318511e+02 7.475507102424419372e+02
7.507232370674842059e+02 7.522794161152542074e+02
7.554447670362953886e+02 7.570081002666198629e+02
