0.000000000000000000e+00 0.000000000000000000e+00
4.722659982927311262e+00 4.735373915086102947e+00
9.445319965730375245e+00 9.470678560355981546e+00
1.416797995122764675e+01 1.420591469613442470e+01
1.889063993472845127e+01 1.894108307021993909e+01
2.361329991979696175e+01 2.367618441585136679e+01
2.833595990467211223e+01 2.841121945912217939e+01
3.305861989691103986e+01 3.314618890391833617e+01
3.778127989455049374e+01 3.788109345956019069e+01
4.250393988462697337e+01 4.261593382033249355e+01
4.722659988513375140e+01 4.735071065176888538e+01
5.194925987268463530e+01 5.208542462660982864e+01
5.667191987099095485e+01 5.682007639737349081e+01
6.139457986022295444e+01 6.155466662122162802e+01
6.611723985278663918e+01 6.628919590085730817e+01
7.083989985103951881e+01 7.102366489703365460e+01
7.556255984392788605e+01 7.575807421530981856e+01
8.028521983581057953e+01 8.049242446501366999e+01
8.500787983591062869e+01 8.522671623722513345e+01
8.973053984632474567e+01 8.996095012991003159e+01
9.445319983903797834e+01 9.469512672693059585e+01
9.917585984067173399e+01 9.942924660102151790e+01
1.038985198472259697e+02 1.041633102976427949e+02
1.086211798441374867e+02 1.088973183860789504e+02
1.133438398437877481e+02 1.136312714089565645e+02
1.180664998382672621e+02 1.183651699014682492e+02
1.227891598395641211e+02 1.230990143783415505e+02
1.275118198306811053e+02 1.278328053858820397e+02
1.322344798328640536e+02 1.325665434462549399e+02
1.369571398447585580e+02 1.373002290367078615e+02
1.416797998379555565e+02 1.420338626721558910e+02
1.464024598512099828e+02 1.467674448528357800e+02
1.511251198861654075e+02 1.515009760538263208e+02
1.558477798754289552e+02 1.562344567449955548e+02
1.605704399085236673e+02 1.609678874641550408e+02
1.652930999478040235e+02 1.657012685960980320e+02
1.700157599379288627e+02 1.704346006787639567e+02
1.747384199267217468e+02 1.751678840530059915e+02
1.794610799295489301e+02 1.799011192460112056e+02
1.841837399313766923e+02 1.846343066697616564e+02
1.889063999863601566e+02 1.893674467778316739e+02
1.936290600386238339e+02 1.941005400179952289e+02
1.983517200977643427e+02 1.988335867866975093e+02
2.030743801284829715e+02 2.035665874916903704e+02
2.077970401655950923e+02 2.082995425619215837e+02
2.125197001726484416e+02 2.130324523932732461e+02
2.172423601770244090e+02 2.177653173861526739e+02
2.219650202287796219e+02 2.224981379412645026e+02
2.266876802935753972e+02 2.272309144209260694e+02
2.314103403653489295e+02 2.319636472355163903e+02
2.361330004203748842e+02 2.366963367697914578e+02
2.408556604217569657e+02 2.414289834354980826e+02
2.455783204853817097e+02 2.461615875493026806e+02
2.503009804778346847e+02 2.508941494714253508e+02
2.550236404758713320e+02 2.556266695780198006e+02
2.597463004901964041e+02 2.603591482408639877e+02
2.644689605143057634e+02 2.650915857724501166e+02
2.691916205105604263e+02 2.698239825555381231e+02
2.739142805483065786e+02 2.745563388729381700e+02
2.786369405544154461e+02 2.792886551625293237e+02
2.833596005622350162e+02 2.840209316693324695e+02
2.880822606344913765e+02 2.887531687464241941e+02
2.928049207217204639e+02 2.934853667669649440e+02
2.975275807220108391e+02 2.982175260443995057e+02
3.022502407276679151e+02 3.029496468167335479e+02
3.069729007286701972e+02 3.076817294196163175e+02
3.116955607650186266e+02 3.124137742796121984e+02
3.164182208747288314e+02 3.171457815638777333e+02
3.211408808748002457e+02 3.218777515699960645e+02
3.258635408817629013e+02 3.266096846576228359e+02
3.305862008615288232e+02 3.313415811070237851e+02
3.353088608818247849e+02 3.360734412595913909e+02
3.400315209171253628e+02 3.408052654208767080e+02
3.447541809272308910e+02 3.455370538356061161e+02
3.494768410394742091e+02 3.502688067404811818e+02
3.541995010970068734e+02 3.550005243774217547e+02
3.589221610912761662e+02 3.597322071227941933e+02
3.636448211292311044e+02 3.644638551779167983e+02
3.683674811459841294e+02 3.691954688434240097e+02
3.730901411723478986e+02 3.739270484518226567e+02
3.778128011734102643e+02 3.786585940774745040e+02
3.825354611684250585e+02 3.833901062441733529e+02
3.872581212506221391e+02 3.881215849517783454e+02
3.919807813072312683e+02 3.928530306221224464e+02
3.967034413335134104e+02 3.975844433917580432e+02
4.014261013561307436e+02 4.023158235257376418e+02
4.061487614961845907e+02 4.070471714223293702e+02
4.108714215770196461e+02 4.117784871092741810e+02
4.155940816443524000e+02 4.165097709571648465e+02
4.203167417113479587e+02 4.212410232169136179e+02
4.250394017129686972e+02 4.259722440146126701e+02
4.297620617193131238e+02 4.307034336336939759e+02
4.344847217659772696e+02 4.354345923372347329e+02
4.392073817657592940e+02 4.401657204019539904e+02
4.439300418349999973e+02 4.448968179926301900e+02
4.486527018363166235e+02 4.496278852844038738e+02
4.533753618392950102e+02 4.543589225683477935e+02
4.580980218395029056e+02 4.590899299009986407e+02
4.628206818851891740e+02 4.638209077382753094e+02
4.675433418897172828e+02 4.685518559768480600e+02
4.722660020369507379e+02 4.732827750703860374e+02
4.769886620992529629e+02 4.780136651680692239e+02
4.817113220941589589e+02 4.827445264813504764e+02
4.864339821786602442e+02 4.874753591624737510e+02
4.911566422412108182e+02 4.922061634727589308e+02
4.958793024343372053e+02 4.969369396465587556e+02
5.006019625445832162e+02 5.016676879461965655e+02
5.053246225444598849e+02 5.063984083880958451e+02
5.100472827355483787e+02 5.111291011122747250e+02
5.147699427845425362e+02 5.158597664723313301e+02
5.194926028578855721e+02 5.205904045920484577e+02
5.242152628558436618e+02 5.253210156717775590e+02
5.289379229159650322e+02 5.300515999417642661e+02
5.336605829498269031e+02 5.347821575509721015e+02
5.383832429778944970e+02 5.395126887068622636e+02
5.431059030664823695e+02 5.442431934885651117e+02
5.478285631665675055e+02 5.489736721260599097e+02
5.525512232467219746e+02 5.537041248061295846e+02
5.572738833458861336e+02 5.584345517589563315e+02
5.619965434181178807e+02 5.631649531025279884e+02
5.667192035674880799e+02 5.678953290939327871e+02
5.714418637286900093e+02 5.726256797419760005e+02
5.761645238339026491e+02 5.773560052271345739e+02
5.808871838567188206e+02 5.820863059323730795e+02
5.856098439349343607e+02 5.868165817500871526e+02
5.903325039371786715e+02 5.915468330192593385e+02
5.950551640440414758e+02 5.962770597027243866e+02
5.997778241076637187e+02 6.010072622222251084e+02
6.045004841073230182e+02 6.057374406504105764e+02
6.092231442835284270e+02 6.104675950287644355e+02
6.139458044843631797e+02 6.151977255878769029e+02
6.186684645041784734e+02 6.199278325660045539e+02
6.233911245142478492e+02 6.246579160076737480e+02
6.281137845433680695e+02 6.293879759546093737e+02
6.328364445920772141e+02 6.341180126644669599e+02
6.375591047320167490e+02 6.388480263637022745e+02
6.422817649045376811e+02 6.435780170249179264e+02
6.470044251183595634e+02 6.483079850331918124e+02
6.517270853183034660e+02 6.530379303461795644e+02
6.564497452957718906e+02 6.577678530323962605e+02
6.611724055554295774e+02 6.624977533726980710e+02
6.658950657052123461e+02 6.672276314781731799e+02
6.706177257696685956e+02 6.719574875035448258e+02
6.753403858999047316e+02 6.766873215382361195e+02
6.800630461221683163e+02 6.814171339947491788e+02
6.847857063005621967e+02 6.861469245407581639e+02
6.895083663794957829e+02 6.908766935494325026e+02
6.942310266323984251e+02 6.956064411258220161e+02
6.989536866423781021e+02 7.003361674594443684e+02
7.036763466546324253e+02 7.050658726246758761e+02
7.083990069044632492e+02 7.097955569879418363e+02
7.131216669897056590e+02 7.145252204502260156e+02
7.178443271629203082e+02 7.192548629358740300e+02
7.225669874486627577e+02 7.239844848733198432e+02
7.272896474468677752e+02 7.287140861111682852e+02
7.320123075188678285e+02 7.334436670419626125e+02
7.367349675115719947e+02 7.381732276631664718e+02
7.414576276200268694e+02 7.429027682618950621e+02
7.461802877224843087e+02 7.476322887643763124e+02
7.509029478046074928e+02 7.523617893548405391e+02
7.556256080124719574e+02 7.570912700928022332e+02
