0.000000000000000000e+00 0.000000000000000000e+00
4.721529733587726874e+00 4.735373915768595232e+00
9.443059467973084153e+00 9.470666249026159278e+00
1.416458920318890691e+01 1.420587796698878691e+01
1.888611893805353503e+01 1.894101001959558062e+01
2.360764867332935069e+01 2.367606333518749651e+01
2.832917840976669055e+01 2.841103883823211618e+01
3.305070814470352047e+01 3.314593742266389143e+01
3.777223788456038989e+01 3.788075997298506081e+01
4.249376762237663741e+01 4.261550736948072426e+01
4.721529735946758422e+01 4.735018045037491419e+01
5.193682709842188672e+01 5.208478007390731079e+01
5.665835684195897670e+01 5.681930705596987252e+01
6.137988659845314743e+01 6.155376220040742652e+01
6.610141633496824909e+01 6.628814630523174856e+01
7.082294607626336358e+01 7.102246017069664674e+01
7.554447582049917287e+01 7.575670456553075383e+01
8.026600556379517570e+01 8.049088024275552300e+01
8.498753529893684799e+01 8.522498796166138391e+01
8.970906504993682518e+01 8.995902843726560150e+01
9.443059479418700164e+01 9.469300240913420907e+01
9.915212453971028594e+01 9.942691059097043649e+01
1.038736542886636016e+02 1.041607536690956834e+02
1.085951840369871206e+02 1.088945323385584913e+02
1.133167137925181578e+02 1.136282472768761096e+02
1.180382435384508426e+02 1.183618991479975620e+02
1.227597733112610001e+02 1.230954885949906270e+02
1.274813030800058158e+02 1.278290162864617798e+02
1.322028328190618822e+02 1.325624828382163400e+02
1.369243625803276814e+02 1.372958889093861217e+02
1.416458923390061955e+02 1.420292350914714632e+02
1.463674221266709026e+02 1.467625219870204205e+02
1.510889519129146379e+02 1.514957502096066833e+02
1.558104816811446653e+02 1.562289203356272651e+02
1.605320114255429758e+02 1.609620330077142398e+02
1.652535412034130502e+02 1.656950887091376501e+02
1.699750709448638872e+02 1.704280880501024171e+02
1.746966006873105357e+02 1.751610315875909691e+02
1.794181304415001819e+02 1.798939198298899953e+02
1.841396601949493288e+02 1.846267533591347956e+02
1.888611899974884523e+02 1.893595326595754500e+02
1.935827198000894782e+02 1.940922583089485443e+02
1.983042495415153610e+02 1.988249308026455537e+02
2.030257793234374617e+02 2.035575506639482057e+02
2.077473091117834372e+02 2.082901183155814238e+02
2.124688389076669921e+02 2.130226343377298406e+02
2.171903687106287180e+02 2.177550991647667047e+02
2.219118985187021167e+02 2.224875133377427971e+02
2.266334283346570260e+02 2.272198772294037781e+02
2.313549581573042246e+02 2.319521914023071076e+02
2.360764879637956142e+02 2.366844563027997026e+02
2.407980177467538283e+02 2.414166723556650993e+02
2.455195475236234302e+02 2.461488399901802495e+02
2.502410772879651404e+02 2.508809596463609637e+02
2.549626070633442509e+02 2.556130317933213973e+02
2.596841368112573605e+02 2.603450568460185650e+02
2.644056665704495686e+02 2.650770352327009505e+02
2.691271963200637174e+02 2.698089673966135820e+02
2.738487260703587367e+02 2.745408537643046998e+02
2.785702558257702321e+02 2.792726946453585128e+02
2.832917856217908366e+02 2.840044905467977969e+02
2.880133153851875250e+02 2.887362417866860369e+02
2.927348451433363721e+02 2.934679487793047770e+02
2.974563749120634952e+02 2.981996119144171189e+02
3.021779046724877844e+02 3.029312315245459217e+02
3.068994344281057352e+02 3.076628080691554032e+02
3.116209642520625493e+02 3.123943418398993117e+02
3.163424940039400326e+02 3.171258333392926261e+02
3.210640237774596812e+02 3.218572827823631997e+02
3.257855535846275643e+02 3.265886906067730706e+02
3.305070833860887660e+02 3.313200570632033646e+02
3.352286132266807499e+02 3.360513826126380081e+02
3.399501429736350246e+02 3.407826675701324461e+02
3.446716728434668084e+02 3.455139123104987675e+02
3.493932026188936106e+02 3.502451170744432147e+02
3.541147324260731466e+02 3.549762821940664708e+02
3.588362622187054285e+02 3.597074080811580075e+02
3.635577919895641230e+02 3.644384949861621408e+02
3.682793217571692139e+02 3.691695433471174965e+02
3.730008515347108187e+02 3.739005533178879546e+02
3.777223812858364340e+02 3.786315252198154440e+02
3.824439110394155250e+02 3.833624594318284835e+02
3.871654407837432927e+02 3.880933562851917031e+02
3.918869706023333492e+02 3.928242160034134258e+02
3.966085003737700845e+02 3.975550388950391607e+02
4.013300302313691077e+02 4.022858252659355003e+02
4.060515599714312884e+02 4.070165754605883421e+02
4.107730897164924500e+02 4.117472898109941752e+02
4.154946194977084133e+02 4.164779684389690146e+02
4.202161492451196523e+02 4.212086116650193617e+02
4.249376789958761265e+02 4.259392198401714040e+02
4.296592087534113489e+02 4.306697930985066023e+02
4.343807385129687191e+02 4.354003318252450185e+02
4.391022682641274741e+02 4.401308363430122199e+02
4.438237980160139386e+02 4.448613068584672305e+02
4.485453277689596234e+02 4.495917435680165681e+02
4.532668575122233392e+02 4.543221466265109711e+02
4.579883872632432826e+02 4.590525164584591380e+02
4.627099170675861615e+02 4.637828533442374805e+02
4.674314469280465687e+02 4.685131573986524813e+02
4.721529766739313914e+02 4.732434290674194699e+02
4.768745064586631202e+02 4.779736684321800340e+02
4.815960362070248948e+02 4.827038756704141633e+02
4.863175661378268160e+02 4.874340511405487177e+02
4.910390959529514703e+02 4.921641949843453858e+02
4.957606257580577562e+02 4.968943075363096682e+02
5.004821555556617341e+02 5.016243889245906189e+02
5.052036853835102193e+02 5.063544395429163387e+02
5.099252152602523438e+02 5.110844594920636155e+02
5.146467450521477076e+02 5.158144489749882950e+02
5.193682748554963382e+02 5.205444082310890508e+02
5.240898046802035424e+02 5.252743375374427615e+02
5.288113345192440420e+02 5.300042370506503175e+02
5.335328643440091128e+02 5.347341070353255645e+02
5.382543941121161879e+02 5.394639476649585959e+02
5.429759239392608379e+02 5.441937591012346047e+02
5.476974537925962068e+02 5.489235416019751028e+02
5.524189836237502504e+02 5.536532953483957726e+02
5.571405133827820464e+02 5.583830206137217829e+02
5.618620432014861308e+02 5.631127175375324896e+02
5.665835730906418348e+02 5.678423862631209431e+02
5.713051030033717552e+02 5.725720270447227449e+02
5.760266328605609942e+02 5.773016402645639573e+02
5.807481626323615274e+02 5.820312258789324460e+02
5.854696924926424799e+02 5.867607841865229830e+02
5.901912223892820748e+02 5.914903151214759873e+02
5.949127521426166822e+02 5.962198190834158140e+02
5.996342818886535042e+02 6.009492963369089011e+02
6.043558117022648730e+02 6.056787468698007615e+02
6.090773416398985773e+02 6.104081710572077100e+02
6.137988715180840700e+02 6.151375689254771260e+02
6.185204013095437858e+02 6.198669406747339963e+02
6.232419312770806528e+02 6.245962866192643332e+02
6.279634610326752409e+02 6.293256068087204085e+02
6.326849909048278278e+02 6.340549012652231795e+02
6.374065207935043418e+02 6.387841704168998831e+02
6.421280505337857676e+02 6.435134143846269126e+02
6.468495805003008172e+02 6.482426332149658492e+02
6.515711104506392530e+02 6.529718271315900893e+02
6.562926402131895429e+02 6.577009961239789391e+02
6.610141699799847856e+02 6.624301406991772865e+02
6.657356998776131149e+02 6.671592607058983049e+02
6.704572296240486367e+02 6.718883564183029193e+02
6.751787593849119276e+02 6.766174280346675687e+02
6.799002892904259170e+02 6.813464756118976311e+02
6.846218191424657107e+02 6.860754995568912591e+02
6.893433489052511050e+02 6.908044997105987477e+02
6.940648787511912587e+02 6.955334764783292485e+02
6.987864087210648449e+02 7.002624299607430203e+02
7.035079384843052139e+02 7.049913600688596489e+02
7.082294684996254546e+02 7.097202671428526628e+02
7.129509983293399955e+02 7.144491513327827761e+02
7.176725282350446378e+02 7.191780128048253573e+02
7.223940579779878135e+02 7.239068514791026701e+02
7.271155877198438020e+02 7.286356676822933878e+02
7.318371175268310935e+02 7.333644615809243987e+02
7.365586472897805379e+02 7.380932331972554721e+02
7.412801771498436665e+02 7.428219828772571418e+02
7.460017070085052637e+02 7.475507104798507498e+02
7.507232367509789128e+02 7.522794162684047024e+02
7.554447667196625389e+02 7.570081005620413634e+02
