0.000000000000000000e+00 0.000000000000000000e+00
4.722659982169282067e+00 4.735373915083977536e+00
9.445319964679640634e+00 9.470678560361438514e+00
1.416797994742624311e+01 1.420591469690112163e+01
1.889063993093305527e+01 1.894108307095688204e+01
2.361329991435761855e+01 2.367618441422502684e+01
2.833595989935408355e+01 2.841121945751957867e+01
3.305861988286816455e+01 3.314618890337526125e+01
3.778127986664832605e+01 3.788109345466787659e+01
4.250393985449399281e+01 4.261593381157791782e+01
4.722659983850819287e+01 4.735071063216648213e+01
5.194925982606197579e+01 5.208542460467579360e+01
5.667191981834786674e+01 5.682007637632703023e+01
6.139457980754298205e+01 6.155466658108653633e+01
6.611723979722106037e+01 6.628919586074653125e+01
7.083989979255341041e+01 7.102366485558960107e+01
7.556255978549249619e+01 7.575807417357532358e+01
8.028521977736518522e+01 8.049242442018874044e+01
8.500787979435335728e+01 8.522671619410107269e+01
8.973053979256027901e+01 8.996095008664167381e+01
9.445319978539461658e+01 9.469512668300185965e+01
9.917585980622700959e+01 9.942924655704943859e+01
1.038985198037069608e+02 1.041633102478945858e+02
1.086211798184541948e+02 1.088973183364329600e+02
1.133438398181024809e+02 1.136312713594012394e+02
1.180664998125725589e+02 1.183651698514904496e+02
1.227891598028661804e+02 1.230990143291344054e+02
1.275118198276581438e+02 1.278328053366768984e+02
1.322344798208504528e+02 1.325665434087608219e+02
1.369571398061611092e+02 1.373002289905275575e+02
1.416797998263778027e+02 1.420338626578499657e+02
1.464024598304255562e+02 1.467674448222958006e+02
1.511251198653820609e+02 1.515009760326479409e+02
1.558477798507865941e+02 1.562344567226616334e+02
1.605704398600966272e+02 1.609678873894711444e+02
1.652930998907663707e+02 1.657012685146733020e+02
1.700157598799315224e+02 1.704346005393175574e+02
1.747384198696028079e+02 1.751678839113962454e+02
1.794610798725167058e+02 1.799011190860168199e+02
1.841837398746004055e+02 1.846343065228591058e+02
1.889063998741606838e+02 1.893674466287194491e+02
1.936290599264026753e+02 1.941005398831761113e+02
1.983517199682847831e+02 1.988335866518810633e+02
2.030743800362363629e+02 2.035665873609181062e+02
2.077970400732885139e+02 2.082995424316775370e+02
2.125197001180880534e+02 2.130324522628594366e+02
2.172423601698364450e+02 2.177653172340374113e+02
2.219650202410462612e+02 2.224981377863040848e+02
2.266876802518889065e+02 2.272309142899676999e+02
2.314103403230394065e+02 2.319636471174191570e+02
2.361330003779874573e+02 2.366963366406736498e+02
2.408556604093265321e+02 2.414289832845286981e+02
2.455783204206285859e+02 2.461615873987010445e+02
2.503009804201838335e+02 2.508941493212532237e+02
2.550236404174690392e+02 2.556266694282369940e+02
2.597463004175315859e+02 2.603591480439963561e+02
2.644689604838593482e+02 2.650915855760970317e+02
2.691916204849698033e+02 2.698239823005200719e+02
2.739142804839734708e+02 2.745563386188567847e+02
2.786369405605423708e+02 2.792886548475627251e+02
2.833596006401787690e+02 2.840209313557455744e+02
2.880822607109355431e+02 2.887531684618361396e+02
2.928049207115761874e+02 2.934853664974268668e+02
2.975275807526686549e+02 2.982175257751718505e+02
3.022502407537515410e+02 3.029496465687998352e+02
3.069729007880092695e+02 3.076817291550148639e+02
3.116955607994137836e+02 3.124137739138676011e+02
3.164182208541860746e+02 3.171457812474345701e+02
3.211408809576038834e+02 3.218777513310649852e+02
3.258635409569741910e+02 3.266096845245040186e+02
3.305862010025944073e+02 3.313415809958610225e+02
3.353088609954415915e+02 3.360734411115494140e+02
3.400315210983079055e+02 3.408052652553904522e+02
3.447541811750432430e+02 3.455370536728402726e+02
3.494768411683414797e+02 3.502688065813415506e+02
3.541995012260227895e+02 3.550005242162541208e+02
3.589221612202892970e+02 3.597322069645263127e+02
3.636448212116780496e+02 3.644638550207055232e+02
3.683674812284577911e+02 3.691954686909327847e+02
3.730901412546784286e+02 3.739270482635756707e+02
3.778128012893550931e+02 3.786585940414020115e+02
3.825354613748985457e+02 3.833901061052247314e+02
3.872581213932036803e+02 3.881215848282620300e+02
3.919807814762026510e+02 3.928530304947732930e+02
3.967034416278345361e+02 3.975844432424280512e+02
4.014261016504541431e+02 4.023158234300378808e+02
4.061487617267262067e+02 4.070471712540820022e+02
4.108714217204810666e+02 4.117784870470968599e+02
4.155940817721451026e+02 4.165097708911889640e+02
4.203167418174791692e+02 4.212410231063502124e+02
4.250394018345505742e+02 4.259722439048734941e+02
4.297620618408880091e+02 4.307034335203533146e+02
4.344847218489740044e+02 4.354345922173304189e+02
4.392073818487575636e+02 4.401657202822653971e+02
4.439300419185642568e+02 4.448968178397967108e+02
4.486527019199078268e+02 4.496278850538883489e+02
4.533753619390724907e+02 4.543589222988067604e+02
4.580980219409605638e+02 4.590899296309776219e+02
4.628206819863355577e+02 4.638209074696528660e+02
4.675433419909137456e+02 4.685518557123633627e+02
4.722660019854486109e+02 4.732827747692630282e+02
4.769886620202668155e+02 4.780136649615682245e+02
4.817113220373089462e+02 4.827445262753130351e+02
4.864339821218229076e+02 4.874753589775889395e+02
4.911566421843841681e+02 4.922061634169779154e+02
4.958793021799813232e+02 4.969369395909511127e+02
5.006019622899850674e+02 5.016676877135736277e+02
5.053246224052224989e+02 5.063984081178017504e+02
5.100472824591602148e+02 5.111291008424242364e+02
5.147699425082442986e+02 5.158597662029404773e+02
5.194926026507916959e+02 5.205904043733914932e+02
5.242152626486986264e+02 5.253210156329248548e+02
5.289379227087513300e+02 5.300515998881103314e+02
5.336605829129283620e+02 5.347821574966358185e+02
5.383832429496109171e+02 5.395126886280745566e+02
5.431059031302196445e+02 5.442431934954427106e+02
5.478285632303047805e+02 5.489736721958439603e+02
5.525512233103521567e+02 5.537041248755531342e+02
5.572738834261740521e+02 5.584345518297291164e+02
5.619965435386445733e+02 5.631649531737940606e+02
5.667192036778400279e+02 5.678953290712552189e+02
5.714418638392628509e+02 5.726256798003994390e+02
5.761645239443355422e+02 5.773560052701179757e+02
5.808871839671437556e+02 5.820863059624459765e+02
5.856098439710685852e+02 5.868165818787480248e+02
5.903325041645871352e+02 5.915468331470252679e+02
5.950551641717329403e+02 5.962770598372912900e+02
5.997778241663213521e+02 6.010072622543569878e+02
6.045004841659824706e+02 6.057374405518735330e+02
6.092231443426051101e+02 6.104675949476358028e+02
6.139458045389653762e+02 6.151977256017814852e+02
6.186684646760801343e+02 6.199278324958625035e+02
6.233911247724763598e+02 6.246579159414402511e+02
6.281137847631598561e+02 6.293879760358084923e+02
6.328364448698880551e+02 6.341180127540491185e+02
6.375591050634890280e+02 6.388480264310969687e+02
6.422817652379060291e+02 6.435780170850300692e+02
6.470044254517933950e+02 6.483079851670424887e+02
6.517270856517043285e+02 6.530379305137232677e+02
6.564497457755001051e+02 6.577678532689839130e+02
6.611724060353101322e+02 6.624977535965472271e+02
6.658950662508184450e+02 6.672276317222185753e+02
6.706177263148819065e+02 6.719574877485811157e+02
6.753403864451217942e+02 6.766873218630498741e+02
6.800630466673987939e+02 6.814171343205960056e+02
6.847857068297633987e+02 6.861469249482995565e+02
6.895083668338240841e+02 6.908766939214016247e+02
6.942310268384150049e+02 6.956064414925851906e+02
6.989536868813190722e+02 7.003361677923030584e+02
7.036763471464319082e+02 7.050658729790384314e+02
7.083990073962505676e+02 7.097955572040764309e+02
7.131216675123370123e+02 7.145252205853093983e+02
7.178443276683184422e+02 7.192548631172981004e+02
7.225669876599079089e+02 7.239844849430560316e+02
7.272896476503607346e+02 7.287140862226349327e+02
7.320123077932915976e+02 7.334436670663718587e+02
7.367349678966552347e+02 7.381732276617196931e+02
7.414576280051733193e+02 7.429027682668811394e+02
7.461802881076926042e+02 7.476322886454306627e+02
7.509029483264712326e+02 7.523617890669522694e+02
7.556256085344621169e+02 7.570912696247821714e+02
