0.000000000000000000e+00 0.000000000000000000e+00
4.312857033276437768e+00 4.342574228904147127e+00
8.625714130725608442e+00 8.684743064099080812e+00
1.293857124391432301e+01 1.302651740165342886e+01
1.725142840779268738e+01 1.736790790730124456e+01
2.156428557503255661e+01 2.170892472599658518e+01
2.587714275972894740e+01 2.604957759237801440e+01
3.018999997764388610e+01 3.038987603274148697e+01
3.450285730295821196e+01 3.472982874593350289e+01
3.881571457072905673e+01 3.906944475443138742e+01
4.312857185146462768e+01 4.340873219661436622e+01
4.744142915238278135e+01 4.774769925482166855e+01
5.175428658077559874e+01 5.208635410368741248e+01
5.606714395232952342e+01 5.642470373956276575e+01
6.038000163919078034e+01 6.076275570276169447e+01
6.469285937601159731e+01 6.510051616863113111e+01
6.900571704365913206e+01 6.943799246544070058e+01
7.331857421412583165e+01 7.377519103667663103e+01
7.763143161536464731e+01 7.811211840027129938e+01
8.194428914071585268e+01 8.244878018404830300e+01
8.625714670906351955e+01 8.678518248161788051e+01
9.057000429551686693e+01 9.112133151360055194e+01
9.488286140871642260e+01 9.545723165827186563e+01
9.919571932822137228e+01 9.979288931563451115e+01
1.035085764712539458e+02 1.041283084606461955e+02
1.078214343253150673e+02 1.084634952761262952e+02
1.121342920319818006e+02 1.127984534388873215e+02
1.164471497707621950e+02 1.171331880408686317e+02
1.207600080422452891e+02 1.214677039593319705e+02
1.250728663842138815e+02 1.258020061648450678e+02
1.293857241366202118e+02 1.301360976006307055e+02
1.336985819668883266e+02 1.344699830235633158e+02
1.380114394839810359e+02 1.388036666964632957e+02
1.423242973849116595e+02 1.431371519899531393e+02
1.466371545077089422e+02 1.474704431895721370e+02
1.509500130713240935e+02 1.518035442299969304e+02
1.552628711841531697e+02 1.561364575710245788e+02
1.595757296945091070e+02 1.604691871769293812e+02
1.638885870280018366e+02 1.648017356193585954e+02
1.682014440983434724e+02 1.691341076124550682e+02
1.725143012716760609e+02 1.734663056570403512e+02
1.768271593586687800e+02 1.777983333148004590e+02
1.811400170738322686e+02 1.821301931980565598e+02
1.854528742722246761e+02 1.864618879251632393e+02
1.897657315847357324e+02 1.907934224996713510e+02
1.940785886734570340e+02 1.951247974823162394e+02
1.983914458273411299e+02 1.994560156618657629e+02
2.027043029070535454e+02 2.037870799053021642e+02
2.070171612074594236e+02 2.081179942825142462e+02
2.113300193612791418e+02 2.124487602263686767e+02
2.156428777203900609e+02 2.167793791014910596e+02
2.199557364233805856e+02 2.211098543714216476e+02
2.242685956314647342e+02 2.254401875859712732e+02
2.285814540301950615e+02 2.297703822666506426e+02
2.328943122598059290e+02 2.341004410166933667e+02
2.372071706427684319e+02 2.384303643580971084e+02
2.415200284672519615e+02 2.427601553761691093e+02
2.458328875582128603e+02 2.470898147745535596e+02
2.501457447796519773e+02 2.514193471368780024e+02
2.544586033293596756e+02 2.557487516541980312e+02
2.587714618314467998e+02 2.600780319033156047e+02
2.630843201665377364e+02 2.644071907202575176e+02
2.673971774289060477e+02 2.687362285266116828e+02
2.717100366403925591e+02 2.730651476455052489e+02
2.760228953550281972e+02 2.773939493957418563e+02
