0.000000000000000000e+00 0.000000000000000000e+00
4.402819669462758156e+00 4.437727759983710385e+00
8.805639351872688536e+00 8.874903027723767934e+00
1.320845907559206722e+01 1.331154332813548180e+01
1.761127894308877018e+01 1.774766516859643417e+01
2.201409882252644223e+01 2.218328431953192137e+01
2.641691861332471092e+01 2.661841565846735236e+01
3.081973837287993945e+01 3.105307416255761410e+01
3.522255801805862774e+01 3.548727291687966101e+01
3.962537802430911427e+01 3.992102550000159056e+01
4.402819770619214523e+01 4.435434454204035148e+01
4.843101737354744074e+01 4.878724230661276806e+01
5.283383723387085240e+01 5.321973011777333085e+01
5.723665748273774767e+01 5.765181956850939571e+01
6.163947718469394488e+01 6.208352096162587941e+01
6.604229723795067741e+01 6.651484495394822716e+01
7.044511726188468970e+01 7.094580141227912407e+01
7.484793695357770105e+01 7.537639936691027742e+01
7.925075726139252197e+01 7.980664817612839101e+01
8.365357698674853282e+01 8.423655661633713976e+01
8.805639664278790235e+01 8.866613296173707681e+01
9.245921635301934316e+01 9.309538509941420159e+01
9.686203601981483757e+01 9.752432182873724287e+01
1.012648563618803621e+02 1.019529500095753036e+02
1.056676768367528041e+02 1.063812774274596791e+02
1.100704976085183802e+02 1.108093103341418555e+02
1.144733180633708685e+02 1.152370563068703575e+02
1.188761377401910693e+02 1.196645216270481740e+02
1.232789575927759245e+02 1.240917127801176889e+02
1.276817772661280941e+02 1.285186348677432875e+02
1.320845970560266380e+02 1.329452955161440002e+02
1.364874168339717642e+02 1.373716992192443058e+02
1.408902377962103003e+02 1.417978517494190385e+02
1.452930586119589407e+02 1.462237586241929819e+02
1.496958790574870761e+02 1.506494253815766626e+02
1.540986987770273515e+02 1.550748566892769134e+02
1.585015185378742046e+02 1.595000559875946919e+02
1.629043393534958852e+02 1.639250308228414497e+02
1.673071592487063413e+02 1.683497843201269575e+02
1.717099802702446425e+02 1.727743193577547629e+02
1.761128013276178876e+02 1.771986428878181528e+02
1.805156211784093898e+02 1.816227583532653398e+02
1.849184408624480227e+02 1.860466693837523451e+02
1.893212608079716119e+02 1.904703801522543074e+02
1.937240819070932503e+02 1.948938934444207121e+02
1.981269035133870773e+02 1.993172132219086450e+02
2.025297232472867677e+02 2.037403455746994325e+02
2.069325429536488912e+02 2.081632915703446542e+02
2.113353636764047678e+02 2.125860547490267436e+02
2.157381834066523538e+02 2.170086392689568129e+02
2.201410043986139158e+02 2.214310488783675339e+02
2.245438244333943203e+02 2.258532843105010954e+02
2.289466441833781118e+02 2.302753495696190384e+02
2.333494651397305120e+02 2.346972500727106876e+02
2.377522849367548474e+02 2.391189866677084979e+02
2.421551064996434093e+02 2.435405629575719786e+02
2.465579279845956933e+02 2.479619807036883685e+02
2.509607499144164251e+02 2.523832434216144804e+02
2.553635714269364314e+02 2.568043511842117255e+02
2.597663929207476485e+02 2.612253101949522147e+02
2.641692125753542086e+02 2.656461204899338213e+02
2.685720348647575975e+02 2.700667853098458409e+02
2.729748566002706411e+02 2.744873074379569857e+02
2.773776781128475477e+02 2.789076901105037223e+02
2.817804993383167584e+02 2.833279323353403356e+02
