0.000000000000000000e+00 0.000000000000000000e+00
4.806540314977896244e+00 4.827583971230893667e+00
9.613080630000233384e+00 9.654982977301282077e+00
1.441962094543987050e+01 1.448220026924780512e+01
1.922616126236187029e+01 1.930923901394066178e+01
2.403270157766946369e+01 2.413610229075175440e+01
2.883924189963697771e+01 2.896279311221026376e+01
3.364578221534420521e+01 3.378931439143534021e+01
3.845232253128477851e+01 3.861566899627574401e+01
4.325886285107476681e+01 4.344185969488113130e+01
4.806540317278339103e+01 4.826788920245127201e+01
5.287194348872598937e+01 5.309376016902348283e+01
5.767848381013303793e+01 5.791947518108140969e+01
6.248502415106224817e+01 6.274503674135522857e+01
6.729156447664317398e+01 6.757044733594051422e+01
7.209810480160015800e+01 7.239570932350446242e+01
7.690464514229068982e+01 7.722082506497406484e+01
8.171118546696534679e+01 8.204579684576066256e+01
8.651772578367433653e+01 8.687062691316302221e+01
9.132426611850301867e+01 9.169531743123229717e+01
9.613080645013059211e+01 9.651987051772229620e+01
1.009373467959167385e+02 1.013442882897251422e+02
1.057438871483579987e+02 1.061685727555773724e+02
1.105504274865465391e+02 1.109927258922582496e+02
1.153569678327424128e+02 1.158167496684701803e+02
1.201635081960026668e+02 1.206406460003420591e+02
1.249700485589549430e+02 1.254644167261746759e+02
1.297765889170227069e+02 1.302880636619815675e+02
1.345831292802421615e+02 1.351115885944463457e+02
1.393896696425649111e+02 1.399349932753684129e+02
1.441962100179626418e+02 1.447582794068788985e+02
1.490027503446120818e+02 1.495814486860248849e+02
1.538092906687488153e+02 1.544045027080459818e+02
1.586158309848545400e+02 1.592274430584973572e+02
1.634223713074227931e+02 1.640502713109713113e+02
1.682289116307302947e+02 1.688729890413705448e+02
1.730354520017307323e+02 1.736955976978197214e+02
1.778419923781133889e+02 1.785180988012048999e+02
1.826485327419096336e+02 1.833404937427125674e+02
1.874550731120565388e+02 1.881627840113435468e+02
1.922616134861605417e+02 1.929849709143975929e+02
1.970681538621610116e+02 1.978070558389828477e+02
2.018746942388088996e+02 2.026290401860958355e+02
2.066812346151885436e+02 2.074509251834208783e+02
2.114877749892296208e+02 2.122727120761944093e+02
2.162943153587092979e+02 2.170944021740076266e+02
2.211008557359745055e+02 2.219159966842345852e+02
2.259073960889164425e+02 2.267374969031496903e+02
2.307139364535105699e+02 2.315589039463264953e+02
2.355204768092923473e+02 2.363802189456164058e+02
2.403270171423114334e+02 2.412014430945193908e+02
2.451335574824965988e+02 2.460225775077987578e+02
2.499400978492265324e+02 2.508436231914160430e+02
2.547466381976367984e+02 2.556645813212187193e+02
2.595531785727027909e+02 2.604854529217943764e+02
2.643597189277378448e+02 2.653062390321840667e+02
2.691662593538050601e+02 2.701269406915227478e+02
2.739727996929182154e+02 2.749475589494323344e+02
2.787793401296268030e+02 2.797680947947445134e+02
2.835858804729903682e+02 2.845885490454834894e+02
2.883924209020468652e+02 2.894089227981802424e+02
2.931989612336832352e+02 2.942292169143232172e+02
2.980055015657202944e+02 2.990494323516698500e+02
3.028120418967099567e+02 3.038695700049459560e+02
3.076185822305770898e+02 3.086896307218124775e+02
3.124251226731047382e+02 3.135096154944250770e+02
3.172316631177423005e+02 3.183295250915548422e+02
3.220382034901786596e+02 3.231493603778296801e+02
3.268447439469862843e+02 3.279691221804539509e+02
3.316512843900249550e+02 3.327888112139804662e+02
3.364578247201121712e+02 3.376084283459217659e+02
3.412643650790273568e+02 3.424279743825562718e+02
3.460709054892947165e+02 3.472474500818652814e+02
3.508774458477605549e+02 3.520668562167398363e+02
3.556839862207066290e+02 3.568861935630221183e+02
3.604905265493848674e+02 3.617054629244407806e+02
3.652970669152538221e+02 3.665246648559995037e+02
3.701036073055723818e+02 3.713438002431718132e+02
3.749101476485399758e+02 3.761628696223275483e+02
3.797166879715526875e+02 3.809818738538579055e+02
3.845232282927768779e+02 3.858008133741132610e+02
3.893297687111750065e+02 3.906196890992224553e+02
3.941363090393800803e+02 3.954385015703576300e+02
3.989428493734340009e+02 4.002572513999625698e+02
4.037493897000443326e+02 4.050759393558581678e+02
4.085559300281194055e+02 4.098945660249961520e+02
4.133624704465696595e+02 4.147131319609949287e+02
4.181690107847659874e+02 4.195316378468235143e+02
4.229755511217853154e+02 4.243500842567386826e+02
4.277820914637105716e+02 4.291684717739814232e+02
4.325886318444268568e+02 4.339868011085799253e+02
4.373951722339892854e+02 4.388050726737341733e+02
4.422017126338745925e+02 4.436232870167403917e+02
4.470082531384235836e+02 4.484414447607053376e+02
4.518147935279199601e+02 4.532595466101639090e+02
4.566213339214983193e+02 4.580775929430167821e+02
4.614278742822211257e+02 4.628955842974894495e+02
4.662344146449753453e+02 4.677135211119959877e+02
4.710409550653202473e+02 4.725314040232996717e+02
4.758474954719773677e+02 4.773492334969589024e+02
4.806540358176092695e+02 4.821670101742950010e+02
4.854605762845538948e+02 4.869847344530778628e+02
4.902671166332935400e+02 4.918024066620452572e+02
4.950736569667492404e+02 4.966200276228588564e+02
4.998801973416308329e+02 5.014375974904581881e+02
5.046867378700986819e+02 5.062551169650243992e+02
5.094932782544005931e+02 5.110725863856332580e+02
5.142998187429989230e+02 5.158900062539319151e+02
5.191063590753205972e+02 5.207073770574412492e+02
5.239128994698124870e+02 5.255246990080127034e+02
5.287194398129166757e+02 5.303419728122150900e+02
5.335259802420371216e+02 5.351591988436330212e+02
5.383325207824211702e+02 5.399763775421058654e+02
5.431390611332700473e+02 5.447935093247334635e+02
5.479456014681845772e+02 5.496105943944696719e+02
5.527521418884333571e+02 5.544276334246909528e+02
5.575586823331486812e+02 5.592446268013436566e+02
5.623652228055525484e+02 5.640615747954625476e+02
5.671717631446711039e+02 5.688784778578951773e+02
5.719783035231662325e+02 5.736953363422446728e+02
5.767848438613591497e+02 5.785121506003447394e+02
5.815913842024408495e+02 5.833289210896069790e+02
5.863979247493988396e+02 5.881456481866805461e+02
5.912044650699866679e+02 5.929623324038637975e+02
5.960110055125958297e+02 5.977789739417605688e+02
6.008175460524682876e+02 6.025955731143315006e+02
6.056240865316690360e+02 6.074121303524495943e+02
6.104306270360665394e+02 6.122286458706162193e+02
6.152371676423946383e+02 6.170451203316774809e+02
6.200437081736580467e+02 6.218615538086721699e+02
6.248502486463002015e+02 6.266779466158611740e+02
6.296567890550593347e+02 6.314942991589996382e+02
6.344633294987199861e+02 6.363106118763620316e+02
6.392698699042908856e+02 6.411268849716417435e+02
6.440764102342413935e+02 6.459431187398818111e+02
6.488829507375071444e+02 6.507593138154202279e+02
6.536894913570820336e+02 6.555754701319939386e+02
6.584960316808412699e+02 6.603915881281619704e+02
6.633025720201713966e+02 6.652076680849254444e+02
6.681091125438540530e+02 6.700237103662569780e+02
6.729156529501865407e+02 6.748397151489232328e+02
6.777221932903333936e+02 6.796556829567417708e+02
6.825287338088506885e+02 6.844716138453635494e+02
6.873352744596825232e+02 6.892875081646268427e+02
6.921418149131806103e+02 6.941033664126725853e+02
