0.000000000000000000e+00 0.000000000000000000e+00
4.809190193456572615e+00 4.823143853874065634e+00
9.618380386055701337e+00 9.646204404353094120e+00
1.442757057882403515e+01 1.446918265009804827e+01
1.923676077268449447e+01 1.929207957189492362e+01
2.404595097003909032e+01 2.411489613802419285e+01
2.885514116323292200e+01 2.893763329873800316e+01
3.366433135608430405e+01 3.376029196969648183e+01
3.847352154958979042e+01 3.858287308005610328e+01
4.328271174688207168e+01 4.340537753045738611e+01
4.809190194633028170e+01 4.822780618977958511e+01
5.290109214695506523e+01 5.305015993075852521e+01
5.771028234329145334e+01 5.787243961666329284e+01
6.251947254421436639e+01 6.269464608045768728e+01
6.732866274720481670e+01 6.751678014353342405e+01
7.213785294971185635e+01 7.233884262378111885e+01
7.694704315404001704e+01 7.716083430813093003e+01
8.175623337715961725e+01 8.198275597629832134e+01
8.656542357143658251e+01 8.680460843153247197e+01
9.137461378922998279e+01 9.162639240425811238e+01
9.618380400228977578e+01 9.644810862852568789e+01
1.009929942358330237e+02 1.012697578717750559e+02
1.058021844759779810e+02 1.060913408269836395e+02
1.106113746913680700e+02 1.109128581897398362e+02
1.154205649147060058e+02 1.157343106702036835e+02
1.202297551554615893e+02 1.205556989722522871e+02
1.250389453960753912e+02 1.253770237811533264e+02
1.298481356321562714e+02 1.301982857315962860e+02
1.346573258729457621e+02 1.350194854933611168e+02
1.394665161121852748e+02 1.398406237251037396e+02
1.442757063378722364e+02 1.446617010622724138e+02
1.490848965817906446e+02 1.494827181221921251e+02
1.538940867829593344e+02 1.543036755144544827e+02
1.587032769806353940e+02 1.591245738215615688e+02
1.635124671875505555e+02 1.639454136528252093e+02
1.683216573913930461e+02 1.687661956079768402e+02
1.731308476398930907e+02 1.735869202839479328e+02
1.779400378806614924e+02 1.784075882247443019e+02
1.827492281220363850e+02 1.832282000287302139e+02
1.875584183697765752e+02 1.880487562016946015e+02
1.923676086212767871e+02 1.928692572639893115e+02
1.971767988213381386e+02 1.976897038201326779e+02
2.019859890754709681e+02 2.025100963487454351e+02
2.067951793293606215e+02 2.073304353939232669e+02
2.116043696071953377e+02 2.121507214766373295e+02
2.164135598822964539e+02 2.169709551169728456e+02
2.212227501209892182e+02 2.217911367775610643e+02
2.260319403517059982e+02 2.266112669658504615e+02
2.308411305868534669e+02 2.314313461729455526e+02
2.356503208716928839e+02 2.362513749588277392e+02
2.404595111477974001e+02 2.410713536473166130e+02
2.452687014395046958e+02 2.458912827383894069e+02
2.500778917004731738e+02 2.507111627665006495e+02
2.548870819555683624e+02 2.555309940888056417e+02
2.596962722156205814e+02 2.603507772259894750e+02
2.645054625164742674e+02 2.651705126324110324e+02
2.693146527261017127e+02 2.699902006761723214e+02
2.741238429590421219e+02 2.748098417775825055e+02
2.789330331739021176e+02 2.796294364102404870e+02
2.837422234094415217e+02 2.844489850353996871e+02
2.885514136709415993e+02 2.892684880196036374e+02
2.933606039011650637e+02 2.940879456502113953e+02
2.981697941063080179e+02 2.989073584597649074e+02
3.029789843252148103e+02 3.037267267911710178e+02
3.077881745316157094e+02 3.085460510307754021e+02
3.125973648508160068e+02 3.133653316069729726e+02
3.174065551720800613e+02 3.181845689190051871e+02
3.222157454261340490e+02 3.230037632480989487e+02
3.270249356338673579e+02 3.278229150969734746e+02
3.318341258672440972e+02 3.326420247033445321e+02
3.366433160754367009e+02 3.374610924797643747e+02
3.414525063130022886e+02 3.422801187215129630e+02
3.462616966167937562e+02 3.470991038110410045e+02
3.510708868750187435e+02 3.519180481310733057e+02
3.558800771429629322e+02 3.567369521107916626e+02
3.606892673486940453e+02 3.615558158458298976e+02
3.654984575524811135e+02 3.663746398456088968e+02
3.703076478317591409e+02 3.711934243543947787e+02
3.751168380917524701e+02 3.760121698100892331e+02
3.799260284160586707e+02 3.808308765429096070e+02
3.847352186220881549e+02 3.856495447834774950e+02
3.895444088455182055e+02 3.904681747672104279e+02
3.943535990565043221e+02 3.952867669197711393e+02
3.991627892683043797e+02 4.001053214906586390e+02
4.039719795508398761e+02 4.049238387800338614e+02
4.087811698044308741e+02 4.097423191919552892e+02
4.135903601120543271e+02 4.145607629010108326e+02
4.183995503277877788e+02 4.193791702537481569e+02
4.232087405425838824e+02 4.241975415187836234e+02
4.280179307599094614e+02 4.290158770350577697e+02
4.328271210152165622e+02 4.338341770940445485e+02
4.376363112791538583e+02 4.386524417880755209e+02
4.424455015502650213e+02 4.434706715755376649e+02
4.472546917706353042e+02 4.482888666500219870e+02
4.520638819796191115e+02 4.531070273855696087e+02
4.568730722506091979e+02 4.579251540066854886e+02
4.616822625986486059e+02 4.627432466614529858e+02
4.664914528399622782e+02 4.675613056062566670e+02
4.713006430984408439e+02 4.723793312870237742e+02
4.761098333798616409e+02 4.771973237628452011e+02
4.809190235896295462e+02 4.820152833768028700e+02
4.857282137891251068e+02 4.868332103352809099e+02
4.905374040936662254e+02 4.916511048881357056e+02
4.953465943280062902e+02 4.964689672987618678e+02
5.001557846369455547e+02 5.012867978393072690e+02
5.049649750270118602e+02 5.061045967195498179e+02
5.097741652507530716e+02 5.109223642324889170e+02
5.145833556413344922e+02 5.157401005340151414e+02
5.193925459814795431e+02 5.205578059082201889e+02
5.242017363510831274e+02 5.253754803950826044e+02
5.290109266181627845e+02 5.301931245359288596e+02
5.338201168586276708e+02 5.350107381935214335e+02
5.386293071224973801e+02 5.398283219465679394e+02
5.434384973472115234e+02 5.446458757258091055e+02
5.482476875596987611e+02 5.494633999343984669e+02
5.530568777722841105e+02 5.542808945481951923e+02
5.578660681125745668e+02 5.590983600347723268e+02
5.626752583360926110e+02 5.639157964566535384e+02
5.674844485570004053e+02 5.687332040853839317e+02
5.722936388137898120e+02 5.735505829921460190e+02
5.771028290834525478e+02 5.783679336521166761e+02
5.819120193273972745e+02 5.831852559528263100e+02
5.867212097180115506e+02 5.880025502321826707e+02
5.915304000789437850e+02 5.928198166851016140e+02
5.963395904079671936e+02 5.976370556789761395e+02
6.011487808308841068e+02 6.024542670652881498e+02
6.059579711884739481e+02 6.072714512914697025e+02
6.107671615744429801e+02 6.120886083974847907e+02
6.155763520427607318e+02 6.169057386721244711e+02
6.203855424544533435e+02 6.217228421638269538e+02
6.251947327843873836e+02 6.265399193168309466e+02
6.300039231184262007e+02 6.313569699649010545e+02
6.348131134224136076e+02 6.361739944315256707e+02
6.396223036978072969e+02 6.409909929502483692e+02
6.444314939644704054e+02 6.458079657800304858e+02
6.492406842501800384e+02 6.506249128729141376e+02
6.540498745982856690e+02 6.554418344212294869e+02
6.588590648068916380e+02 6.602587308827469315e+02
6.636682551751273422e+02 6.650756020334022196e+02
6.684774456145067916e+02 6.698924481943524825e+02
6.732866359034405832e+02 6.747092696791196431e+02
6.780958261179977171e+02 6.795260664424911283e+02
6.829050164439743185e+02 6.843428388445161090e+02
6.877142066534270270e+02 6.891595867124351571e+02
6.925233968823592932e+02 6.939763106740560943e+02
