0.000000000000000000e+00 0.000000000000000000e+00
4.806944341909818341e+00 4.823147988372573636e+00
9.613888683256506695e+00 9.646183884982340473e+00
1.442083302495453623e+01 1.446910924632197570e+01
1.922777736706203555e+01 1.929192559360570058e+01
2.403472171164426641e+01 2.411463442933015955e+01
2.884166605349519585e+01 2.893723721581136488e+01
3.364861039573362689e+01 3.375973537851388784e+01
3.845555473736084195e+01 3.858213031989605213e+01
4.326249908638311581e+01 4.340442343239626410e+01
4.806944343471032255e+01 4.822661604290888704e+01
5.287638778288414443e+01 5.304870948492533245e+01
5.768333213078342681e+01 5.787070506337021669e+01
6.249027648188432238e+01 6.269260405602438624e+01
6.729722083404193711e+01 6.751440767791669373e+01
7.210416518537985553e+01 7.233611717401439023e+01
7.691110953721108956e+01 7.715773373181119155e+01
8.171805388691086591e+01 8.197925853711674904e+01
8.652499823007727286e+01 8.680069274715120287e+01
9.133194258565512769e+01 9.162203748090260547e+01
9.613888694158006842e+01 9.644329384739324951e+01
1.009458313220644641e+02 1.012644629538871754e+02
1.057527756681753885e+02 1.060855458380552392e+02
1.105597200389945840e+02 1.109065435894003713e+02
1.153666644111247308e+02 1.157274572201234690e+02
1.201736087560789485e+02 1.205482877023615629e+02
1.249805531455493934e+02 1.253690360764541509e+02
1.297874975303281531e+02 1.301897033084192685e+02
1.345944419198260960e+02 1.350102903827554144e+02
1.394013863081846125e+02 1.398307982035755117e+02
1.442083306964844382e+02 1.446512277059953533e+02
1.490152750467149758e+02 1.494715798364569537e+02
1.538222194446932463e+02 1.542918554187767768e+02
1.586291637913108161e+02 1.591120553949928933e+02
1.634361081403513936e+02 1.639321806461303197e+02
1.682430525061131448e+02 1.687522319191537861e+02
1.730499969034742662e+02 1.735722101236121091e+02
1.778569412937594620e+02 1.783921160387376119e+02
1.826638856836114826e+02 1.832119504874321478e+02
1.874708301022692751e+02 1.880317142748785386e+02
1.922777745024727096e+02 1.928514082051821106e+02
1.970847188646187647e+02 1.976710329690836261e+02
2.018916632675167762e+02 2.024905893935092536e+02
2.066986076701552122e+02 2.073100781950257954e+02
2.115055520756157819e+02 2.121295001156458397e+02
2.163124964434190929e+02 2.169488558412895713e+02
2.211194408576673709e+02 2.217681460673899778e+02
2.259263852173165787e+02 2.265873715627910769e+02
2.307333296052966602e+02 2.314065328891754234e+02
2.355402739666163825e+02 2.362256308831222782e+02
2.403472183350710338e+02 2.410446660377252215e+02
2.451541627863466601e+02 2.458636391559367098e+02
2.499611071455813658e+02 2.506825507324904265e+02
2.547680515864302606e+02 2.555014014848891009e+02
2.595749959644538762e+02 2.603201920163591012e+02
2.643819403721059871e+02 2.651389229464963364e+02
2.691888847982561970e+02 2.699575948638633918e+02
2.739958292107367015e+02 2.747762084055275409e+02
2.788027736023552734e+02 2.795947641018250351e+02
2.836097180295544717e+02 2.844132625556975995e+02
2.884166623891369454e+02 2.892317043500014506e+02
2.932236067553083672e+02 2.940500900351765949e+02
2.980305512168481528e+02 2.988684201544984376e+02
3.028374955932585522e+02 3.036866952724197972e+02
3.076444399786107624e+02 3.085049158770809754e+02
3.124513844467685431e+02 3.133230825502436119e+02
3.172583289170964918e+02 3.181411958196199521e+02
3.220652733159153627e+02 3.229592561398224575e+02
3.268722176719367098e+02 3.277772640007113978e+02
3.316791620722564176e+02 3.325952199008149250e+02
3.364861064597944278e+02 3.374131245252828535e+02
3.412930508453006269e+02 3.422309781693940067e+02
3.460999952373708766e+02 3.470487812433131012e+02
3.509069396235521481e+02 3.518665343706028352e+02
3.557138840358749121e+02 3.566842380041040315e+02
3.605208284583108025e+02 3.615018924690333506e+02
3.653277728408680787e+02 3.663194983215000775e+02
3.701347172609957283e+02 3.711370559870500756e+02
3.749416616452576818e+02 3.759545658767873419e+02
3.797486060099154770e+02 3.807720284583388093e+02
3.845555503570970473e+02 3.855894442225257990e+02
3.893624947113580674e+02 3.904068135381929210e+02
3.941694391639437072e+02 3.952241366769412707e+02
3.989763835306398505e+02 4.000414142731576703e+02
4.037833279573171126e+02 4.048586466353752940e+02
4.085902723892851327e+02 4.096758341061882902e+02
4.133972168378260221e+02 4.144929770869632080e+02
4.182041612020924504e+02 4.193100760322745373e+02
4.230111055643091049e+02 4.241271312921545587e+02
4.278180499606227158e+02 4.289441431568704957e+02
4.326249943678633372e+02 4.337611122595599227e+02
4.374319387836896453e+02 4.385780387128210123e+02
4.422388832094957252e+02 4.433949229103071161e+02
4.470458276943417104e+02 4.482117653342158974e+02
4.518527721167440632e+02 4.530285662259378228e+02
4.566597165382094659e+02 4.578453261108585366e+02
4.614666609292141288e+02 4.626620451058034860e+02
4.662736053191822521e+02 4.674787236191388047e+02
4.710805497599959608e+02 4.722953620924002962e+02
4.758874941941314773e+02 4.771119607583317475e+02
4.806944385527082204e+02 4.819285200003271257e+02
4.855013829631682256e+02 4.867450400539336783e+02
4.903083273197419203e+02 4.915615214976554057e+02
4.951152716795935476e+02 4.963779643049678043e+02
4.999222160328740188e+02 5.011943689265963258e+02
5.047291605864833173e+02 5.060107356987640514e+02
5.095361049967212921e+02 5.108270648518330290e+02
5.143430493485417401e+02 5.156433568228891318e+02
5.191499937266050893e+02 5.204596119314023781e+02
5.239569381493338369e+02 5.252758302287197694e+02
5.287638825198073391e+02 5.300920122265237069e+02
5.335708269807720399e+02 5.349081581748505414e+02
5.383777714449399809e+02 5.397242683042020417e+02
5.431847158214958426e+02 5.445403428808979243e+02
5.479916601826117812e+02 5.493563821313533708e+02
5.527986046792091201e+02 5.541723864852401675e+02
5.576055490893184015e+02 5.589883561926958464e+02
5.624124934447090709e+02 5.638042912915743727e+02
5.672194380221748133e+02 5.686201922828131501e+02
5.720263824265905441e+02 5.734360594364992494e+02
5.768333267883233475e+02 5.782518928553647584e+02
5.816402711563991943e+02 5.830676928710868197e+02
5.864472157264316365e+02 5.878834597472061887e+02
5.912541600775236930e+02 5.926991939261802145e+02
5.960611045472896876e+02 5.975148954705855431e+02
6.008680491143899189e+02 6.023305644472393396e+02
6.056749936196372346e+02 6.071462014325950349e+02
6.104819381504971716e+02 6.119618063637522027e+02
6.152888827801104981e+02 6.167773796153464900e+02
6.200958272987953706e+02 6.215929213393110331e+02
6.249027718609319209e+02 6.264084317703423039e+02
6.297097162799395846e+02 6.312239114329728409e+02
6.345166607462228967e+02 6.360393602059434670e+02
6.393236050912954624e+02 6.408547783839135263e+02
6.441305494537996310e+02 6.456701663056874168e+02
6.489374938086048132e+02 6.504855240187342815e+02
6.537444381705372507e+02 6.553008518304150130e+02
6.585513826332329472e+02 6.601161502495828017e+02
6.633583272566743290e+02 6.649314191560246172e+02
6.681652718141288005e+02 6.697466588767481426e+02
6.729722162469297473e+02 6.745618693060737314e+02
6.777791606143431409e+02 6.793770509819364634e+02
6.825861051549461536e+02 6.841922040134641065e+02
6.873930498314425677e+02 6.890073287571563014e+02
6.921999941954504720e+02 6.938224249857114501e+02
