0.000000000000000000e+00 0.000000000000000000e+00
4.806610512680806302e+00 4.826600421488305592e+00
9.613221025580376278e+00 9.653033258616787293e+00
1.441983153886816282e+01 1.447930132665031877e+01
1.922644205370882631e+01 1.930540736272246960e+01
2.403305256964310388e+01 2.413135404250724747e+01
2.883966309201488798e+01 2.895714397648035288e+01
3.364627360732207961e+01 3.378277969403940517e+01
3.845288412200815742e+01 3.860826368821876997e+01
4.325949463967752706e+01 4.343359838841350040e+01
4.806610515930280769e+01 4.825878614847565018e+01
5.287271569639805335e+01 5.308382927513088134e+01
5.767932621568230900e+01 5.790873003753526405e+01
6.248593672991941617e+01 6.273349063300457829e+01
6.729254725334519094e+01 6.755811319898089096e+01
7.209915777611354315e+01 7.238259985808355168e+01
7.690576829914442669e+01 7.720695265160108534e+01
8.171237884430256315e+01 8.203117361066261992e+01
8.651898935891173892e+01 8.685526467273842854e+01
9.132559989971451841e+01 9.167922775970812665e+01
9.613221042393141147e+01 9.650306473720065981e+01
1.009388209678116652e+02 1.013267774739539249e+02
1.057454315269518474e+02 1.061503677338295830e+02
1.105520420629855920e+02 1.109738372995426232e+02
1.153586526069090752e+02 1.157971878906862599e+02
1.201652631679380647e+02 1.206204211396878776e+02
1.249718737287498982e+02 1.254435387377491224e+02
1.297784842846035076e+02 1.302665422937254789e+02
1.345850948453583555e+02 1.350894333694382965e+02
1.393917054055137328e+02 1.399122135313941442e+02
1.441983159646310639e+02 1.447348843027951943e+02
1.490049265440374597e+02 1.495574471530250094e+02
1.538115370723086244e+02 1.543799035543666776e+02
1.586181475858214753e+02 1.592022548917029781e+02
1.634247581062566042e+02 1.640245025560162162e+02
1.682313686275256828e+02 1.688466479838487544e+02
1.730379791439439998e+02 1.736686924325380232e+02
1.778445897055683247e+02 1.784906372606514537e+02
1.826512002671603341e+02 1.833124837607777522e+02
1.874578108351956303e+02 1.881342331953684948e+02
1.922644214071081592e+02 1.929558868167157470e+02
1.970710319809402904e+02 1.977774458228179526e+02
2.018776425552500200e+02 2.025989114090605767e+02
2.066842531293926868e+02 2.074202847102471310e+02
2.114908637012387658e+02 2.122415669129106846e+02
2.162974742498070668e+02 2.170627591369900529e+02
2.211040848114018331e+02 2.218838624850178007e+02
2.259106953625832261e+02 2.267048781192314095e+02
2.307173059067072245e+02 2.315258070016686247e+02
2.355239164710152409e+02 2.363466502683852184e+02
2.403305270018941542e+02 2.411674088716538904e+02
2.451371376035700393e+02 2.459880838017355131e+02
2.499437481886090211e+02 2.508086760613358592e+02
2.547503587193233443e+02 2.556291867386923400e+02
2.595569692499681196e+02 2.604496166291850159e+02
2.643635797803068499e+02 2.652699667461091622e+02
2.691701903175683128e+02 2.700902381207083636e+02
2.739768008433615591e+02 2.749104314954292363e+02
2.787834113730156105e+02 2.797305478161214296e+02
2.835900219008997851e+02 2.845505879432007532e+02
2.883966325168514686e+02 2.893705528508755833e+02
2.932032430460669161e+02 2.941904432132105285e+02
2.980098535756520732e+02 2.990102599355973894e+02
3.028164641436412126e+02 3.038300038764484725e+02
3.076230746881145706e+02 3.086496758033657670e+02
3.124296853285819111e+02 3.134692765401740644e+02
3.172362959702571743e+02 3.182888068873589873e+02
3.220429065407938651e+02 3.231082675681107048e+02
3.268495170808925536e+02 3.279276593660100616e+02
3.316561276271365841e+02 3.327469829143441302e+02
3.364627381553365240e+02 3.375662390555860952e+02
3.412693487119087195e+02 3.423854283924034689e+02
3.460759592654725907e+02 3.472045517079811816e+02
3.508825698177056438e+02 3.520236097228593053e+02
3.556891804843722866e+02 3.568426030797241992e+02
3.604957910108900023e+02 3.616615324903783630e+02
3.653024015520613261e+02 3.664803985743091062e+02
3.701090121406674029e+02 3.712992020838360077e+02
3.749156226676997221e+02 3.761179435474308548e+02
3.797222331869251093e+02 3.809366236609911311e+02
3.845288438643358973e+02 3.857552430738087992e+02
3.893354544522426295e+02 3.905738023289055718e+02
3.941420650939426196e+02 3.953923019484377619e+02
3.989486756211749139e+02 4.002107426606791591e+02
4.037552861456498476e+02 4.050291250351285726e+02
4.085618966987418617e+02 4.098474496284082420e+02
4.133685073132973002e+02 4.146657170028620953e+02
4.181751178493741463e+02 4.194839277488794664e+02
4.229817283836439401e+02 4.243020823608637784e+02
4.277883389186818022e+02 4.291201814879863150e+02
4.325949494973045830e+02 4.339382256556442599e+02
4.374015600842187723e+02 4.387562152893734719e+02
4.422081706817889426e+02 4.435741509248614420e+02
4.470147813593772526e+02 4.483920330969179417e+02
4.518213919481673884e+02 4.532098624438531260e+02
4.566280025409744781e+02 4.580276393746265740e+02
4.614346131002509992e+02 4.628453642057583011e+02
4.662412236607527802e+02 4.676630375639389285e+02
4.710478342773922122e+02 4.724806600650298947e+02
4.758544448821766082e+02 4.772982319539682976e+02
4.806610554457210469e+02 4.821157537927356316e+02
4.854676660331012954e+02 4.869332260874617759e+02
4.902742767738948260e+02 4.917506492662245137e+02
4.950808873853845853e+02 4.965680236430292780e+02
4.998874981023316195e+02 5.013853497955051921e+02
5.046941088315338675e+02 5.062026281438776323e+02
5.095007194133838766e+02 5.110198591288472016e+02
5.143073299454076732e+02 5.158370431806035867e+02
5.191139406991842407e+02 5.206541807200474068e+02
5.239205512911006508e+02 5.254712719838255452e+02
5.287271618281963583e+02 5.302883176037270232e+02
5.335337723926913895e+02 5.351053179555924544e+02
5.383403830782231125e+02 5.399222734048305483e+02
5.431469936268107404e+02 5.447391841785347424e+02
5.479536042079259914e+02 5.495560509274444030e+02
5.527602147591437642e+02 5.543728736883123247e+02
5.575668253316581513e+02 5.591896530682498678e+02
5.623734358587469160e+02 5.640063895496859914e+02
5.671800463955037230e+02 5.688230832706260571e+02
5.719866569679120403e+02 5.736397346087035203e+02
5.767932675156532696e+02 5.784563442181212167e+02
5.815998780545687623e+02 5.832729120025705924e+02
5.864064887987281054e+02 5.880894386773700262e+02
5.912130994923319349e+02 5.929059242670275580e+02
5.960197101330829810e+02 5.977223693646479887e+02
6.008263208708818865e+02 6.025387743812866574e+02
6.056329315482369111e+02 6.073551393146602777e+02
6.104395422502061592e+02 6.121714646819291374e+02
6.152461530539751493e+02 6.169877508874046725e+02
6.200527637634993425e+02 6.218039980543533147e+02
6.248593744466475073e+02 6.266202065748881296e+02
6.296659849775717248e+02 6.314363768083331934e+02
6.344725956181804349e+02 6.362525090033259403e+02
6.392792062697785695e+02 6.410686036948505944e+02
6.440858167973483432e+02 6.458846607531270365e+02
6.488924273346453901e+02 6.507006806966247723e+02
6.536990378688443570e+02 6.555166638313087333e+02
6.585056483904489824e+02 6.603326105501594157e+02
6.633122591379546975e+02 6.651485210365378862e+02
6.681188698607645620e+02 6.699643955934027417e+02
6.729254804640486327e+02 6.747802343492372756e+02
6.777320910023709075e+02 6.795960378489434106e+02
6.825387016407296414e+02 6.844118062739802326e+02
6.873453124888469574e+02 6.892275397516295925e+02
6.921519231671211401e+02 6.940432384899745557e+02
