0.000000000000000000e+00 0.000000000000000000e+00
4.806563380472926639e+00 4.827467410884689336e+00
9.613126761047842805e+00 9.654752040595711904e+00
1.441969014212128997e+01 1.448185708681894113e+01
1.922625352472201143e+01 1.930878566009761954e+01
2.403281690682616301e+01 2.413554079630839055e+01
2.883938029943815451e+01 2.896212545165279195e+01
3.364594368257629498e+01 3.378854249096771412e+01
3.845250707205121898e+01 3.861479473259156947e+01
4.325907045725129052e+01 4.344088491746580871e+01
4.806563384462575073e+01 4.826681571638960122e+01
5.287219723191274312e+01 5.309258971513654046e+01
5.767876061405961252e+01 5.791820947449319590e+01
6.248532400187546898e+01 6.274367745832545040e+01
6.729188740647155953e+01 6.756899608853262862e+01
7.209845079694954961e+01 7.239416773750190259e+01
7.690501418748793583e+01 7.721919470403955188e+01
8.171157757709332259e+01 8.204407925323792483e+01
8.651814095946039629e+01 8.686882357255169040e+01
9.132470434232098455e+01 9.169342979744223499e+01
9.613126776126011919e+01 9.651790003299686305e+01
1.009378311728483624e+02 1.013422363602566918e+02
1.057443945989245719e+02 1.061664407665443832e+02
1.105509580055274057e+02 1.109905151662578362e+02
1.153575214173282859e+02 1.158144615171498089e+02
1.201640848462039202e+02 1.206382817414971811e+02
1.249706482748194674e+02 1.254619776029513361e+02
1.297772116985225637e+02 1.302855509086586494e+02
1.345837751271407683e+02 1.351090034242975548e+02
1.393903385550735550e+02 1.399323368757354160e+02
1.441969019531007348e+02 1.447555529753003043e+02
1.490034653493740393e+02 1.495786532839400991e+02
1.538100287390935250e+02 1.544016394631470064e+02
1.586165921248734207e+02 1.592245131078779821e+02
1.634231555489046173e+02 1.640472757633911272e+02
1.682297189340274599e+02 1.688699288736944766e+02
1.730362823709162967e+02 1.736924739839953418e+02
1.778428458004320305e+02 1.785149125699726937e+02
1.826494092299161593e+02 1.833372459836951123e+02
1.874559726720369497e+02 1.881594756871596701e+02
1.922625361118109879e+02 1.929816029935095116e+02
1.970690995533853993e+02 1.978036292726270631e+02
2.018756629956772031e+02 2.026255558140154562e+02
2.066822264655481263e+02 2.074473839989945532e+02
2.114887899051008162e+02 2.122691149505769772e+02
2.162953533077584325e+02 2.170907499917069572e+02
2.211019167477755616e+02 2.219122903557854443e+02
2.259084801666715521e+02 2.267337371695744537e+02
2.307150435761948870e+02 2.315550916331185931e+02
2.355216069765432394e+02 2.363763549245450690e+02
2.403281703751877671e+02 2.411975281293997000e+02
2.451347337920336145e+02 2.460186123517049737e+02
2.499412972846094192e+02 2.508396086712525062e+02
2.547478607596542588e+02 2.556605181971570460e+02
2.595544241579681284e+02 2.604813419502488614e+02
2.643609875560847513e+02 2.653020810334119233e+02
2.691675509880333266e+02 2.701227363536476673e+02
2.739741144157184749e+02 2.749433088803938290e+02
2.787806778407704087e+02 2.797637996745213513e+02
2.835872413319507359e+02 2.845842096320728842e+02
2.883938047587171809e+02 2.894045398106912899e+02
2.932003681583690309e+02 2.942247909918827986e+02
2.980069315666027023e+02 2.990449641227625079e+02
3.028134950030348591e+02 3.038650601379970340e+02
3.076200584183896467e+02 3.086850798263001252e+02
3.124266219264011397e+02 3.135050241401883113e+02
3.172331854361483465e+02 3.183248939414821166e+02
3.220397488743607255e+02 3.231446900491641827e+02
3.268463122695931133e+02 3.279644132635512506e+02
3.316528757003333681e+02 3.327840643830426188e+02
3.364594390960089640e+02 3.376036441506703341e+02
3.412660025305157205e+02 3.424231533880038114e+02
3.460725659238704566e+02 3.472425927544779825e+02
3.508791293480552440e+02 3.520619631384882950e+02
3.556856927877337284e+02 3.568812652527972205e+02
3.604922561804797283e+02 3.617004998630447972e+02
3.652988195956201025e+02 3.665196676152251598e+02
3.701053830510948046e+02 3.713387693903646891e+02
3.749119464643233073e+02 3.761578057033929099e+02
3.797185098802997345e+02 3.809767772103990637e+02
3.845250732972115770e+02 3.857956846161733893e+02
3.893316367421656423e+02 3.906145287534940280e+02
3.941382001362973142e+02 3.954333100853433507e+02
3.989447635429133925e+02 4.002520292491818736e+02
4.037513269753447389e+02 4.050706870053471107e+02
4.085578903822195116e+02 4.098892839707350504e+02
4.133644538657424050e+02 4.147078207438063941e+02
4.181710172696215295e+02 4.195262979214166990e+02
4.229775806716668285e+02 4.243447159419055197e+02
4.277841440747679371e+02 4.291630755545919556e+02
4.325907075211019901e+02 4.339813772373063898e+02
4.373972709763929174e+02 4.387996216844313722e+02
4.422038344418099314e+02 4.436178093354013754e+02
4.470103980162786002e+02 4.484359408175653243e+02
4.518169614716398428e+02 4.532540166438654410e+02
4.566235249324912502e+02 4.580720373716398512e+02
4.614300883590241256e+02 4.628900035360046559e+02
4.662366517838255504e+02 4.677079156955149415e+02
4.710432152689289751e+02 4.725257743296483568e+02
4.758497787412820799e+02 4.773435799055132520e+02
4.806563421413346759e+02 4.821613330565764954e+02
4.854629055970731315e+02 4.869790340532510982e+02
4.902694691430752982e+02 4.917966835289812479e+02
4.950760325436798439e+02 4.966142818767514768e+02
4.998825959841738040e+02 5.014318297336133696e+02
5.046891595805007000e+02 5.062493273862878596e+02
5.094957230304942186e+02 5.110667754444164075e+02
5.143022866385066436e+02 5.158841743211094126e+02
5.191088500318082879e+02 5.207015244127703681e+02
5.239154134915000895e+02 5.255188260170170906e+02
5.287219769013728410e+02 5.303360798085334409e+02
5.335285403336730496e+02 5.351532860228585378e+02
5.383351037857167967e+02 5.399704453595567202e+02
5.431416672019657881e+02 5.447875580531838295e+02
5.479482307003556798e+02 5.496046243636561712e+02
5.527547941011899866e+02 5.544216448555863508e+02
5.575613574985484320e+02 5.592386199920092622e+02
5.623679209137060298e+02 5.640555501886547063e+02
5.671744843308857753e+02 5.688724357452683762e+02
5.719810477750904738e+02 5.736892769835726540e+02
5.767876111860638275e+02 5.785060744238535335e+02
5.815941745927605098e+02 5.833228283576208923e+02
5.864007382041729670e+02 5.881395391243070208e+02
5.912073015921453134e+02 5.929562073232925741e+02
5.960138651003425139e+02 5.977728330895006366e+02
6.008204287057689044e+02 6.025894167485612343e+02
6.056269922508563468e+02 6.074059586929759007e+02
6.104335558209588726e+02 6.122224592912530170e+02
6.152401194929120720e+02 6.170389189211064149e+02
6.200466830888152572e+02 6.218553379566321837e+02
6.248532466399769874e+02 6.266717166006303614e+02
6.296598100407504717e+02 6.314880552376446303e+02
6.344663735499217410e+02 6.363043542934285597e+02
6.392729370218060012e+02 6.411206139885989614e+02
6.440795004697652075e+02 6.459368346892927093e+02
6.488860639177602252e+02 6.507530166233636919e+02
6.536926274198804094e+02 6.555691603667027039e+02
6.584991909868820130e+02 6.603852660822927874e+02
6.633057543962943328e+02 6.652013337475899561e+02
6.681123179863863015e+02 6.700173639721506333e+02
6.729188815075317507e+02 6.748333572949061363e+02
6.777254449410031611e+02 6.796493137174556978e+02
6.825320085146779547e+02 6.844652333955116319e+02
6.873385722309265020e+02 6.892811166576479991e+02
6.921451356360053069e+02 6.940969640894358008e+02
