0.000000000000000000e+00 0.000000000000000000e+00
4.811024075748577822e+00 4.823143852864220982e+00
9.622048151562566431e+00 9.646224777465123523e+00
1.443307222772789089e+01 1.446924343301920146e+01
1.924409630402281479e+01 1.929220046314576820e+01
2.405512039076875652e+01 2.411509651111429520e+01
2.886614447298151021e+01 2.893793219622823187e+01
3.367716855527032038e+01 3.376070813882545707e+01
3.848819264136747620e+01 3.858342495535674743e+01
4.329921672274059574e+01 4.340608324023732223e+01
4.811024080546280857e+01 4.822868357679980988e+01
5.292126488806908213e+01 5.305122654898157464e+01
5.773228897053362374e+01 5.787371274200905447e+01
6.254331304835511673e+01 6.269614270559556246e+01
6.735433713503451258e+01 6.751851701949470907e+01
7.216536122077231141e+01 7.234083619189067349e+01
7.697638531929631256e+01 7.716310079085786811e+01
8.178740941875392423e+01 8.198531133975956209e+01
8.659843349671086798e+01 8.680746836798276433e+01
9.140945758019522316e+01 9.162957235860292826e+01
9.622048168028646842e+01 9.645162386539911381e+01
1.010315057761024775e+02 1.012736233750427459e+02
1.058425298557556573e+02 1.060955713426610032e+02
1.106535539545168803e+02 1.109174683000704533e+02
1.154645780612469537e+02 1.157393147207381503e+02
1.202756021855034021e+02 1.205611110807632542e+02
1.250866263094813746e+02 1.253828578318525899e+02
1.298976504370140503e+02 1.302045554268170235e+02
1.347086745612111542e+02 1.350262043747099199e+02
1.395196986835273947e+02 1.398478050464161129e+02
1.443307227914553437e+02 1.446693579109507937e+02
1.491417468976706573e+02 1.494908634212737866e+02
1.539527710420149447e+02 1.543123220345874245e+02
1.587637951370097085e+02 1.591337341175793938e+02
1.635748192696970307e+02 1.639551001242780046e+02
1.683858433598683746e+02 1.687764204283589038e+02
1.731968674818091358e+02 1.735976954313706528e+02
1.780078916061219729e+02 1.784189255631056881e+02
1.828189157310141866e+02 1.832401112563493939e+02
1.876299398622011836e+02 1.880612528575883289e+02
1.924409640008746010e+02 1.928823507327355173e+02
1.972519881375291106e+02 1.977034052720360933e+02
2.020630122750617090e+02 2.025244169118400350e+02
2.068740364124586790e+02 2.073453859908412937e+02
2.116850605392012881e+02 2.121663128282092430e+02
2.164960846320138899e+02 2.169871977830620153e+02
2.213071087655526128e+02 2.218080412836848723e+02
2.261181328795472893e+02 2.266288436314712840e+02
2.309291569828212118e+02 2.314496051373969863e+02
2.357401810641546263e+02 2.362703261947079341e+02
2.405512051763535624e+02 2.410910072172042646e+02
2.453622293227916487e+02 2.459116484443429727e+02
2.501732534424788810e+02 2.507322502608570574e+02
2.549842775784159130e+02 2.555528128690052654e+02
2.597953017146242587e+02 2.603733367111133816e+02
2.646063258561262046e+02 2.651938221158807778e+02
2.694173500242427508e+02 2.700142692500876365e+02
2.742283742135630291e+02 2.748346785801011833e+02
2.790393983354210832e+02 2.796550503153721934e+02
2.838504224281130064e+02 2.844753849142250601e+02
2.886614465292570912e+02 2.892956824886607592e+02
2.934724707217321793e+02 2.941159433752786754e+02
2.982834948313784480e+02 2.989361679034316239e+02
3.030945189240683248e+02 3.037563564085893404e+02
3.079055430135382494e+02 3.085765090524243419e+02
3.127165672159919723e+02 3.133966262405532461e+02
3.175275914194616576e+02 3.182167082530369839e+02
3.223386155592870637e+02 3.230367552568328051e+02
3.271496396502283233e+02 3.278567675403647854e+02
3.319606637694149072e+02 3.326767455007890248e+02
3.367716878607524791e+02 3.374966893053373269e+02
3.415827120743400656e+02 3.423165992368329853e+02
3.463937361628983354e+02 3.471364754460562381e+02
3.512047602971036326e+02 3.519563183587769117e+02
3.560157844131582578e+02 3.567761280855342534e+02
3.608268085696561229e+02 3.615959050473414891e+02
3.656378326597290425e+02 3.664156493012305305e+02
3.704488568290009880e+02 3.712353612812352139e+02
3.752598810526561124e+02 3.760550411637805155e+02
3.800709052066402478e+02 3.808746890891635530e+02
3.848819293223414206e+02 3.856943052522597100e+02
3.896929534115747629e+02 3.905138900181674444e+02
3.945039775434878493e+02 3.953334436431879340e+02
3.993150016437667773e+02 4.001529662622603496e+02
4.041260257309645567e+02 4.049724581895425217e+02
4.089370498196050221e+02 4.097919196736909271e+02
4.137480740168557531e+02 4.146113507678015253e+02
4.185590981162678759e+02 4.194307518101417713e+02
4.233701222148224588e+02 4.242501230004803006e+02
4.281811463152605484e+02 4.290694645693075699e+02
4.329921704588910529e+02 4.338887767806061220e+02
4.378031946014601772e+02 4.387080597299960800e+02
4.426142187497490568e+02 4.435273137690509202e+02
4.474252430255420450e+02 4.483465389267425394e+02
4.522362671556775240e+02 4.531657354262247281e+02
4.570472913087660345e+02 4.579849036592548259e+02
4.618583154828173747e+02 4.628040435473834577e+02
4.666693397839365502e+02 4.676231554175388965e+02
4.714803639049839035e+02 4.724422395368794128e+02
4.762913880695572857e+02 4.772612960146786918e+02
4.811024122304263528e+02 4.820803250512778959e+02
4.859134364693415478e+02 4.868993269461815316e+02
4.907244606197627945e+02 4.917183017366398303e+02
4.955354848377576786e+02 4.965372497641131986e+02
5.003465089931586931e+02 5.013561709890738030e+02
5.051575332537000804e+02 5.061750657070872421e+02
5.099685574621289561e+02 5.109939342221192646e+02
5.147795817195208201e+02 5.158127765725665768e+02
5.195906059005960742e+02 5.206315929774044662e+02
5.244016300877988215e+02 5.254503835027916239e+02
5.292126542181815694e+02 5.302691484318963830e+02
5.340236783489953041e+02 5.350878880064587975e+02
5.388347026219405507e+02 5.399066022768288349e+02
5.436457268359843056e+02 5.447252913789338891e+02
5.484567509600243511e+02 5.495439554154093003e+02
5.532677751550332914e+02 5.543625947026609992e+02
5.580787992709149421e+02 5.591812092779059640e+02
5.628898234388836954e+02 5.639997994777149870e+02
5.677008475327470478e+02 5.688183654168528847e+02
5.725118716760991902e+02 5.736369071538354092e+02
5.773228958405055664e+02 5.784554250602404863e+02
5.821339199816383143e+02 5.832739189859378257e+02
5.869449442519421609e+02 5.880923892250881408e+02
5.917559683986744403e+02 5.929108360863929192e+02
5.965669926155724170e+02 5.977292593622634058e+02
6.013780169165738698e+02 6.025476593455728107e+02
6.061890411584508911e+02 6.073660363218051543e+02
6.110000654312176493e+02 6.121843904550897832e+02
6.158110897791648313e+02 6.170027218471218475e+02
6.206221141141745647e+02 6.218210304286596966e+02
6.254331383152551780e+02 6.266393164241119393e+02
6.302441624280249926e+02 6.314575800729928687e+02
6.350551866593648356e+02 6.362758215152643970e+02
6.398662108177038590e+02 6.410940408122505687e+02
6.446772349078976276e+02 6.459122383057015213e+02
6.494882590624338263e+02 6.507304138043414241e+02
6.542992831943089413e+02 6.555485676114753915e+02
6.591103072864873411e+02 6.603667001179546787e+02
6.639213313865147938e+02 6.651848111194286730e+02
6.687323557395457101e+02 6.700029008647521778e+02
6.735433799155722454e+02 6.748209692670080813e+02
6.783544040146284715e+02 6.796390167818638020e+02
6.831654282564770710e+02 6.844570434079995493e+02
6.879764523890996770e+02 6.892750493177544513e+02
6.927874765012368243e+02 6.940930343299104379e+02
