0.000000000000000000e+00 0.000000000000000000e+00
4.806540314165227201e+00 4.827805871770114443e+00
9.613080628333294797e+00 9.655422840563579356e+00
1.441962094338498446e+01 1.448285426231712236e+01
1.922616125947835641e+01 1.931010340222343302e+01
2.403270157665264151e+01 2.413717344367062623e+01
2.883924189969692975e+01 2.896406747518442870e+01
3.364578222664409424e+01 3.379078852007182121e+01
3.845232254195309451e+01 3.861733952583065843e+01
4.325886285906548778e+01 4.344372334847855655e+01
4.806540318139353474e+01 4.826994279577000668e+01
5.287194351487764266e+01 5.309600056559443715e+01
5.767848383564907522e+01 5.792189933952165148e+01
6.248502415112392328e+01 6.274764169478423526e+01
6.729156448645844080e+01 6.757323016321450382e+01
7.209810480934361010e+01 7.239866721973092467e+01
7.690464513391822265e+01 7.722395526900230323e+01
8.171118545795420118e+01 8.204909665831476673e+01
8.651772577402459774e+01 8.687409370462924585e+01
9.132426609964788611e+01 9.169894863431376564e+01
9.613080641675355764e+01 9.652366362172929826e+01
1.009373467619008977e+02 1.013482408336189877e+02
1.057438871040488095e+02 1.061726823508568174e+02
1.105504274416218777e+02 1.109969901894981206e+02
1.153569677871455781e+02 1.158211663692793678e+02
1.201635081495697506e+02 1.206452128605119469e+02
1.249700484664545570e+02 1.254691315412903236e+02
1.297765888238757839e+02 1.302929242940357426e+02
1.345831291861946113e+02 1.351165929602959181e+02
1.393896695479313053e+02 1.399401393208686954e+02
1.441962098796502687e+02 1.447635650966699927e+02
1.490027502588375228e+02 1.495868720664619218e+02
1.538092905884116135e+02 1.544100618646307908e+02
1.586158309315030692e+02 1.592331360859676579e+02
1.634223712536366406e+02 1.640560963978339259e+02
1.682289115708718157e+02 1.688789443538374826e+02
1.730354519412852596e+02 1.737016814750849676e+02
1.778419923298122285e+02 1.785243092785647718e+02
1.826485326929069970e+02 1.833468292535042679e+02
1.874550730626106656e+02 1.881692428392842658e+02
1.922616134360812339e+02 1.929915514809282229e+02
1.970681538113961722e+02 1.978137565398246238e+02
2.018746941873881440e+02 2.026358593699354458e+02
2.066812345630628442e+02 2.074578613224733772e+02
2.114877749364786155e+02 2.122797637085044471e+02
2.162943152667525055e+02 2.171015678153129329e+02
2.211008556285019608e+02 2.219232749081166389e+02
2.259073959806508469e+02 2.267448862083095378e+02
2.307139363165599093e+02 2.315664029239066792e+02
2.355204766443729625e+02 2.363878263460038056e+02
2.403270169767480411e+02 2.412091575328182671e+02
2.451335573666844709e+02 2.460303975769505769e+02
2.499400977127686474e+02 2.508515476946785725e+02
2.547466380450785834e+02 2.556726089382006535e+02
2.595531783914938160e+02 2.604935824240009197e+02
2.643597187232762167e+02 2.653144692757038001e+02
2.691662590637055246e+02 2.701352703988126223e+02
2.739727995029652448e+02 2.749559868933191638e+02
2.787793398330903756e+02 2.797766197620995285e+02
2.835858801626054628e+02 2.845971699973538875e+02
2.883924205675269832e+02 2.894176385920265488e+02
2.931989609120179239e+02 2.942380264727721624e+02
2.980055012624380311e+02 2.990583345900016070e+02
3.028120415983312341e+02 3.038785638366254602e+02
3.076185819765894394e+02 3.086987151274807957e+02
3.124251224184993134e+02 3.135187893852232719e+02
3.172316628619700509e+02 3.183387874884243729e+02
3.220382032337681721e+02 3.231587103164833934e+02
3.268447435627272171e+02 3.279785586814286944e+02
3.316512839100707879e+02 3.327983333526970569e+02
3.364578242408382494e+02 3.376180352081491947e+02
3.412643645990723371e+02 3.424376650555054766e+02
3.460709049789007850e+02 3.472572236618299257e+02
3.508774453367385036e+02 3.520767117122352374e+02
3.556839857416466657e+02 3.568961300935073950e+02
3.604905260696925211e+02 3.617154795123514077e+02
3.652970664437849564e+02 3.665347607222186070e+02
3.701036068334736910e+02 3.713539745940985881e+02
3.749101471554974978e+02 3.761731216274830558e+02
3.797166874868530044e+02 3.809922026930321408e+02
3.845232278103587760e+02 3.858112183391259578e+02
3.893297682109593438e+02 3.906301693693204697e+02
3.941363085403187938e+02 3.954490563676696411e+02
3.989428488737993348e+02 4.002678799065483872e+02
4.037493892259686277e+02 4.050866407956375497e+02
4.085559295534301327e+02 4.099053397273783617e+02
4.133624699712361235e+02 4.147239772400002948e+02
4.181690103088456567e+02 4.195425539154865646e+02
4.229755506442937758e+02 4.243610703573624505e+02
4.277820909811996444e+02 4.291795272300481656e+02
4.325886313612803633e+02 4.339979252226220297e+02
4.373951717501847725e+02 4.388162647414175126e+02
4.422017121494267826e+02 4.436345463502395887e+02
4.470082526533616374e+02 4.484527708104276371e+02
4.518147930422072136e+02 4.532709386286350082e+02
4.566213334352258357e+02 4.580890502844047205e+02
4.614278737953336531e+02 4.629071062666288299e+02
4.662344141839261056e+02 4.677251071737515531e+02
4.710409546036069059e+02 4.725430536467094953e+02
4.758474950097493092e+02 4.773609461219490413e+02
4.806540353395688498e+02 4.821787849866751117e+02
4.854605757728253366e+02 4.869965708842154299e+02
4.902671161037641241e+02 4.918143042226631678e+02
4.950736564879805996e+02 4.966319857460283629e+02
4.998801969385669963e+02 5.014496155983177914e+02
5.046867374681596630e+02 5.062671944068001721e+02
5.094932778520648071e+02 5.110847227088809177e+02
5.142998182360246346e+02 5.159022009574036929e+02
5.191063587348572810e+02 5.207196295925416507e+02
5.239128991287384451e+02 5.255370089424804974e+02
5.287194394723055666e+02 5.303543394740568147e+02
5.335259798248027892e+02 5.351716216474083012e+02
5.383325202106350389e+02 5.399888561241225489e+02
5.431390605506368274e+02 5.448060431896844875e+02
5.479456009200439439e+02 5.496231832167998164e+02
5.527521412545870589e+02 5.544402764455494435e+02
5.575586816841428117e+02 5.592573235589284195e+02
5.623652220444334944e+02 5.640743249114786977e+02
5.671717623829279091e+02 5.688912808288495171e+02
5.719783027842479441e+02 5.737081918875379642e+02
5.767848431763695771e+02 5.785250581508254299e+02
5.815913835168167907e+02 5.833418802893056636e+02
5.863979240633486825e+02 5.881586585184015803e+02
5.912044644234822499e+02 5.929753934024026876e+02
5.960110048655928949e+02 5.977920850407308535e+02
6.008175454047059247e+02 6.026087341491925145e+02
6.056240858829279432e+02 6.074253407226517538e+02
6.104306263867413236e+02 6.122419052269090116e+02
6.152371669925560127e+02 6.170584281656344956e+02
6.200437075232587176e+02 6.218749098288258210e+02
6.248502480059576101e+02 6.266913503830234049e+02
6.296567884149732208e+02 6.315077503034964366e+02
6.344633288582665500e+02 6.363241099576672468e+02
6.392698694642203918e+02 6.411404298474932375e+02
6.440764099497023381e+02 6.459567099267703725e+02
6.488829503484932957e+02 6.507729506008123508e+02
6.536894906843346007e+02 6.555891524274084077e+02
6.584960310811942463e+02 6.604053156792703021e+02
6.633025716664706124e+02 6.652214403875460675e+02
6.681091121895137803e+02 6.700375269713123316e+02
6.729156526713638868e+02 6.748535759441826940e+02
6.777221930108719334e+02 6.796695873189421491e+02
6.825287334101756187e+02 6.844855616527172515e+02
6.873352740604022983e+02 6.893014992344449183e+02
6.921418143988472593e+02 6.941174002067339188e+02
