0.000000000000000000e+00 0.000000000000000000e+00
4.810269814764035701e+00 4.823143853502648959e+00
9.620539630002827636e+00 9.646216741461955735e+00
1.443080944495309126e+01 1.446921945020548605e+01
1.924107926330955465e+01 1.929215275079951297e+01
2.405134908135269356e+01 2.411501740980936503e+01
2.886161889679649306e+01 2.893781417951181112e+01
3.367188871231147829e+01 3.376054378542897894e+01
3.848215854030073757e+01 3.858320695831157110e+01
4.329242835837818149e+01 4.340580441446740423e+01
4.810269817996977793e+01 4.822833684168745805e+01
5.291296800143915391e+01 5.305080496005541590e+01
5.772323782274353476e+01 5.787320943026476527e+01
6.253350764259168670e+01 6.269555091499643140e+01
6.734377747496276356e+01 6.751783005846780839e+01
7.215404730133522548e+01 7.234004753475014127e+01
7.696431715201900658e+01 7.716220397573648881e+01
8.177458699474844650e+01 8.198430003063653260e+01
8.658485681151493907e+01 8.680633628909116339e+01
9.139512665425544924e+01 9.162831334253452553e+01
9.620539648225877727e+01 9.645023183628259744e+01
1.010156663378021307e+02 1.012720923367693615e+02
1.058259361621736048e+02 1.060938954329037358e+02
1.106362060046809574e+02 1.109156416940935799e+02
1.154464758579120058e+02 1.157373316373886070e+02
1.202567457208727717e+02 1.205589658769120547e+02
1.250670155837015045e+02 1.253805449296934000e+02
1.298772854419790690e+02 1.302020693843033428e+02
1.346875553053213252e+02 1.350235397084432520e+02
1.394978251666523761e+02 1.398449564684910627e+02
1.443080950348896749e+02 1.446663201554604825e+02
1.491183648777688404e+02 1.494876312818543624e+02
1.539286347150172105e+02 1.543088903873804156e+02
1.587389045348100467e+02 1.591300979513857214e+02
1.635491743572106884e+02 1.639512544416092510e+02
1.683594441850731869e+02 1.687723603179994143e+02
1.731697140558047465e+02 1.735934160661811916e+02
1.779799839190238231e+02 1.784144221690646930e+02
1.827902537862401573e+02 1.832353790732744869e+02
1.876005236426670422e+02 1.880562872510716943e+02
1.924107935263752154e+02 1.928771471480185369e+02
1.972210634019217537e+02 1.976979592103001266e+02
2.020313332226240846e+02 2.025187238477237770e+02
2.068416031264956985e+02 2.073394414964785994e+02
2.116518730002641178e+02 2.121601126452934238e+02
2.164621428696138423e+02 2.169807376501151452e+02
2.212724127630310136e+02 2.218013169529018569e+02
2.260826826158607901e+02 2.266218508461345209e+02
2.308929524994045437e+02 2.314423398495399624e+02
2.357032223340142707e+02 2.362627843775338192e+02
2.405134921843438178e+02 2.410831847629688127e+02
2.453237620172585309e+02 2.459035413414051732e+02
2.501340318710188626e+02 2.507238546292297201e+02
2.549443017082872984e+02 2.555441249425124397e+02
2.597545716416727828e+02 2.603643525521282527e+02
2.645648414738900556e+02 2.651845379183214959e+02
2.693751113056559348e+02 2.700046814110706919e+02
2.741853811368389415e+02 2.748247833184080946e+02
2.789956510784965076e+02 2.796448440411377305e+02
2.838059209246407590e+02 2.844648639730902460e+02
2.886161907655310870e+02 2.892848433712902079e+02
2.934264605970685125e+02 2.941047826199045403e+02
2.982367304354102089e+02 2.989246820934065454e+02
3.030470002668706115e+02 3.037445420730063006e+02
3.078572702026007164e+02 3.085643628479078870e+02
3.126675401438171775e+02 3.133841448091475286e+02
3.174778100865319175e+02 3.182038882913474822e+02
3.222880799649526580e+02 3.230235935609090347e+02
3.270983497947631236e+02 3.278432609194836118e+02
3.319086197404571976e+02 3.326628906903150664e+02
3.367188895707206484e+02 3.374824831765301951e+02
3.415291594304375167e+02 3.423020385936483194e+02
3.463394292847206657e+02 3.471215573113562414e+02
3.511496991530993341e+02 3.519410396556078240e+02
3.559599690475176317e+02 3.567604858575650724e+02
3.607702388764865873e+02 3.615798962525287834e+02
3.655805087024590989e+02 3.663992711809797811e+02
3.703907786077560331e+02 3.712186108198656029e+02
3.752010485961449149e+02 3.760379154688844210e+02
3.800113184190465176e+02 3.808571854043340181e+02
3.848215882745364524e+02 3.856764209260013558e+02
3.896318581394335752e+02 3.904956221212432865e+02
3.944421279887253036e+02 3.953147894956489381e+02
3.992523978226774943e+02 4.001339232092253724e+02
4.040626677071815038e+02 4.049530234633413102e+02
4.088729375988538095e+02 4.097720904982655838e+02
4.136832075321100319e+02 4.145911246995862030e+02
4.184934773703173505e+02 4.194101262303967133e+02
4.233037472075610594e+02 4.242290953404541369e+02
4.281140170607573054e+02 4.290480322858696809e+02
4.329242869378272189e+02 4.338669374400544143e+02
4.377345568227766535e+02 4.386858107936848228e+02
4.425448267112390113e+02 4.435046527716052651e+02
4.473550965484189419e+02 4.483234635444433707e+02
4.521653664422705106e+02 4.531422432244348784e+02
4.569756363345810541e+02 4.579609922266441799e+02
4.617859062307438762e+02 4.627797105444739145e+02
4.665961760696482088e+02 4.675983985273695680e+02
4.714064459389323929e+02 4.724170564574778837e+02
4.762167158422926150e+02 4.772356844779536686e+02
4.810269857140480099e+02 4.820542828285002770e+02
4.858372555519464981e+02 4.868728516697597115e+02
4.906475254678272222e+02 4.916913912751226690e+02
4.954577952968655836e+02 4.965099020250083868e+02
5.002680651686827105e+02 5.013283838174718312e+02
5.050783351733856534e+02 5.061468369411929871e+02
5.098886050422756853e+02 5.109652617131737316e+02
5.146988748653191124e+02 5.157836582357954285e+02
5.195091448806057315e+02 5.206020267765960625e+02
5.243194147176659499e+02 5.254203673202169966e+02
5.291296846337996840e+02 5.302386803204774424e+02
5.339399546507200967e+02 5.350569659320151459e+02
5.387502245365975568e+02 5.398752242091185281e+02
5.435604945938621313e+02 5.446934553940734531e+02
5.483707644509190686e+02 5.495116598022917742e+02
5.531810343515379600e+02 5.543298372657151276e+02
5.579913042320019940e+02 5.591479883139643334e+02
5.628015740616928042e+02 5.639661129772606500e+02
5.676118438937440942e+02 5.687842114995776228e+02
5.724221137757679116e+02 5.736022840850505418e+02
5.772323837167872398e+02 5.784203308407859367e+02
5.820426535924862037e+02 5.832383518455686726e+02
5.868529236002349307e+02 5.880563475276096597e+02
5.916631934745048511e+02 5.928743178907245692e+02
5.964734634285894117e+02 5.976922629132508291e+02
6.012837334719475848e+02 6.025101830066146249e+02
6.060940034523621307e+02 6.073280782268997200e+02
6.109042734625768389e+02 6.121459489011558617e+02
6.157145435506622562e+02 6.169637950588321473e+02
6.205248136062521098e+02 6.217816169338414056e+02
6.253350835496084983e+02 6.265994145051706710e+02
6.301453534166714689e+02 6.314171882326068044e+02
6.349556233368891753e+02 6.362349379098466216e+02
6.397658932108098497e+02 6.410526638877163350e+02
6.445761630457352567e+02 6.458703664271080243e+02
6.493864328821712206e+02 6.506880453262391484e+02
6.541967027202647387e+02 6.555057010291243387e+02
6.590069726754074964e+02 6.603233338075962138e+02
6.638172425144709905e+02 6.651409433383200849e+02
6.686275125896665941e+02 6.699585302194770975e+02
6.734377825029786209e+02 6.747760945042747380e+02
6.782480525040839439e+02 6.795936360301993773e+02
6.830583223446456032e+02 6.844111552566724868e+02
6.878685921760006750e+02 6.892286521580817862e+02
6.926788620258687388e+02 6.940461268865985858e+02
