0.000000000000000000e+00 0.000000000000000000e+00
4.810672526551851291e+00 4.823143853071129250e+00
9.621345053185510920e+00 9.646221132442601487e+00
1.443201758011245772e+01 1.446923255236468542e+01
1.924269017615494448e+01 1.929217881226939824e+01
2.405336270474804650e+01 2.411506061588996630e+01
2.886403523508398195e+01 2.893787862940665079e+01
3.367470776391230913e+01 3.376063353188844474e+01
3.848538030165214252e+01 3.858332598899363575e+01
4.329605283922292358e+01 4.340595664824309097e+01
4.810672537272473193e+01 4.822852613707395619e+01
5.291739792379224383e+01 5.305103509245516591e+01
5.772807045703073925e+01 5.787348416166811660e+01
6.253874298815408395e+01 6.269587392270543802e+01
6.734941552546654009e+01 6.751820497992758874e+01
7.216008806204746406e+01 7.234047792296721013e+01
7.697076059901121425e+01 7.716269334362534948e+01
8.178143315077039688e+01 8.198485182828218854e+01
8.659210567951470239e+01 8.680695393301292029e+01
9.140277823341727981e+01 9.162900020928000799e+01
9.621345076994370515e+01 9.645099119162719603e+01
1.010241233281041389e+02 1.012729274558319048e+02
1.058347959018727948e+02 1.060948094864243529e+02
1.106454684514530413e+02 1.109166378362242824e+02
1.154561410090086895e+02 1.157384130282880506e+02
1.202668135839220440e+02 1.205601356041134551e+02
1.250774861587046018e+02 1.253818060020233247e+02
1.298881587288655624e+02 1.302034247452667159e+02
1.346988313038849014e+02 1.350249923458298440e+02
1.395095038770398901e+02 1.398465092631205096e+02
1.443201764257924538e+02 1.446679759486430044e+02
1.491308489609638457e+02 1.494893928953999875e+02
1.539415215188091679e+02 1.543107605937582321e+02
1.587521940561073848e+02 1.591320794475851983e+02
1.635628665904488912e+02 1.639533499552126159e+02
1.683735391306677229e+02 1.687745725144885398e+02
1.731842117100999587e+02 1.735957475720944672e+02
1.779948842852561484e+02 1.784168755703470310e+02
1.828055568614091726e+02 1.832379569441115450e+02
1.876162294433871409e+02 1.880589920894156819e+02
1.924269020292225889e+02 1.928799814460450648e+02
1.972375745758761809e+02 1.977009253758959630e+02
2.020482471642396831e+02 2.025218243198182790e+02
2.068589197524082124e+02 2.073426786562788493e+02
2.116695923381828948e+02 2.121634887849330937e+02
2.164802648892904244e+02 2.169842551063730980e+02
2.212909374648398853e+02 2.218049780061327283e+02
2.261016100298531342e+02 2.266256578078182997e+02
2.309122825838071265e+02 2.314462949212433500e+02
2.357229552019936705e+02 2.362668897095294369e+02
2.405336277482583114e+02 2.410874426071672190e+02
2.453443003017644628e+02 2.459079538830858667e+02
2.501549728998836883e+02 2.507284239508951771e+02
2.549656454969969843e+02 2.555488530192116059e+02
2.597763180654261532e+02 2.603692416308239217e+02
2.645869906095979900e+02 2.651895900262319969e+02
2.693976632011306833e+02 2.700098984842454684e+02
2.742083357674952708e+02 2.748301673738832278e+02
2.790190083098577816e+02 2.796503970129462004e+02
2.838296809320042939e+02 2.844705877471496933e+02
2.886403534758811702e+02 2.892907398825707332e+02
2.934510260192837450e+02 2.941108537706373909e+02
2.982616985632473074e+02 2.989309297579075633e+02
3.030723712192562402e+02 3.037509680548409960e+02
3.078830437642450306e+02 3.085709690513815531e+02
3.126937164178859803e+02 3.133909329669832005e+02
3.175043890725673350e+02 3.182108601851852541e+02
3.223150616623906899e+02 3.230307509486079880e+02
3.271257342037287117e+02 3.278506055753350097e+02
3.319364067736033803e+02 3.326704243006033721e+02
3.367470793157107209e+02 3.374902073909854607e+02
3.415577519745446580e+02 3.423099551037920492e+02
3.463684245139082805e+02 3.471296677731915565e+02
3.511790970951228701e+02 3.519493457477664720e+02
3.559897697026519836e+02 3.567689891786216094e+02
3.608004422422781090e+02 3.615885984523114303e+02
3.656111148124130068e+02 3.664081736809207541e+02
3.704217874312781760e+02 3.712277152721933362e+02
3.752324599668726250e+02 3.760472233758658263e+02
3.800431325178077486e+02 3.808666982478120531e+02
3.848538050852358197e+02 3.856861402517879469e+02
3.896644776252103952e+02 3.905055494967443792e+02
3.944751501946133203e+02 3.953249262295342987e+02
3.992858227569402061e+02 4.001442707686993003e+02
4.040964952949577764e+02 4.049635833084831233e+02
4.089071679354844946e+02 4.097828642074761092e+02
4.137178405827852430e+02 4.146021134885656920e+02
4.185285131328230932e+02 4.194213315628689998e+02
4.233391857346448433e+02 4.242405185650839030e+02
4.281498582869089660e+02 4.290596747648618248e+02
4.329605308812315343e+02 4.338788004287746389e+02
4.377712034777866847e+02 4.386978957031850541e+02
4.425818760775748615e+02 4.435169609249006157e+02
4.473925486772124032e+02 4.483359961331656223e+02
4.522032212244998846e+02 4.531550015788683368e+02
4.570138938284751475e+02 4.579739776695660112e+02
4.618245664916876194e+02 4.627929243289249825e+02
4.666352391337512699e+02 4.676118418960226109e+02
4.714459117094033900e+02 4.724307306424200306e+02
4.762565843251509250e+02 4.772495906950565541e+02
4.810672569056870316e+02 4.820684222793557865e+02
4.858779296631835223e+02 4.868872255977267969e+02
4.906886022096251736e+02 4.917060008159292011e+02
4.954992749340478895e+02 4.965247483167479459e+02
5.003099475168589834e+02 5.013434680016907805e+02
5.051206202306494788e+02 5.061621602129848725e+02
5.099312927909092537e+02 5.109808251687647953e+02
5.147419653282905756e+02 5.157994630346033773e+02
5.195526378998526980e+02 5.206180740220588632e+02
5.243633104581273301e+02 5.254366580798322275e+02
5.291739831022443923e+02 5.302552156775220737e+02
5.339846556835452702e+02 5.350737468077670655e+02
5.387953282815448119e+02 5.398922518759695777e+02
5.436060008830534116e+02 5.447107309291262709e+02
5.484166734292433603e+02 5.495291840245129151e+02
5.532273459760107244e+02 5.543476113471435838e+02
5.580380185193596390e+02 5.591660133435316311e+02
5.628486910593616130e+02 5.639843898634871948e+02
5.676593637403211687e+02 5.688027412558964215e+02
5.724700363347089933e+02 5.736210677396527444e+02
5.772807088772343604e+02 5.784393693558708947e+02
5.820913814667710540e+02 5.832576461267773311e+02
5.869020541869658700e+02 5.880758983571273575e+02
5.917127267738916316e+02 5.928941263645785966e+02
5.965233994407720957e+02 5.977123300407890838e+02
6.013340721945239693e+02 6.025305097312586895e+02
6.061447448869616892e+02 6.073486654717928559e+02
6.109554176097924483e+02 6.121667974516543609e+02
6.157660904093296494e+02 6.169849059342831197e+02
6.205767631916628488e+02 6.218029910374324345e+02
6.253874358446291808e+02 6.266210527590953916e+02
6.301981085394337470e+02 6.314390914991149657e+02
6.350087811692409332e+02 6.362571070445742407e+02
6.398194537408726319e+02 6.410750997044721089e+02
6.446301263354548610e+02 6.458930696649396168e+02
6.494407988784009831e+02 6.507110171157660261e+02
6.542514714353144427e+02 6.555289420417941528e+02
6.590621440509437434e+02 6.603468449680703998e+02
6.638728167586319842e+02 6.651647254394572428e+02
6.686834895535184842e+02 6.699825841199033221e+02
6.734941621797356675e+02 6.748004209590152414e+02
6.783048347290258562e+02 6.796182358296493931e+02
6.831155074160792537e+02 6.844360293136819564e+02
6.879261799571875144e+02 6.892538011137219200e+02
6.927368525203173704e+02 6.940715515550866712e+02
