0.000000000000000000e+00 0.000000000000000000e+00
4.806586781939524045e+00 4.826921203097672475e+00
9.613173563901149521e+00 9.653669232882734264e+00
1.441976034642916460e+01 1.448024704069012358e+01
1.922634713006483054e+01 1.930665750022809135e+01
2.403293391501934906e+01 2.413290341640259840e+01
2.883952070043654459e+01 2.895898752520742647e+01
3.364610748497609904e+01 3.378491248131606994e+01
3.845269426857868211e+01 3.861068090239124473e+01
4.325928105962668724e+01 4.343629530083550350e+01
4.806586784846152938e+01 4.826175816125036988e+01
5.287245463720353200e+01 5.308707190365448270e+01
5.767904142571303794e+01 5.791223890045266387e+01
6.248562822175581744e+01 6.273726144317613773e+01
6.729221501448188292e+01 6.756214176206776756e+01
7.209880180643230574e+01 7.238688207196523194e+01
7.690538859875985622e+01 7.721148451712301153e+01
8.171197540590235064e+01 8.203595118503488948e+01
8.651856218973578905e+01 8.686028415522517321e+01
9.132514897408378829e+01 9.168448540734085839e+01
9.613173576075493543e+01 9.650855690558685751e+01
1.009383225737455234e+02 1.013325005545096218e+02
1.057449093744266975e+02 1.061563182053846788e+02
1.105514961796893658e+02 1.109800117250879907e+02
1.153580829929432525e+02 1.158035828956426911e+02
1.201646698232507617e+02 1.206270334577308319e+02
1.249712566532939206e+02 1.254503651351205917e+02
1.297778434785404329e+02 1.302735796098518506e+02
1.345844303085419824e+02 1.350966785291968222e+02
1.393910171379216081e+02 1.399196635003812617e+02
1.441976039374363552e+02 1.447425360814242481e+02
1.490041907297814703e+02 1.495652978889419842e+02
1.538107775548266432e+02 1.543879503581228505e+02
1.586173643608212842e+02 1.592104949757942052e+02
1.634239511646184155e+02 1.640329331902151182e+02
1.682305379565824524e+02 1.688552664862668280e+02
1.730371247620093982e+02 1.736774961485994595e+02
1.778437115928876437e+02 1.784996235946355227e+02
1.826502984389087487e+02 1.833216501952061321e+02
1.874568852762857887e+02 1.881435772260389854e+02
1.922634720915942239e+02 1.929654059715921335e+02
1.970700589345938170e+02 1.977871377167659261e+02
2.018766458040308294e+02 2.026087737426786362e+02
2.066832326474618924e+02 2.074303151975846049e+02
2.114898194886148417e+02 2.122517632436498047e+02
2.162964063252956635e+02 2.170731190961775781e+02
2.211029931281802874e+02 2.218943838832040001e+02
2.259095799485634757e+02 2.267155588117582852e+02
2.307161668350190098e+02 2.315366448414891920e+02
2.355227536369038148e+02 2.363576432253110511e+02
2.403293404370225801e+02 2.411785549076858786e+02
2.451359272530355895e+02 2.459993809889582508e+02
2.499425140723001846e+02 2.508201223739634429e+02
2.547491009140884444e+02 2.556407801883724460e+02
2.595556877893959040e+02 2.604613554180558594e+02
2.643622746619528243e+02 2.652818489752032747e+02
2.691688614611346111e+02 2.701022618567185418e+02
2.739754482708530077e+02 2.749225950533796095e+02
2.787820351450783392e+02 2.797428493801781997e+02
2.835886219421551573e+02 2.845630258547529365e+02
2.883952088311152124e+02 2.893831252593110435e+02
2.932017957039005296e+02 2.942031485276602325e+02
2.980083825031411493e+02 2.990230965264191809e+02
3.028149693177778090e+02 3.038429700521056134e+02
3.076215562044728244e+02 3.086627699956220567e+02
3.124281431140871064e+02 3.134824971633082100e+02
3.172347300252866944e+02 3.183021523771432157e+02
3.220413168649675981e+02 3.231217364384999655e+02
3.268479036616851658e+02 3.279412501087739429e+02
3.316544904771801612e+02 3.327606940006511422e+02
3.364610772776689487e+02 3.375800691268457854e+02
3.412676641094892602e+02 3.423993759687639340e+02
3.460742509043151358e+02 3.472186154583949360e+02
3.508808377299933454e+02 3.520377881966703626e+02
3.556874245714777203e+02 3.568568949175344756e+02
3.604940113661745045e+02 3.616759363885404923e+02
3.653005981961672433e+02 3.664949131741863084e+02
3.701071850540878927e+02 3.713138261146170294e+02
3.749137718717196321e+02 3.761326757625942037e+02
3.797203587054270884e+02 3.809514627320689897e+02
3.845269455237983038e+02 3.857701877418733147e+02
3.893335324095686474e+02 3.905888512353882334e+02
3.941401193275926289e+02 3.954074539916979347e+02
3.989467061320736434e+02 4.002259966506822479e+02
4.037532929258017020e+02 4.050444797458105199e+02
4.085598797210456610e+02 4.098629040004949502e+02
4.133664666041361215e+02 4.146812698646554622e+02
4.181730534092721427e+02 4.194995779422658870e+02
4.229796402122404402e+02 4.243178288187641556e+02
4.277862270929642818e+02 4.291360230311545934e+02
4.325928139409072060e+02 4.339541612607188767e+02
4.373994007973651605e+02 4.387722438991451668e+02
4.422059876636843683e+02 4.435902714572347918e+02
4.470125745987095343e+02 4.484082446017022221e+02
4.518191614560524840e+02 4.532261638133151678e+02
4.566257483183387080e+02 4.580440296263654432e+02
4.614323351465727683e+02 4.628618423554197534e+02
4.662389219733989876e+02 4.676796026853894546e+02
4.710455088595935536e+02 4.724973110725206880e+02
4.758520957336671700e+02 4.773149679656547164e+02
4.806586825313963800e+02 4.821325738527300473e+02
4.854652693881271261e+02 4.869501292771818726e+02
4.902718563698216485e+02 4.917676346437214079e+02
4.950784431703714290e+02 4.965850904665867347e+02
4.998850301273396326e+02 5.014024970747665293e+02
5.046916171249708327e+02 5.062198549796007683e+02
5.094982039764116735e+02 5.110371646840611675e+02
5.143047908155903087e+02 5.158544266171084018e+02
5.191113776979836985e+02 5.206716411750618363e+02
5.239179645593590067e+02 5.254888086714604469e+02
5.287245514751338078e+02 5.303059296227813775e+02
5.335311383101156935e+02 5.351230045276645342e+02
5.383377251634670984e+02 5.399400336596501120e+02
5.431443119813507110e+02 5.447570174966677996e+02
5.479508987833455649e+02 5.495739563622259993e+02
5.527574856475009710e+02 5.543908505860998730e+02
5.575640725285700228e+02 5.592077007062459870e+02
5.623706593380589993e+02 5.640245070642957899e+02
5.671772462899812126e+02 5.688412698389538491e+02
5.719838331356916115e+02 5.736579897332835571e+02
5.767904199436820818e+02 5.784746667774442130e+02
5.815970067518570659e+02 5.832913015139793060e+02
5.864035937652453185e+02 5.881078943497598175e+02
5.912101805547188178e+02 5.929244456202536639e+02
5.960167674647307194e+02 5.977409556615799602e+02
6.008233544717110135e+02 6.025574247237241252e+02
6.056299414179196674e+02 6.073738531495763482e+02
6.104365283893926062e+02 6.121902412886297498e+02
6.152431154627726073e+02 6.170065896635542231e+02
6.200497024588141812e+02 6.218228984514029207e+02
6.248562893834582610e+02 6.266391679352300343e+02
6.296628761871922961e+02 6.314553985140917121e+02
6.344694630978416399e+02 6.362715902981619820e+02
6.392760500283372949e+02 6.410877437505992020e+02
6.440826368253324290e+02 6.459038592645752033e+02
6.488892236318984033e+02 6.507199372223465161e+02
6.536958104332728681e+02 6.555359775439411578e+02
6.585023972241551746e+02 6.603519807444617982e+02
6.633089840984255261e+02 6.651679472222126606e+02
6.681155710894745425e+02 6.699838770981115204e+02
6.729221579630136603e+02 6.747997706765363546e+02
6.777287447704414944e+02 6.796156284586620586e+02
6.825353316387734139e+02 6.844314504824199048e+02
6.873419187552126459e+02 6.892472370442776537e+02
6.921485057109620129e+02 6.940629884064662747e+02
