0.000000000000000000e+00 0.000000000000000000e+00
4.807890686683486514e+00 4.823143859942995881e+00
9.615781373537487298e+00 9.646188325502418337e+00
1.442367206055633133e+01 1.446913470044405514e+01
1.923156274759550044e+01 1.929198425723875232e+01
2.403945343753552422e+01 2.411473825486529776e+01
2.884734412759343769e+01 2.893739790609108198e+01
3.365523482854914761e+01 3.375996442341674708e+01
3.846312551696143345e+01 3.858243899118990328e+01
4.327101620776403479e+01 4.340482276724649324e+01
4.807890690147313251e+01 4.822711687582214779e+01
5.288679759499854072e+01 5.304932244091493487e+01
5.769468828827154994e+01 5.787144056416585869e+01
6.250257899390045679e+01 6.269347232338135711e+01
6.731046969135887537e+01 6.751541875900068135e+01
7.211836038805031990e+01 7.233728090832009627e+01
7.692625108442902615e+01 7.715905978296795809e+01
8.173414179107390964e+01 8.198075638297996193e+01
8.654203247933084242e+01 8.680237171351538450e+01
9.134992317013868046e+01 9.162390671315128543e+01
9.615781386010868914e+01 9.644536231393166759e+01
1.009657045782899729e+02 1.012667394792717346e+02
1.057735953090279395e+02 1.060880390980276218e+02
1.105814860186006001e+02 1.109092620838111429e+02
1.153893767361134053e+02 1.157304092763064034e+02
1.201972674710086295e+02 1.205514815592103162e+02
1.250051582058435429e+02 1.253724798054643372e+02
1.298130489360076467e+02 1.301934048376586759e+02
1.346209396709303405e+02 1.350142574938733731e+02
1.394288304045916504e+02 1.398350385813449179e+02
1.442367211082294602e+02 1.446557488621394327e+02
1.490446118443441037e+02 1.494763891428885358e+02
1.538525025411112210e+02 1.542969602407152934e+02
1.586603932441460074e+02 1.591174628303059535e+02
1.634682839565032282e+02 1.639378977083248969e+02
1.682761746525786180e+02 1.687582655576346156e+02
1.730840653950756973e+02 1.735785671166089514e+02
1.778919561355883445e+02 1.783988031059517425e+02
1.826998468710226575e+02 1.832189742275693334e+02
1.875077376129705726e+02 1.880390811868428500e+02
1.923156283586676523e+02 1.928591245933386631e+02
1.971235191062456238e+02 1.976791051702586515e+02
2.019314098545688410e+02 2.024990235853825311e+02
2.067393006025699549e+02 2.073188804043427353e+02
2.115471913481584352e+02 2.121386763149170633e+02
2.163550820893808293e+02 2.169584119509640914e+02
2.211629728237002439e+02 2.217780878719548241e+02
2.259708635820378220e+02 2.265977047712719354e+02
2.307787543019098280e+02 2.314172632004716945e+02
2.355866450085085262e+02 2.362367637500971682e+02
2.403945357777767811e+02 2.410562069782353660e+02
2.452024264827292086e+02 2.458755934602461366e+02
2.500103171876257875e+02 2.506949237580372767e+02
2.548182078923824463e+02 2.555141983422321630e+02
2.596260985969502144e+02 2.603334179287577967e+02
2.644339893012191283e+02 2.651525828971309124e+02
2.692418800050654681e+02 2.699716939003244534e+02
2.740497707235986695e+02 2.747907513278547640e+02
2.788576614236594651e+02 2.796097558288206528e+02
2.836655521569838925e+02 2.844287078091164744e+02
2.884734428593985172e+02 2.892476077826880783e+02
2.932813335806742998e+02 2.940664562790026366e+02
2.980892242852810909e+02 2.988852537845011739e+02
3.028971150108557140e+02 3.037040008254132317e+02
3.077050058032006632e+02 3.085226977245241642e+02
3.125128966165011093e+02 3.133413450621478660e+02
3.173207874315032768e+02 3.181599433374572641e+02
3.221286781776239536e+02 3.229784929015571606e+02
3.269365688796582390e+02 3.277969941368312448e+02
3.317444596036351641e+02 3.326154476860828595e+02
3.365523503062354393e+02 3.374338538510942271e+02
3.413602410373736689e+02 3.422522129918122573e+02
3.461681317815843499e+02 3.470705256560024736e+02
3.509760225149960888e+02 3.518887922466244049e+02
3.557839133324242766e+02 3.567070132286696094e+02
3.605918040629405823e+02 3.615251888532909561e+02
3.653996948209614288e+02 3.663433195727490101e+02
3.702075855895057543e+02 3.711614059029335522e+02
3.750154763887196623e+02 3.759794481374780162e+02
3.798233671639202385e+02 3.807974465080965274e+02
3.846312578698359630e+02 3.856154015222217026e+02
3.894391485696552309e+02 3.904333136502785919e+02
3.942470393248794380e+02 3.952511831432569807e+02
3.990549300356146887e+02 4.000690105230922882e+02
4.038628207718759313e+02 4.048867959431021291e+02
4.086707115162021182e+02 4.097045399592281001e+02
4.134786023143960847e+02 4.145222426529409177e+02
4.182864930242724881e+02 4.193399046773978398e+02
4.230943837325621644e+02 4.241575261074218020e+02
4.279022745353987034e+02 4.289751074436543377e+02
4.327101652883147835e+02 4.337926490228910552e+02
4.375180560481105658e+02 4.386101510497134655e+02
4.423259468176014479e+02 4.434276138787131458e+02
4.471338375326880055e+02 4.482450380040902473e+02
4.519417282402940828e+02 4.530624234947384821e+02
4.567496190062301480e+02 4.578797709114934378e+02
4.615575097454494653e+02 4.626970803101792740e+02
4.663654005273153302e+02 4.675143521490906551e+02
4.711732912984895734e+02 4.723315867191155348e+02
4.759811820763795822e+02 4.771487842863751894e+02
4.807890727817592733e+02 4.819659451850876621e+02
4.855969635231531356e+02 4.867830697365096739e+02
4.904048542348853061e+02 4.916001580671602369e+02
4.952127449359131788e+02 4.964172107457592347e+02
5.000206356815505160e+02 5.012342277385400280e+02
5.048285265745583956e+02 5.060512094709242774e+02
5.096364173264666988e+02 5.108681562074719409e+02
5.144443082455701415e+02 5.156850682782380773e+02
5.192521989450597175e+02 5.205019459665500108e+02
5.240600898304905968e+02 5.253187895003100039e+02
5.288679807101201504e+02 5.301355990003756915e+02
5.336758714493355455e+02 5.349523747194973566e+02
5.384837622944985469e+02 5.397691171920413353e+02
5.432916530630610623e+02 5.445858263815264309e+02
5.480995437694583643e+02 5.494025026941005763e+02
5.529074344764574107e+02 5.542191462903467709e+02
5.577153252383363906e+02 5.590357575222176365e+02
5.625232159389545359e+02 5.638523366527292637e+02
5.673311066813836305e+02 5.686688837826973213e+02
5.721389974324938521e+02 5.734853992546479731e+02
5.769468882217693135e+02 5.783018833086262021e+02
5.817547789437267056e+02 5.831183361248993151e+02
5.865626698457103885e+02 5.879347577724823850e+02
5.913705605404582002e+02 5.927511488698298763e+02
5.961784513592750727e+02 5.975675092380718070e+02
6.009863422757637181e+02 6.023838392145237322e+02
6.057942331267927329e+02 6.072001391209763597e+02
6.106021240046904950e+02 6.120164091098412200e+02
6.154100149744172086e+02 6.168326493946615301e+02
6.202179058565124024e+02 6.216488602184654155e+02
6.250257966933304488e+02 6.264650419529223200e+02
6.298336873866676342e+02 6.312811945129494688e+02
6.346415781928205888e+02 6.360973181667620793e+02
6.394494689681871478e+02 6.409134133452066635e+02
6.442573598594749456e+02 6.457294799896990298e+02
6.490652508094931363e+02 6.505455183599690372e+02
6.538731415176952169e+02 6.553615286221621545e+02
6.586810322125522816e+02 6.601775112200143667e+02
6.634889229238212920e+02 6.649934659293621735e+02
6.682968138395906408e+02 6.698093933385248420e+02
6.731047046199598753e+02 6.746252932987025588e+02
6.779125953307130885e+02 6.794411662125502289e+02
6.827204861271084155e+02 6.842570121283720255e+02
6.875283771515189528e+02 6.890728313140409682e+02
6.923362681490522164e+02 6.938886241654170135e+02
