0.168962823962956
0.73971229399274
0.260589972572059
0.586943847352202
0.598080192842913
0.431511048931739
0.459547925642853
0.183269592515689
0.0665175261618549
0.998897231131643
0.9821209327725
0.81556787802466
0.812011964437249
0.0624831817850998
0.348210117490977
0.258059766320884
0.260457285567979
0.0191684594582553
0.725498638815366
0.912937149713934
0.702674852696789
0.802245702197
0.337985203121401
0.975595232091621
0.935067412835439
0.240890901847447
0.384155564515299
0.918378099956242
0.137827693300726
0.031415203959372
0.605303282115616
0.227755880931404
0.758741928368449
0.571166995389869
0.073865472895049
0.655156605202817
0.43399665321297
0.797125962395629
0.981995782977163
0.433641707111135
0.346430464723188
0.805985033274669
0.649880740424916
0.689651084474699
0.416994915827636
0.642845534466771
0.816235352932764
0.384566892283872
0.4461298309195
0.865813767831827
0.0858388463746833
0.440950673148541
0.125477352202917
0.885330944196113
0.143666044835809
0.727587144924857
0.346125683309106
0.163388554850867
0.808968531036613
0.981509507850846
0.185302052029069
0.273904752020493
0.303030357683912
0.0311777973134375
0.757468488547699
0.104833097854936
0.397431642184122
0.18130138668154
0.71203708479562
0.693684644061396
0.14681602113967
0.274452277341651
0.586710390258017
0.870288782196358
0.16916917642024
0.0438200138561704
0.18945149878715
0.43711832885589
0.588706422949052
0.352829699605459
0.065383800598827
0.0302469184406199
0.844840876851581
0.175059462903487
0.729351556151646
0.746793101705359
0.94029600726695
0.336707424911281
0.632723909146739
0.276911691391894
0.730286333012023
0.427507404598809
0.329405167359363
0.500072123881591
0.909108644921107
0.592596082276552
0.673912558695544
0.532749327969168
0.679949044111009
0.249002744617428
