0.000000000000000000e+00 0.000000000000000000e+00
3.679167609439819575e+00 3.793876471028723607e+00
7.358335219973733743e+00 7.582158408497591928e+00
1.103750283708593827e+01 1.136536502693662776e+01
1.471667045663232543e+01 1.514394694154318266e+01
1.839583808042127089e+01 1.891829768895926378e+01
2.207500570462664768e+01 2.268876287132277625e+01
2.575417333155907329e+01 2.645564766609880536e+01
2.943334097230442126e+01 3.021922281440746616e+01
3.311250858257946561e+01 3.397972957477649913e+01
3.679167619343180462e+01 3.773738385023045083e+01
4.047084382226257304e+01 4.149237959251151864e+01
4.415001144489434637e+01 4.524489177658256267e+01
4.782917911778348241e+01 4.899507862530432334e+01
5.150834674056677187e+01 5.274308376256033171e+01
5.518751436548129163e+01 5.648903791802068497e+01
5.886668202895816648e+01 6.023306043604311810e+01
