0.000000000000000000e+00 0.000000000000000000e+00
4.497943823657287510e+00 4.515013015524616868e+00
8.995887647313280056e+00 9.029890247380553348e+00
1.349383147109800518e+01 1.354463387142855879e+01
1.799177529491588245e+01 1.805924600589292339e+01
2.248971912240826043e+01 2.257372872747849968e+01
2.698766294816918077e+01 2.708808406218091491e+01
3.148560677181241374e+01 3.160231397875853077e+01
3.598355059819834878e+01 3.611642041869883712e+01
4.048149443960217297e+01 4.063040525510559320e+01
4.497943826635292197e+01 4.514427034548893403e+01
4.947738209842630397e+01 4.965801747452152171e+01
5.397532592887281311e+01 5.417164840625648026e+01
5.847326976447375557e+01 5.868516488099860595e+01
6.297121358972398752e+01 6.319856855147419594e+01
6.746915741450558812e+01 6.771186109349245896e+01
7.196710125811694070e+01 7.222504411378153577e+01
7.646504511581883889e+01 7.673811917680242800e+01
8.096298897520563287e+01 8.125108783073373786e+01
8.546093283233477678e+01 8.576395156555896904e+01
8.995887670316295726e+01 9.027671191408910545e+01
9.445682055911530028e+01 9.478937025556481899e+01
9.895476439347906705e+01 9.930192802118408224e+01
1.034527082249075818e+02 1.038143866046788446e+02
1.079506520932258979e+02 1.083267473770403910e+02
1.124485959338112906e+02 1.128390116775858587e+02
1.169465397597878393e+02 1.173511808190804970e+02
1.214444835902296518e+02 1.218632560289796345e+02
1.259424274212361183e+02 1.263752386036321695e+02
1.304403712621283091e+02 1.308871297238764271e+02
1.349383151040665325e+02 1.353989306210099244e+02
1.394362589441155080e+02 1.399106424328889489e+02
1.439342028232772464e+02 1.444222663438005725e+02
1.484321467117063378e+02 1.489338035596206282e+02
1.529300906051335573e+02 1.534452551010945172e+02
1.574280344942661714e+02 1.579566221006111846e+02
1.619259783798688375e+02 1.624679056227406022e+02
1.664239222599105119e+02 1.669791066696206201e+02
1.709218661377278181e+02 1.714902262981477747e+02
1.754198099762335801e+02 1.760012654787602173e+02
1.799177538533242569e+02 1.805122252988855394e+02
1.844156977288405983e+02 1.850231066756206246e+02
1.889136415641463600e+02 1.895339105009989566e+02
1.934115854377896540e+02 1.940446378281546345e+02
1.979095293104734878e+02 1.985552895172361332e+02
2.024074731819123940e+02 2.030658664846947943e+02
2.069054171211591040e+02 2.075763696538535328e+02
2.114033609832646903e+02 2.120867997937158123e+02
2.159013048562086965e+02 2.165971577974365232e+02
2.203992487249557257e+02 2.211074445593654332e+02
2.248971926658072391e+02 2.256176608454027530e+02
2.293951365660488477e+02 2.301278076196462621e+02
2.338930804577923936e+02 2.346378855555779523e+02
2.383910243214657498e+02 2.391478954077773551e+02
2.428889681599645201e+02 2.436578379549088709e+02
2.473869120613625228e+02 2.481677139757751434e+02
2.518848559537626670e+02 2.526775242124861336e+02
2.563827998386675517e+02 2.571872694558562671e+02
2.608807437522207806e+02 2.616969504158300879e+02
2.653786877024080013e+02 2.662065677658596314e+02
2.698766316826307161e+02 2.707161221438917664e+02
2.743745755557519033e+02 2.752256143614235953e+02
2.788725194238559197e+02 2.797350450368124370e+02
2.833704633004431912e+02 2.842444146960823446e+02
2.878684071804461269e+02 2.887537242720967470e+02
2.923663510630269116e+02 2.932629741930317664e+02
2.968642949879885009e+02 2.977721651404984300e+02
3.013622388796264886e+02 3.022812977647060393e+02
3.058601827757466936e+02 3.067903726967638249e+02
3.103581267087556625e+02 3.112993903854605833e+02
3.148560705578800025e+02 3.158083515937241827e+02
3.193540145560136807e+02 3.203172567945284754e+02
3.238519584787532040e+02 3.248261067336574115e+02
3.283499024714407142e+02 3.293349017780063832e+02
3.328478463238747054e+02 3.338436427100959918e+02
3.373457901730295134e+02 3.383523298301340674e+02
3.418437340490165184e+02 3.428609638495568674e+02
3.463416779463376542e+02 3.473695452835596029e+02
3.508396219549154580e+02 3.518780745679287065e+02
3.553375658162450463e+02 3.563865522389862690e+02
3.598355097140627095e+02 3.608949787522433326e+02
3.643334535684877551e+02 3.654033546984537111e+02
3.688313975487744756e+02 3.699116806910097353e+02
3.733293414148281499e+02 3.744199569890085968e+02
3.778272854134019667e+02 3.789281841638847368e+02
3.823252292599619864e+02 3.834363627733246176e+02
3.868231731998778287e+02 3.879444930637012021e+02
3.913211171007450275e+02 3.924525756578760252e+02
3.958190610882428473e+02 3.969606110942988835e+02
4.003170051031501657e+02 4.014685997957697623e+02
4.048149491185184274e+02 4.059765419221130287e+02
4.093128929932125857e+02 4.104844382175863302e+02
4.138108368275184148e+02 4.149922889112385747e+02
4.183087806628093404e+02 4.195000944889374068e+02
4.228067245079480472e+02 4.240078553819253102e+02
4.273046683946329267e+02 4.285155720257228040e+02
4.318026124151053864e+02 4.330232448124335178e+02
4.363005562618139948e+02 4.375308741234417198e+02
4.407985001647751915e+02 4.420384603058940911e+02
4.452964442164453658e+02 4.465460038203519844e+02
4.497943882080028288e+02 4.510535050618217952e+02
4.542923322324219271e+02 4.555609644387068329e+02
4.587902762491784188e+02 4.600683823159540680e+02
4.632882202085039580e+02 4.645757588158862745e+02
4.677861640940088819e+02 4.690830946955229592e+02
4.722841079380859242e+02 4.735903899012080274e+02
4.767820517749617011e+02 4.780976449462044684e+02
4.812799958675934704e+02 4.826048604715604142e+02
4.857779397485203390e+02 4.871120363483809683e+02
4.902758836189066187e+02 4.916191731766057273e+02
4.947738275400793100e+02 4.961262712484142980e+02
4.992717716409813988e+02 5.006333309820820432e+02
5.037697157547765414e+02 5.051403525509356314e+02
5.082676596883122784e+02 5.096473363800985226e+02
5.127656035226343647e+02 5.141542828588796965e+02
5.172635476157671519e+02 5.186611922502985408e+02
5.217614915567467051e+02 5.231680648261460647e+02
5.262594356134281952e+02 5.276749007511309628e+02
5.307573796830763513e+02 5.321817006135288466e+02
5.352553238136457594e+02 5.366884642591444390e+02
5.397532676653493127e+02 5.411951923963298441e+02
5.442512117246892558e+02 5.457018851105509611e+02
5.487491556644530419e+02 5.502085428100187983e+02
5.532470995141417234e+02 5.547151657989447813e+02
5.577450435537696194e+02 5.592217542732594211e+02
5.622429875186356867e+02 5.637283085271088794e+02
5.667409316622454298e+02 5.682348290481339745e+02
5.712388755362123902e+02 5.727413157981302447e+02
5.757368196198344776e+02 5.772477691422513999e+02
