0.000000000000000000e+00 0.000000000000000000e+00
4.497894655078168213e+00 4.514729911330025658e+00
8.995789310390748028e+00 9.029328171784440471e+00
1.349368396597600750e+01 1.354379685438160408e+01
1.799157862166757837e+01 1.805813798092496825e+01
2.248947328240472743e+01 2.257235353247729392e+01
2.698736794116992144e+01 2.708644544263933795e+01
3.148526259837389674e+01 3.160041559261161126e+01
3.598315725491578121e+01 3.611426583791189415e+01
4.048105191562237337e+01 4.062799796278677888e+01
4.497894657938135765e+01 4.514161374496258361e+01
4.947684124644470671e+01 4.965511489162217629e+01
5.397473590234180563e+01 5.416850309648663142e+01
5.847263057071817371e+01 5.868178002583591990e+01
6.297052522692246157e+01 6.319494725150984493e+01
6.746841989242761883e+01 6.770800637774327413e+01
7.196631455113222842e+01 7.222095895213378469e+01
7.646420921040233054e+01 7.673380646440089947e+01
8.096210390664225542e+01 8.124655041630887808e+01
8.545999857679527167e+01 8.575919223483808196e+01
8.995789324395708775e+01 9.027173336906824375e+01
9.445578794370148046e+01 9.478417516922843333e+01
9.895368260036181596e+01 9.929651901431378747e+01
1.034515772964943210e+02 1.038087662343250202e+02
1.079494719749318250e+02 1.083209181093986473e+02
1.124473666847571423e+02 1.128329759476578147e+02
1.169452613448821836e+02 1.173449409631195408e+02
1.214431560693038534e+02 1.218568144177829993e+02
1.259410507366106486e+02 1.263685974697762902e+02
1.304389454139349027e+02 1.308802913625684425e+02
1.349368400711198888e+02 1.353918972114754808e+02
1.394347347379043924e+02 1.399034161416446125e+02
1.439326294477128272e+02 1.444148492905144394e+02
1.484305241682911287e+02 1.489261977956874148e+02
1.529284189012294632e+02 1.534374626231260947e+02
1.574263135720936475e+02 1.579486448815444533e+02
1.619242082895851240e+02 1.624597456586326416e+02
1.664221030022507648e+02 1.669707658180865053e+02
1.709199977126170893e+02 1.714817064275808889e+02
1.754178924213758535e+02 1.759925685449732100e+02
1.799157871301126477e+02 1.805033530517216604e+02
1.844136818365454076e+02 1.850140608661874069e+02
1.889115765430782687e+02 1.895246929169472594e+02
1.934094712078006069e+02 1.940352500605017099e+02
1.979073659614892335e+02 1.985457333202194263e+02
2.024052606641625687e+02 2.030561434480568721e+02
2.069031553947461362e+02 2.075664813316291770e+02
2.114010500962215815e+02 2.120767478437844034e+02
2.158989447947620022e+02 2.165869438317598110e+02
2.203968395610248763e+02 2.210970700208225708e+02
2.248947342615410889e+02 2.256071273508691775e+02
2.293926289308427613e+02 2.301171164361253716e+02
2.338905236463848780e+02 2.346270381399567668e+02
2.383884184337464944e+02 2.391368932142775634e+02
2.428863131751689366e+02 2.436466824241134930e+02
2.473842079076082143e+02 2.481564064772397842e+02
2.518821026319449743e+02 2.526660660632452391e+02
2.563799973487125499e+02 2.571756620330455121e+02
2.608778920588939059e+02 2.616851948638709473e+02
2.653757868627253629e+02 2.661946654754821111e+02
2.698736815655225882e+02 2.707040743674274950e+02
2.743715762704945291e+02 2.752134222353957966e+02
2.788694709742926534e+02 2.797227097259203674e+02
2.833673657192638871e+02 2.842319376289281649e+02
2.878652604307497427e+02 2.887411064506853222e+02
2.923631551441802685e+02 2.932502167625818288e+02
2.968610498699850950e+02 2.977592692433082675e+02
3.013589445945916054e+02 3.022682645507257462e+02
3.058568393247202835e+02 3.067772032601948808e+02
3.103547340322221544e+02 3.112860858172194867e+02
3.148526288112519751e+02 3.157949129010823981e+02
3.193505234885689106e+02 3.203036851410116697e+02
3.238484182432410421e+02 3.248124030782906857e+02
3.283463129672234118e+02 3.293210671883570626e+02
3.328442077127315883e+02 3.338296779130151890e+02
3.373421024343631416e+02 3.383382359140625795e+02
3.418399971421598593e+02 3.428467417651219193e+02
3.463378919547058103e+02 3.473551958494002747e+02
3.508357866403609933e+02 3.518635989086866402e+02
3.553336813549927911e+02 3.563719512018943760e+02
3.598315760335914888e+02 3.608802533920508608e+02
3.643294706982958928e+02 3.653885058210788088e+02
3.688273653724465930e+02 3.698967090634886290e+02
3.733252602266932172e+02 3.744048635253329280e+02
3.778231549001794747e+02 3.789129697061408706e+02
3.823210496176947117e+02 3.834210281555837128e+02
3.868189444984514580e+02 3.879290391323983158e+02
3.913168392430349058e+02 3.924370031906205440e+02
3.958147340078390357e+02 3.969449208931820294e+02
4.003126286867636168e+02 4.014527924696375294e+02
4.048105233615842735e+02 4.059606186014049172e+02
4.093084181898360612e+02 4.104683994737514467e+02
4.138063128646919040e+02 4.149761355669096474e+02
4.183042075614422401e+02 4.194838272706284670e+02
4.228021023167140129e+02 4.239914749632991970e+02
4.272999970348821535e+02 4.284990790478539111e+02
4.317978917278851441e+02 4.330066400027457121e+02
4.362957864015140217e+02 4.375141582462362067e+02
4.407936810892723543e+02 4.420216340572771969e+02
4.452915758462925737e+02 4.465290679286988507e+02
4.497894706927974084e+02 4.510364601031475331e+02
4.542873655488260169e+02 4.555438111233588643e+02
4.587852603973268515e+02 4.600511212541740065e+02
4.632831551898004818e+02 4.645583906271958199e+02
4.677810500403219294e+02 4.690656200163725771e+02
4.722789449710889471e+02 4.735728094979695015e+02
4.767768396968951947e+02 4.780799593433648624e+02
4.812747345530347047e+02 4.825870701716321491e+02
4.857726292904392267e+02 4.870941422041156557e+02
4.902705240602901995e+02 4.916011755263815530e+02
4.947684188137773731e+02 4.961081706956298945e+02
4.992663136904283760e+02 5.006151281226881338e+02
5.037642084064135020e+02 5.051220479106956418e+02
5.082621031000958283e+02 5.096289305492972517e+02
5.127599977786466070e+02 5.141357763717707030e+02
5.172578926447388312e+02 5.186425854162963560e+02
5.217557874719991560e+02 5.231493581449738031e+02
5.262536822493763111e+02 5.276560951816597935e+02
5.307515771512072433e+02 5.321627963384075883e+02
5.352494720007064188e+02 5.366694621019109945e+02
5.397473667602076830e+02 5.411760929307037031e+02
5.442452616513929797e+02 5.456826886169164936e+02
5.487431565165343272e+02 5.501892497995606846e+02
5.532410512235994702e+02 5.546957767543684668e+02
5.577389460964193404e+02 5.592022698075647895e+02
5.622368409803757459e+02 5.637087290082736217e+02
5.667347357228229612e+02 5.682151549674015314e+02
5.712326306021900564e+02 5.727215474747135886e+02
5.757305253653579484e+02 5.772279071122925416e+02
