0.000000000000000000e+00 0.000000000000000000e+00
4.497959981721676215e+00 4.515108941052072389e+00
8.995919963254483065e+00 9.030080675787422351e+00
1.349387994466136220e+01 1.354491741437210095e+01
1.799183992635948925e+01 1.805962131251591174e+01
2.248979990920753025e+01 2.257419447587072625e+01
2.698775989115314289e+01 2.708863896516191971e+01
3.148571987369307124e+01 3.160295677814266213e+01
3.598367985917225553e+01 3.611714988797445613e+01
4.048163984856907405e+01 4.063122019102719662e+01
4.497959983134274609e+01 4.514516957563211008e+01
4.947755981492785793e+01 4.965899986013101852e+01
5.397551982504616319e+01 5.417271283290951089e+01
5.847347981851284260e+01 5.868631026025725816e+01
6.297143981618734188e+01 6.319979381443462074e+01
6.746939982372867917e+01 6.771316519870860873e+01
7.196735982572519674e+01 7.222642604268348521e+01
7.646531985005759680e+01 7.673957793660220261e+01
8.096327986334179627e+01 8.125262244549904267e+01
8.546123985536635814e+01 8.576556108188044902e+01
8.995919986141902314e+01 9.027839536732955139e+01
9.445715984476720450e+01 9.479112679827429133e+01
9.895511983089136265e+01 9.930375673349371368e+01
1.034530798157530000e+02 1.038162866353487459e+02
1.079510397986410055e+02 1.083287178568637898e+02
1.124489998103860842e+02 1.128410517530083155e+02
1.169469598204661480e+02 1.173532896365047122e+02
1.214449198336145628e+02 1.218654328462506271e+02
1.259428798638917186e+02 1.263774826086870178e+02
1.304408399003945362e+02 1.308894401382555657e+02
1.349387998985532704e+02 1.354013067015717411e+02
1.394367598912846802e+02 1.399130834616098582e+02
1.439347199291588026e+02 1.444247716170897036e+02
1.484326799770744572e+02 1.489363723129276877e+02
1.529306400355565074e+02 1.534478866518045095e+02
1.574286000827281669e+02 1.579593158090509064e+02
1.619265601379569830e+02 1.624706607556942117e+02
1.664245201848047770e+02 1.669819226396845977e+02
1.709224801796273141e+02 1.714931024315509376e+02
1.754204402133876499e+02 1.760042012177853792e+02
1.799184002457638485e+02 1.805152199856888160e+02
1.844163602799076784e+02 1.850261597142980463e+02
1.889143203330247616e+02 1.895370213134864912e+02
1.934122803630317264e+02 1.940478057833479397e+02
1.979102403950045641e+02 1.985585140920387062e+02
2.024082004249862052e+02 2.030691471243891613e+02
2.069061604530241993e+02 2.075797057539785442e+02
2.114041204685921400e+02 2.120901908123333044e+02
2.159020804960503597e+02 2.166006033272586251e+02
2.204000405223267478e+02 2.211109439875146734e+02
2.248980005486340588e+02 2.256212136968994741e+02
2.293959605334323726e+02 2.301314133339199088e+02
2.338939206004895937e+02 2.346415436644428496e+02
2.383918806539698494e+02 2.391516054548164902e+02
2.428898407339185042e+02 2.436615994907119784e+02
2.473878007207218843e+02 2.481715265075993102e+02
2.518857607562855208e+02 2.526813872823099132e+02
2.563837208684984716e+02 2.571911826088974635e+02
2.608816809914924306e+02 2.617009131063440464e+02
2.653796409851681801e+02 2.662105795655370457e+02
2.698776010159304519e+02 2.707201827390188100e+02
2.743755610477593905e+02 2.752297233488818620e+02
2.788735210598448475e+02 2.797392018599258563e+02
2.833714810944072724e+02 2.842486191295917592e+02
2.878694411328526144e+02 2.887579757325735272e+02
2.923674011985548873e+02 2.932672723827721484e+02
2.968653612032663887e+02 2.977765097477716836e+02
3.013633212529985599e+02 3.022856883483766524e+02
3.058612813065467435e+02 3.067948088102577344e+02
3.103592413398241661e+02 3.113038718335837416e+02
3.148572013894768133e+02 3.158128779115333487e+02
3.193551614403423855e+02 3.203218277294671452e+02
3.238531215209654874e+02 3.248307219170682174e+02
3.283510815523513315e+02 3.293395608107643966e+02
3.328490415430031248e+02 3.338483451278277130e+02
3.373470015865349296e+02 3.383570755429253722e+02
3.418449616206007704e+02 3.428657524870988595e+02
3.463429216531435486e+02 3.473743764457505563e+02
3.508408817534702848e+02 3.518829479586911475e+02
3.553388419162673699e+02 3.563914675201689874e+02
3.598368020646764762e+02 3.608999356478263962e+02
3.643347621492198414e+02 3.654083529133390584e+02
3.688327222869227171e+02 3.699167198029327892e+02
3.733306822826010603e+02 3.744250368248830796e+02
3.778286423304018058e+02 3.789333044357438212e+02
3.823266024384539605e+02 3.834415232003568690e+02
3.868245624360303054e+02 3.879496934082799271e+02
3.913225226187871613e+02 3.924578156239713280e+02
3.958204826046177232e+02 3.969658903874196767e+02
4.003184426559329836e+02 4.014739181297155710e+02
4.048164027598488133e+02 4.059818992036950931e+02
4.093143627921027701e+02 4.104898339836604464e+02
4.138123227934385113e+02 4.149977229703825969e+02
4.183102827866441658e+02 4.195055665646812031e+02
4.228082428327008415e+02 4.240133652945274889e+02
4.273062028656290749e+02 4.285211194177471725e+02
4.318041628629535467e+02 4.330288294911515550e+02
4.363021229495208786e+02 4.375364958408576967e+02
4.408000830333176054e+02 4.420441188855083965e+02
4.452980430293209224e+02 4.465516989978416404e+02
4.497960032253726581e+02 4.510592366190241478e+02
4.542939634075241884e+02 4.555667322482391342e+02
4.587919236473768478e+02 4.600741860530187068e+02
4.632898837655894795e+02 4.645815983305933514e+02
4.677878437818256998e+02 4.690889697138269412e+02
4.722858039642089238e+02 4.735963002288456209e+02
4.767837639954977362e+02 4.781035904829311107e+02
4.812817241392083929e+02 4.826108407370855957e+02
4.857796841681121123e+02 4.871180512822173796e+02
4.902776442828247809e+02 4.916252226232137446e+02
4.947756043619563115e+02 4.961323551563787078e+02
4.992735644456877253e+02 5.006394489986944336e+02
5.037715245149855718e+02 5.051465045174164743e+02
5.082694846119041472e+02 5.096535220616782453e+02
5.127674447765168679e+02 5.141605020704236040e+02
5.172654049682797677e+02 5.186674448142197207e+02
5.217633651212261157e+02 5.231743502785938063e+02
5.262613252227300791e+02 5.276812191919066208e+02
5.307592852484727928e+02 5.321880515795617157e+02
5.352572455365847190e+02 5.366948479155136056e+02
5.397552056216621850e+02 5.412016086091250600e+02
5.442531658456110790e+02 5.457083336971130620e+02
5.487511261119952906e+02 5.502150235300873646e+02
5.532490861041662811e+02 5.547216784838865351e+02
5.577470462990954729e+02 5.592282988812416988e+02
5.622450065308760259e+02 5.637348847763294089e+02
5.667429665452318659e+02 5.682414367837513964e+02
5.712409268075026603e+02 5.727479548614744544e+02
5.757388868102095785e+02 5.772544395071333838e+02
