0.000000000000000000e+00 0.000000000000000000e+00
4.498885857433382540e+00 4.514647962458096409e+00
8.997771715298668482e+00 9.029182433463748936e+00
1.349665757524192244e+01 1.354360505782624102e+01
1.799554343280343005e+01 1.805791744647853392e+01
2.249442929201589081e+01 2.257212117694810871e+01
2.699331515064764631e+01 2.708621779566571064e+01
3.149220102433717372e+01 3.160020880971243429e+01
3.599108688413764412e+01 3.611409570613855635e+01
4.048997275830030418e+01 4.062787991995318748e+01
4.498885862962264071e+01 4.514156287942679313e+01
4.948774451244436534e+01 4.965514596253947133e+01
5.398663039039588796e+01 5.416863053519556104e+01
5.848551626779896395e+01 5.868201793953994638e+01
6.298440213972716606e+01 6.319530946221360068e+01
6.748328800607055200e+01 6.770850639044007835e+01
7.198217386950452124e+01 7.222160998728904246e+01
7.648105976116562488e+01 7.673462145571330950e+01
8.097994562042416078e+01 8.124754203281116816e+01
8.547883148130057407e+01 8.576037286252285696e+01
8.997771737180502782e+01 9.027311514221116795e+01
9.447660323998893261e+01 9.478576998401665321e+01
9.897548915395580593e+01 9.929833850826076969e+01
1.034743750417456454e+02 1.038108217932315824e+02
1.079732609610108796e+02 1.083232209302516083e+02
1.124721468259390349e+02 1.128355369924493061e+02
1.169710326958357598e+02 1.173477709660181461e+02
1.214699185672673991e+02 1.218599238897084831e+02
1.259688044278721151e+02 1.263719967568021332e+02
1.304676903005727695e+02 1.308839905046289118e+02
1.349665761761176555e+02 1.353959061121036882e+02
1.394654620884084864e+02 1.399077445334181107e+02
1.439643480166663210e+02 1.444195067044701091e+02
1.484632339400785384e+02 1.489311935161250062e+02
1.529621198737050349e+02 1.534428058600808811e+02
1.574610057966157513e+02 1.579543446807784903e+02
1.619598917137715830e+02 1.624658107065194486e+02
1.664587776286978453e+02 1.669772048310690593e+02
1.709576635401591034e+02 1.714885279619458061e+02
1.754565494554619249e+02 1.759997807749455490e+02
1.799554353662508959e+02 1.805109642339618858e+02
1.844543212777847430e+02 1.850220790157873978e+02
1.889532071849137083e+02 1.895331258654841236e+02
1.934520930950816364e+02 1.940441056233044606e+02
1.979509789650519167e+02 1.985550190692809451e+02
2.024498648706384074e+02 2.030658668612690008e+02
2.069487507757148137e+02 2.075766497098948662e+02
2.114476366783485446e+02 2.120873684280721534e+02
2.159465226609653143e+02 2.165980235447800055e+02
2.204454085260063323e+02 2.211086158885662485e+02
2.249442944290728974e+02 2.256191461812685475e+02
2.294431803381934856e+02 2.301296149947130516e+02
2.339420662629709966e+02 2.346400230030094178e+02
2.384409522002599715e+02 2.391503708438599460e+02
2.429398381293098907e+02 2.436606591008404052e+02
2.474387240638045000e+02 2.481708884569280826e+02
2.519376099887456917e+02 2.526810595717171850e+02
2.564364959052063568e+02 2.571911730261733169e+02
2.609353818118444792e+02 2.617012294132872512e+02
2.654342677054547153e+02 2.662112291870062677e+02
2.699331536170722643e+02 2.707211731461175077e+02
2.744320395241628603e+02 2.752310616336073963e+02
2.789309254314899817e+02 2.797408954342670313e+02
2.834298114132726027e+02 2.842506749239266242e+02
2.879286973268565362e+02 2.887604006878957534e+02
2.924275832436863993e+02 2.932700733593848099e+02
2.969264691634529640e+02 2.977796934476421029e+02
3.014253550895749640e+02 3.022892614142675711e+02
3.059242410684850029e+02 3.067987778209474072e+02
3.104231269444193231e+02 3.113082430217412480e+02
3.149220128704968147e+02 3.158176576611100472e+02
3.194208988549625019e+02 3.203270221959869559e+02
3.239197847995324082e+02 3.248363370192371349e+02
3.284186707023787903e+02 3.293456027618836970e+02
3.329175567415760497e+02 3.338548198228796764e+02
3.374164426683482816e+02 3.383639886162395669e+02
3.419153285780558917e+02 3.428731096453187774e+02
3.464142144861333463e+02 3.473821833235897429e+02
3.509131003876858585e+02 3.518912103098537045e+02
3.554119862561211676e+02 3.564001908024333716e+02
3.599108721904194113e+02 3.609091252040526570e+02
3.644097582379345113e+02 3.654180141255160947e+02
3.689086442961808530e+02 3.699268577569123408e+02
3.734075301669429905e+02 3.744356566675213571e+02
3.779064160447543372e+02 3.789444112373608959e+02
3.824053019243202698e+02 3.834531219418646515e+02
3.869041877976111437e+02 3.879617889681969700e+02
3.914030736682126417e+02 3.924704128098272804e+02
3.959019596545609829e+02 3.969789939192357906e+02
4.004008455422718384e+02 4.014875326668247340e+02
4.048997316122929533e+02 4.059960294299527845e+02
4.093986176327950943e+02 4.105044846381179013e+02
4.138975035378463190e+02 4.150128984834326502e+02
4.183963894297957040e+02 4.195212714081226295e+02
4.228952754488609003e+02 4.240296037685092188e+02
4.273941613691591783e+02 4.285378958662582249e+02
4.318930474268434523e+02 4.330461481096153875e+02
4.363919333619236340e+02 4.375543607696957906e+02
4.408908192539593074e+02 4.420625342385765180e+02
4.453897051309207313e+02 4.465706690523785483e+02
4.498885911645337501e+02 4.510787652065595239e+02
4.543874772263206978e+02 4.555868231428440822e+02
4.588863633269903630e+02 4.600948431346432699e+02
4.633852492416573341e+02 4.646028256536055210e+02
4.678841351810393121e+02 4.691107710497515768e+02
4.723830210607177946e+02 4.736186793589442345e+02
4.768819069867382154e+02 4.781265510069114271e+02
4.813807930655403879e+02 4.826343864898947800e+02
4.858796791381116122e+02 4.871421858097286872e+02
4.903785650447607622e+02 4.916499493169707193e+02
4.948774509969826454e+02 4.961576773108457132e+02
4.993763370394851222e+02 5.006653703041063181e+02
5.038752229167670293e+02 5.051730283105981698e+02
5.083741087904450069e+02 5.096806517563296666e+02
5.128729947899030321e+02 5.141882409651871058e+02
5.173718808515918681e+02 5.186957961547230980e+02
5.218707670112875121e+02 5.232033173200537703e+02
5.263696530964657541e+02 5.277108051618857871e+02
5.308685392042455078e+02 5.322182597242059501e+02
5.353674253665001288e+02 5.367256813799244810e+02
5.398663113446085617e+02 5.412330702517969030e+02
5.443651974183112543e+02 5.457404267089955283e+02
5.488640834330251437e+02 5.502477508983450889e+02
5.533629693037594279e+02 5.547550429861981911e+02
5.578618553121374362e+02 5.592623033457675774e+02
5.623607411985686895e+02 5.637695321761824516e+02
5.668596272754567735e+02 5.682767298970936736e+02
5.713585134055828121e+02 5.727838964581885648e+02
5.758573993664365389e+02 5.772910322130213672e+02
