0.000000000000000000e+00 0.000000000000000000e+00
5.741946723722108459e+00 3.009605688967329939e+00
9.744105563679967830e+00 7.160776373693307661e+00
1.375763249473429894e+01 1.130964340196221229e+01
1.777840723107425447e+01 1.544921137093142427e+01
2.180535704558413457e+01 1.958279849430276798e+01
2.583563581850386726e+01 2.371275650994878248e+01
2.987243982769889783e+01 2.785109799924541107e+01
3.391075331156842054e+01 3.198692523975651270e+01
3.795417072269678727e+01 3.611755736533442018e+01
4.200145071796335827e+01 4.024603438911979936e+01
4.605321159678825893e+01 4.436489707562783025e+01
5.011153264889883729e+01 4.848738513350751589e+01
5.416860743655372801e+01 5.261539208704996184e+01
5.823198909497770615e+01 5.673212326408805239e+01
6.229403290665798920e+01 6.085453432253174810e+01
6.636159098098623588e+01 6.497487598304249445e+01
7.042821428204678114e+01 6.909444471300372470e+01
7.449920211187611585e+01 7.321411342054933868e+01
7.857287863950398332e+01 7.733058674602631299e+01
8.264744420573117623e+01 8.145003362429579852e+01
8.672322023731774721e+01 8.556557550041485172e+01
9.080021806831427966e+01 8.967827173568703358e+01
9.487523984826552237e+01 9.379044012135216235e+01
9.895159092705628723e+01 9.790654728788658190e+01
1.030319227139660825e+02 1.020208650154752519e+02
1.071101795322264962e+02 1.061356860310581993e+02
1.111927280744510824e+02 1.102472860637038252e+02
1.152720978755148451e+02 1.143567572996674642e+02
1.193523082123754904e+02 1.184689914896522254e+02
1.234364550199935593e+02 1.225764527521495495e+02
1.275209467422714624e+02 1.266866967731020281e+02
1.316064322329423817e+02 1.307981666352155798e+02
1.356894622725829720e+02 1.349076613795207038e+02
1.397757695093256984e+02 1.390136580694181134e+02
1.438623259689723568e+02 1.431235374075974676e+02
1.479489925573597873e+02 1.472295740230139245e+02
1.520330686338056125e+02 1.513336195951419541e+02
1.561210567436534120e+02 1.554292504442879306e+02
1.602101281309068099e+02 1.595338602376073993e+02
1.642982549156630512e+02 1.636411804753111028e+02
1.683837640530757085e+02 1.677475420225682967e+02
1.724694794461214542e+02 1.718502474459862697e+02
1.765585700907270734e+02 1.759570747592823636e+02
1.806481485327427947e+02 1.800635830012961947e+02
1.847381414405185751e+02 1.841685520165423497e+02
1.888247364622865803e+02 1.882747592277399917e+02
1.929117952523624808e+02 1.923800276962938085e+02
1.969987990035235725e+02 1.964741678910673386e+02
