0.000000000000000000e+00 0.000000000000000000e+00
5.741474708519602288e+00 3.009132653511268352e+00
9.746916515548971205e+00 7.160437180129443746e+00
1.376149986446587548e+01 1.129406423510286572e+01
1.777652680407812724e+01 1.543730701365132063e+01
2.180174877714651416e+01 1.957436285920577745e+01
2.583280647707339739e+01 2.370815615124008247e+01
2.986626302066443372e+01 2.783280982153307193e+01
3.390823825158845750e+01 3.196225916318793381e+01
3.795298127464849358e+01 3.609307065422014205e+01
4.200319966724550369e+01 4.022232072157586913e+01
4.605648213875149111e+01 4.435236477264984245e+01
5.010886086214860313e+01 4.848081673152533710e+01
5.416935554902511996e+01 5.260248704475984027e+01
5.822923527154303258e+01 5.672504469906880331e+01
6.229076148265043855e+01 6.085021212979991390e+01
6.635744856882182319e+01 6.496928854784124496e+01
7.042358049485341098e+01 6.908711405629071578e+01
7.449122211524172599e+01 7.320774919956852500e+01
7.856379760984478366e+01 7.732022488491337242e+01
8.263770725423660224e+01 8.143271552225797905e+01
8.671045010466228575e+01 8.554605783536918295e+01
9.078364915199423990e+01 8.966118887416760685e+01
9.485797232860323902e+01 9.377702802466527032e+01
9.893712934047582053e+01 9.789214091639573212e+01
1.030170051436670917e+02 1.020028951135732029e+02
1.070985058504571725e+02 1.061114686252981869e+02
1.111795600300012268e+02 1.102185071752636816e+02
1.152614577213333575e+02 1.143322878885514911e+02
1.193444610003378159e+02 1.184392888483901345e+02
1.234251716213984196e+02 1.225480505977328960e+02
1.275057507645113049e+02 1.266601933675091800e+02
1.315874524726168033e+02 1.307667573075307246e+02
1.356696661825621959e+02 1.348740825331164501e+02
1.397526617717859097e+02 1.389811284905705975e+02
1.438394807830439959e+02 1.430912939560209338e+02
1.479227272356625349e+02 1.472004717720656117e+02
1.520069409167866468e+02 1.513085969407838434e+02
1.560922901998711723e+02 1.554111561733344047e+02
1.601775411681119863e+02 1.595129965909773659e+02
1.642632874197418005e+02 1.636171569186803936e+02
1.683514165063411667e+02 1.677186984697480625e+02
1.724371374487265030e+02 1.718213485392390965e+02
1.765267684656411689e+02 1.759238647406911298e+02
1.806157954307574300e+02 1.800297004887790990e+02
1.847062437402937007e+02 1.841350282633375173e+02
1.887967695718301968e+02 1.882412225828958015e+02
1.928838457579011276e+02 1.923434190928658154e+02
1.969742790650946631e+02 1.964482994657851123e+02
