0.000000000000000000e+00 0.000000000000000000e+00
5.744277934422989951e+00 3.012554057934623941e+00
9.746087056086635059e+00 7.163815144987937700e+00
1.375709295331250992e+01 1.131242012604096558e+01
1.777776948461894690e+01 1.545589735312836410e+01
2.180429285069651968e+01 1.959888565877151478e+01
2.583366293759736720e+01 2.373822665290565226e+01
2.986882772499760463e+01 2.786638952381699852e+01
3.391237582353864610e+01 3.199647970714640621e+01
3.795621147012435870e+01 3.612695214713706093e+01
4.200752205110298121e+01 4.025779937084303128e+01
4.605965485560088979e+01 4.438471155110826061e+01
5.011777425113662332e+01 4.850713777310554065e+01
5.417946084482007052e+01 5.263132879471214665e+01
5.824028145650667909e+01 5.675224908507590271e+01
6.230265100407457624e+01 6.087376876083854427e+01
6.637020497954006260e+01 6.499494068991671725e+01
7.043755416653146995e+01 6.911555509525942398e+01
7.451013297992200535e+01 7.323143332787896043e+01
7.858436986402804791e+01 7.734955084501916645e+01
8.265597915829891917e+01 8.146819613870482613e+01
8.672912107212633259e+01 8.558323356364994083e+01
9.080740141381080832e+01 8.969900100235636842e+01
9.488291048345695344e+01 9.381064528950636827e+01
9.896155451769234901e+01 9.792419008157006033e+01
1.030396994323917284e+02 1.020382398206788821e+02
1.071210032301598289e+02 1.061494430114531582e+02
1.111992669455927683e+02 1.102635206338457010e+02
1.152787845989657569e+02 1.143758724564690965e+02
1.193593568221938881e+02 1.184811261527569570e+02
1.234407608381333716e+02 1.225930819330047967e+02
1.275259200623591482e+02 1.266997728181767684e+02
1.316082560439138831e+02 1.308058123548766503e+02
1.356913526145103788e+02 1.349151001295314245e+02
1.397753932488922999e+02 1.390245694435150483e+02
1.438591936721462048e+02 1.431300843675763019e+02
1.479433461349317440e+02 1.472386876768392199e+02
1.520311263756249787e+02 1.513462363193617932e+02
1.561188656744917580e+02 1.554508954140092101e+02
1.602045293779376607e+02 1.595554856298150526e+02
1.642898948470627261e+02 1.636612653451437893e+02
1.683760207753086888e+02 1.677648475946733129e+02
1.724653704170039248e+02 1.718674683148296936e+02
1.765555471623054018e+02 1.759701418500561090e+02
1.806420905736671330e+02 1.800761935477652287e+02
1.847278649172646965e+02 1.841783693671969218e+02
1.888173957500778215e+02 1.882788901514028339e+02
1.929047824134863447e+02 1.923811806290639765e+02
1.969916985608800815e+02 1.964832041826853697e+02
