0.000000000000000000e+00 0.000000000000000000e+00 0.000000000000000000e+00 0.000000000000000000e+00 0.000000000000000000e+00 0.000000000000000000e+00 0.000000000000000000e+00 0.000000000000000000e+00 0.000000000000000000e+00
0.000000000000000000e+00 3.048911439700533688e+00 3.048911439700533688e+00 3.048911439700533688e+00 3.048911439700533688e+00 3.048911439700533688e+00 3.048911439700533688e+00 3.048911439700533688e+00 3.048911439700533688e+00
0.000000000000000000e+00 5.175508617826460878e+00 6.097822877858547486e+00 6.097822877858547486e+00 6.097822877858547486e+00 6.097822877858547486e+00 6.097822877858547486e+00 6.097822877858547486e+00 6.097822877858547486e+00
0.000000000000000000e+00 6.793618187878982972e+00 8.843023060314060046e+00 9.146734317958255644e+00 9.146734317958255644e+00 9.146734317958255644e+00 9.146734317958255644e+00 9.146734317958255644e+00 9.146734317958255644e+00
0.000000000000000000e+00 8.093476931506716099e+00 1.124629412942932483e+01 1.209325161011804362e+01 1.219564577335096800e+01 1.219564577335096800e+01 1.219564577335096800e+01 1.219564577335096800e+01 1.219564577335096800e+01
0.000000000000000000e+00 9.176838780983981536e+00 1.334554020604743663e+01 1.486245673689690960e+01 1.520977403917968473e+01 1.524455722316045225e+01 1.524455722316045225e+01 1.524455722316045225e+01 1.524455722316045225e+01
0.000000000000000000e+00 1.010401420693695407e+01 1.519110361518826124e+01 1.742328366828530051e+01 1.814178215208972134e+01 1.828162299453371631e+01 1.829346868495897027e+01 1.829346868495897027e+01 1.829346868495897027e+01
0.000000000000000000e+00 1.091349987561515889e+01 1.682825805354470816e+01 1.977411033628825976e+01 2.095223967394481690e+01 2.128309713669002434e+01 2.133834256252225003e+01 2.134238014995847976e+01 2.134238014995847976e+01
0.000000000000000000e+00 1.163128335504864985e+01 1.829395527523404041e+01 2.192809636298490261e+01 2.361702227356872896e+01 2.422057630380398408e+01 2.436845412910405884e+01 2.438991501645941185e+01 2.439129163398594358e+01
0.000000000000000000e+00 1.227569226029683769e+01 1.961749620526661531e+01 2.390406233782288581e+01 2.612617582066027211e+01 2.706830095441033635e+01 2.736721702581679239e+01 2.743151419313841188e+01 2.743973371344616652e+01
0.000000000000000000e+00 1.286011382667854441e+01 2.082199922854101004e+01 2.572178351913257188e+01 2.847986925523445123e+01 2.980721427367866383e+01 3.031533278149306909e+01 3.045855284736244073e+01 3.048584322820156700e+01
0.000000000000000000e+00 1.339461212391554312e+01 2.192578874715665194e+01 2.739986734027529991e+01 3.068442523452218040e+01 3.242585371988967324e+01 3.319425411421572392e+01 3.345888681385102359e+01 3.352545819393859006e+01
0.000000000000000000e+00 1.388693684305870590e+01 2.294351392544484014e+01 2.895496411551388505e+01 3.274937137900667494e+01 3.491938314118509368e+01 3.598863679530096249e+01 3.641844786386177191e+01 3.655172519594094638e+01
0.000000000000000000e+00 1.434317807563900260e+01 2.388700385128316128e+01 3.040161210063591923e+01 3.468552727179159945e+01 3.728795458725397793e+01 3.868744300462048358e+01 3.932313957600275955e+01 3.955541473073917302e+01
0.000000000000000000e+00 1.476820587114194794e+01 2.476590926829706163e+01 3.175235878563077563e+01 3.650387116979703706e+01 3.953509090249444569e+01 4.128397447129002273e+01 4.216040927282361395e+01 4.252580553664844132e+01
0.000000000000000000e+00 1.516597392978192360e+01 2.558818329528729407e+01 3.301798324753713842e+01 3.821492256321913317e+01 4.166637132987149528e+01 4.377529089189158640e+01 4.492020729079057162e+01 4.545181235770633066e+01
0.000000000000000000e+00 1.553973472027745650e+01 2.636044296452666202e+01 3.420773896068920550e+01 3.982844271642819933e+01 4.368847039947483069e+01 4.616139366213135986e+01 4.759533719127818330e+01 4.832303479588793493e+01
