0.000000000000000000e+00 0.000000000000000000e+00 0.000000000000000000e+00 0.000000000000000000e+00 0.000000000000000000e+00 0.000000000000000000e+00 0.000000000000000000e+00 0.000000000000000000e+00 0.000000000000000000e+00
0.000000000000000000e+00 5.485521769249739776e+00 5.485521769249739776e+00 5.485521769249739776e+00 5.485521769249739776e+00 5.485521769249739776e+00 5.485521769249739776e+00 5.485521769249739776e+00 5.485521769249739776e+00
0.000000000000000000e+00 8.684490220940253025e+00 1.097104353769542584e+01 1.097104353769542584e+01 1.097104353769542584e+01 1.097104353769542584e+01 1.097104353769542584e+01 1.097104353769542584e+01 1.097104353769542584e+01
0.000000000000000000e+00 1.089261552697574587e+01 1.541590852241897025e+01 1.645656531035162118e+01 1.645656531035162118e+01 1.645656531035162118e+01 1.645656531035162118e+01 1.645656531035162118e+01 1.645656531035162118e+01
0.000000000000000000e+00 1.256231930438662303e+01 1.896303196013562342e+01 2.145355648495423040e+01 2.194208708092769200e+01 2.194208708092769200e+01 2.194208708092769200e+01 2.194208708092769200e+01 2.194208708092769200e+01
0.000000000000000000e+00 1.389810474251991934e+01 2.185240998133928514e+01 2.581151979536089414e+01 2.719523234220589814e+01 2.742760886216703398e+01 2.742760886216703398e+01 2.742760886216703398e+01 2.742760886216703398e+01
0.000000000000000000e+00 1.500815858388709678e+01 2.426428890180504183e+01 2.957351062656772456e+01 3.203658154366518573e+01 3.280193346029803791e+01 3.291313065800435567e+01 3.291313065800435567e+01 3.291313065800435567e+01
0.000000000000000000e+00 1.595610818810847498e+01 2.632196260460120740e+01 3.283453381341043098e+01 3.640618349436013546e+01 3.792578355512549848e+01 3.834529260285153640e+01 3.839865242325902273e+01 3.839865242325902273e+01
0.000000000000000000e+00 1.678233386550819617e+01 2.810977146965828410e+01 3.568751506635322102e+01 4.032029563758936064e+01 4.270623518254751616e+01 4.363094520633437412e+01 4.385853440501311695e+01 4.388417419530524199e+01
0.000000000000000000e+00 1.751397359927099018e+01 2.968669125957837096e+01 3.820960699695817198e+01 4.382663758112627050e+01 4.710863262022462550e+01 4.868115288324648304e+01 4.923513776415615695e+01 4.935736798003300407e+01
0.000000000000000000e+00 1.817009858615228168e+01 3.109506474513817764e+01 4.046169352871041980e+01 4.697982511078051004e+01 5.113887443082332140e+01 5.343800479718445473e+01 5.445755485116536931e+01 5.478425047391773717e+01
0.000000000000000000e+00 1.876459902377095190e+01 3.236608300781371383e+01 4.249119143843799407e+01 4.983100540567551207e+01 5.482381588612494028e+01 5.787748264627346373e+01 5.946421059666645448e+01 6.011378440751380481e+01
0.000000000000000000e+00 1.930789204588972297e+01 3.352326672351235004e+01 4.433509562936035309e+01 5.242455066369767280e+01 5.819816437146802457e+01 6.200071039230350323e+01 6.421473775944258477e+01 6.529150012216730659e+01
0.000000000000000000e+00 1.980798298174861927e+01 3.458472717914138883e+01 4.602250382267509821e+01 5.479772896909344837e+01 6.129740832677011042e+01 6.582372483861186652e+01 6.869074156918408391e+01 7.027198276900536200e+01
0.000000000000000000e+00 2.027115191943689609e+01 3.556467046850884373e+01 4.757654477668052095e+01 5.698144578631449519e+01 6.415456841027565815e+01 6.936971814033725536e+01 7.289092263032432584e+01 7.502495187031010460e+01
0.000000000000000000e+00 2.070241332751298557e+01 3.647442353536079906e+01 4.901581114020310537e+01 5.900125270690183754e+01 6.679901372156621164e+01 7.266417201524106417e+01 7.682511183879597638e+01 7.953544780601362163e+01
0.000000000000000000e+00 2.110583275053199515e+01 3.732314962204009845e+01 5.035541672834846594e+01 6.087831668531969598e+01 6.925628367442968170e+01 7.573216361039834510e+01 8.050932949896639457e+01 8.380087683759568051e+01
