2.347551762777964939e+02
1.980686704473784232e+02
2.815879091278118835e+02
1.993164319325324243e+02
2.286576754983545925e+02
1.958423261290610640e+02
1.823637402947683199e+02
2.101306941128553376e+02
1.721435332391099848e+02
2.780543273170962948e+02
2.128729270123059507e+02
2.399643819987509801e+02
1.497807537511873761e+02
2.575548034905802410e+02
2.105199608063702783e+02
2.318456328119928571e+02
2.679988443004667715e+02
2.419443516376215371e+02
1.962432074447043249e+02
2.077685649566928134e+02
2.067633555225849022e+02
2.563598956076649529e+02
2.217366582489810583e+02
2.716047240241927625e+02
2.684406527126155879e+02
1.719132877067954439e+02
2.208975818194856231e+02
2.229165062505790047e+02
2.659637331428762081e+02
2.527539405518139972e+02
2.684372523518024991e+02
2.571186146384956146e+02
2.365659944647945849e+02
2.484024076787616480e+02
2.679324745565724584e+02
2.687653671487264546e+02
2.128636630154035458e+02
2.547691622985476556e+02
1.734508758287397541e+02
1.981420894918843487e+02
2.100598304815981692e+02
2.080970797803832397e+02
2.696489322356421781e+02
2.524175787173519154e+02
2.206728599851310264e+02
1.857356933283855085e+02
2.129824796092338772e+02
1.967451824155772613e+02
2.177053615995752693e+02
2.191131083691125809e+02
1.720038042381279695e+02
2.228068968832575365e+02
2.291058428865676433e+02
2.198109193478055090e+02
2.313255518779045303e+02
2.539786578009990023e+02
2.344026595435216223e+02
2.693615424069272422e+02
1.727599356772214207e+02
1.978548206887082870e+02
2.446714877938313180e+02
2.539600041967571826e+02
2.214938087995673470e+02
2.461645152110478705e+02
2.430994251683109155e+02
1.994691518595781758e+02
2.173069435638516893e+02
2.806602343067218612e+02
2.099653633615514821e+02
2.654000171048405150e+02
1.373823815344262869e+02
2.539868590807642477e+02
2.704374539780375244e+02
2.200243433141417313e+02
1.993455668356708372e+02
2.183457663876006905e+02
2.065637393374045985e+02
2.468562191453707442e+02
2.118646071860614484e+02
2.402169856504421830e+02
2.120168623965958545e+02
2.209542314854222411e+02
2.242280172242028016e+02
2.376108344158761554e+02
2.552591668898509170e+02
2.113440361723942829e+02
2.582568170044236808e+02
1.985665632006677868e+02
2.314227089279702625e+02
2.544062925237736579e+02
2.347945353293705466e+02
2.159961066051195928e+02
2.461532120674346800e+02
2.713184357492977483e+02
1.758116686917865650e+02
2.436361885599303321e+02
2.210611191486363225e+02
2.684007012402079795e+02
2.697664456468174308e+02
2.134934968065105636e+02
