3.231753142730146351e+02
3.508111622600869168e+02
2.987761955212367297e+02
3.427308034012102667e+02
3.522530150888769072e+02
3.412204213183590582e+02
3.012545370265351039e+02
3.283724891355441287e+02
3.508583693251756586e+02
3.531656184683543529e+02
3.480145078127244460e+02
2.956399860331257514e+02
3.429050725832071294e+02
3.160141582748449878e+02
2.845390705412643229e+02
2.683330349381744213e+02
3.506263107815237277e+02
3.379309945318412929e+02
3.084065066135398752e+02
3.022465646212899060e+02
3.035892239131463270e+02
3.289975310502198340e+02
2.903221128325911309e+02
3.281281871995608412e+02
3.390871310137747514e+02
2.779609759515485621e+02
3.400339238951434595e+02
3.023252552633418304e+02
3.061961706115138782e+02
2.969929531248504304e+02
3.037125182984707976e+02
3.217542804688094975e+02
3.414764297347633146e+02
3.426151579943028196e+02
3.078706438339926876e+02
3.419185266659016520e+02
2.817740785277961777e+02
3.777547013915853995e+02
3.269245288213326148e+02
2.661944860948718201e+02
3.415566636688676567e+02
3.535363475894159251e+02
2.779499812788430972e+02
3.034812129438992088e+02
2.530941781320693167e+02
3.275800112408528548e+02
2.420767280036029092e+02
3.410082769687661539e+02
3.630086276952396247e+02
3.240655374735233636e+02
3.387722750118458634e+02
3.644015882122652670e+02
1.787915409261775039e+02
2.938220567341172114e+02
3.143498867324092885e+02
3.025860442847301215e+02
3.035798463334843404e+02
3.624175696762727625e+02
3.172447596968938797e+02
3.155587919274301498e+02
3.554727085599591874e+02
3.528326121938641791e+02
3.654043009891542511e+02
3.123261167576686148e+02
3.768162317419680107e+02
2.791432708803880587e+02
2.886235700584488768e+02
2.800945984955621952e+02
3.402276468515519809e+02
3.141384256803651738e+02
3.276618652161944283e+02
2.924948647672771358e+02
2.430595392884133332e+02
2.984257462174873581e+02
3.297816653787447194e+02
3.518707958660831423e+02
3.229199150446488602e+02
3.491675875188594773e+02
3.047302860087676208e+02
3.279449138331352174e+02
2.459639278743582338e+02
3.686757207770746163e+02
3.782064161698635303e+02
3.137934237387604526e+02
3.668060868379892554e+02
3.120171722568969130e+02
3.772338575955473061e+02
2.903389001874810447e+02
2.940521414237173872e+02
3.623441921036649660e+02
3.155061005523469362e+02
3.192020742253799312e+02
3.403134975316473856e+02
2.314177949848719322e+02
3.531598853895251864e+02
2.689153483309632975e+02
2.576594615569563871e+02
3.056311640032346304e+02
2.982769299024224097e+02
2.819385794025408813e+02
