4.110034699453744338e+02
5.179584993110755704e+02
4.776491632198475941e+02
5.948873662326269596e+02
5.167339124327672835e+02
5.151496564956011071e+02
5.386321582988031196e+02
4.873042158250699458e+02
4.377579119798015199e+02
5.001220279173616632e+02
5.592859402498597774e+02
5.059604574527693330e+02
4.914268611891002365e+02
5.175451082886347649e+02
4.522581752073903658e+02
4.417394891366813567e+02
4.626771654864220977e+02
5.642661804089874522e+02
5.290111269661374536e+02
4.421116803384746277e+02
4.776400323943994408e+02
5.794428358981789415e+02
4.632101490841885152e+02
5.289194353445551542e+02
4.528507799905679008e+02
5.664730789136445992e+02
5.531248614933681438e+02
4.548141301747222087e+02
5.070611782072751907e+02
4.918340738025823953e+02
5.532575031337150904e+02
5.668268521199835277e+02
5.792315316328568997e+02
5.155270708961062383e+02
6.206604275990428050e+02
4.631915397499992650e+02
5.717453538879799453e+02
5.668806247259188922e+02
5.795045309923975765e+02
5.771812358450881675e+02
4.787313131473692351e+02
4.823371127216593095e+02
5.492875230732523733e+02
5.824354171725083233e+02
5.181318890240620476e+02
4.887579029681183442e+02
5.451455529067153520e+02
5.385528410646511475e+02
5.293138414383892041e+02
4.637858638030767224e+02
5.935427178171661353e+02
5.035908769090835904e+02
5.048243196169006524e+02
6.060571324660347727e+02
5.983019085804025963e+02
5.563473209519928560e+02
5.663618892721974589e+02
5.329606125425204937e+02
5.175030021103306126e+02
5.169174211929685043e+02
5.204123585800491583e+02
5.048390221071095425e+02
4.890612833614559918e+02
4.793939736034861880e+02
5.444233219935518946e+02
6.096123386538472460e+02
5.550182462923235107e+02
5.041951932080238521e+02
5.016138614470471566e+02
4.138417044450000049e+02
4.907634164011447524e+02
5.416532202829137077e+02
4.777495859746290989e+02
5.682310496335130665e+02
5.281835336441275786e+02
4.108380242075058391e+02
5.774170916395823951e+02
4.512115424428695860e+02
5.715977208014647886e+02
4.622376819462096478e+02
6.320582934504612922e+02
4.739566139200682642e+02
4.914488107563819881e+02
5.720361407271240068e+02
5.009319321508747862e+02
5.451914881199178353e+02
6.215782753096034412e+02
5.203876210533433095e+02
5.329290246627302849e+02
4.903903592901128263e+02
5.175010555198185784e+02
4.650151670641938608e+02
5.547099554018442404e+02
5.191173556444125552e+02
5.627110792454052444e+02
5.031257039389614079e+02
5.513026063572677913e+02
5.555078358137965324e+02
5.035563987903463499e+02
4.618714929868672243e+02
