0.000000000000000000e+00 0.000000000000000000e+00
4.878450894645673053e+00 4.891638390881012377e+00
9.756901789488088284e+00 9.783202505245700564e+00
1.463535268483076734e+01 1.467469318484035234e+01
1.951380358380863456e+01 1.956611125463320633e+01
2.439225447952807002e+01 2.445745753110475817e+01
2.927070537534056172e+01 2.934873281341652174e+01
3.414915627378099572e+01 3.423993788647246816e+01
3.902760717457523754e+01 3.913107352762261115e+01
4.390605808654800057e+01 4.402214049301419863e+01
4.878450898197623076e+01 4.891313952481761618e+01
5.366295988326614008e+01 5.380407138415166912e+01
5.854141078426785327e+01 5.869493678171320994e+01
6.341986168777074795e+01 6.358573640326920895e+01
6.829831258465006272e+01 6.847647097225659252e+01
7.317676349093306953e+01 7.336714117781042432e+01
7.805521441481963052e+01 7.825774769825815724e+01
8.293366532339319974e+01 8.314829122146917939e+01
8.781211623635175556e+01 8.803877237256173771e+01
9.269056713391525193e+01 9.292919181067549061e+01
9.756901804457635308e+01 9.781955018628650578e+01
1.024474689664306197e+02 1.027098480990845673e+02
1.073259198630881031e+02 1.076000861958869450e+02
1.122043707760875009e+02 1.124902650705434581e+02
1.170828217039252479e+02 1.173803853182886314e+02
1.219612726273586105e+02 1.222704475327998921e+02
1.268397235665600959e+02 1.271604522792567309e+02
1.317181744996354951e+02 1.320504001742009450e+02
1.365966254431266691e+02 1.369402917555093495e+02
1.414750763697879847e+02 1.418301275342726342e+02
1.463535272878507669e+02 1.467199081374689627e+02
1.512319782128693078e+02 1.516096340414295867e+02
1.561104291212519115e+02 1.564993057900002214e+02
1.609888800762299468e+02 1.613889239318470459e+02
1.658673310053003433e+02 1.662784889660167948e+02
1.707457819064666751e+02 1.711680013973669929e+02
1.756242328259173746e+02 1.760574617322766358e+02
1.805026837497126735e+02 1.809468705076444053e+02
1.853811346659359742e+02 1.858362281455558218e+02
1.902595856034922974e+02 1.907255351344794860e+02
1.951380365812518392e+02 1.956147919982111603e+02
2.000164875441071217e+02 2.005039991668118091e+02
2.048949384458869361e+02 2.053931571020353317e+02
2.097733894139104791e+02 2.102822662335885866e+02
2.146518403881120776e+02 2.151713270225496615e+02
2.195302912995707629e+02 2.200603399345813500e+02
2.244087422337379962e+02 2.249493053745343047e+02
2.292871932184895627e+02 2.298382237778747310e+02
2.341656441409923843e+02 2.347270956261460810e+02
2.390440951218426733e+02 2.396159212526932833e+02
2.439225460512389247e+02 2.445047010998844144e+02
2.488009969706976676e+02 2.493934356368988006e+02
2.536794479358129024e+02 2.542821252152694456e+02
2.585578988923441557e+02 2.591707702195466823e+02
2.634363498037117779e+02 2.640593710382447057e+02
2.683148007154150605e+02 2.689479280097795595e+02
2.731932516829634210e+02 2.738364416296086574e+02
2.780717025964452773e+02 2.787249122275261470e+02
2.829501535074958838e+02 2.836133401650807286e+02
2.878286045103359356e+02 2.885017257599185427e+02
2.927070554193237513e+02 2.933900694414445525e+02
2.975855063873116819e+02 2.982783715482840989e+02
3.024639573994760440e+02 3.031666324110342430e+02
3.073424083090303611e+02 3.080548523903593150e+02
3.122208592184344980e+02 3.129430318139543488e+02
3.170993101275763593e+02 3.178311710643068295e+02
3.219777611342954060e+02 3.227192703918783536e+02
3.268562120491955056e+02 3.276073302380759742e+02
3.317346629565244029e+02 3.324953508932279647e+02
3.366131139497283584e+02 3.373833326430943202e+02
3.414915649768506682e+02 3.422712758058077043e+02
3.463700159938295542e+02 3.471591806935454088e+02
3.512484670192062595e+02 3.520470476585525148e+02
3.561269179691690852e+02 3.569348770028921081e+02
3.610053689518082933e+02 3.618226689408103312e+02
3.658838198897032044e+02 3.667104238410340713e+02
3.707622708748267542e+02 3.715981419994581074e+02
3.756407218161930359e+02 3.764858238120729084e+02
3.805191727518650850e+02 3.813734693853764952e+02
3.853976236594648412e+02 3.862610790111719439e+02
3.902760745645826432e+02 3.911486531376336870e+02
3.951545254991289085e+02 3.960361919076625554e+02
4.000329764374544084e+02 4.009236956267062055e+02
4.049114274849977164e+02 4.058111646163613386e+02
4.097898783920016967e+02 4.106985991383476744e+02
4.146683293338568319e+02 4.155859994561741360e+02
4.195467803339470265e+02 4.204733657600172592e+02
4.244252312420479711e+02 4.253606982606095812e+02
4.293036821571153041e+02 4.302479973795162778e+02
4.341821330819477680e+02 4.351352633408140491e+02
4.390605839975853542e+02 4.400224963132670268e+02
4.439390349217335370e+02 4.449096965581196628e+02
4.488174858312553397e+02 4.497968643383562721e+02
4.536959367363407409e+02 4.546839998993401082e+02
4.585743876626266342e+02 4.595711034504498684e+02
4.634528386341252144e+02 4.644581754616302760e+02
4.683312895472486161e+02 4.693452158241979646e+02
4.732097404573245285e+02 4.742322249079145990e+02
4.780881914154015249e+02 4.791192030811608902e+02
4.829666424480346905e+02 4.840061502675989686e+02
4.878450933599557970e+02 4.888930669027416798e+02
4.927235443297980737e+02 4.937799531366775909e+02
4.976019953505374360e+02 4.986668092314693013e+02
5.024804463032031663e+02 5.035536353958437985e+02
5.073588972278689653e+02 5.084404319217021566e+02
5.122373481810400335e+02 5.133271989132215367e+02
5.171157990936981150e+02 5.182139367367460636e+02
5.219942501531190828e+02 5.231006453550563720e+02
5.268727011018149824e+02 5.279873250373735800e+02
5.317511520037436412e+02 5.328739761514069642e+02
5.366296029373319243e+02 5.377605988122703593e+02
5.415080538887966668e+02 5.426471931220124816e+02
5.463865049975468082e+02 5.475337593372510128e+02
5.512649559976690625e+02 5.524202976486072885e+02
5.561434069819772503e+02 5.573068082992842847e+02
5.610218579690836123e+02 5.621932915338879866e+02
5.659003090210691198e+02 5.670797474532123488e+02
5.707787600987431915e+02 5.719661762022333278e+02
5.756572111462578505e+02 5.768525781200104348e+02
5.805356622493234227e+02 5.817389532445869236e+02
5.854141131608520254e+02 5.866253018022313199e+02
5.902925640702974306e+02 5.915116238974094358e+02
5.951710150917907640e+02 5.963979198445599650e+02
6.000494661761811130e+02 6.012841897641153537e+02
6.049279171511908544e+02 6.061704336790021443e+02
6.098063680627134318e+02 6.110566519923626174e+02
6.146848190855091616e+02 6.159428446769118182e+02
6.195632700799262693e+02 6.208290121623501818e+02
6.244417210643063072e+02 6.257151543681602561e+02
6.293201720316952787e+02 6.306012715560752895e+02
6.341986231097884001e+02 6.354873638391383111e+02
6.390770742465834928e+02 6.403734316288416721e+02
6.439555254050801523e+02 6.452594747150594685e+02
6.488339765353260873e+02 6.501454933666043416e+02
6.537124276405247656e+02 6.550314879470067808e+02
6.585908788242661558e+02 6.599174584282513933e+02
6.634693299380180633e+02 6.648034049588790140e+02
6.683477810627939562e+02 6.696893277631534147e+02
6.732262320622994594e+02 6.745752268613330216e+02
6.781046830530920033e+02 6.794611025901810990e+02
6.829831340354224949e+02 6.843469551360701644e+02
6.878615851853587628e+02 6.892327843304562975e+02
6.927400361031668581e+02 6.941185906047810477e+02
6.976184870234791333e+02 6.990043741681915890e+02
7.024969380065722362e+02 7.038901347937919581e+02
7.073753892171757798e+02 7.087758728442782967e+02
7.122538401468775646e+02 7.136615884846942208e+02
7.171322912449284104e+02 7.185472819217097822e+02
7.220107421480098537e+02 7.234329532305170005e+02
7.268891932036394792e+02 7.283186024607230138e+02
7.317676441423969891e+02 7.332042296712647840e+02
7.366460950494645203e+02 7.380898352902233910e+02
7.415245460607411587e+02 7.429754193374470788e+02
7.464029970447010101e+02 7.478609818519689725e+02
7.512814480750896564e+02 7.527465229212293707e+02
7.561598991605646916e+02 7.576320428118705195e+02
7.610383500788530000e+02 7.625175416936040165e+02
7.659168010489916014e+02 7.674030195147388440e+02
7.707952519961249891e+02 7.722884765024421085e+02
7.756737029580544913e+02 7.771739126551375421e+02
7.805521539502403812e+02 7.820593283205159878e+02
