0.000000000000000000e+00 0.000000000000000000e+00
4.876797919957274630e+00 4.894219506275871545e+00
9.753595840053204569e+00 9.788311344548242587e+00
1.463039376136543979e+01 1.468227739302074042e+01
1.950719168229147016e+01 1.957611947892542403e+01
2.438398960381313785e+01 2.446983940131889312e+01
2.926078752597801724e+01 2.936343891430283293e+01
3.413758544653307325e+01 3.425691973860875805e+01
3.901438336698714693e+01 3.915028355108103142e+01
4.389118128923081485e+01 4.404353200339120633e+01
4.876797921015177906e+01 4.893666669254436385e+01
5.364477713676166104e+01 5.382968920759739717e+01
5.852157506316989810e+01 5.872260110707237857e+01
6.339837299189798614e+01 6.361540387517427320e+01
6.827517091350915734e+01 6.850809900299421429e+01
7.315196885622485468e+01 7.340068794471042679e+01
7.802876677828052721e+01 7.829317212969634454e+01
8.290556471665436788e+01 8.318555294651082477e+01
8.778236265536389737e+01 8.807783178021884396e+01
9.265916057883032408e+01 9.297000992856084167e+01
9.753595850577127635e+01 9.786208873139391073e+01
1.024127564348728470e+02 1.027540694569395043e+02
1.072895543679704247e+02 1.076459534020477520e+02
1.121663523063604941e+02 1.125377417851290431e+02
1.170431502482968256e+02 1.174294358155036662e+02
1.219199481966604708e+02 1.223210366881993281e+02
1.267967461667836488e+02 1.272125455571834891e+02
1.316735441006893552e+02 1.321039636143240159e+02
1.365503420735028612e+02 1.369952919637080981e+02
1.414271400258016911e+02 1.418865316945567372e+02
1.463039379505227373e+02 1.467776838590325497e+02
1.511807359130634723e+02 1.516687495871272517e+02
1.560575338955898133e+02 1.565597298735032723e+02
1.609343318765012896e+02 1.614506257754551655e+02
1.658111298354249072e+02 1.663414382988769376e+02
1.706879277626518387e+02 1.712321684406146005e+02
1.755647256901959850e+02 1.761228171424168920e+02
1.804415236360727022e+02 1.810133853861651119e+02
1.853183216121359465e+02 1.859038740951336592e+02
1.901951195473928351e+02 1.907942841955708104e+02
1.950719175092825139e+02 1.956846166265520424e+02
1.999487154726383835e+02 2.005748722453937773e+02
2.048255134588045507e+02 2.054650518998623738e+02
2.097023114519925571e+02 2.103551564970156278e+02
2.145791094511725987e+02 2.152451869043709962e+02
2.194559073981154711e+02 2.201351439218242945e+02
2.243327053431613081e+02 2.250250283575291519e+02
2.292095032728583419e+02 2.299148409917623894e+02
2.340863012761709854e+02 2.348045825822163124e+02
2.389630992845964670e+02 2.396942540129053327e+02
2.438398972740260433e+02 2.445838560095809271e+02
2.487166952295662554e+02 2.494733893129481430e+02
2.535934931654470574e+02 2.543628546692072518e+02
2.584702911564311876e+02 2.592522527241401917e+02
2.633470890908386650e+02 2.641415843324206207e+02
2.682238870299855193e+02 2.690308501347406036e+02
2.731006849670505972e+02 2.739200508353558234e+02
2.779774829839506083e+02 2.788091870744907510e+02
2.828542809203033244e+02 2.836982595366101805e+02
2.877310788557534806e+02 2.885872689754637008e+02
2.926078768899047873e+02 2.934762159377195303e+02
2.974846748239104954e+02 2.983651011063726628e+02
3.023614727498438697e+02 3.032539251086204786e+02
3.072382707074928021e+02 3.081426885565822431e+02
3.121150686422507192e+02 3.130313920109871901e+02
3.169918666088419172e+02 3.179200361929962924e+02
3.218686645391383081e+02 3.228086215651113093e+02
3.267454624725189660e+02 3.276971488687064493e+02
3.316222604051844769e+02 3.325856185856707157e+02
3.364990583433848883e+02 3.374740312135270415e+02
3.413758563569026592e+02 3.423623874092016308e+02
3.462526542914448555e+02 3.472506877294941319e+02
3.511294523418101790e+02 3.521389326415261394e+02
3.560062503188157734e+02 3.570271227783900940e+02
3.608830482489123597e+02 3.619152585977910803e+02
3.657598461792893545e+02 3.668033406871400075e+02
3.706366441383237316e+02 3.716913695000951066e+02
3.755134421022503943e+02 3.765793454848236479e+02
3.803902400642050452e+02 3.814672691825533093e+02
3.852670380297204247e+02 3.863551411036499985e+02
3.901438359854180362e+02 3.912429618577052679e+02
3.950206339377295421e+02 3.961307317412681073e+02
3.998974319038478598e+02 4.010184513333573477e+02
4.047742299733788514e+02 4.059061209259230054e+02
4.096510280471405849e+02 4.107937411795389835e+02
4.145278261205448302e+02 4.156813125344843911e+02
4.194046241897748928e+02 4.205688352362831779e+02
4.242814221218505963e+02 4.254563099193900371e+02
4.291582200621335232e+02 4.303437369613113788e+02
4.340350180123695054e+02 4.352311167997061148e+02
4.389118159710347413e+02 4.401184497935465743e+02
4.437886139300364334e+02 4.450057363827523886e+02
4.486654118648347094e+02 4.498929770198947722e+02
4.535422098591513986e+02 4.547801720480771337e+02
4.584190078901633001e+02 4.596673218512102039e+02
4.632958059512226328e+02 4.645544269686173493e+02
4.681726038908225860e+02 4.694414876020716179e+02
4.730494018260851590e+02 4.743285042293862830e+02
4.779261998043421045e+02 4.792154773706258766e+02
4.828029978560853124e+02 4.841024071386601690e+02
4.876797957934702481e+02 4.889892940455439430e+02
4.925565937859153678e+02 4.938761384473147587e+02
4.974333918597328648e+02 4.987629406927104583e+02
5.023101898461774226e+02 5.036497011265540777e+02
5.071869878051589922e+02 5.085364200965370856e+02
5.120637859040374451e+02 5.134230980192837706e+02
5.169405838412238836e+02 5.183097351378863777e+02
5.218173819463850123e+02 5.231963318396888099e+02
5.266941799207911572e+02 5.280828884110142099e+02
5.315709778623387365e+02 5.329694054102435530e+02
5.364477758337526438e+02 5.378558828514542256e+02
5.413245738148991677e+02 5.427423211603486379e+02
5.462013719542602530e+02 5.476287206472766229e+02
5.510781699827866760e+02 5.525150816666348419e+02
5.559549681342916756e+02 5.574014045173706791e+02
5.608317661434773527e+02 5.622876895870915632e+02
5.657085642203148836e+02 5.671739370806199076e+02
5.705853623225987121e+02 5.720601473457554675e+02
5.754621603984343210e+02 5.769463206377070037e+02
5.803389585440992278e+02 5.818324572341755356e+02
5.852157564854940119e+02 5.867185573659771762e+02
5.900925545382556265e+02 5.916046213742936288e+02
5.949693524742185673e+02 5.964906495532152348e+02
5.998461505881878111e+02 6.013766422826248572e+02
6.047229485742489032e+02 6.062625997875670691e+02
6.095997467085985591e+02 6.111485222271530802e+02
6.144765447628568609e+02 6.160344098346762394e+02
6.193533428756174999e+02 6.209202631512654307e+02
6.242301408047317182e+02 6.258060822126985840e+02
6.291069387664633723e+02 6.306918672305845348e+02
6.339837368734405345e+02 6.355776186398031768e+02
6.388605350337176105e+02 6.404633366909290544e+02
6.437373332186252810e+02 6.453490213955640229e+02
6.486141313753339546e+02 6.502346731472214287e+02
6.534909295134281138e+02 6.551202924078284013e+02
6.583677276608666489e+02 6.600058791000865313e+02
6.632445257998999750e+02 6.648914334837911611e+02
6.681213237419151483e+02 6.697769559651724194e+02
6.729981219639909114e+02 6.746624466634823420e+02
6.778749199946853423e+02 6.795479059764007843e+02
6.827517180471127176e+02 6.844333339133117988e+02
6.876285159886540441e+02 6.893187307883144967e+02
6.925053139959152304e+02 6.942040970221650014e+02
6.973821120029666645e+02 6.990894325081333136e+02
7.022589099548181366e+02 7.039747375445483613e+02
7.071357079044989860e+02 7.088600126239223300e+02
7.120125060884818140e+02 7.137452578387340054e+02
7.168893042032600533e+02 7.186304731818800065e+02
7.217661021733931648e+02 7.235156588792738148e+02
7.266429001587328003e+02 7.284008154223520251e+02
7.315196982848335665e+02 7.332859429509537676e+02
7.363964962150855627e+02 7.381710415502457181e+02
7.412732942539732903e+02 7.430561113054636735e+02
7.461500922153245483e+02 7.479411526628425690e+02
7.510268901531305801e+02 7.528261656750263455e+02
7.559036882690063521e+02 7.577111505253717496e+02
7.607804862109740043e+02 7.625961074000892950e+02
7.656572842076620873e+02 7.674810366428881707e+02
7.705340821798455408e+02 7.723659381777604267e+02
7.754108801535135171e+02 7.772508125872005849e+02
7.802876781390805263e+02 7.821356598449744979e+02
