0.000000000000000000e+00 0.000000000000000000e+00
4.879850737904174451e+00 4.891638390728831887e+00
9.759701476572040235e+00 9.783217413590319822e+00
1.463955221578867238e+01 1.467473767080025482e+01
1.951940295420800098e+01 1.956619975242508502e+01
2.439925370133458671e+01 2.445760424560775803e+01
2.927910444550339975e+01 2.934895172344096181e+01
3.415895518403408460e+01 3.424024275394523897e+01
3.903880592210469302e+01 3.913147789682838606e+01
4.391865666581989558e+01 4.402265770249599797e+01
4.879850740396493336e+01 4.891378269780590671e+01
5.367835814873768641e+01 5.380485344346902110e+01
5.855820888830579918e+01 5.869587044962361233e+01
6.343805963529437264e+01 6.358683422089625736e+01
6.831791037614048889e+01 6.847774528751179446e+01
7.319776112553194025e+01 7.336860414873871150e+01
7.807761186731784164e+01 7.825941130326526718e+01
8.295746263709170876e+01 8.315016723278361610e+01
8.783731339345358435e+01 8.804087242667489477e+01
9.271716413365868448e+01 9.293152735489718452e+01
9.759701488606793873e+01 9.782213249191532611e+01
1.024768656453329072e+02 1.027126882830082906e+02
1.073567163878939965e+02 1.076031952181638474e+02
1.122365671535179956e+02 1.124936537260370528e+02
1.171164179097808073e+02 1.173840642459633727e+02
1.219962686766573370e+02 1.222744272185516650e+02
1.268761194582922371e+02 1.271647430594504158e+02
1.317559702479108239e+02 1.320550122380986409e+02
1.366358210077018782e+02 1.369452351092579931e+02
1.415156717753727094e+02 1.418354121277551769e+02
1.463955225684220807e+02 1.467255437167935099e+02
1.512753733194633128e+02 1.516156302468530157e+02
1.561552241198518800e+02 1.565056721349880604e+02
1.610350749182364041e+02 1.613956697608230684e+02
1.659149256994197117e+02 1.662856235217063841e+02
1.707947764447606005e+02 1.711755338015829579e+02
1.756746272520004766e+02 1.760654010018186852e+02
1.805544780153491047e+02 1.809552254299406968e+02
1.854343287912249139e+02 1.858450074898754849e+02
1.903141795609772657e+02 1.907347475765269280e+02
1.951940303817852964e+02 1.956244460026880461e+02
2.000738811879367063e+02 2.005141030975292438e+02
2.049537319925977954e+02 2.054037192518759412e+02
2.098335828079836460e+02 2.102932948313161887e+02
2.147134336257037717e+02 2.151828301708990807e+02
2.195932843812074111e+02 2.200723255585745903e+02
2.244731351537004116e+02 2.249617813924217558e+02
2.293529859244200679e+02 2.298511979046085116e+02
2.342328367456942431e+02 2.347405754411813632e+02
2.391126875421655882e+02 2.396299144267937891e+02
2.439925383089025956e+02 2.445192150975269954e+02
2.488723890631731877e+02 2.494084777067969299e+02
2.537522398170188183e+02 2.542977027032630417e+02
2.586320905986032130e+02 2.591868903163323239e+02
2.635119413533133184e+02 2.640760408259606606e+02
2.683917921027397142e+02 2.689651545525641723e+02
2.732716428577595593e+02 2.738542316999366903e+02
2.781514936125840904e+02 2.787432726536995915e+02
2.830313444457767673e+02 2.836322777069008794e+02
2.879111952152229605e+02 2.885212471469811817e+02
2.927910460035395772e+02 2.934101811715592021e+02
2.976708968362036103e+02 2.982990801719842011e+02
3.025507475939194819e+02 3.031879443776780363e+02
3.074305984193023278e+02 3.080767740449778103e+02
3.123104491720528131e+02 3.129655694188404595e+02
3.171902999179168319e+02 3.178543308119425319e+02
3.220701506652848138e+02 3.227430584488097338e+02
3.269500015000566577e+02 3.276317526136825791e+02
3.318298522506847235e+02 3.325204135274570945e+02
3.367097031269106537e+02 3.374090414838879610e+02
3.415895538802230931e+02 3.422976366207271326e+02
3.464694046325785166e+02 3.471861993028875304e+02
3.513492555023761383e+02 3.520747297556400781e+02
3.562291063018970476e+02 3.569632282333108719e+02
3.611089570498539842e+02 3.618516948921735548e+02
3.659888078017737598e+02 3.667401300123613623e+02
3.708686585790771915e+02 3.716285337912894420e+02
3.757485093686240702e+02 3.765169065152164194e+02
3.806283601583670020e+02 3.814052484248749124e+02
3.855082110590892057e+02 3.862935596535010632e+02
3.903880618713918693e+02 3.911818406354162789e+02
3.952679126889472059e+02 3.960700914335699281e+02
4.001477634740317626e+02 4.009583122493513656e+02
4.050276143690254003e+02 4.058465031955744280e+02
4.099074651637783973e+02 4.107346646900430756e+02
4.147873160056412871e+02 4.156227968534319075e+02
4.196671668231057311e+02 4.205108999196012860e+02
4.245470176367568342e+02 4.253989741499259480e+02
4.294268683952357151e+02 4.302870196013597024e+02
4.343067191634968935e+02 4.351750366365795912e+02
4.391865699221420982e+02 4.400630252867974832e+02
4.440664206782386145e+02 4.449509858129645181e+02
4.489462714310566298e+02 4.498389184585142289e+02
4.538261222796637071e+02 4.547268233625823086e+02
4.587059730371890396e+02 4.596147006939768858e+02
4.635858239133262941e+02 4.645025507192921168e+02
4.684656746709334811e+02 4.693903736588741822e+02
4.733455254462811581e+02 4.742781695486302169e+02
4.782253762390164411e+02 4.791659387134864119e+02
4.831052269871187264e+02 4.840536812368249002e+02
4.879850778207500639e+02 4.889413974353382173e+02
4.928649286381837555e+02 4.938290873704284536e+02
4.977447794246069179e+02 4.987167512300633234e+02
5.026246302144214724e+02 5.036043892094943430e+02
5.075044810117699967e+02 5.084920014648180313e+02
5.123843317626949556e+02 5.133795883348324196e+02
5.172641825173488996e+02 5.182671496812070018e+02
5.221440334040814832e+02 5.231546858209885613e+02
5.270238842002399906e+02 5.280421969342210105e+02
5.319037351096043267e+02 5.329296832208426622e+02
5.367835858796102002e+02 5.378171447918111880e+02
5.416634366469793349e+02 5.427045817938646906e+02
5.465432875956138332e+02 5.475919944272860675e+02
5.514231384432897585e+02 5.524793827741286805e+02
5.563029892921626924e+02 5.573667470783666431e+02
5.611828401256489087e+02 5.622540875679965211e+02
5.660626910234298066e+02 5.671414042698313551e+02
5.709425419451304151e+02 5.720286973005706841e+02
5.758223928332429296e+02 5.769159669780876811e+02
5.807022437568268742e+02 5.818032133081410393e+02
5.855820945936789030e+02 5.866904363902317527e+02
5.904619453465405741e+02 5.915776364745620413e+02
5.953417962327025634e+02 5.964648138109535012e+02
6.002216471548006211e+02 6.013519683408644596e+02
6.051014981197885163e+02 6.062391001822110184e+02
6.099813488733179838e+02 6.111262097093756438e+02
6.148611997306491048e+02 6.160132969703946628e+02
6.197410505233330014e+02 6.209003620254652560e+02
6.246209013363554732e+02 6.257874049443705644e+02
6.295007520901151565e+02 6.306744259418659340e+02
6.343806030044875115e+02 6.355614252604094645e+02
6.392604539885480790e+02 6.404484027990001778e+02
6.441403049902652356e+02 6.453353588841307555e+02
6.490201559635620470e+02 6.502222935686841083e+02
6.539000069065698426e+02 6.551092070326117209e+02
6.587798577246355762e+02 6.599960994489713357e+02
6.636597086803512866e+02 6.648829710234660979e+02
6.685395595468994543e+02 6.697698215579505359e+02
6.734194105334208871e+02 6.746566512834126570e+02
6.782992614150680311e+02 6.795434604534905247e+02
6.831791122384972823e+02 6.844302490825831455e+02
6.880589629956723456e+02 6.893170175514424045e+02
6.929388138298367039e+02 6.942037657161439483e+02
6.978186647718314362e+02 6.990904936345417582e+02
7.026985156085618200e+02 7.039772014918553396e+02
7.075783663783898874e+02 7.088638895102637889e+02
7.124582171970259878e+02 7.137505579138947951e+02
7.173380682384032525e+02 7.186372066534339638e+02
7.222179190577685404e+02 7.235238358889807841e+02
7.270977698163234209e+02 7.284104456135790997e+02
7.319776205642356217e+02 7.332970360619852954e+02
7.368574713124545497e+02 7.381836072244336719e+02
7.417373221648376784e+02 7.430701592063446697e+02
7.466171730467312955e+02 7.479566924089365330e+02
7.514970240868270821e+02 7.528432067298647326e+02
7.563768750130758463e+02 7.577297023065503936e+02
7.612567257822307738e+02 7.626161791642657590e+02
7.661365765945138264e+02 7.675026374723870504e+02
7.710164273845327898e+02 7.723890771959323729e+02
7.758962781776028805e+02 7.772754987091194607e+02
7.807761289830074247e+02 7.821619019822039718e+02
