0.000000000000000000e+00 0.000000000000000000e+00
4.876692411650101810e+00 4.895474619662315341e+00
9.753384823232833511e+00 9.790801847496798160e+00
1.463007723400475868e+01 1.468598400306525598e+01
1.950676965183703970e+01 1.958102334095608299e+01
2.438346206265908478e+01 2.447592207092634453e+01
2.926015447497554334e+01 2.937068235075896894e+01
3.413684689075453349e+01 3.426530628908675169e+01
3.901353930526839520e+01 3.915979594528260321e+01
4.389023171716240057e+01 4.405415333684408097e+01
4.876692413027939210e+01 4.894838042132020917e+01
5.364361654733995266e+01 5.384247914483636777e+01
5.852030896404369997e+01 5.873645137460324861e+01
6.339700138936832730e+01 6.363029895139428049e+01
6.827369380132429910e+01 6.852402366463127237e+01
7.315038622295266180e+01 7.341762729402137211e+01
7.802707865513647789e+01 7.831111157150294844e+01
8.290377109935931799e+01 8.320447815353432475e+01
8.778046352850687128e+01 8.809772871041722908e+01
9.265715594815264922e+01 9.299086485980913608e+01
9.753384839281264362e+01 9.788388818907807831e+01
1.024105408265883455e+02 1.027768002285221485e+02
1.072872332501234069e+02 1.076696025333318687e+02
1.121639256789521113e+02 1.125622965705776295e+02
1.170406180999396781e+02 1.174548837932010485e+02
1.219173105383539735e+02 1.223473656335944213e+02
1.267940029995870646e+02 1.272397434839921146e+02
1.316706954270331096e+02 1.321320187474487966e+02
1.365473878770251872e+02 1.370241927376374917e+02
1.414240803030217819e+02 1.419162667798447046e+02
1.463007727175479147e+02 1.468082421572826206e+02
1.511774651352461376e+02 1.517001201634071208e+02
1.560541576079774018e+02 1.565919020082499173e+02
1.609308500793424628e+02 1.614835889225456071e+02
1.658075425288027418e+02 1.663751821226271659e+02
1.706842349562250263e+02 1.712666827692145546e+02
1.755609273740777780e+02 1.761580920140826834e+02
1.804376198103970523e+02 1.810494109995835856e+02
1.853143122783536114e+02 1.859406408714208396e+02
1.901910047371712835e+02 1.908317826215167941e+02
1.950676971662020946e+02 1.957228374031829503e+02
1.999443896448638611e+02 2.006138062180382633e+02
2.048210821215061799e+02 2.055046901054900559e+02
2.096977746050919507e+02 2.103954900910120216e+02
2.145744670946701262e+02 2.152862071743820707e+02
2.194511595918849025e+02 2.201768423013104439e+02
2.243278520772271634e+02 2.250673964542675662e+02
2.292045445361960390e+02 2.299578706100338081e+02
2.340812370419214687e+02 2.348482656973367853e+02
2.389579295008171016e+02 2.397385825720699017e+02
2.438346219464329181e+02 2.446288221189552701e+02
2.487113144378732272e+02 2.495189852841034508e+02
2.535880068640805689e+02 2.544090728969383690e+02
2.584646993820283001e+02 2.592990858010803095e+02
2.633413918066343058e+02 2.641890248276753255e+02
2.682180842350107355e+02 2.690788907999351522e+02
2.730947766611043335e+02 2.739686845577532495e+02
2.779714691042247523e+02 2.788584068383122485e+02
2.828481615368934854e+02 2.837480584532740977e+02
2.877248540037668363e+02 2.886376401342923828e+02
2.926015464284735685e+02 2.935271526792182613e+02
2.974782388940710689e+02 2.984165968677889396e+02
3.023549314299932007e+02 3.033059733880863860e+02
3.072316238698753068e+02 3.081952829635470152e+02
3.121083162949979055e+02 3.130845262797262194e+02
3.169850088084785966e+02 3.179737040664181222e+02
3.218617012328663805e+02 3.228628170309057737e+02
3.267383937092720885e+02 3.277518657767906234e+02
3.316150862002919553e+02 3.326408510664068672e+02
3.364917787348183538e+02 3.375297734905481093e+02
3.413684712267570376e+02 3.424186336115713516e+02
3.462451636514377924e+02 3.473074322522711554e+02
3.511218561930037367e+02 3.521961699292819503e+02
3.559985486601663638e+02 3.570848472492855308e+02
3.608752410805644217e+02 3.619734647880110288e+02
3.657519335015710453e+02 3.668620231974344961e+02
3.706286259626044739e+02 3.717505230597993204e+02
3.755053184166833944e+02 3.766389648978752120e+02
3.803820108698848799e+02 3.815273494682808746e+02
3.852587032931269277e+02 3.864156771850157952e+02
3.901353957681691327e+02 3.913039486691013735e+02
3.950120882111875744e+02 3.961921642898618074e+02
3.998887806676276000e+02 4.010803247298777023e+02
4.047654732271478224e+02 4.059684305877524366e+02
4.096421656476007911e+02 4.108564822206031408e+02
4.145188581103298020e+02 4.157444802206097165e+02
4.193955506726952080e+02 4.206324251857966487e+02
4.242722432422283418e+02 4.255203174206208132e+02
4.291489356728656048e+02 4.304081576137722891e+02
4.340256281134553547e+02 4.352959461335452716e+02
4.389023205451812828e+02 4.401836835072215308e+02
4.437790129736665108e+02 4.450713701962708910e+02
4.486557054516689504e+02 4.499590067024764153e+02
4.535323979193786954e+02 4.548465933831489565e+02
4.584090903490839537e+02 4.597341307102584551e+02
4.632857828957230595e+02 4.646216192815313661e+02
4.681624753252672235e+02 4.695090593346227479e+02
4.730391677508546309e+02 4.743964515275762324e+02
4.779158602107100933e+02 4.792837961360911549e+02
4.827925527518345916e+02 4.841710936814497472e+02
4.876692452401692890e+02 4.890583444674468865e+02
4.925459377246160102e+02 4.939455488696638099e+02
4.974226301453163614e+02 4.988327074754568571e+02
5.022993226225074181e+02 5.037198205605612884e+02
5.071760151254068774e+02 5.086068885856425936e+02
5.120527075749268988e+02 5.134939118847498776e+02
5.169294000041059007e+02 5.183808908939632829e+02
5.218060926005348392e+02 5.232678260331063029e+02
5.266827850660276908e+02 5.281547175412536035e+02
5.315594774836885108e+02 5.330415658447923306e+02
5.364361700138458673e+02 5.379283713846493811e+02
5.413128624548969583e+02 5.428151344561853193e+02
5.461895550850997552e+02 5.477018554164139914e+02
5.510662476041595710e+02 5.525885346176653456e+02
5.559429400368489951e+02 5.574751724614694695e+02
5.608196324729076423e+02 5.623617693476724071e+02
5.656963250401827281e+02 5.672483255042609471e+02
5.705730176330871473e+02 5.721348413980508667e+02
5.754497101995564208e+02 5.770213170659237676e+02
5.803264028409519142e+02 5.819077531001946681e+02
5.852030952700856687e+02 5.867941498298218903e+02
5.900797877429955633e+02 5.916805075049351217e+02
5.949564803193164835e+02 5.965668262149188195e+02
5.998331729229256553e+02 6.014531065906630829e+02
6.047098653631151137e+02 6.063393488922334882e+02
6.095865578284387993e+02 6.112255531643007771e+02
6.144632503735726914e+02 6.161117199474970221e+02
6.193399430182639662e+02 6.209978497058309586e+02
6.242166354425004329e+02 6.258839423890896114e+02
6.290933278722111481e+02 6.307699983667025663e+02
6.339700204699435062e+02 6.356560179759790117e+02
6.388467131210027219e+02 6.405420016782322818e+02
6.437234057966483078e+02 6.454279494688914838e+02
6.486000984437425814e+02 6.503138616617557091e+02
6.534767910729185587e+02 6.551997387745387869e+02
6.583534837076053918e+02 6.600855808890269145e+02
6.632301763487440667e+02 6.649713883897263713e+02
6.681068688283296524e+02 6.698571612338531622e+02
6.729835612434640097e+02 6.747428998665004656e+02
6.778602537655241349e+02 6.796286046355302233e+02
6.827369464804878589e+02 6.845142756793918579e+02
6.876136389093841217e+02 6.893999133606739633e+02
6.924903313626545014e+02 6.942855178876870923e+02
6.973670237998293260e+02 6.991710896650461109e+02
7.022437162404036144e+02 7.040566284866579281e+02
7.071204089575957141e+02 7.089421349469546385e+02
7.119971013974065954e+02 7.138276092021574186e+02
7.168737940625601368e+02 7.187130515228257082e+02
7.217504868006394645e+02 7.235984622251196470e+02
7.266271792219292820e+02 7.284838414160641378e+02
7.315038717621923752e+02 7.333691894171865897e+02
7.363805644891308475e+02 7.382545063683708122e+02
7.412572570187205656e+02 7.431397925054732241e+02
7.461339495654585789e+02 7.480250478208115510e+02
7.510106420227322133e+02 7.529102729284022644e+02
7.558873346287547292e+02 7.577954677819609515e+02
7.607640270650366574e+02 7.626806326189190486e+02
7.656407195519175275e+02 7.675657679045007171e+02
7.705174120143332175e+02 7.724508736458149087e+02
7.753941044785015038e+02 7.773359501159379761e+02
7.802707972004737940e+02 7.822209974893833078e+02
