0.000000000000000000e+00 0.000000000000000000e+00
4.877005541247880771e+00 4.891812331459515661e+00
9.754011084888851713e+00 9.783531304083629365e+00
1.463101662639368250e+01 1.467515810277133781e+01
1.950802217093716351e+01 1.956669388224964123e+01
2.438502771575968708e+01 2.445813978990361193e+01
2.926203325800690180e+01 2.934949693304292850e+01
3.413903880114399669e+01 3.424076641343799565e+01
3.901604435619559297e+01 3.913194930889077483e+01
4.389304989873186713e+01 4.402304667346925271e+01
4.877005544099499446e+01 4.891405953763735681e+01
5.364706098915167587e+01 5.380498894509061358e+01
5.852406653695536676e+01 5.869583586434210076e+01
6.340107208695148699e+01 6.358660128702658199e+01
6.827807762988084050e+01 6.847728618334437556e+01
7.315508318233418095e+01 7.336789149820899070e+01
7.803208873690172709e+01 7.825841817519481936e+01
8.290909428111586976e+01 8.314886712259684032e+01
8.778609984112921438e+01 8.803923923492848758e+01
9.266310539429488813e+01 9.292953537885047410e+01
9.754011094461330345e+01 9.781975644167371797e+01
1.024171164902400051e+02 1.027099032591722221e+02
1.072941220324885876e+02 1.075999767015135973e+02
1.121711275920532671e+02 1.124899775739843193e+02
1.170481331569593522e+02 1.173799066821388237e+02
1.219251387269384281e+02 1.222697648258254617e+02
1.268021442777653789e+02 1.271595527755967225e+02
1.316791498396642339e+02 1.320492713457828700e+02
1.365561553970712509e+02 1.369389212683457231e+02
1.414331609600597517e+02 1.418285032681586983e+02
1.463101665050647853e+02 1.467180181026564298e+02
1.511871720684290494e+02 1.516074664551478008e+02
1.560641776374326639e+02 1.564968491166714557e+02
1.609411832393589634e+02 1.613861667106320965e+02
1.658181888190715370e+02 1.662754199402200470e+02
1.706951943979673274e+02 1.711646094907614497e+02
1.755722000151404529e+02 1.760537360375176661e+02
1.804492055820040548e+02 1.809428002257181447e+02
1.853262111746602727e+02 1.858318027511614332e+02
1.902032167503434152e+02 1.907207441432529436e+02
1.950802223686722812e+02 1.956096251102933365e+02
1.999572279782279622e+02 2.004984462665871092e+02
2.048342335857582270e+02 2.053872082132708101e+02
2.097112392002012484e+02 2.102759115292946035e+02
2.145882448207277093e+02 2.151645568019601455e+02
2.194652504492223670e+02 2.200531445576927183e+02
2.243422560464583739e+02 2.249416754186383116e+02
2.292192616423801041e+02 2.298301499481829637e+02
2.340962672668559890e+02 2.347185687562673024e+02
2.389732729021968396e+02 2.396069322938409414e+02
2.438502784831057966e+02 2.444952411676351574e+02
2.487272840437096875e+02 2.493834958821799432e+02
2.536042896079067646e+02 2.542716968914043321e+02
2.584812951664836191e+02 2.591598448415323332e+02
2.633583007487252416e+02 2.640479401064695821e+02
2.682353063288044268e+02 2.689359833354126863e+02
2.731123118871914812e+02 2.738239749238786089e+02
2.779893174453605980e+02 2.787119153099791902e+02
2.828663230381948210e+02 2.835998050889808724e+02
2.877433285949858828e+02 2.884876446572039868e+02
2.926203341806070739e+02 2.933754345615654984e+02
2.974973398305468208e+02 2.982631751538301614e+02
3.023743454771256438e+02 3.031508669558462543e+02
3.072513510312729181e+02 3.080385103949473660e+02
3.121283565873469570e+02 3.129261058865031373e+02
3.170053621899969016e+02 3.178136539334132067e+02
3.218823678230955920e+02 3.227011549240840509e+02
3.267593734057546726e+02 3.275886092696009086e+02
3.316363790525479089e+02 3.324760174006485727e+02
3.365133847093770783e+02 3.373633796785620689e+02
3.413903902824431498e+02 3.422506965528119736e+02
3.462673959690511651e+02 3.471379684229566465e+02
3.511444016406933315e+02 3.520251956685251571e+02
3.560214072388290560e+02 3.569123786751299008e+02
3.608984128357698182e+02 3.617995179179015395e+02
3.657754183893291611e+02 3.666866136376561940e+02
3.706524239696849463e+02 3.715736662795079610e+02
3.755294295549871322e+02 3.764606762132745530e+02
3.804064351347753927e+02 3.813476438348077409e+02
3.852834406890559080e+02 3.862345694904264519e+02
3.901604463093948425e+02 3.911214535803723038e+02
3.950374519028226814e+02 3.960082963026817424e+02
3.999144574902372256e+02 4.008950981903880120e+02
4.047914631807334445e+02 4.057818594462830788e+02
4.096684687909657896e+02 4.106685805111300169e+02
4.145454743460766167e+02 4.155552616088421019e+02
4.194224800259961512e+02 4.204419031275054977e+02
4.242994855795611215e+02 4.253285054095584883e+02
4.291764911411997332e+02 4.302150687164394185e+02
4.340534967127118762e+02 4.351015933727986749e+02
4.389305023268221930e+02 4.399880797064868716e+02
4.438075078863059844e+02 4.448745281619435445e+02
4.486845134674509836e+02 4.497609388564656001e+02
4.535615190181080152e+02 4.546473121135529709e+02
4.584385245788247403e+02 4.595336483331595900e+02
4.633155301966044703e+02 4.644199477205479525e+02
4.681925358381617457e+02 4.693062106019006592e+02
4.730695413948110399e+02 4.741924372900289768e+02
4.779465469861187330e+02 4.790786281214766404e+02
4.828235527079343683e+02 4.839647831908865783e+02
4.877005582666172359e+02 4.888509029337386664e+02
4.925775638834228403e+02 4.937369876009610152e+02
4.974545695726382064e+02 4.986230375323204953e+02
5.023315751786165038e+02 5.035090528899715991e+02
5.072085807998494147e+02 5.083950338954783774e+02
5.120855865265423290e+02 5.132809809820569171e+02
5.169625921399182289e+02 5.181668942130870619e+02
5.218395978633454888e+02 5.230527739624033075e+02
5.267166034572211402e+02 5.279386204643005840e+02
5.315936090386589967e+02 5.328244339173992330e+02
5.364706146927596819e+02 5.377102147442350315e+02
5.413476202696959945e+02 5.425959630098154776e+02
5.462246260286767665e+02 5.474816789746781751e+02
5.511016316783077400e+02 5.523673629056337404e+02
5.559786372606973828e+02 5.572530150793613757e+02
5.608556428912979754e+02 5.621386357804597083e+02
5.657326485894438974e+02 5.670242251603067416e+02
5.706096543128443273e+02 5.719097834055058911e+02
5.754866600093580473e+02 5.767953108713180654e+02
5.803636655755188940e+02 5.816808076891962855e+02
5.852406712365771000e+02 5.865662739817289548e+02
5.901176768352977433e+02 5.914517100854390037e+02
5.949946823923115744e+02 5.963371162380549322e+02
5.998716881356749582e+02 6.012224927032691539e+02
6.047486937798665849e+02 6.061078396404323030e+02
6.096256995239214120e+02 6.109931571566628463e+02
6.145027051986767219e+02 6.158784454272812354e+02
6.193797108960405922e+02 6.207637048264252826e+02
6.242567164479919484e+02 6.256489355184467058e+02
6.291337220166712996e+02 6.305341376833782761e+02
6.340107277446604712e+02 6.354193114761486640e+02
6.388877335257967616e+02 6.403044572238607088e+02
6.437647393313718567e+02 6.451895750662274622e+02
6.486417451089298538e+02 6.500746652080263175e+02
6.535187508676605148e+02 6.549597277540567575e+02
6.583957566437536570e+02 6.598447630311800367e+02
6.632727624125280954e+02 6.647297709733363718e+02
6.681497679638252976e+02 6.696147518777790992e+02
6.730267735126981279e+02 6.744997059380771134e+02
6.779037791604765744e+02 6.793846334289307833e+02
6.827807848390857544e+02 6.842695345217692875e+02
6.876577904008403266e+02 6.891544092146384628e+02
6.925347959600487684e+02 6.940392579282336101e+02
6.974118015313606520e+02 6.989240806449430465e+02
7.022888071052669829e+02 7.038088776385951633e+02
7.071658126713558659e+02 7.086936492646409533e+02
7.120428182428267974e+02 7.135783953102043142e+02
7.169198240988250745e+02 7.184631160506050946e+02
7.217968297561690179e+02 7.233478118926930165e+02
7.266738353826424373e+02 7.282324827937057989e+02
7.315508412077192588e+02 7.331171289774081288e+02
7.364278467600215663e+02 7.380017505630950154e+02
7.413048524169158782e+02 7.428863476628509943e+02
7.461818579997172947e+02 7.477709206620650093e+02
7.510588635505769162e+02 7.526554694479118552e+02
7.559358692868092930e+02 7.575399942704549403e+02
7.608128749467516627e+02 7.624244952576019614e+02
7.656898805647192603e+02 7.673089726673986206e+02
7.705668861587672609e+02 7.721934263578561968e+02
7.754438917910642886e+02 7.770778569003716711e+02
7.803208973983445276e+02 7.819622642512995299e+02
