0.000000000000000000e+00 0.000000000000000000e+00
4.880411564196438512e+00 4.891638391708263534e+00
9.760823127117527420e+00 9.783222876076274943e+00
1.464123469068810124e+01 1.467475397567848994e+01
1.952164625441600165e+01 1.956623220126735418e+01
2.440205782650473409e+01 2.445765806531657560e+01
2.928246938994674764e+01 2.934903205881947486e+01
3.416288095349261766e+01 3.424035467929510190e+01
3.904329251711352811e+01 3.913162641515322804e+01
4.392370408813097526e+01 4.402284773078048374e+01
4.880411565281146835e+01 4.891401910424542621e+01
5.368452722253047682e+01 5.380514101756988765e+01
5.856493879183304330e+01 5.869621391692871981e+01
6.344535036390475113e+01 6.358723823312739398e+01
6.832576193004010179e+01 6.847821443043187628e+01
7.320617350437990467e+01 7.336914294906247846e+01
7.808658507036861351e+01 7.826002423895937454e+01
8.296699666149284269e+01 8.315085870246480226e+01
8.784740824326146935e+01 8.804164676311003745e+01
9.272781981155247877e+01 9.293238884171024949e+01
9.760823137981793707e+01 9.782308535368858315e+01
1.024886429495605285e+02 1.027137366870153272e+02
1.073690545262221434e+02 1.076043432744434227e+02
1.122494661077365947e+02 1.124949054902169507e+02
1.171298776890350837e+02 1.173854237191358294e+02
1.220102892809405546e+02 1.222758983485509958e+02
1.268907008947214621e+02 1.271663297491854081e+02
1.317711125093474891e+02 1.320567183293557889e+02
1.366515240821535144e+02 1.369470644098611274e+02
1.415319356871852676e+02 1.418373683774038909e+02
1.464123472596961903e+02 1.467276306093963854e+02
1.512927588304668234e+02 1.516178514193174749e+02
1.561731704553779423e+02 1.565080311886133018e+02
1.610535820782621386e+02 1.613981702674414294e+02
1.659339936991985098e+02 1.662882689699811465e+02
1.708144052853375570e+02 1.711783276452492260e+02
1.756948168575918032e+02 1.760683466327940891e+02
1.805752284853598439e+02 1.809583262692015637e+02
1.854556400987728466e+02 1.858482668643769102e+02
1.903360516942233858e+02 1.907381687756313227e+02
1.952164633401958440e+02 1.956280322940677365e+02
2.000968749714135413e+02 2.005178576957506209e+02
2.049772866012316399e+02 2.054076453438303247e+02
2.098576981804153547e+02 2.102973955196517863e+02
2.147381098229798795e+02 2.151871085171050026e+02
2.196185213929670681e+02 2.200767846974891597e+02
2.244989329654669632e+02 2.249664242568116208e+02
2.293793445915719076e+02 2.298560275183826320e+02
2.342597562371342406e+02 2.347455947953837949e+02
2.391401678227396985e+02 2.396351263953379203e+02
2.440205794201796436e+02 2.445246225060130882e+02
2.489009910655216231e+02 2.494140834619006171e+02
2.537814026443784599e+02 2.543035095356724469e+02
2.586618142983314215e+02 2.591929010802661537e+02
2.635422258860709803e+02 2.640822582839520010e+02
2.684226375351450997e+02 2.689715814178341589e+02
2.733030491186843278e+02 2.738608706406612328e+02
2.781834607585881258e+02 2.787501263751521492e+02
2.830638724116530511e+02 2.836393487599065111e+02
2.879442840170027011e+02 2.885285380827961035e+02
2.928246956172570208e+02 2.934176946804687987e+02
2.977051071941912141e+02 2.983068187149191317e+02
3.025855188003814646e+02 3.031959104654575867e+02
3.074659304645603015e+02 3.080849701313229616e+02
3.123463420740382617e+02 3.129739979467818785e+02
3.172267537287987693e+02 3.178629941779369119e+02
3.221071653057762774e+02 3.227519589808337628e+02
3.269875769545202502e+02 3.276408926856029780e+02
3.318679886283327960e+02 3.325297955942321551e+02
3.367484002956570066e+02 3.374186678307896727e+02
3.416288119156655512e+02 3.423075095930017255e+02
3.465092235703938286e+02 3.471963211200470596e+02
3.513896352655054898e+02 3.520851025794675024e+02
3.562700468894048527e+02 3.569738542633724592e+02
3.611504584619976299e+02 3.618625764370680145e+02
3.660308700373989268e+02 3.667512691681714614e+02
3.709112816398039172e+02 3.716399327834360520e+02
3.757916932561257113e+02 3.765285674837024317e+02
3.806721048319448073e+02 3.814171733226453398e+02
3.855525164122790898e+02 3.863057505725761303e+02
3.904329279860266979e+02 3.911942995978404269e+02
3.953133396563313227e+02 3.960828205010880083e+02
4.001937512638955354e+02 4.009713134356989030e+02
4.050741629849085257e+02 4.058597785589637397e+02
4.099545745962867613e+02 4.107482160971033522e+02
4.148349862115265978e+02 4.156366262727924550e+02
4.197153978561109398e+02 4.205250092140183256e+02
4.245958094778955569e+02 4.254133651865078036e+02
4.294762210734523933e+02 4.303016943797971408e+02
4.343566326666995110e+02 4.351899969478043886e+02
4.392370442561132222e+02 4.400782730486361629e+02
4.441174558372129013e+02 4.449665228308967926e+02
4.489978675001265174e+02 4.498547465475027138e+02
4.538782790746406590e+02 4.547429442619973088e+02
4.587586906572163343e+02 4.596311162529407284e+02
4.636391023836051204e+02 4.645192626802185032e+02
4.685195139922568615e+02 4.694073838364579956e+02
4.733999256316123478e+02 4.742954795748559036e+02
4.782803372491537175e+02 4.791835502893210332e+02
4.831607489096898007e+02 4.840715962461632671e+02
4.880411605377370847e+02 4.889596173617000545e+02
4.929215721804546320e+02 4.938476139599388262e+02
4.978019837526604761e+02 4.987355860520143551e+02
5.026823953664789997e+02 5.036235338614305874e+02
5.075628069557376989e+02 5.085114575296054227e+02
5.124432185581099475e+02 5.133993573588235222e+02
5.173236301370747015e+02 5.182872332859896005e+02
5.222040418429091915e+02 5.231750855565401253e+02
5.270844535252228980e+02 5.280629144457025177e+02
5.319648652160976781e+02 5.329507200146510968e+02
5.368452768297709099e+02 5.378385023517527088e+02
5.417256884734011919e+02 5.427262615725381920e+02
5.466061002454557638e+02 5.476139978633368628e+02
5.514865119198281036e+02 5.525017114333130621e+02
5.563669235401750939e+02 5.573894025125443932e+02
5.612473351996952715e+02 5.622770709935343802e+02
5.661277469235774333e+02 5.671647171910012730e+02
5.710081586704372967e+02 5.720523411413944359e+02
5.758885703825210385e+02 5.769399431456238290e+02
5.807689821229503195e+02 5.818275230654666075e+02
5.856493937022747787e+02 5.867150812443557015e+02
5.905298055255715326e+02 5.916026177852409091e+02
5.954102171894749063e+02 5.964901328773805744e+02
6.002906289354859837e+02 6.013776265451513154e+02
6.051710406138579401e+02 6.062650989339947500e+02
6.100514522002702051e+02 6.111525501709368200e+02
6.149318638778363493e+02 6.160399804659643905e+02
6.198122754540831920e+02 6.209273897353275515e+02
6.246926870520476314e+02 6.258147784509305893e+02
6.295730986244670930e+02 6.307021463634119982e+02
6.344535103595288774e+02 6.355894938371519629e+02
6.393339221699570771e+02 6.404768208243413028e+02
6.442143339965989526e+02 6.453641275388630447e+02
6.490947457948154806e+02 6.502514141583014862e+02
6.539751575600496381e+02 6.551386808567613116e+02
6.588555691321741961e+02 6.600259275537571284e+02
6.637359809117709801e+02 6.649131544184032236e+02
6.686163927576542392e+02 6.698003615113088927e+02
6.734968045407808859e+02 6.746875493338206979e+02
6.783772163678909237e+02 6.795747174870562048e+02
6.832576281108230205e+02 6.844618662604480051e+02
6.881380398117896675e+02 6.893489959972334873e+02
6.930184515903245028e+02 6.942361066065723207e+02
6.978988632198129380e+02 6.991231979999732857e+02
7.027792748871963795e+02 7.040102706583604686e+02
7.076596867418643342e+02 7.088973244758842611e+02
7.125400983472989083e+02 7.137843596536860105e+02
7.174205101239175519e+02 7.186713763126840604e+02
7.223009217089398817e+02 7.235583745273067962e+02
7.271813332807172401e+02 7.284453542239912167e+02
7.320617448536809206e+02 7.333323156830731477e+02
7.369421564269202918e+02 7.382192591149232612e+02
7.418225681041361668e+02 7.431061843053757912e+02
7.467029797703077065e+02 7.479930917309091001e+02
7.515833913430014945e+02 7.528799813336399893e+02
7.564638030933901973e+02 7.577668529337447580e+02
7.613442146947277251e+02 7.626537069437339369e+02
7.662246263314673342e+02 7.675405434875929132e+02
7.711050379465825699e+02 7.724273625455235788e+02
7.759854495653598860e+02 7.773141640242167796e+02
7.808658611961747056e+02 7.822009484694608545e+02
