0.000000000000000000e+00 0.000000000000000000e+00
3.645233526762981402e+00 3.763739500332770049e+00
7.290467057120617156e+00 7.521536164555403303e+00
1.093570059095539904e+01 1.127395622704545275e+01
1.458093412768292652e+01 1.502148921406548254e+01
1.822616766775343677e+01 1.876456111222307754e+01
2.187140120919737285e+01 2.250354484882092265e+01
2.551663475375620749e+01 2.623876874374644785e+01
2.916186832198525281e+01 2.997052322686128178e+01
3.280710185543370017e+01 3.369906648703543084e+01
3.645233540270587724e+01 3.742462899672678134e+01
4.009756895591242198e+01 4.114741749964618123e+01
4.374280249600086279e+01 4.486761780972219071e+01
4.738803603526395847e+01 4.858539787859857739e+01
5.103326957186411050e+01 5.230090989535615620e+01
5.467850310576862682e+01 5.601429195294633701e+01
5.832373667065990475e+01 5.972567018884483048e+01
