0.000000000000000000e+00 0.000000000000000000e+00
4.723753006711130631e+00 4.776514015489954801e+00
9.447506027304076071e+00 9.551952024653004969e+00
1.417125902010954874e+01 1.432635672047937803e+01
1.889501200484423293e+01 1.909976835600086176e+01
2.361876496849678375e+01 2.387222487983746078e+01
2.834251801807544524e+01 2.864376208372758370e+01
3.306627105918316545e+01 3.341441382790777226e+01
3.779002409511056015e+01 3.818421212483185911e+01
4.251377712363433403e+01 4.295318728661652585e+01
4.723753011478844144e+01 4.772136804573023028e+01
5.196128315513134055e+01 5.248878168789348564e+01
5.668503616408062840e+01 5.725545407986848545e+01
6.140878918076958115e+01 6.202140983047073064e+01
6.613254220514951953e+01 6.678667227857152966e+01
7.085629524196673401e+01 7.155126379032026307e+01
7.558004827882106724e+01 7.631520556002115541e+01
8.030380132135528015e+01 8.107851785122937827e+01
8.502755439606781351e+01 8.584121999639070566e+01
8.975130746231444334e+01 9.060333037735264838e+01
9.447506053766022660e+01 9.536486665146239261e+01
9.919881360774685675e+01 1.001258456768372582e+02
1.039225666941141242e+02 1.048862835214491298e+02
1.086463197977130619e+02 1.096461956503552244e+02
1.133700729036478947e+02 1.144055967212940601e+02
1.180938260159068420e+02 1.191645011084959975e+02
1.228175791448375378e+02 1.239229223189296931e+02
1.275413322754455692e+02 1.286808733957578283e+02
1.322650854174349320e+02 1.334383661554511775e+02
1.369888385671187905e+02 1.381954140267946514e+02
1.417125917247929010e+02 1.429520278103468058e+02
1.464363448816284858e+02 1.477082187347958779e+02
1.511600980551799012e+02 1.524639974149437194e+02
