0.000000000000000000e+00 0.000000000000000000e+00
4.719822533402115994e+00 4.776514022399437565e+00
9.439645079284431972e+00 9.551788911426449147e+00
1.415946757940670153e+01 1.432587729867437432e+01
1.887929012763561332e+01 1.909882853576188921e+01
2.359911265052494400e+01 2.387068899635567476e+01
2.831893518212988781e+01 2.864150223265412620e+01
3.303875771156882735e+01 3.341130931280059002e+01
3.775858028814420209e+01 3.818014890594263733e+01
4.247840279637899386e+01 4.294805752111085440e+01
4.719822531584794945e+01 4.771506962817309727e+01
5.191804787140434030e+01 5.248121782942781977e+01
5.663787040365501468e+01 5.724653302267972776e+01
6.135769293640453981e+01 6.201104438765077020e+01
6.607751548901740080e+01 6.677477970913454897e+01
7.079733805003621683e+01 7.153776532006901334e+01
7.551716061200167474e+01 7.630002625017843343e+01
8.023698318707499766e+01 8.106158628780895015e+01
8.495680576957212793e+01 8.582246811594818325e+01
8.967662836210780597e+01 9.058269325466510224e+01
9.439645095365104055e+01 9.534228247533634715e+01
9.911627355322798394e+01 1.001012549493491690e+02
1.038360961629135630e+02 1.048596297436781555e+02
1.085559187805659320e+02 1.096174247169554974e+02
1.132757414111603111e+02 1.143746568238385066e+02
1.179955640583642946e+02 1.191313425011111917e+02
1.227153867099358564e+02 1.238874974120766836e+02
1.274352093513795126e+02 1.286431364997717992e+02
1.321550320099731834e+02 1.333982741641355574e+02
1.368748546806598654e+02 1.381529242084609734e+02
1.415946773540526351e+02 1.429070998365629634e+02
1.463145000366354793e+02 1.476608137044677278e+02
1.510343227330601792e+02 1.524140780282800733e+02
