0.000000000000000000e+00 0.000000000000000000e+00
3.949013074910745491e+00 4.009634497662925234e+00
7.898026277211435797e+00 8.017676274370874268e+00
1.184703945592372243e+01 1.202420671308659017e+01
1.579605256097823229e+01 1.602930250289338332e+01
1.974506568712384791e+01 2.003303366141534880e+01
2.369407877588182032e+01 2.403546558825398449e+01
2.764309193903691053e+01 2.803665926085400883e+01
3.159210506341267433e+01 3.203667085848220353e+01
3.554111817590503364e+01 3.603555386073287536e+01
3.949013129997211280e+01 4.003335733877101177e+01
4.343914444770776129e+01 4.403012695438344792e+01
4.738815797521717599e+01 4.802590673375978980e+01
5.133717126493814931e+01 5.202073652132546044e+01
5.528618440854806693e+01 5.601465513560900433e+01
5.923519776515871627e+01 6.000769857201147772e+01
6.318421139365800343e+01 6.399990025991062481e+01
6.713322502857911900e+01 6.799129179678652690e+01
7.108223823714672562e+01 7.198190391019168999e+01
7.503125149041505892e+01 7.597176451869391656e+01
7.898026470965976387e+01 7.996090102711006864e+01
8.292927781839088652e+01 8.394933837053946490e+01
8.687829129015119634e+01 8.793710155535376316e+01
9.082730514133601218e+01 9.192421254819301168e+01
9.477631823970639857e+01 9.591069407387557533e+01
9.872533213867744450e+01 9.989656602844473809e+01
1.026743455996804499e+02 1.038818484844777856e+02
1.066233588728830028e+02 1.078665603206054300e+02
1.105723721372037289e+02 1.118507200762768719e+02
1.145213857685770193e+02 1.158343432927076293e+02
1.184703999521446747e+02 1.198174474040677921e+02
1.224194132409168958e+02 1.238000470327186804e+02
1.263684275871483180e+02 1.277821575000847361e+02
