0.000000000000000000e+00 0.000000000000000000e+00
3.949013102524511876e+00 4.009634371232758454e+00
7.898026258307774050e+00 8.017675994126863159e+00
1.184703936363286658e+01 1.202420646958629291e+01
1.579605260411055667e+01 1.602930196299837462e+01
1.974506566276969011e+01 2.003303294327083250e+01
2.369407893359902673e+01 2.403546470064645035e+01
2.764309201549750128e+01 2.803665832692864157e+01
3.159210513534564058e+01 3.203667005525779388e+01
3.554111829445550086e+01 3.603555293113988256e+01
3.949013135978805167e+01 4.003335590593475501e+01
4.343914451611431815e+01 4.403012548529516579e+01
4.738815768184508670e+01 4.802590493233050495e+01
5.133717089750929574e+01 5.202073492848344927e+01
5.528618407399905266e+01 5.601465354519834250e+01
5.923519727852605854e+01 6.000769664129251169e+01
6.318421062030530067e+01 6.399989842679255503e+01
6.713322391481116824e+01 6.799129042115842481e+01
7.108223709834322790e+01 7.198190259271945024e+01
7.503125047921925272e+01 7.597176344401611914e+01
7.898026417823268730e+01 7.996090000165506240e+01
8.292927738997060771e+01 8.394933748615386548e+01
8.687829066903532294e+01 8.793710016611971980e+01
9.082730382442920813e+01 9.192421141587513489e+01
9.477631779457652783e+01 9.591069272314092586e+01
9.872533090564459712e+01 9.989656499230528652e+01
1.026743441654252251e+02 1.038818474242748806e+02
1.066233572587849494e+02 1.078665601228318849e+02
1.105723703827060973e+02 1.118507197159523230e+02
1.145213839382743259e+02 1.158343427063036444e+02
1.184703972453743575e+02 1.198174465916253126e+02
1.224194104363842825e+02 1.238000470975568987e+02
1.263684236895415580e+02 1.277821577287279808e+02
