0.000000000000000000e+00 0.000000000000000000e+00
3.949013081465190478e+00 4.009634363947360391e+00
7.898026205595369831e+00 8.017675815716586385e+00
1.184703950655236326e+01 1.202420631673958695e+01
1.579605269341452889e+01 1.602930179523026055e+01
1.974506579209108281e+01 2.003303275321892585e+01
2.369407898380382704e+01 2.403546455576679364e+01
2.764309210868690414e+01 2.803665818672114085e+01
3.159210521232405711e+01 3.203666989559000911e+01
3.554111838497298947e+01 3.603555262354019106e+01
3.949013154532759984e+01 4.003335606044872463e+01
4.343914474053627828e+01 4.403012566565541874e+01
4.738815784131327291e+01 4.802590533831059361e+01
5.133717096520710754e+01 5.202073516576076173e+01
5.528618422940395760e+01 5.601465411986790599e+01
5.923519739131237571e+01 6.000769730849839334e+01
6.318421053313227276e+01 6.399989868630926537e+01
6.713322366586024259e+01 6.799129073722552619e+01
7.108223687639403465e+01 7.198190313529124751e+01
7.503125002460896553e+01 7.597176352606737737e+01
7.898026321038936715e+01 7.996090047675512835e+01
8.292927640806856004e+01 8.394933862247299317e+01
8.687828962692080381e+01 8.793710132038003735e+01
9.082730361983483647e+01 9.192421230577583913e+01
9.477631702528017854e+01 9.591069344126347573e+01
9.872533024335673701e+01 9.989656625509256571e+01
1.026743442730536202e+02 1.038818491609964383e+02
1.066233575885283500e+02 1.078665608284614166e+02
1.105723707941917979e+02 1.118507206918739030e+02
1.145213840749465390e+02 1.158343440342843280e+02
1.184703974428684035e+02 1.198174474363147226e+02
1.224194109375989825e+02 1.238000476238102010e+02
1.263684242230576160e+02 1.277821581466521366e+02
