0.000000000000000000e+00 0.000000000000000000e+00
4.722649607405985606e+00 4.735363515527445166e+00
9.445299215184043362e+00 9.470657761552171650e+00
1.416794882822202695e+01 1.420588349845021980e+01
1.889059843710278841e+01 1.894104147742577737e+01
2.361324804618225670e+01 2.367613242650532612e+01
2.833589765395549165e+01 2.841115707176307836e+01
3.305854727251372793e+01 3.314611612282484998e+01
3.778119688445471525e+01 3.788101027661981135e+01
4.250384649839591589e+01 4.261584023678690869e+01
4.722649610780733553e+01 4.735060666014106090e+01
5.194914572059379054e+01 5.208531022276569189e+01
5.667179533816172921e+01 5.681995159819925334e+01
6.139444495264335444e+01 6.155453140579760429e+01
6.611709456756817360e+01 6.628905028930087440e+01
7.083974418270602769e+01 7.102350888585378641e+01
7.556239380084105051e+01 7.575790781106769600e+01
8.028504341793427557e+01 8.049224766515335716e+01
8.500769305872663040e+01 8.522652904983328881e+01
8.973034268287015891e+01 8.996075254781672470e+01
9.445299230098513021e+01 9.469491874985618551e+01
9.917564194580695869e+01 9.942902822970313537e+01
1.038982915686721071e+02 1.041630815432866228e+02
1.086209411994295806e+02 1.088970792380631281e+02
1.133435908243081371e+02 1.136310218672227990e+02
1.180662404609563652e+02 1.183649099648762189e+02
1.227888900834185506e+02 1.230987440425782609e+02
1.275115397261873369e+02 1.278325246573333800e+02
1.322341893628511116e+02 1.325662523332692047e+02
1.369568390133262312e+02 1.372999275484563668e+02
1.416794886441372228e+02 1.420335508088286645e+02
1.464021382570846015e+02 1.467671226008487224e+02
1.511247879173163824e+02 1.515006434259992147e+02
1.558474375584749509e+02 1.562341137261553854e+02
1.605700871931025517e+02 1.609675340211601338e+02
1.652927368491140498e+02 1.657009047556412611e+02
1.700153864635216507e+02 1.704342264472030024e+02
1.747380360716753103e+02 1.751674994279824773e+02
1.794606856997833120e+02 1.799007242344281394e+02
1.841833353269445865e+02 1.846339013019913864e+02
1.889059849505968316e+02 1.893670310201948439e+02
1.936286346280409703e+02 1.941001138789499123e+02
1.983512842952362973e+02 1.988331502583577048e+02
2.030739339511556523e+02 2.035661405762259335e+02
2.077965836134047777e+02 2.082990852569042204e+02
2.125192332833460682e+02 2.130319846980736997e+02
2.172418829602650590e+02 2.177648393055376062e+02
2.219645325948511640e+02 2.224976494598176089e+02
2.266871822853760250e+02 2.272304155275834034e+02
2.314098319820968470e+02 2.319631379401961908e+02
2.361324816342811346e+02 2.366958171037539671e+02
2.408551312909987132e+02 2.414284533668689505e+02
2.455777809059568142e+02 2.461610470919756040e+02
2.503004305568926782e+02 2.508935985985694685e+02
2.550230801803720908e+02 2.556261083165006198e+02
2.597457298023318231e+02 2.603585765916681112e+02
2.644683794563374022e+02 2.650910037348898527e+02
2.691910290778421881e+02 2.698233901297327293e+02
2.739136787022664521e+02 2.745557360846765960e+02
2.786363283280766723e+02 2.792880419448706562e+02
2.833589779542886617e+02 2.840203080637993480e+02
2.880816275802518476e+02 2.887525347594069558e+02
2.928042772127753324e+02 2.934847224017041185e+02
2.975269269331244004e+02 2.982168712849561416e+02
3.022495765748628855e+02 3.029489816182039590e+02
3.069722262917418902e+02 3.076810538851535739e+02
3.116948759219907288e+02 3.124130883118928637e+02
3.164175255562433904e+02 3.171450851600417309e+02
3.211401752016691376e+02 3.218770447901798661e+02
3.258628248383367350e+02 3.266089675407308732e+02
3.305854744908916700e+02 3.313408536264107624e+02
3.353081241141310898e+02 3.360727034734336485e+02
3.400307738539165712e+02 3.408045172259631386e+02
3.447534234931757737e+02 3.455362952505589647e+02
3.494760731113370298e+02 3.502680377977623039e+02
3.541987227820628732e+02 3.549997450274001949e+02
3.589213724015511957e+02 3.597314173872792935e+02
3.636440220181734730e+02 3.644630551146784683e+02
3.683666716629014672e+02 3.691946583875165402e+02
3.730893213144150309e+02 3.739262276229009672e+02
3.778119709502950059e+02 3.786577629526988176e+02
3.825346206195296190e+02 3.833892645980669727e+02
3.872572702375531435e+02 3.881207329071853565e+02
3.919799199545648207e+02 3.928521682186808448e+02
3.967025695994046828e+02 3.975835705738563775e+02
4.014252192472265506e+02 4.023149403232823715e+02
4.061478688834190507e+02 4.070462778006327653e+02
4.108705185024147681e+02 4.117775830963375938e+02
4.155931681455381295e+02 4.165088565581206126e+02
4.203158178388379156e+02 4.212400983887763459e+02
4.250384675325796024e+02 4.259713087741557160e+02
4.297611171642178647e+02 4.307024879984446670e+02
4.344837667975288014e+02 4.354336363087943482e+02
4.392064164225794798e+02 4.401647539895965338e+02
4.439290660608342023e+02 4.448958411179944505e+02
4.486517156874321586e+02 4.496268980626830967e+02
4.533743653091644887e+02 4.543579249748453321e+02
4.580970149350370662e+02 4.590889219207397787e+02
4.628196646061975343e+02 4.638198893724098184e+02
4.675423143701742106e+02 4.685508272882325400e+02
4.722649640003523928e+02 4.732817361325930960e+02
4.769876136600576046e+02 4.780126159217006716e+02
4.817102632878620625e+02 4.827434668453881841e+02
4.864329129906342359e+02 4.874742892972317918e+02
4.911555626780131547e+02 4.922050832764048209e+02
4.958782122987367984e+02 4.969358490637566774e+02
5.006008620352131970e+02 5.016665869723360629e+02
5.053235117036335282e+02 5.063972969472622481e+02
5.100461614503513488e+02 5.111279792913745723e+02
5.147688111247987308e+02 5.158586343090236142e+02
5.194914608672635268e+02 5.205892620393696006e+02
5.242141105055608250e+02 5.253198627745464364e+02
5.289367601915737396e+02 5.300504366360562472e+02
5.336594098724372088e+02 5.347809838301938044e+02
5.383820595110747718e+02 5.395115045764666775e+02
5.431047091549822881e+02 5.442419989721647653e+02
5.478273588803217535e+02 5.489724672213754957e+02
5.525500085857133854e+02 5.537029095152316813e+02
5.572726582188201974e+02 5.584333260773548773e+02
5.619953079359186177e+02 5.631637170463321809e+02
5.667179577002816586e+02 5.678940825327345010e+02
5.714406074872281351e+02 5.726244228681704271e+02
5.761632572178037890e+02 5.773547379837100380e+02
5.808859068658694014e+02 5.820850282908410236e+02
5.856085565095453376e+02 5.868152937343304529e+02
5.903312061382166576e+02 5.915455345856169060e+02
5.950538557741928116e+02 5.962757511058864566e+02
5.997765055488490589e+02 6.010059431417796532e+02
6.044991552259469927e+02 6.057361112183696150e+02
6.092218050279836916e+02 6.104662552115007657e+02
6.139444548553710774e+02 6.151963753328036546e+02
6.186671045616092215e+02 6.199264717801268034e+02
6.233897543150746969e+02 6.246565447099344510e+02
6.281124040382217117e+02 6.293865943418686584e+02
6.328350536672051021e+02 6.341166206888728993e+02
6.375577033874637891e+02 6.388466239856497850e+02
6.422803530963325329e+02 6.435766043181924942e+02
6.470030029354961698e+02 6.483065619355240869e+02
6.517256527606339205e+02 6.530364969550220167e+02
6.564483024499656949e+02 6.577664093165402619e+02
6.611709523358993010e+02 6.624962992663263321e+02
6.658936021102490486e+02 6.672261670392807673e+02
6.706162518000332966e+02 6.719560126807259621e+02
6.753389015554963635e+02 6.766858364145111864e+02
6.800615514025685115e+02 6.814156384808351277e+02
6.847842010538886370e+02 6.861454188093144921e+02
6.895068507453133861e+02 6.908751775405485205e+02
6.942295004696131855e+02 6.956049149832042531e+02
6.989521501047886431e+02 7.003346309007554282e+02
7.036747997761788156e+02 7.050643256276111970e+02
7.083974496516538011e+02 7.097939993990714811e+02
7.131200993612994807e+02 7.145236524760696284e+02
7.178427491611996629e+02 7.192532845810110302e+02
7.225653987794435125e+02 7.239828959374215174e+02
7.272880484806822778e+02 7.287124867916713811e+02
7.320106980976371460e+02 7.334420572783160424e+02
7.367333479484278769e+02 7.381716074292371559e+02
7.414559976819742815e+02 7.429011373961741356e+02
7.461786474093019024e+02 7.476306473467316209e+02
7.509012970858237850e+02 7.523601375842804373e+02
7.556239469192007618e+02 7.570896079460042074e+02
