0.000000000000000000e+00 0.000000000000000000e+00
4.721519359464664056e+00 4.735363516422776975e+00
9.443038719263629588e+00 9.470645450673154997e+00
1.416455808252290893e+01 1.420584676994186069e+01
1.888607744327782711e+01 1.894096842548401938e+01
2.360759680442877340e+01 2.367601134542538688e+01
2.832911616419179524e+01 2.841097645082313861e+01
3.305063553012452360e+01 3.314586463651286152e+01
3.777215489050637132e+01 3.788067678776346270e+01
4.249367425181107194e+01 4.261541378734099794e+01
4.721519362998333236e+01 4.735007648422265447e+01
5.193671299482586790e+01 5.208466570646905325e+01
5.665823236412146002e+01 5.681918229237713547e+01
6.137975174231922892e+01 6.155362704336005208e+01
6.610127110926835314e+01 6.628800075299872674e+01
7.082279047619053358e+01 7.102230422334700677e+01
7.554430984631873969e+01 7.575653821999956961e+01
8.026582921548632044e+01 8.049070350331768964e+01
8.498734858537686421e+01 8.522480082656022660e+01
8.970886796091843962e+01 8.995883090816482763e+01
9.443038732763811538e+01 9.469279448623737494e+01
9.915190670000288264e+01 9.942669227455874648e+01
1.038734260750266287e+02 1.041605249649253437e+02
1.085949454716116094e+02 1.088942932413760047e+02
1.133164648485773114e+02 1.136279977869180726e+02
1.180379842204184371e+02 1.183616392648361568e+02
1.227595035873748657e+02 1.230952183234078774e+02
1.274810229946779003e+02 1.278287356125113945e+02
1.322025423626893144e+02 1.325621918108393231e+02
1.369240617269851441e+02 1.372955874820078179e+02
1.416455810896272851e+02 1.420289232963301345e+02
1.463671004804815539e+02 1.467621998000653321e+02
1.510886198927841519e+02 1.514954176539363004e+02
1.558101392859838654e+02 1.562285773877563315e+02
1.605316586720737462e+02 1.609616796135213121e+02
1.652531780796881549e+02 1.656947249195640097e+02
1.699746974628291980e+02 1.704277139079223105e+02
1.746962168683534742e+02 1.751606470679957965e+02
1.794177362483100353e+02 1.798935249593106960e+02
1.841392556272078309e+02 1.846263480701475146e+02
1.888607750043277065e+02 1.893591169806831545e+02
1.935822944329084407e+02 1.940918322251961854e+02
1.983038138660028835e+02 1.988244943205659752e+02
2.030253332381042810e+02 2.035571037656193880e+02
2.077468526640758455e+02 2.082896610601202951e+02
2.124683720858536446e+02 2.130221666930758886e+02
2.171898915126562599e+02 2.177546211052842580e+02
2.219114109465502338e+02 2.224870248252016438e+02
2.266329303885043487e+02 2.272193783315684357e+02
2.313544498370597182e+02 2.319516821008311638e+02
2.360759692696063325e+02 2.366839365653625293e+02
2.407974886785378885e+02 2.414161422307949465e+02
2.455190080813314353e+02 2.461482994634391446e+02
2.502405274649542832e+02 2.508804087820003019e+02
2.549620468393059411e+02 2.556124705198606364e+02
2.596835662193853977e+02 2.603444852212891192e+02
2.644050855922984624e+02 2.650764531985358303e+02
2.691266049656721862e+02 2.698083749315267710e+02
2.738481243412151684e+02 2.745402508412153111e+02
2.785696437180239400e+02 2.792720813750344178e+02
2.832911630964762253e+02 2.840038668477744750e+02
2.880126825056428856e+02 2.887356076828592677e+02
2.927342019494194005e+02 2.934673042845359987e+02
2.974557213490997469e+02 2.981989570533112328e+02
3.021772407454679978e+02 3.029305663262791199e+02
3.068987601237558920e+02 3.076621325484915133e+02
3.116202795054165904e+02 3.123936559345477235e+02
3.163417988836452537e+02 3.171251370250469108e+02
3.210633182608219727e+02 3.218565760755701604e+02
3.257848376374912505e+02 3.265879734945305017e+02
3.305063570298012223e+02 3.313193296721053684e+02
3.352278764430217279e+02 3.360506448195677649e+02
3.399493958553919697e+02 3.407819193415343761e+02
3.446709152275166161e+02 3.455131536969521449e+02
3.493924346823863516e+02 3.502443481036400499e+02
3.541139541169870881e+02 3.549755028966716282e+02
3.588354734887359427e+02 3.597066184068343659e+02
3.635569928581639942e+02 3.644376949232342895e+02
3.682785122517117316e+02 3.691687328475923096e+02
3.730000316552247455e+02 3.738997324555796808e+02
3.777215510323577519e+02 3.786306940234766785e+02
3.824430704345373897e+02 3.833616178680852045e+02
3.871645898047522678e+02 3.880925042919583916e+02
3.918861091790204227e+02 3.928233536000176400e+02
3.966076285956207812e+02 3.975541661060748311e+02
4.013291479750045596e+02 4.022849420999103813e+02
4.060506673409601035e+02 4.070156819104845454e+02
4.107721868525832178e+02 4.117463857884659433e+02
4.154937062596660553e+02 4.164770540637551903e+02
4.202152257414784913e+02 4.212076869072027421e+02
4.249367451181112756e+02 4.259382846483863432e+02
4.296582645015295157e+02 4.306688475228424977e+02
4.343797838869788848e+02 4.353993758663779090e+02
4.391013032640368010e+02 4.401298700007739626e+02
4.438228226609992362e+02 4.448603301033612070e+02
4.485443420955496094e+02 4.495907563008757961e+02
4.532658614651843436e+02 4.543211490083293711e+02
4.579873808427491895e+02 4.590515084536039012e+02
4.627089002720038593e+02 4.637818348608914221e+02
4.674304197062784283e+02 4.685121285448269077e+02
4.721519392582223418e+02 4.732423897816885301e+02
4.768734586652042822e+02 4.779726187603294534e+02
4.815949780395005746e+02 4.827028156167899056e+02
4.863164975962055223e+02 4.874329807205513703e+02
4.910380170192684091e+02 4.921631141834117216e+02
4.957595364496914385e+02 4.968932163547424352e+02
5.004810558733964285e+02 5.016232874895601412e+02
5.052025752433443131e+02 5.063533276527574571e+02
5.099240947448922725e+02 5.110833371444588238e+02
5.146456141628123078e+02 5.158133162561464360e+02
5.193671336748641352e+02 5.205432652314904090e+02
5.240886532338001871e+02 5.252731842897190973e+02
5.288101726990427096e+02 5.300030734315944301e+02
5.335316921073625736e+02 5.347329330253697890e+02
5.382532114859809553e+02 5.394627632738859120e+02
5.429747309009593437e+02 5.441925643394822600e+02
5.476962503803267737e+02 5.489223364798981493e+02
5.524177698374933243e+02 5.536520798447153311e+02
5.571392892238441163e+02 5.583817948610565054e+02
5.618608086701673301e+02 5.631114814039817702e+02
5.665823281853054141e+02 5.678411397487450358e+02
5.713038477239279018e+02 5.725707701856986205e+02
5.760253672072190056e+02 5.773003729336276137e+02
5.807468866047722713e+02 5.820299481831161756e+02
5.854684060592339847e+02 5.867594960277339169e+02
5.901899254482789274e+02 5.914890167838382240e+02
5.949114448412303773e+02 5.962185105513856342e+02
5.996329642586102864e+02 6.009479773738833046e+02
6.043544836392040907e+02 6.056774176778442325e+02
6.090760032027442321e+02 6.104068314975692147e+02
6.137975227075182829e+02 6.151362190610996095e+02
6.185190420913233993e+02 6.198655805136970685e+02
6.232405614946269452e+02 6.245949160474090149e+02
6.279620808765364472e+02 6.293242257506136639e+02
6.326836004143867740e+02 6.340535098239386116e+02
6.374051197793625079e+02 6.387827685748154636e+02
6.421266391687429405e+02 6.435120019703949765e+02
6.468481587611807981e+02 6.482412102850204292e+02
6.515696783374609140e+02 6.529703936648547824e+02
6.562911977059459332e+02 6.576995523235639212e+02
6.610127171191329580e+02 6.624286863533136511e+02
6.657342366453067370e+02 6.671577960640560150e+02
6.704557560176084507e+02 6.718868813950247159e+02
6.751772755296746027e+02 6.766159426702085966e+02
6.798987950605894639e+02 6.813449798698998165e+02
6.846203145887200208e+02 6.860739935054280068e+02
6.893418339811146325e+02 6.908029833512962341e+02
6.940633534494836567e+02 6.955319495905384883e+02
6.987848728388147492e+02 7.002608925119448031e+02
7.035063923712897349e+02 7.049898121778585391e+02
7.082279120122872200e+02 7.097187090056771694e+02
7.129494314263159822e+02 7.144475829673799581e+02
7.176709509799609350e+02 7.191764339775891131e+02
7.223924703677009802e+02 7.239052623652976308e+02
7.271139898458359312e+02 7.286340681829148025e+02
7.318355092289900767e+02 7.333628516439514442e+02
7.365570288724260308e+02 7.380916128717066158e+02
7.412785483585309976e+02 7.428203522506587433e+02
7.460000678422145484e+02 7.475490694856282516e+02
7.507215872623007726e+02 7.522777649917393319e+02
7.554431068568683258e+02 7.570064389639591127e+02
