0.000000000000000000e+00 0.000000000000000000e+00
4.722649607408157202e+00 4.735363515528956846e+00
9.445299215156188311e+00 9.470657761547276010e+00
1.416794882440071035e+01 1.420588349717580279e+01
1.889059843314387521e+01 1.894104147263192317e+01
2.361324804222083884e+01 2.367613241798905577e+01
2.833589765036227703e+01 2.841115706329047441e+01
3.305854725900621816e+01 3.314611611347068987e+01
3.778119687742119481e+01 3.788101026725519205e+01
4.250384648683068178e+01 4.261584022713213926e+01
4.722649609608522780e+01 4.735060666531545337e+01
5.194914570886760430e+01 5.208531023379596547e+01
5.667179532631887895e+01 5.681995160842240011e+01
6.139444493542443126e+01 6.155453141602968259e+01
6.611709456209436553e+01 6.628905029951710048e+01
7.083974417177945782e+01 7.102350889942147205e+01
7.556239378986651900e+01 7.575790782322383166e+01
8.028504340695161545e+01 8.049224767684285098e+01
8.500769304497475787e+01 8.522652908066586974e+01
8.973034267648776563e+01 8.996075257829457428e+01
9.445299229345346248e+01 9.469491878110480343e+01
9.917564190484606002e+01 9.942902826076175415e+01
1.038982915277883734e+02 1.041630815792132267e+02
1.086209411499316673e+02 1.088970792737453337e+02
1.133435907748137055e+02 1.136310219026325967e+02
1.180662403945204346e+02 1.183649100065662907e+02
1.227888900064594395e+02 1.230987440931831429e+02
1.275115396584884309e+02 1.278325247072270940e+02
1.322341893133811936e+02 1.325662523492778746e+02
1.369568389325851285e+02 1.372999275481238897e+02
1.416794885551594234e+02 1.420335508225942931e+02
1.464021381678408602e+02 1.467671226049736504e+02
1.511247878007494023e+02 1.515006434046680397e+02
1.558474374418921684e+02 1.562341137266471094e+02
1.605700870764416095e+02 1.609675340011847311e+02
1.652927366841205412e+02 1.657009047819977923e+02
1.700153863115324384e+02 1.704342264122864208e+02
1.747380359349456000e+02 1.751674994007935879e+02
1.794606855630770781e+02 1.799007241783419317e+02
1.841833351901059075e+02 1.846339012305602125e+02
1.889059848145409148e+02 1.893670309473435509e+02
1.936286344475310557e+02 1.941001137705823680e+02
1.983512841147681058e+02 1.988331501475930452e+02
2.030739337707996697e+02 2.035661404604127824e+02
2.077965834331760959e+02 2.082990851412167217e+02
2.125192331030993671e+02 2.130319845845904752e+02
2.172418827801123484e+02 2.177648391872912725e+02
2.219645324151572936e+02 2.224976493150226133e+02
2.266871821052283735e+02 2.272304154403816483e+02
2.314098318019832163e+02 2.319631379162138387e+02
2.361324814814708191e+02 2.366958170510153820e+02
2.408551311381377786e+02 2.414284532918198352e+02
2.455777807757563664e+02 2.461610470163844298e+02
2.503004304858263254e+02 2.508935985591675433e+02
2.550230801453893150e+02 2.556261082769650272e+02
2.597457297758048753e+02 2.603585765513494152e+02
2.644683794454375629e+02 2.650910036946698938e+02
2.691910290669453616e+02 2.698233901109272210e+02
2.739136787058961318e+02 2.745557360402591485e+02
2.786363283281805820e+02 2.792880419212696665e+02
2.833589779544489602e+02 2.840203080403507556e+02
2.880816275803057351e+02 2.887525347609747541e+02
2.928042772100691877e+02 2.934847224285878156e+02
2.975269268446062938e+02 2.982168713136741189e+02
3.022495764672130463e+02 3.029489816497335823e+02
3.069722261113806780e+02 3.076810539256540551e+02
3.116948757759917044e+02 3.124130883832387440e+02
3.164175254438393381e+02 3.171450852280462414e+02
3.211401750688331731e+02 3.218770449601174164e+02
3.258628246737055179e+02 3.266089676548735383e+02
3.305854743745329642e+02 3.313408537733392905e+02
3.353081239979782140e+02 3.360727034964318136e+02
3.400307736204475759e+02 3.408045171932184303e+02
3.447534232453184586e+02 3.455362952189438488e+02
3.494760728880135048e+02 3.502680377570023893e+02
3.541987225701234934e+02 3.549997450059723860e+02
3.589213721966872299e+02 3.597314174336273709e+02
3.636440218843271168e+02 3.644630551501711011e+02
3.683666715060368801e+02 3.691946584367970559e+02
3.730893211575631767e+02 3.739262276677409318e+02
3.778119707838702652e+02 3.786577630127501379e+02
3.825346204359060494e+02 3.833892647795812536e+02
3.872572700539276411e+02 3.881207330861523133e+02
3.919799196763992768e+02 3.928521683566292495e+02
3.967025693621380924e+02 3.975835707357414890e+02
4.014252191398944660e+02 4.023149404801672517e+02
4.061478688245877038e+02 4.070462779940564815e+02
4.108705184427527684e+02 4.117775832863775349e+02
4.155931680891370092e+02 4.165088568537252058e+02
4.203158177104218112e+02 4.212400986845314037e+02
4.250384673373181386e+02 4.259713091151455728e+02
4.297611169934159534e+02 4.307024884355516292e+02
4.344837666267309260e+02 4.354336367349853276e+02
4.392064162517876866e+02 4.401647544111300476e+02
4.439290658874875817e+02 4.448958415085713796e+02
4.486517155397289116e+02 4.496268983724166901e+02
4.533743651567648385e+02 4.543579252690757357e+02
4.580970147763461000e+02 4.590889221533561226e+02
4.628196644474637651e+02 4.638198896041093349e+02
4.675423140774735771e+02 4.685508274556798369e+02
4.722649637036087142e+02 4.732817361588674885e+02
4.769876133635699489e+02 4.780126158611174105e+02
4.817102629944226351e+02 4.827434667868077440e+02
4.864329126971899200e+02 4.874742891897024037e+02
4.911555623846791150e+02 4.922050831081658089e+02
4.958782120054030997e+02 4.969358488951473873e+02
5.006008617417663800e+02 5.016665866245092502e+02
5.053235113667959695e+02 5.063972967324741603e+02
5.100461611735732959e+02 5.111279790664001439e+02
5.147688108791953709e+02 5.158586340401706138e+02
5.194914604990019598e+02 5.205892618066899331e+02
5.242141101630145386e+02 5.253198624995862929e+02
5.289367598491110130e+02 5.300504364168368738e+02
5.336594095084592482e+02 5.347809836382309641e+02
5.383820592500215980e+02 5.395115043959488048e+02
5.431047090127772208e+02 5.442419988129763624e+02
5.478273587379835590e+02 5.489724670656823946e+02
5.525500084433807615e+02 5.537029093608639414e+02
5.572726580846990601e+02 5.584333259439274570e+02
5.619953077820582621e+02 5.631637168583463335e+02
5.667179575464542722e+02 5.678940823049338178e+02
5.714406073337470389e+02 5.726244225164276713e+02
5.761632570644328553e+02 5.773547377848927908e+02
5.808859067284349749e+02 5.820850279565628398e+02
5.856085564238564984e+02 5.868152934081924741e+02
5.903312060638090770e+02 5.915455342914076482e+02
5.950538557448644497e+02 5.962757505972158469e+02
5.997765053646796787e+02 6.010059426059322050e+02
6.044991549895783010e+02 6.057361106573824827e+02
6.092218047917107242e+02 6.104662547120597083e+02
6.139444546165410657e+02 6.151963747854497342e+02
6.186671042315010709e+02 6.199264712602068812e+02
6.233897540539579722e+02 6.246565443214419702e+02
6.281124036696148778e+02 6.293865940166356268e+02
6.328350534288260860e+02 6.341166203433181181e+02
6.375577032145432668e+02 6.388466236848496465e+02
6.422803528400628466e+02 6.435766040950549041e+02
6.470030026792260287e+02 6.483065617227293842e+02
6.517256525043203510e+02 6.530364967354689725e+02
6.564483022561760208e+02 6.577664091798284289e+02
6.611709521425062803e+02 6.624962993417317421e+02
6.658936019171121643e+02 6.672261671553287670e+02
6.706162517043751450e+02 6.719560127958067142e+02
6.753389014598362792e+02 6.766858366998360452e+02
6.800615513068561313e+02 6.814156387813698075e+02
6.847842011411637486e+02 6.861454189909552497e+02
6.895068508102874603e+02 6.908751776370908146e+02
6.942295004401248661e+02 6.956049148909785345e+02
6.989521500753098735e+02 7.003346307957465342e+02
7.036747997087788917e+02 7.050643257446565713e+02
7.083974495842355736e+02 7.097939995029735201e+02
7.131200992938271384e+02 7.145236525794515501e+02
7.178427490905569357e+02 7.192532846802732820e+02
7.225653987355622121e+02 7.239828962662115828e+02
7.272880483512891487e+02 7.287124873334341828e+02
7.320106979662823505e+02 7.334420578031565583e+02
7.367333475840873689e+02 7.381716079530539218e+02
7.414559973177824759e+02 7.429011380619585907e+02
7.461786470452918820e+02 7.476306481004169200e+02
7.509012967874330116e+02 7.523601383414413704e+02
7.556239466205844337e+02 7.570896086879818085e+02
