0.000000000000000000e+00 0.000000000000000000e+00
4.161402228063625586e+00 4.204433995044651873e+00
8.322804565796303677e+00 8.408069494456858806e+00
1.248420699472399065e+01 1.261093554360646962e+01
1.664560949397869649e+01 1.681305980840690495e+01
2.080701196239993322e+01 2.101446887218092741e+01
2.496841453272611489e+01 2.521518751892627108e+01
2.912981702888369995e+01 2.941523944713004468e+01
3.329121959359216021e+01 3.361464723701726598e+01
3.745262221835308480e+01 3.781343218102026071e+01
4.161402493130231761e+01 4.201161468805004517e+01
4.577542719532537063e+01 4.620921385016059446e+01
4.993682997665958112e+01 5.040624814964554901e+01
5.409823225162042348e+01 5.460273518533421111e+01
5.825963453390451008e+01 5.879869165963172861e+01
6.242103684650135875e+01 6.299413355595036279e+01
6.658243912775097328e+01 6.718907656911115112e+01
7.074384209290337822e+01 7.138353481911573795e+01
7.490524441221600682e+01 7.557752196908631959e+01
7.906664673773781260e+01 7.977105171020789953e+01
8.322804906712975992e+01 8.396413682691391500e+01
8.738945216994741827e+01 8.815679001803020753e+01
9.155085453287207997e+01 9.234902265339130167e+01
9.571225776301243116e+01 9.654084574777982652e+01
9.987366010742746880e+01 1.007322701353001548e+02
1.040350624531823200e+02 1.049233066586105139e+02
1.081964649862361796e+02 1.091139652045058455e+02
1.123578673773343439e+02 1.133042554526133472e+02
1.165192697177005670e+02 1.174941869238501368e+02
1.206806721325236254e+02 1.216837683471562457e+02
1.248420756139479408e+02 1.258730076328481573e+02
1.290034778390434553e+02 1.300619134886843824e+02
1.331648803363896718e+02 1.342504941194432604e+02
1.373262841622247947e+02 1.384387569280922889e+02
1.414876865110108497e+02 1.426267094151854735e+02
1.456490890051459246e+02 1.468143589836117826e+02
1.498104915515478979e+02 1.510017129776886122e+02
1.539718949298455186e+02 1.551887768497942943e+02
1.581332974043893955e+02 1.593755579933470017e+02
1.622946997965748039e+02 1.635620624803428313e+02
1.664561024155594282e+02 1.677482968838295392e+02
1.706175049132539243e+02 1.719342665186967452e+02
1.747789075219936592e+02 1.761199763647450709e+02
1.789403099634297973e+02 1.803054328722143396e+02
1.831017124865398955e+02 1.844906403949809146e+02
1.872631148751405021e+02 1.886756043389648312e+02
1.914245180038709009e+02 1.928603301783022914e+02
1.955859203727695785e+02 1.970448225563314963e+02
1.997473229031195388e+02 2.012290854992302798e+02
