0.000000000000000000e+00 0.000000000000000000e+00
4.164638398952710041e+00 4.204434000760759460e+00
8.329276906481135612e+00 8.408178311143640116e+00
1.249391548793008866e+01 1.261125618299083939e+01
1.665855410867929720e+01 1.681369048996261739e+01
2.082319277976172245e+01 2.101550268183011738e+01
2.498783143931630235e+01 2.521671267223480584e+01
2.915247015785197249e+01 2.941734022910391033e+01
3.331710898332917736e+01 3.361740422723156030e+01
3.748174740796134330e+01 3.781692156230327839e+01
4.164638582255038557e+01 4.201590924977301711e+01
4.581102423979099569e+01 4.621438327652157341e+01
4.997566318174521882e+01 5.041235907851972797e+01
5.414030219802191368e+01 5.460985134782681172e+01
5.830494063655503822e+01 5.880687383059105855e+01
6.246957911045304002e+01 6.300344006228302618e+01
6.663421815103646395e+01 6.719956323393151365e+01
7.079885663793643857e+01 7.139525493141798052e+01
7.496349574003360772e+01 7.559052722423805903e+01
7.912813424782100924e+01 7.978539149059605506e+01
8.329277339416769621e+01 8.397985846409153510e+01
8.745741204288368920e+01 8.817393898059673063e+01
9.162205134326350731e+01 9.236764238122516701e+01
9.578668984457861768e+01 9.656097869551348367e+01
9.995132838099270600e+01 1.007539574621027896e+02
1.041159669354283608e+02 1.049465869450920650e+02
1.082806054876615036e+02 1.091388760832934963e+02
1.124452439931028778e+02 1.133308330921549612e+02
1.166098834695519457e+02 1.175224660603171145e+02
1.207745219571642394e+02 1.217137824047969730e+02
1.249391616216967122e+02 1.259047905230965512e+02
1.291038001940395361e+02 1.300954966010684757e+02
1.332684387466164253e+02 1.342859073212442524e+02
1.374330784049896295e+02 1.384760298554938913e+02
1.415977170199387274e+02 1.426658704456165196e+02
1.457623556159947498e+02 1.468554356515776931e+02
1.499269940561851513e+02 1.510447322009320317e+02
1.540916327755329007e+02 1.552337652952190865e+02
1.582562714150441252e+02 1.594225394064232830e+02
1.624209099926148951e+02 1.636110609628324255e+02
1.665855490542756172e+02 1.677993351025346271e+02
1.707501875544583072e+02 1.719873671095984378e+02
1.749148262791200636e+02 1.761751616290082154e+02
1.790794647244397026e+02 1.803627247976119747e+02
1.832441033790947813e+02 1.845500604815690053e+02
1.874087419525524467e+02 1.887371725501520814e+02
1.915733806317434755e+02 1.929240658242260906e+02
1.957380193479858121e+02 1.971107442793115752e+02
1.999026580074566368e+02 2.012972126459296476e+02
