0.000000000000000000e+00 0.000000000000000000e+00
4.164638397839524053e+00 4.204434059064087847e+00
8.329276903694697864e+00 8.408178371527309736e+00
1.249391547755845977e+01 1.261125618643565005e+01
1.665855415270138451e+01 1.681369034919244143e+01
2.082319284361324208e+01 2.101550242035617799e+01
2.498783158200815890e+01 2.521671254064609613e+01
2.915247017607593349e+01 2.941734018017495345e+01
3.331710891941124686e+01 3.361740384646643065e+01
3.748174786604215569e+01 3.781692104851470049e+01
4.164638629198719855e+01 4.201590865135644037e+01
4.581102521379695958e+01 4.621438272374513190e+01
4.997566364868724520e+01 5.041235885720169563e+01
5.414030207178160481e+01 5.460985099414264710e+01
5.830494109113298151e+01 5.880687393434747889e+01
6.246957955051644262e+01 6.300344009096440345e+01
6.663421803153858036e+01 6.719956293053593299e+01
7.079885712192375991e+01 7.139525463354485169e+01
7.496349626549880441e+01 7.559052675809468269e+01
7.912813473290412958e+01 7.978539095403587567e+01
8.329277327077625159e+01 8.397985848392718822e+01
8.745741186354148056e+01 8.817393868059568263e+01
9.162205034684703264e+01 9.236764195560067492e+01
9.578668887923208786e+01 9.656097838578230608e+01
9.995132760589486054e+01 1.007539568162863048e+02
1.041159661185592569e+02 1.049465864610945545e+02
1.082806045810822582e+02 1.091388759168367812e+02
1.124452430452081586e+02 1.133308329744459968e+02
1.166098816001761520e+02 1.175224663075622118e+02
1.207745201505480281e+02 1.217137825861631200e+02
1.249391587561820245e+02 1.259047902121897664e+02
1.291037973062995547e+02 1.300954957469372175e+02
1.332684359002931842e+02 1.342859063149439010e+02
1.374330744380851286e+02 1.384760288816640639e+02
1.415977130460836690e+02 1.426658696575263434e+02
1.457623516960198629e+02 1.468554349111246324e+02
1.499269916792681272e+02 1.510447307012900069e+02
1.540916302609526838e+02 1.552337628462130397e+02
1.582562705184481047e+02 1.594225375873344888e+02
1.624209091365646600e+02 1.636110592909840875e+02
1.665855490556603513e+02 1.677993336516350951e+02
1.707501877109449424e+02 1.719873658748222169e+02
1.749148263622790296e+02 1.761751603077335631e+02
1.790794654628542730e+02 1.803627231177073895e+02
1.832441055767747855e+02 1.845500582085339261e+02
1.874087442598015798e+02 1.887371701016981547e+02
1.915733830878820072e+02 1.929240642948242339e+02
1.957380216405088049e+02 1.971107430371192208e+02
1.999026603364831658e+02 2.012972108458323532e+02
