0.000000000000000000e+00 0.000000000000000000e+00
4.164638394918140918e+00 4.204434021210440520e+00
8.329276897956432890e+00 8.408178333860576004e+00
1.249391547997540997e+01 1.261125612047638356e+01
1.665855411897958760e+01 1.681369028085373429e+01
2.082319275827702043e+01 2.101550223525116934e+01
2.498783149423796246e+01 2.521671245662621885e+01
2.915247012004456195e+01 2.941734009917747983e+01
3.331710885209572837e+01 3.361740378189081468e+01
3.748174727669251638e+01 3.781692098837831395e+01
4.164638575667903808e+01 4.201590872353398254e+01
4.581102417774666691e+01 4.621438286140569573e+01
4.997566265113740513e+01 5.041235889977298257e+01
5.414030158677788052e+01 5.460985126864014205e+01
5.830494000231735185e+01 5.880687384119583783e+01
6.246957844318049524e+01 6.300344008194097967e+01
6.663421690111158568e+01 6.719956270874018855e+01
7.079885604030323520e+01 7.139525428408133223e+01
7.496349449159922074e+01 7.559052646077716986e+01
7.912813299798986577e+01 7.978539089942927376e+01
8.329277148221619598e+01 8.397985806562172684e+01
8.745741000136007415e+01 8.817393837624800312e+01
9.162204878175765543e+01 9.236764172041614529e+01
9.578668737850017578e+01 9.656097808358479995e+01
9.995132592233812829e+01 1.007539566343909314e+02
1.041159644650557965e+02 1.049465861124280650e+02
1.082806039442886004e+02 1.091388749717693543e+02
1.124452423976320858e+02 1.133308318304529223e+02
1.166098819494852989e+02 1.175224648036632686e+02
1.207745204587851902e+02 1.217137813529960653e+02
1.249391590254467701e+02 1.259047891516035804e+02
1.291037975196648517e+02 1.300954952493401606e+02
1.332684360988494063e+02 1.342859062623539330e+02
1.374330745847896083e+02 1.384760295414963593e+02
1.415977143469376358e+02 1.426658706672348558e+02
1.457623531459278468e+02 1.468554355803555609e+02
1.499269917762498494e+02 1.510447313869872801e+02
1.540916317153218529e+02 1.552337631236080995e+02
1.582562704192770298e+02 1.594225375719012163e+02
1.624209089380775026e+02 1.636110591900645659e+02
1.665855489630807256e+02 1.677993338759627591e+02
1.707501876122874478e+02 1.719873671942843600e+02
1.749148261406645020e+02 1.761751622975357350e+02
1.790794663253289514e+02 1.803627249760423581e+02
1.832441050555028426e+02 1.845500606309820171e+02
1.874087436668139048e+02 1.887371722710198583e+02
1.915733823128958875e+02 1.929240652868118673e+02
1.957380208313487060e+02 1.971107437891271843e+02
1.999026595946659484e+02 2.012972121755857415e+02
