0.000000000000000000e+00 0.000000000000000000e+00
5.540458356047501809e+00 5.565895674106082325e+00
1.108091672910354930e+01 1.113153646953056786e+01
1.662137510269615959e+01 1.669692737931054793e+01
2.216183347689973004e+01 2.226207328590867007e+01
2.770229180883299236e+01 2.782697901411317076e+01
3.324275012326924639e+01 3.339164918793434111e+01
3.878320847995505005e+01 3.895608825201138359e+01
4.432366688051682502e+01 4.452030061115492288e+01
4.986412531325707675e+01 5.008429049640094632e+01
5.540458370907319363e+01 5.564806189862860464e+01
6.094504211826105688e+01 6.121161890828264518e+01
6.648550053817481853e+01 6.677496542592612627e+01
7.202595891844393350e+01 7.233810539523683758e+01
7.756641735662235249e+01 7.790104222832422920e+01
8.310687578780967044e+01 8.346377968610318021e+01
8.864733422683109154e+01 8.902632118498044633e+01
9.418779267190626570e+01 9.458867035353466690e+01
9.972825101512665924e+01 1.001508301294522170e+02
1.052687094716360861e+02 1.057128039452759651e+02
1.108091678312127613e+02 1.112745949529740415e+02
1.163496262979258518e+02 1.168362062246450535e+02
1.218900846639266433e+02 1.223976408021183744e+02
1.274305431571199563e+02 1.279589015734054556e+02
1.329710015165021275e+02 1.335199914057149044e+02
1.385114600161930696e+02 1.390809129977780003e+02
1.440519185298992397e+02 1.446416691416374363e+02
1.495923772085288874e+02 1.502022624614233450e+02
1.551328358363198276e+02 1.557626955380232801e+02
1.606732943311521922e+02 1.613229718626809017e+02
1.662137530819869937e+02 1.668830923343676602e+02
1.717542115409619328e+02 1.724430599941960054e+02
1.772946712503128595e+02 1.780028769682341476e+02
1.828351301388482000e+02 1.835625457374995904e+02
1.883755899210894995e+02 1.891220684967732382e+02
1.939160484400703126e+02 1.946814475299082687e+02
1.994565082709020771e+02 2.002406849596301299e+02
2.049969672829072920e+02 2.057997829454920691e+02
2.105374280508317781e+02 2.113587434449788418e+02
2.160778882901843758e+02 2.169175691256910454e+02
2.216183488401215982e+02 2.224762613886961162e+02
2.271588080299926844e+02 2.280348231197439191e+02
2.326992685062956525e+02 2.335932561291968739e+02
2.382397271628088902e+02 2.391515600545609459e+02
2.437801864999264012e+02 2.447097395700453148e+02
2.493206472136574234e+02 2.502677945954023073e+02
2.548611076558219963e+02 2.558257270761033340e+02
2.604015683150794302e+02 2.613835377728967160e+02
2.659420288045740790e+02 2.669412275254297811e+02
2.714824884634309683e+02 2.724987995136623340e+02
2.770229498446569778e+02 2.780562555870197912e+02
2.825634086855234841e+02 2.836135972668822660e+02
2.881038682169440222e+02 2.891708262540527699e+02
2.936443314723669005e+02 2.947279435971167914e+02
2.991847924826017788e+02 3.002849511174820236e+02
3.047252535325220606e+02 3.058418502321240453e+02
3.102657145560420986e+02 3.113986421793661066e+02
3.158061746653486352e+02 3.169553285025818923e+02
3.213466411878632130e+02 3.225119104494374369e+02
3.268871036679342978e+02 3.280683895240981656e+02
3.324275669860032849e+02 3.336247668423147843e+02
3.379680292946497957e+02 3.391810438050357561e+02
3.435084886879703276e+02 3.447372217458946579e+02
3.490489496282796722e+02 3.502933016675154931e+02
3.545894086220111490e+02 3.558492847976800135e+02
3.601298706749595340e+02 3.614051727133094118e+02
3.656703323245874913e+02 3.669609663259542458e+02
3.712107952559920250e+02 3.725166664082652233e+02
3.767512561088074108e+02 3.780722743713897671e+02
3.822917181476489077e+02 3.836277913030149875e+02
3.878321798979521873e+02 3.891832183362570845e+02
3.933726457003907058e+02 3.947385639772489299e+02
3.989131073371042930e+02 4.002938376508183751e+02
4.044535703552451196e+02 4.058490075413321279e+02
4.099940349767712178e+02 4.114040917264977679e+02
4.155345017667317506e+02 4.169590963851393326e+02
4.210749659687668327e+02 4.225140119915956234e+02
4.266154271231691837e+02 4.280688449204062636e+02
4.321558873497576769e+02 4.336235897268510371e+02
4.376963501588527379e+02 4.391782601361071556e+02
4.432368131724666682e+02 4.447328451652375634e+02
