0.000000000000000000e+00 0.000000000000000000e+00
5.540458333315473105e+00 5.565895682928142740e+00
1.108091668403971219e+01 1.113153645649756385e+01
1.662137500329724560e+01 1.669692737523484283e+01
2.216183333310201675e+01 2.226207331247005783e+01
2.770229174434325969e+01 2.782697907056021336e+01
3.324275008461443548e+01 3.339164925943178019e+01
3.878320863826925091e+01 3.895608831599866306e+01
4.432366704559277792e+01 4.452030067178123574e+01
4.986412542519019553e+01 5.008429055591517454e+01
5.540458378701393372e+01 5.564806197598343829e+01
6.094504217292466564e+01 6.121161899487134406e+01
6.648550058766372217e+01 6.677496550203639458e+01
7.202595901776857090e+01 7.233810545419191840e+01
7.756641744308464581e+01 7.790104230263763441e+01
8.310687587461248427e+01 8.346377979142857839e+01
8.864733428733698872e+01 8.902632126881604790e+01
9.418779274652668221e+01 9.458867045595626166e+01
9.972825120422714917e+01 1.001508302222017903e+02
1.052687095650691447e+02 1.057128039836066762e+02
1.108091680515352522e+02 1.112745949832948043e+02
1.163496265216789709e+02 1.168362062590207984e+02
1.218900849927872372e+02 1.223976408291528912e+02
1.274305434870391025e+02 1.279589016048675205e+02
1.329710019759206432e+02 1.335199914042735827e+02
1.385114604881759419e+02 1.390809130196012973e+02
1.440519189750793601e+02 1.446416691749053598e+02
1.495923773921531676e+02 1.502022624940775017e+02
1.551328358613233718e+02 1.557626955700482085e+02
1.606732943717820490e+02 1.613229718313243097e+02
1.662137528481484878e+02 1.668830924082279239e+02
1.717542113616780171e+02 1.724430600647322933e+02
1.772946698974227218e+02 1.780028770436899777e+02
1.828351284292213563e+02 1.835625458068403191e+02
1.883755869864870078e+02 1.891220685532236985e+02
1.939160467041593847e+02 1.946814475660821131e+02
1.994565070221228211e+02 2.002406850093519779e+02
2.049969655886135342e+02 2.057997830108841697e+02
2.105374262503071918e+02 2.113587435064452507e+02
2.160778862707634289e+02 2.169175691804967130e+02
2.216183467502881399e+02 2.224762616900002854e+02
2.271588068293293645e+02 2.280348225131712638e+02
2.326992657694641196e+02 2.335932548809540208e+02
2.382397263075976923e+02 2.391515585867046525e+02
2.437801856659822874e+02 2.447097380422955268e+02
2.493206447945882474e+02 2.502677932631351041e+02
2.548611054344634113e+02 2.558257259676381921e+02
2.604015661230823753e+02 2.613835348302542343e+02
2.659420270643772710e+02 2.669412249492659726e+02
2.714824875017735621e+02 2.724987971432764198e+02
2.770229479857071055e+02 2.780562532351231084e+02
2.825634091936065033e+02 2.836135949182848321e+02
2.881038688175676725e+02 2.891708237246537010e+02
2.936443300911621463e+02 2.947279411652990007e+02
2.991847902677433808e+02 3.002849486336341442e+02
3.047252511381766453e+02 3.058418477996074216e+02
3.102657125781193486e+02 3.113986398328482323e+02
3.158061751426345154e+02 3.169553263068291926e+02
3.213466400174232263e+02 3.225119082690399068e+02
3.268871002973007762e+02 3.280683872862840076e+02
3.324275618256408507e+02 3.336247646263419142e+02
3.379680218271241756e+02 3.391810415611564622e+02
3.435084821976834064e+02 3.447372195249515698e+02
3.490489419112340101e+02 3.502932994594486900e+02
3.545894032357363130e+02 3.558492824529457721e+02
3.601298659905754675e+02 3.614051700510102592e+02
3.656703282968861686e+02 3.669609631729434795e+02
3.712107871605794571e+02 3.725166632062492909e+02
3.767512523484194276e+02 3.780722712252695601e+02
3.822917122110278569e+02 3.836277882136009794e+02
3.878321723783135440e+02 3.891832225023583192e+02
3.933726341680969085e+02 3.947385606537569629e+02
3.989130963679187971e+02 4.002938109852445905e+02
4.044535606312733762e+02 4.058489809185185777e+02
4.099940279680786261e+02 4.114040589600067506e+02
4.155344914584960065e+02 4.169590585294074572e+02
4.210749564057064163e+02 4.225139742413500699e+02
4.266154189586041525e+02 4.280688012264438385e+02
4.321558798463875632e+02 4.336235547901663949e+02
4.376963408988299307e+02 4.391782199240354885e+02
4.432368092782439817e+02 4.447328103793810214e+02
