0.000000000000000000e+00 0.000000000000000000e+00
5.540458361119731556e+00 5.565895687137730974e+00
1.108091667731464014e+01 1.113153645597717123e+01
1.662137505005313187e+01 1.669692741088146803e+01
2.216183340438032090e+01 2.226207334321770404e+01
2.770229174959161611e+01 2.782697914004660333e+01
3.324275012851989430e+01 3.339164932662734486e+01
3.878320844889147168e+01 3.895608838220150716e+01
4.432366684653771927e+01 4.452030075012859811e+01
4.986412524569877291e+01 5.008429063695220407e+01
5.540458365614374259e+01 5.564806204284516866e+01
6.094504207615742075e+01 6.121161905065815745e+01
6.648550048990796313e+01 6.677496557495680918e+01
7.202595892582770887e+01 7.233810552804881411e+01
7.756641735178490649e+01 7.790104235649118891e+01
8.310687578645610074e+01 8.346377976986680380e+01
8.864733422443252664e+01 8.902632125317197165e+01
9.418779266295848629e+01 9.458867041169160927e+01
9.972825121126635395e+01 1.001508301825900276e+02
1.052687097488811219e+02 1.057128039977885123e+02
1.108091682123005768e+02 1.112745950057409061e+02
1.163496265899351556e+02 1.168362062655022697e+02
1.218900850650283871e+02 1.223976408307735113e+02
1.274305435515429679e+02 1.279589016049719703e+02
1.329710020315162069e+02 1.335199914037173983e+02
1.385114604211559595e+02 1.390809130170068215e+02
1.440519189866262195e+02 1.446416691747219261e+02
1.495923775013390014e+02 1.502022624965508442e+02
1.551328359771325722e+02 1.557626955730735290e+02
1.606732944976349700e+02 1.613229717809973920e+02
1.662137532372931332e+02 1.668830922605524734e+02
1.717542117684657228e+02 1.724430600288104927e+02
1.772946701981461501e+02 1.780028780842434060e+02
1.828351291953979967e+02 1.835625468128514513e+02
1.883755883680104262e+02 1.891220696159728618e+02
1.939160484680712102e+02 1.946814486235768413e+02
1.994565077361870635e+02 2.002406860627185381e+02
2.049969662586330514e+02 2.057997840669849836e+02
2.105374248094296661e+02 2.113587445656694399e+02
2.160778850849102639e+02 2.169175701844820878e+02
2.216183453511393964e+02 2.224762622722053607e+02
2.271588045391752928e+02 2.280348229717444326e+02
2.326992651026911005e+02 2.335932542156292016e+02
2.382397253717651893e+02 2.391515581568972095e+02
2.437801864287825993e+02 2.447097369727919158e+02
2.493206456125922443e+02 2.502677917960497780e+02
2.548611059684287170e+02 2.558257249668266979e+02
2.604015649418420821e+02 2.613835339757463316e+02
2.659420238375523127e+02 2.669412237692394001e+02
2.714824827567749708e+02 2.724987957631389008e+02
2.770229424755463015e+02 2.780562518336894300e+02
2.825634022618309018e+02 2.836135934990248302e+02
2.881038615673375034e+02 2.891708222682927953e+02
2.936443234825484296e+02 2.947279396024869129e+02
2.991847847535276514e+02 3.002849470159973180e+02
3.047252465502524501e+02 3.058418460293237331e+02
3.102657115363735443e+02 3.113986379835150728e+02
3.158061726686448196e+02 3.169553244004824819e+02
3.213466326767854753e+02 3.225119063628158074e+02
3.268870940254646484e+02 3.280683853757903989e+02
3.324275527977340516e+02 3.336247626564383495e+02
3.379680186554184047e+02 3.391810396363777045e+02
3.435084824163993744e+02 3.447372176006257405e+02
3.490489488443062669e+02 3.502932974578261565e+02
3.545894103001567714e+02 3.558492807095367425e+02
3.601298727436287663e+02 3.614051683664681605e+02
3.656703389353560283e+02 3.669609617591781898e+02
3.712108008560491612e+02 3.725166619166705573e+02
3.767512612129892773e+02 3.780722699685027806e+02
3.822917203897904983e+02 3.836277870025992343e+02
3.878321833518118638e+02 3.891832141296274585e+02
3.933726451564534727e+02 3.947385697457462470e+02
3.989131107375584406e+02 4.002938261930406725e+02
4.044535727934054989e+02 4.058490020210493867e+02
4.099940345833391575e+02 4.114040806753075685e+02
4.155344979519134654e+02 4.169590736504743518e+02
4.210749590636220887e+02 4.225139927992563003e+02
4.266154231552874307e+02 4.280688259324923592e+02
4.321558881342707537e+02 4.336235791818510279e+02
4.376963521095854048e+02 4.391782437192847510e+02
4.432368113928773710e+02 4.447328339857488118e+02
