0.000000000000000000e+00 0.000000000000000000e+00
4.454426868510114268e+00 4.481751917976090738e+00
8.908854185645228796e+00 8.963186850833977815e+00
1.336328106521607140e+01 1.344431214657670992e+01
1.781770827938909463e+01 1.792513493599239993e+01
2.227213519092386917e+01 2.240566202320440681e+01
2.672656238630235848e+01 2.688589996090738055e+01
3.118098936904375051e+01 3.136585521363029727e+01
3.563541632935998393e+01 3.584553398210967146e+01
4.008984327380926516e+01 4.032494222526247540e+01
4.454427028649219267e+01 4.480408576349324790e+01
4.899869728178421013e+01 4.928297020947718465e+01
5.345312428821071649e+01 5.376160099966142525e+01
5.790755131529755317e+01 5.823998335282854555e+01
6.236197893113899227e+01 6.271812239664009780e+01
6.681640597445942831e+01 6.719602309129851392e+01
7.127083303401022363e+01 7.167369022188424310e+01
7.572526009927747737e+01 7.615112852631416729e+01
8.017968717791254107e+01 8.062834233006432783e+01
8.463411427914863339e+01 8.510533610551533457e+01
8.908854140334929639e+01 8.958211411717044825e+01
9.354296848107847495e+01 9.405868005358323103e+01
9.799739562379596691e+01 9.853503893534059443e+01
1.024518228482593258e+02 1.030111932688068634e+02
1.069062500249698360e+02 1.074871475872772066e+02
1.113606772142858574e+02 1.119629063976241525e+02
1.158151044581287010e+02 1.164384725477767120e+02
1.202695316467216884e+02 1.209138494832695159e+02
1.247239588776411807e+02 1.253890399001623166e+02
1.291783861130688535e+02 1.298640486263500406e+02
1.336328133602654589e+02 1.343388780539355594e+02
1.380872406465325923e+02 1.388135312944020257e+02
1.425416678994232598e+02 1.432880114301922276e+02
1.469960952010761730e+02 1.477623214023149103e+02
1.514505225210376125e+02 1.522364641224477850e+02
1.559049498202222708e+02 1.567104424071363269e+02
1.603593770467896888e+02 1.611842593263000651e+02
1.648138043234139332e+02 1.656579169398611668e+02
1.692682316813252328e+02 1.701314181773259975e+02
1.737226590544361216e+02 1.746047656243327992e+02
1.781770886954031994e+02 1.790779616932853742e+02
1.826315164069412731e+02 1.835510088803924305e+02
1.870859438400423755e+02 1.880239095055701455e+02
1.915403712401084704e+02 1.924966658995090256e+02
1.959947985509912201e+02 1.969692789909256021e+02
2.004492291358822058e+02 2.014417536102388340e+02
2.049036566202653376e+02 2.059140906621263980e+02
2.093580837811011861e+02 2.103862922054796627e+02
2.138125112683442808e+02 2.148583602840152196e+02
2.182669384987682974e+02 2.193302969211101754e+02
2.227213660106764053e+02 2.238021040661772076e+02
2.271757935515659028e+02 2.282737838716122099e+02
2.316302210576085940e+02 2.327453368081927465e+02
2.360846486810158353e+02 2.372167668943064882e+02
2.405390762602932000e+02 2.416880749155162107e+02
2.449935036863482196e+02 2.461592627280515444e+02
2.494479311554185870e+02 2.506303319113437169e+02
2.539023588014450752e+02 2.551012842823331539e+02
2.583567864733547594e+02 2.595721213399730800e+02
2.628112141853464436e+02 2.640428448514201136e+02
2.672656436609955222e+02 2.685134562786327024e+02
2.717200713291472880e+02 2.729839572201798319e+02
2.761744999168158756e+02 2.774543492629564980e+02
2.806289275127917335e+02 2.819246336764767875e+02
2.850833552286500208e+02 2.863948101175750480e+02
2.895377829363717410e+02 2.908648838673664159e+02
2.939922103559213156e+02 2.953348543820816303e+02
2.984466385523557506e+02 2.998047230230628202e+02
3.029010662974089882e+02 3.042744911208473013e+02
3.073554944584523128e+02 3.087441601103354856e+02
3.118099222144501823e+02 3.132137311109173652e+02
3.162643499522980619e+02 3.176832054588650180e+02
3.207187777529820210e+02 3.221525843447657849e+02
3.251732063617646418e+02 3.266218690253475643e+02
3.296276342469230940e+02 3.310910607009857358e+02
3.340820620891093995e+02 3.355601606312573608e+02
3.385364893232302848e+02 3.400291698072574036e+02
3.429909171995025758e+02 3.444980896563453143e+02
3.474453450822055629e+02 3.489669208648435870e+02
3.518997729857982222e+02 3.534356646493361040e+02
3.563542009075043779e+02 3.579043220903104725e+02
