0.000000000000000000e+00 0.000000000000000000e+00
4.458324594107031302e+00 4.481751920012507107e+00
8.916649632905219391e+00 8.963262267217448453e+00
1.337497475211246467e+01 1.344453564891196429e+01
1.783329940410623493e+01 1.792557711810853505e+01
2.229162407015206071e+01 2.240639138862395185e+01
2.674994873491654346e+01 2.688698300617545556e+01
3.120827340761005075e+01 3.136735638508557145e+01
3.566659841891550542e+01 3.584751583759290838e+01
4.012492307388869506e+01 4.032746552711250843e+01
4.458324777675066741e+01 4.480720949335815817e+01
4.904157253667794691e+01 4.928675168243563576e+01
5.349989721098946660e+01 5.376609590242351544e+01
5.795822249474177568e+01 5.824524585316449077e+01
6.241654718687698988e+01 6.272420515173874378e+01
6.687487196845695792e+01 6.720297741826998106e+01
7.133319676358105710e+01 7.168156597883216818e+01
7.579152157369003362e+01 7.615997392710278291e+01
8.024984641591917978e+01 8.063820474410363204e+01
8.470817126337649938e+01 8.511626150641481559e+01
8.916649611050293345e+01 8.959414726657917072e+01
9.362482176801398737e+01 9.407186519834858984e+01
9.808314663452679838e+01 9.854941737775152433e+01
1.025414713789857615e+02 1.030268077878052111e+02
1.069997962760666326e+02 1.075040386266229149e+02
1.114581211838487036e+02 1.119811126441782534e+02
1.159164461142465541e+02 1.164580324109094249e+02
1.203747710345189290e+02 1.209348005354289768e+02
1.248330959927355082e+02 1.254114192767916194e+02
1.292914210209407315e+02 1.298878914121539196e+02
1.337497459857901276e+02 1.343642182489322749e+02
1.382080709726154453e+02 1.388404038759055652e+02
1.426663959612102985e+02 1.433164497472282619e+02
1.471247206894720136e+02 1.477923582682132633e+02
1.515830457097024180e+02 1.522681310493903197e+02
1.560413707008534061e+02 1.567437704268813548e+02
1.604996957429815438e+02 1.612192785112571869e+02
1.649580207843470703e+02 1.656946572675722962e+02
1.694163471277338999e+02 1.701699086488268904e+02
1.738746738926523108e+02 1.746450341961622712e+02
1.783329989821151855e+02 1.791200366040257279e+02
1.827913241476971962e+02 1.835949172599203507e+02
1.872496489909557624e+02 1.880696779906612051e+02
1.917079741952693155e+02 1.925443205341226758e+02
1.961662992906142335e+02 1.970188466001658298e+02
2.006246244627688498e+02 2.014932578574668014e+02
2.050829496808504757e+02 2.059675559301174133e+02
2.095412746830726860e+02 2.104417424119004920e+02
2.139995998357445330e+02 2.149158189192139901e+02
2.184579250439151963e+02 2.193897869375516620e+02
2.229162501812330675e+02 2.238636480320581086e+02
2.273745761124718001e+02 2.283374038021395904e+02
2.318329013969171797e+02 2.328110553284316779e+02
2.362912283679831376e+02 2.372846042299204612e+02
2.407495546189431934e+02 2.417580501505244115e+02
2.452078799033834287e+02 2.462313979633626957e+02
2.496662052120553881e+02 2.507046474290215770e+02
2.541245305683260085e+02 2.551777995704723594e+02
2.585828559078133253e+02 2.596508555682339647e+02
2.630411813253823539e+02 2.641238168209041532e+02
2.674995066393954630e+02 2.685966846012395308e+02
2.719578320635802129e+02 2.730694601584734187e+02
2.764161576362806159e+02 2.775421445463140344e+02
2.808744830790740821e+02 2.820147389640218307e+02
2.853328085140234407e+02 2.864872448989589770e+02
2.897911339637584547e+02 2.909596629650897626e+02
2.942494588336774086e+02 2.954319943072822525e+02
2.987077842708115440e+02 2.999042401082020888e+02
3.031661095730769944e+02 3.043764014506865578e+02
3.076244349052424241e+02 3.088484794233448838e+02
3.120827603944165389e+02 3.133204747463507829e+02
3.165410857712669213e+02 3.177923887201253592e+02
3.209994108848538872e+02 3.222642199079243710e+02
3.254577364876383285e+02 3.267359738898260844e+02
3.299160620330193296e+02 3.312076495195253756e+02
3.343743868981123342e+02 3.356792473787048721e+02
3.388327125856385464e+02 3.401507685102840242e+02
3.432910381629441190e+02 3.446222144818270294e+02
3.477493630268702418e+02 3.490935822183269579e+02
3.522076884076002443e+02 3.535648784626102952e+02
3.566660140246888204e+02 3.580361002103317105e+02
