0.000000000000000000e+00 0.000000000000000000e+00
4.453498737314374623e+00 4.481751924021556199e+00
8.906997935568593761e+00 8.963167369245763183e+00
1.336049673845578667e+01 1.344425451781029679e+01
1.781399549553431072e+01 1.792502069888299232e+01
2.226749430755913295e+01 2.240547356013124158e+01
2.672099310295320507e+01 2.688562019302147377e+01
3.117449187890933615e+01 3.136546792780901782e+01
3.562799063789976373e+01 3.584502297257981240e+01
4.008148948219815111e+01 4.032429200427925764e+01
4.453498833357394915e+01 4.480328106701158930e+01
4.898848719328439216e+01 4.928199656287955577e+01
5.344198606032661303e+01 5.376044438916217416e+01
5.789548544490865822e+01 5.823863010314155986e+01
6.234898455854568056e+01 6.271655920568981202e+01
6.680248347783434326e+01 6.719423713178127855e+01
7.125598240010742757e+01 7.167166884287158268e+01
7.570948141100986106e+01 7.614885946225555813e+01
8.016298058270790250e+01 8.062581398450353731e+01
8.461647952850987053e+01 8.510253679390916659e+01
8.906997850511156400e+01 8.957903259023797204e+01
9.352347771436083690e+01 9.405530595651183035e+01
9.797697672970413407e+01 9.853136103568738235e+01
1.024304760119788966e+02 1.030072021172615848e+02
1.068839750456300237e+02 1.074828331756229574e+02
1.113374741081765933e+02 1.119582581986415448e+02
1.157909732452578169e+02 1.164334810257019512e+02
1.202444723213426983e+02 1.209085054734497646e+02
1.246979714163163635e+02 1.253833350002561389e+02
1.291514705186523315e+02 1.298579722985981562e+02
1.336049696528471316e+02 1.343324226330533975e+02
1.380584686012707039e+02 1.388066884510246553e+02
1.425119677535427627e+02 1.432807729550222291e+02
1.469654669905707181e+02 1.477546793630769457e+02
1.514189660228467176e+02 1.522284107344063386e+02
1.558724652164015652e+02 1.567019702134910801e+02
1.603259644354133684e+02 1.611753604738198362e+02
1.647794636398835451e+02 1.656485845866345130e+02
1.692329629499764110e+02 1.701216452753697581e+02
1.736864621733134015e+02 1.745945450904065410e+02
1.781399614920079273e+02 1.790672868625040337e+02
1.825934605073942976e+02 1.835398717473638612e+02
1.870469606313605482e+02 1.880123050339460917e+02
1.915004599568624712e+02 1.924845878720782935e+02
1.959539592644724735e+02 1.969567223941083967e+02
2.004074585925129099e+02 2.014287111396560590e+02
2.048609576911311478e+02 2.059005563714854929e+02
2.093144570431161640e+02 2.103722603118876009e+02
2.137679562653025869e+02 2.148438251939536769e+02
2.182214556305718247e+02 2.193152530420074982e+02
2.226749550399458712e+02 2.237865459813708640e+02
2.271284545511994111e+02 2.282577061265588156e+02
2.315819541841659941e+02 2.327287353176354827e+02
2.360354534165692826e+02 2.371996357900212047e+02
2.404889526217852165e+02 2.416704090690170119e+02
2.449424515811667220e+02 2.461410571852955513e+02
2.493959510343310058e+02 2.506115816485241794e+02
2.538494504825269473e+02 2.550819848726001737e+02
2.583029499673247642e+02 2.595522683591944997e+02
2.627564494516349782e+02 2.640224336077803287e+02
2.672099489909810472e+02 2.684924824002590640e+02
2.716634483613540851e+02 2.729624163858055681e+02
2.761169479764355401e+02 2.774322371779735477e+02
2.805704475511425926e+02 2.819019452222048585e+02
2.850239471712039858e+02 2.863715441807577236e+02
2.894774466887348012e+02 2.908410345085979998e+02
2.939309459051895601e+02 2.953104177772831918e+02
2.983844456210018734e+02 2.997796951592912365e+02
3.028379471452756206e+02 3.042488682262697353e+02
3.072914468012636462e+02 3.087179384032715461e+02
3.117449460684773612e+02 3.131869070750503852e+02
3.161984457783005382e+02 3.176557755352725962e+02
3.206519455124672504e+02 3.221245449721886303e+02
3.251054466307347184e+02 3.265932167166889144e+02
3.295589469155219717e+02 3.310617920273738832e+02
3.340124487525141603e+02 3.355302721526588243e+02
3.384659483657802070e+02 3.399986583005213561e+02
3.429194481056986206e+02 3.444669517040231312e+02
3.473729478597152820e+02 3.489351534617137531e+02
3.518264476407974826e+02 3.534032647055756797e+02
3.562799474293722710e+02 3.578712868637724114e+02
