0.000000000000000000e+00 0.000000000000000000e+00
4.292339277885035997e+00 4.325145750484913343e+00
8.584678590892924177e+00 8.649827643923645226e+00
1.287701789981955969e+01 1.297405884163086398e+01
1.716935724588169876e+01 1.729785181645934244e+01
2.146169660921309941e+01 2.162121855234807910e+01
2.575403590524038222e+01 2.594417056768251939e+01
3.004637531547125562e+01 3.026671892689543597e+01
3.433871503644066792e+01 3.458887460942995062e+01
3.863105465431127072e+01 3.891064716642134869e+01
4.292339411099582946e+01 4.323204690576726250e+01
4.721573356471581917e+01 4.755308292801781533e+01
5.150807304872415671e+01 5.187376456021002014e+01
5.580041254420535779e+01 5.619410082796112960e+01
6.009275206353969168e+01 6.051409940678489363e+01
6.438509157185359300e+01 6.483376866747919109e+01
6.867743110648466143e+01 6.915311679943391709e+01
7.296977063521583773e+01 7.347215111612598548e+01
7.726211020449171940e+01 7.779087891690608103e+01
8.155444978633830999e+01 8.210930752232620478e+01
8.584678941396990126e+01 8.642744326326342730e+01
9.013912904493550116e+01 9.074529291954559085e+01
9.443146840091731065e+01 9.506286283816911009e+01
9.872380834893591839e+01 9.938015897836767465e+01
1.030161480258746423e+02 1.036971876556635692e+02
1.073084876909177012e+02 1.080139550092152945e+02
1.116008274591307128e+02 1.123304657882904536e+02
1.158931671867403708e+02 1.166467254986596629e+02
1.201855067209651224e+02 1.209627391893072428e+02
1.244778467187177284e+02 1.252785121871519891e+02
1.287701861354785819e+02 1.295940491607620686e+02
1.330625259332026076e+02 1.339093553205739227e+02
1.373548657533811195e+02 1.382244350669874677e+02
1.416472056165210347e+02 1.425392928345308974e+02
1.459395454754917978e+02 1.468539330890912993e+02
1.502318853237431995e+02 1.511683604361749644e+02
1.545242248390426880e+02 1.554825779229554996e+02
1.588165647805053027e+02 1.597965901289111343e+02
1.631089047842206980e+02 1.641104007807108189e+02
1.674012446420782680e+02 1.684240137260523795e+02
1.716935845791629163e+02 1.727374335570605126e+02
1.759859246064872309e+02 1.770506614970555859e+02
1.802782656075952161e+02 1.813637029037529942e+02
1.845706057318556361e+02 1.856765605341691412e+02
1.888629457877604523e+02 1.899892378669192397e+02
1.931552858357278524e+02 1.943017378446519956e+02
1.974476264979681730e+02 1.986140631970566801e+02
2.017399663927052416e+02 2.029262172597994720e+02
2.060323064730887950e+02 2.072382031873973460e+02
2.103246468487034804e+02 2.115500242030190634e+02
2.146169867728766008e+02 2.158616823545872592e+02
2.189093265832456154e+02 2.201731811047987435e+02
2.232016667248358317e+02 2.244845227550957816e+02
2.274940086360988971e+02 2.287957102233704347e+02
2.317863488145358417e+02 2.331067445733251020e+02
2.360786886098141508e+02 2.374176301115239767e+02
2.403710287771312721e+02 2.417283684795770569e+02
2.446633697237139131e+02 2.460389628883121134e+02
2.489557099530905475e+02 2.503494131422816338e+02
2.532480503256535940e+02 2.546597244955821679e+02
2.575403906171852100e+02 2.589698970349597857e+02
2.618327309008232646e+02 2.632799336557075094e+02
2.661250707789886860e+02 2.675898353828395102e+02
2.704174110916821405e+02 2.718996070471565645e+02
2.747097513945100218e+02 2.762092479245918071e+02
