0.000000000000000000e+00 0.000000000000000000e+00
4.292339280025021075e+00 4.325145737280942981e+00
8.584678592361781213e+00 8.649827636163760047e+00
1.287701790518697109e+01 1.297405878542605961e+01
1.716935724523547435e+01 1.729785172434857543e+01
2.146169660863619555e+01 2.162121843609111949e+01
2.575403599008191691e+01 2.594417045541432643e+01
3.004637535992496211e+01 3.026671883359318826e+01
3.433871475698673947e+01 3.458887417192075020e+01
3.863105420664909673e+01 3.891064666194018429e+01
4.292339365755181291e+01 4.323204626430047881e+01
4.721573309639351379e+01 4.755308215990581289e+01
5.150807255382271421e+01 5.187376376136148792e+01
5.580041226888661043e+01 5.619409960260128400e+01
6.009275178081703928e+01 6.051409821936050548e+01
6.438509128850330399e+01 6.483376805340770943e+01
6.867743082817179356e+01 6.915311617241891895e+01
7.296977038793230008e+01 7.347215050321037211e+01
7.726211022632233494e+01 7.779087835846567600e+01
8.155444982686358912e+01 8.210930678694055018e+01
8.584678944897531494e+01 8.642744248073063318e+01
9.013912906895689048e+01 9.074529234220560170e+01
9.443146869401351751e+01 9.506286211867166003e+01
9.872380889385897262e+01 9.938015906229871632e+01
1.030161485216787582e+02 1.036971877272525120e+02
1.073084882094039330e+02 1.080139544765754067e+02
1.116008279041066089e+02 1.123304648699326123e+02
1.158931676307922061e+02 1.166467243259971269e+02
1.201855072988690551e+02 1.209627379203675304e+02
1.244778470677273390e+02 1.252785105828813812e+02
1.287701868448324660e+02 1.295940478124902029e+02
1.330625266262935043e+02 1.339093539939408402e+02
1.373548664208620096e+02 1.382244335092205461e+02
1.416472063351689883e+02 1.425392914203025612e+02
1.459395461588018748e+02 1.468539316338125218e+02
1.502318860620306396e+02 1.511683593128461780e+02
1.545242259196288614e+02 1.554825765969973190e+02
1.588165657943729343e+02 1.597965884626253796e+02
1.631089052857658999e+02 1.641103990160427202e+02
1.674012451331760758e+02 1.684240119873445565e+02
1.716935850451224326e+02 1.727374311525485950e+02
1.759859250604866929e+02 1.770506595512497938e+02
1.802782645221730604e+02 1.813637009513504665e+02
1.845706047043174181e+02 1.856765593150866778e+02
1.888629447602399694e+02 1.899892359828200483e+02
1.931552859321088818e+02 1.943017362236719805e+02
1.974476259843154367e+02 1.986140630600299914e+02
2.017399672673840314e+02 2.029262177577271018e+02
2.060323072913091664e+02 2.072382036639764351e+02
2.103246472656400385e+02 2.115500248640564678e+02
2.146169874384121385e+02 2.158616836362969025e+02
2.189093275399468439e+02 2.201731818627007442e+02
2.232016676521357113e+02 2.244845234638000306e+02
2.274940087112676110e+02 2.287957106034611741e+02
2.317863488621065358e+02 2.331067467780278832e+02
2.360786889615221185e+02 2.374176330614049846e+02
2.403710291751023362e+02 2.417283714833067449e+02
2.446633694793203802e+02 2.460389649530780503e+02
2.489557093567967740e+02 2.503494167040099114e+02
2.532480496094569844e+02 2.546597273400305994e+02
2.575403893178312273e+02 2.589698998238675358e+02
2.618327297246650573e+02 2.632799367118619216e+02
2.661250699928004337e+02 2.675898396507020607e+02
2.704174099614412512e+02 2.718996096394654387e+02
2.747097501012482894e+02 2.762092505302838958e+02
