0.000000000000000000e+00 0.000000000000000000e+00
4.292339289130706170e+00 4.325145736911281347e+00
8.584678599812802346e+00 8.649827669554227327e+00
1.287701791609864799e+01 1.297405882496947882e+01
1.716935725652112055e+01 1.729785197313684009e+01
2.146169661865194200e+01 2.162121871958762753e+01
2.575403597186082294e+01 2.594417070220274368e+01
3.004637535614299537e+01 3.026671923199933190e+01
3.433871473858874879e+01 3.458887472491298354e+01
3.863105415806598586e+01 3.891064731663360021e+01
4.292339360448487184e+01 4.323204691862657967e+01
4.721573307658653107e+01 4.755308294359731036e+01
5.150807254659413559e+01 5.187376454048528274e+01
5.580041201972215248e+01 5.619410033270184357e+01
6.009275182284301309e+01 6.051409894371911946e+01
6.438509133519295347e+01 6.483376839525325863e+01
6.867743086571746858e+01 6.915311650943104382e+01
7.296977041737579839e+01 7.347215087423488455e+01
7.726211001086645069e+01 7.779087872953961380e+01
8.155444960650973485e+01 8.210930713619140420e+01
8.584678922741736073e+01 8.642744287946248960e+01
9.013912886244770561e+01 9.074529226475394239e+01
9.443146834197520434e+01 9.506286220645918661e+01
9.872381097070422129e+01 9.938015864297230451e+01
1.030161506501083863e+02 1.036971873695915463e+02
1.073084903707318460e+02 1.080139541350474701e+02
1.116008301354715684e+02 1.123304645490135840e+02
1.158931696084356702e+02 1.166467244866773427e+02
1.201855093426784720e+02 1.209627382071165016e+02
1.244778490914869451e+02 1.252785112431183734e+02
1.287701886362711718e+02 1.295940487251608317e+02
1.330625284065577887e+02 1.339093545100298854e+02
1.373548682132098406e+02 1.382244342997718718e+02
1.416472080694581166e+02 1.425392926623875951e+02
1.459395479241285614e+02 1.468539328822113816e+02
1.502318878315955999e+02 1.511683597470524774e+02
1.545242277167301950e+02 1.554825772615136543e+02
1.588165676078707520e+02 1.597965900224695588e+02
1.631089072566651055e+02 1.641104007184441684e+02
1.674012513932812567e+02 1.684240136775366068e+02
1.716935913464980388e+02 1.727374321800947996e+02
1.759859312658040551e+02 1.770506606378930314e+02
1.802782714859965836e+02 1.813637018800347107e+02
1.845706114893489200e+02 1.856765595513793983e+02
1.888629515938588384e+02 1.899892368477259481e+02
1.931552927359464036e+02 1.943017367749339428e+02
1.974476329684923428e+02 1.986140625557801513e+02
2.017399731485265875e+02 2.029262173027054814e+02
2.060323145422274251e+02 2.072382038787456509e+02
2.103246539899787422e+02 2.115500251293191241e+02
2.146169935081216522e+02 2.158616838878768931e+02
2.189093332706748640e+02 2.201731827718138277e+02
2.232016727273442598e+02 2.244845245155329110e+02
2.274940129297460771e+02 2.287957116918154270e+02
2.317863526437107282e+02 2.331067470221487952e+02
2.360786931024383648e+02 2.374176326173319751e+02
2.403710333488292576e+02 2.417283710171832638e+02
2.446633735989494198e+02 2.460389649211422238e+02
2.489557138523247204e+02 2.503494159825232259e+02
2.532480539273836371e+02 2.546597264900129858e+02
2.575403941918455075e+02 2.589698993184626943e+02
2.618327340693323322e+02 2.632799353527875610e+02
2.661250743906431353e+02 2.675898379427801501e+02
2.704174148447852986e+02 2.718996087804817989e+02
2.747097567859228775e+02 2.762092490190133276e+02
