0.000000000000000000e+00 0.000000000000000000e+00
5.826928147009331482e+00 2.967224441264208590e+00
9.817564234278179924e+00 7.114327346454563994e+00
1.381965862607245299e+01 1.126550419996226715e+01
1.782825159335197185e+01 1.541368713632486553e+01
2.184920112054457064e+01 1.955189025633716682e+01
2.587002917935609503e+01 2.368874346728903291e+01
2.989826497766282642e+01 2.783070856364107470e+01
3.393922172978284379e+01 3.195843472715532130e+01
3.798029909515743441e+01 3.608898948068753043e+01
4.202420983400023147e+01 4.021710617861238291e+01
4.607435287718144679e+01 4.434603782368388636e+01
5.013300326410391961e+01 4.847534010249524528e+01
5.419210634711504326e+01 5.260328694349789913e+01
5.825012368749526104e+01 5.672830224102537500e+01
6.231137541339190022e+01 6.084919534484187409e+01
6.637554785722210227e+01 6.496553713110469630e+01
7.044077298973836321e+01 6.908309094266664374e+01
7.451292511495012150e+01 7.319375333094910729e+01
7.858273952435368415e+01 7.731576773126811020e+01
8.265467924479150952e+01 8.143157119813565714e+01
8.672416427783657866e+01 8.554723912376675798e+01
9.079506205642103112e+01 8.966256756573172026e+01
9.486859723073180817e+01 9.377284831156160294e+01
9.894766463509913024e+01 9.788873666500921900e+01
1.030305703069311818e+02 1.020040667471020299e+02
1.071107763260215791e+02 1.061176916973676612e+02
1.111898511454759415e+02 1.102325487770354471e+02
1.152659946433139737e+02 1.143468431411300230e+02
1.193505898547209654e+02 1.184578703432233624e+02
1.234347076851818485e+02 1.225641900166367009e+02
1.275176662849530942e+02 1.266713634169125271e+02
1.315999197431775087e+02 1.307817058717050145e+02
1.356842849989599529e+02 1.348931722690138031e+02
1.397708185168910404e+02 1.390019835118764604e+02
1.438585232540317236e+02 1.431091078078175372e+02
1.479423281693889294e+02 1.472144432847598807e+02
1.520268567350908029e+02 1.513206055197443334e+02
1.561153932202740862e+02 1.554278939809559574e+02
1.602028076530705221e+02 1.595318545696373462e+02
1.642908503664692716e+02 1.636359093162587328e+02
1.683754881741960503e+02 1.677417668114862863e+02
1.724630995687290920e+02 1.718464153351263803e+02
1.765514888560223312e+02 1.759465826812025284e+02
1.806340774183623807e+02 1.800472776720442596e+02
1.847242519157252900e+02 1.841452305996301675e+02
1.888154486161799639e+02 1.882470989728559800e+02
1.929053167360766849e+02 1.923508272613013332e+02
1.969968626561440317e+02 1.964484776770383405e+02
