0.000000000000000000e+00 0.000000000000000000e+00
5.826657442143103438e+00 2.962688188391321642e+00
9.816181168062215079e+00 7.115849955790238823e+00
1.381690106410003693e+01 1.126144392039317665e+01
1.783059427289733989e+01 1.540627921716122017e+01
2.184995369623107564e+01 1.955324632669616847e+01
2.587913589246523927e+01 2.368907025560974944e+01
2.991042708234332537e+01 2.782749497175331044e+01
3.394597217315207160e+01 3.196439183235715475e+01
3.798559151057138195e+01 3.609835771813851579e+01
4.203200871837582042e+01 4.022251277211323384e+01
4.608102226080082175e+01 4.435080408357416815e+01
5.013231026097034260e+01 4.846802596429208165e+01
5.419137656222358146e+01 5.258624937049430059e+01
5.824928528876215950e+01 5.670800931556480862e+01
6.231362741859707910e+01 6.082740038467886734e+01
6.637602013239386167e+01 6.495020670461170198e+01
7.044270468180135936e+01 6.906522941290947415e+01
7.450642115629702289e+01 7.318697777880231570e+01
7.857468570796044105e+01 7.729201528225490847e+01
8.264785249349733931e+01 8.141196202199509457e+01
8.672446897631414231e+01 8.553038883451998231e+01
9.079746242455394167e+01 8.964843471179980838e+01
9.487775194909389143e+01 9.376343427674660802e+01
9.895780257175937322e+01 9.787232553264504986e+01
1.030355946960520015e+02 1.019855964006868732e+02
1.071118254464933131e+02 1.060963358202471341e+02
1.111857850286999678e+02 1.102091252800993999e+02
1.152624957966079364e+02 1.143234060236894294e+02
1.193416257003813001e+02 1.184301180003883189e+02
1.234265789456048310e+02 1.225381068766012618e+02
1.275075327100815912e+02 1.266431066926408704e+02
1.315902414103755405e+02 1.307505409444034115e+02
1.356764197789437674e+02 1.348547170153861714e+02
1.397574511257409995e+02 1.389602421812483897e+02
1.438426597294017881e+02 1.430680509881407829e+02
1.479234320845231423e+02 1.471721593241860546e+02
1.520077777530175922e+02 1.512784977543577156e+02
1.560906878754041145e+02 1.553863096475130590e+02
1.601796091734183847e+02 1.594955507482965231e+02
1.642663621821414495e+02 1.635953622159231600e+02
1.683518149447930341e+02 1.677045449668250399e+02
1.724372201626680976e+02 1.718089634418707021e+02
1.765228125314637566e+02 1.759135889740246625e+02
1.806150589082463966e+02 1.800180534352350037e+02
1.847034840750764033e+02 1.841223305325901833e+02
1.887883738030239726e+02 1.882230305175404794e+02
1.928747868058842982e+02 1.923235170873190896e+02
1.969668858890993022e+02 1.964299285440317533e+02
