0.000000000000000000e+00 0.000000000000000000e+00
5.825709914811222134e+00 2.961281222752228270e+00
9.814732840678839665e+00 7.114503691739509250e+00
1.381388869111807693e+01 1.126604341942082144e+01
1.782465620707544574e+01 1.540340793537522401e+01
2.183866681522242459e+01 1.953642561453168724e+01
2.585888873356933004e+01 2.367531570378567807e+01
2.989066286903700131e+01 2.780748076398375446e+01
3.393058680774900893e+01 3.194380126227751404e+01
3.796997482428996307e+01 3.607350922428319961e+01
4.201332237984976814e+01 4.020113205855567173e+01
4.605906179243341825e+01 4.432997947652989268e+01
5.011015643350268078e+01 4.845341614499959348e+01
5.416527727400598735e+01 5.257998335382562516e+01
5.822198158817300850e+01 5.670421088900480555e+01
6.228826760828405895e+01 6.083035230729981180e+01
6.635289721479416869e+01 6.495352252223912615e+01
7.042362529872781352e+01 6.907665917196813155e+01
7.448778583031028688e+01 7.319704704493668146e+01
7.856023785090164324e+01 7.731286094254053864e+01
8.262743617566727039e+01 8.143081729788320899e+01
8.670150073655385370e+01 8.554493452493431960e+01
9.077648637797338438e+01 8.965878549743015924e+01
9.485387981125134615e+01 9.377308533337532026e+01
9.893390960094806985e+01 9.787747410046583241e+01
1.030122158686249065e+02 1.019936387533353184e+02
1.070930051262999712e+02 1.061073550522751816e+02
1.111721577174020013e+02 1.102186915744713218e+02
1.152487679782813643e+02 1.143246870968901305e+02
1.193319486055253549e+02 1.184327014368470543e+02
1.234088852664572755e+02 1.225398146263703723e+02
1.274927983712610882e+02 1.266461702056696481e+02
1.315773312548214165e+02 1.307521104600476463e+02
1.356647777897805440e+02 1.348621296489852455e+02
1.397470418949534121e+02 1.389660038006987861e+02
1.438301659669864705e+02 1.430747953568221078e+02
1.479135478906935077e+02 1.471817106762622984e+02
1.520004389776902940e+02 1.512838357049197384e+02
1.560862432731358354e+02 1.553941291734392962e+02
1.601699441258067509e+02 1.594955472900000473e+02
1.642570467359438169e+02 1.635963228365249904e+02
1.683425269291710151e+02 1.677037158877377010e+02
1.724279288551410332e+02 1.718107716688314781e+02
1.765167667062970054e+02 1.759185564057404463e+02
1.806070313137553001e+02 1.800258249460912339e+02
1.846980370644976688e+02 1.841270059395679368e+02
1.887884305024682874e+02 1.882271553932127404e+02
1.928745064400578713e+02 1.923266604640691355e+02
1.969566638057097236e+02 1.964290922193444544e+02
