0.000000000000000000e+00 0.000000000000000000e+00
5.830770881919546511e+00 2.961982358988139108e+00
9.817954095117059410e+00 7.106280191759815068e+00
1.382013264398052144e+01 1.125263483623211336e+01
1.782708853798398962e+01 1.539817029545045557e+01
2.184633715584816116e+01 1.953261695254147412e+01
2.586722607742571256e+01 2.366827786106083664e+01
2.990193390794485140e+01 2.780067661993660622e+01
3.393884552853486269e+01 3.193296214852605175e+01
3.797503458367802409e+01 3.604266036209476454e+01
4.202077946992816493e+01 4.015070169956298685e+01
4.606783768805674839e+01 4.427575519560358686e+01
5.012065315992491321e+01 4.840273263376840873e+01
5.417959466737200103e+01 5.252054954700597023e+01
5.823925351987000454e+01 5.664424744106638343e+01
6.229767708650668112e+01 6.076893145488644166e+01
6.635882322841760583e+01 6.487651811900126120e+01
7.042193729990057705e+01 6.899228261758533165e+01
7.448598972462194467e+01 7.311477708153866217e+01
7.855564000159105831e+01 7.722936664673086682e+01
8.262732504612139905e+01 8.134539590092258265e+01
8.670212778129241826e+01 8.546356244693598114e+01
9.077498848745626958e+01 8.957905421959821979e+01
9.484944398678423738e+01 9.368737685709342600e+01
9.891981155337796849e+01 9.779021469524187182e+01
1.029924656927882296e+02 1.019054465362447957e+02
1.070717228490855462e+02 1.060117941660739120e+02
1.111498360126501268e+02 1.101189655411781700e+02
1.152290443668359643e+02 1.142303317020553806e+02
1.193090297256246402e+02 1.183420609618805770e+02
1.233881336765106767e+02 1.224537625685059368e+02
1.274728508749917921e+02 1.265600777658868594e+02
1.315567175828936115e+02 1.306696008483948503e+02
1.356378775723231058e+02 1.347755555148482927e+02
1.397186258591328851e+02 1.388808078922874074e+02
1.438035987549361607e+02 1.429863283680338668e+02
1.478905394497967904e+02 1.470892379354573904e+02
1.519716565317274330e+02 1.511910894089750741e+02
1.560548196906984231e+02 1.552952901155179006e+02
1.601375358372018241e+02 1.593997107687296477e+02
1.642247537107375592e+02 1.635052243781300660e+02
1.683095249072540014e+02 1.676131539531740486e+02
1.723955156035841867e+02 1.717181398710274038e+02
1.764812801289428990e+02 1.758198520062440195e+02
1.805676971909144868e+02 1.799267333590210001e+02
1.846498232454026436e+02 1.840311640486075078e+02
1.887348128010515893e+02 1.881319003840657729e+02
1.928230251645990734e+02 1.922336584276280860e+02
1.969132340540085693e+02 1.963347339388033674e+02
