0.000000000000000000e+00 0.000000000000000000e+00
4.894142564693639841e+00 4.911615504399137855e+00
9.788285129462888534e+00 9.823099937261838832e+00
1.468242769686658278e+01 1.473445527340342665e+01
1.957657026286965518e+01 1.964568344524018073e+01
2.447071282845029927e+01 2.455678633498241226e+01
2.936485539381286003e+01 2.946776579031066845e+01
3.425899795871382025e+01 3.437862362073910560e+01
3.915314053916913650e+01 3.928936159447384568e+01
4.404728310376666656e+01 4.419998142696313437e+01
4.894142567010332812e+01 4.911048481296093371e+01
5.383556823888624621e+01 5.402087340879370458e+01
5.872971081154467043e+01 5.893114883266345316e+01
6.362385338475232288e+01 6.384131268192162167e+01
6.851799595888500960e+01 6.875136648441605303e+01
7.341213853729746575e+01 7.366131177891736570e+01
7.830628110301930178e+01 7.857115004227094346e+01
8.320042367639878478e+01 8.348088274832329603e+01
8.809456626607675389e+01 8.839051130561065861e+01
9.298870885344797443e+01 9.330003714788466596e+01
9.788285143371260233e+01 9.820946159321611901e+01
1.027769940136551838e+02 1.031187860165703256e+02
1.076711366133422416e+02 1.080280117478989439e+02
1.125652791830913486e+02 1.129371400425543328e+02
1.174594217575285171e+02 1.178461721724844722e+02
1.223535643695523447e+02 1.227551093689066448e+02
1.272477069877300551e+02 1.276639529036505536e+02
1.321418495686230017e+02 1.325727039042970716e+02
1.370359921723475054e+02 1.374813635984377242e+02
1.419301347460142324e+02 1.423899331171359677e+02
1.468242773571451778e+02 1.472984135718183722e+02
1.517184199807115306e+02 1.522068060493881489e+02
1.566125625542503599e+02 1.571151116794804921e+02
1.615067051707854091e+02 1.620233314845103507e+02
1.664008477408773388e+02 1.669314665345432331e+02
1.712949903471875928e+02 1.718395178671821952e+02
1.761891329714421204e+02 1.767474864641068848e+02
1.810832755769873188e+02 1.816553733224575353e+02
1.859774181838160985e+02 1.865631794183290140e+02
1.908715607887211263e+02 1.914709057053331662e+02
1.957657033904750676e+02 1.963785531665772055e+02
2.006598459930113449e+02 2.012861226322147843e+02
2.055539886180208100e+02 2.061936151181472496e+02
2.104481312156748345e+02 2.111010314246104826e+02
2.153422738769388616e+02 2.160083724182233595e+02
2.202364164612760931e+02 2.209156390539412484e+02
2.251305590535101828e+02 2.258228320583631330e+02
2.300247016453103583e+02 2.307299523186665908e+02
2.349188443257098697e+02 2.356370006171498801e+02
2.398129869158312033e+02 2.405439778050201198e+02
2.447071295170377994e+02 2.454508847449689029e+02
2.496012721508065795e+02 2.503577220805589718e+02
2.544954147744347779e+02 2.552644906038321722e+02
2.593895573540591499e+02 2.601711911084995563e+02
2.642837000245727381e+02 2.650778242699724387e+02
2.691778426321735083e+02 2.699843908677755167e+02
2.740719853323522557e+02 2.748908916030801493e+02
2.789661280330266209e+02 2.797973271838462779e+02
2.838602706090752577e+02 2.847036981993338713e+02
2.887544132482269106e+02 2.896100054411611495e+02
2.936485558568782608e+02 2.945162495322636573e+02
2.985426985203725962e+02 2.994224311858254168e+02
3.034368412302945899e+02 3.043285510163134404e+02
3.083309838515563115e+02 3.092346097796087179e+02
3.132251264614562274e+02 3.141406079705371894e+02
3.181192690669707304e+02 3.190465461487734729e+02
3.230134116560018356e+02 3.239524251277782696e+02
3.279075542342826566e+02 3.288582452699894816e+02
3.328016968120751926e+02 3.337640073006105581e+02
3.376958393874455169e+02 3.386697117530858918e+02
3.425899819807020776e+02 3.435753592335705662e+02
3.474841245640365628e+02 3.484809503323717763e+02
3.523782672463747190e+02 3.533864856987407279e+02
3.572724098235112820e+02 3.582919656311058816e+02
3.621665524018689553e+02 3.631973907896590390e+02
3.670606949810395463e+02 3.681027617300504744e+02
3.719548375600778627e+02 3.730080789461037512e+02
3.768489801369463521e+02 3.779133430924362074e+02
3.817431227617677791e+02 3.828185545657624971e+02
3.866372653851321957e+02 3.877237137548329429e+02
3.915314079730814001e+02 3.926288212318403339e+02
3.964255507020433242e+02 3.975338776036268769e+02
4.013196933479167683e+02 4.024388832620560379e+02
4.062138361043620876e+02 4.073438388087597559e+02
4.111079787759619535e+02 4.122487444458959658e+02
4.160021214073439637e+02 4.171536007596848776e+02
4.208962640407156641e+02 4.220584083367227777e+02
4.257904066668221503e+02 4.269631673561174807e+02
4.306845492552155292e+02 4.318678785639086186e+02
4.355786918315250205e+02 4.367725422953607222e+02
4.404728346021390735e+02 4.416771587462862385e+02
4.453669772149554547e+02 4.465817286974048557e+02
4.502611197988675258e+02 4.514862524055031372e+02
4.551552623756027174e+02 4.563907301796926390e+02
4.600494049577521309e+02 4.612951625670252724e+02
4.649435476089826125e+02 4.661995497983082259e+02
4.698376901819734144e+02 4.711038924001941268e+02
4.747318327811575500e+02 4.760081908703381828e+02
4.796259753778383583e+02 4.809124455099077977e+02
4.845201180242029295e+02 4.858166567217131728e+02
4.894142606187471642e+02 4.907208247278371118e+02
4.943084032830004730e+02 4.956249499909372389e+02
4.992025459479274332e+02 5.005290329872041752e+02
5.040966886857878535e+02 5.054330738359220732e+02
5.089908312846348508e+02 5.103370731933932802e+02
5.138849738726696614e+02 5.152410311965179517e+02
5.187791164606011307e+02 5.201449483329427039e+02
5.236732590480309000e+02 5.250488249277943851e+02
5.285674016909312058e+02 5.299526612322832761e+02
5.334615442803514043e+02 5.348564574914026934e+02
5.383556868652678986e+02 5.397602143173708100e+02
5.432498296572193794e+02 5.446639319241977546e+02
5.481439722447487384e+02 5.495676104048399111e+02
5.530381149523286695e+02 5.544712504006412246e+02
5.579322577755033308e+02 5.593748520009480671e+02
5.628264004878997184e+02 5.642784155485614974e+02
5.677205431291101831e+02 5.691819413813564097e+02
5.726146858302884084e+02 5.740854298635592841e+02
5.775088285904951135e+02 5.789888814436769735e+02
5.824029712074027429e+02 5.838922961157577447e+02
5.872971137889335296e+02 5.887956744479997724e+02
5.921912564957675613e+02 5.936990165930508283e+02
5.970853991774155247e+02 5.986023226176137086e+02
6.019795419916670198e+02 6.035055930927401278e+02
6.068736845633457051e+02 6.084088283239880184e+02
6.117678271407673947e+02 6.133120284190981693e+02
6.166619697129993938e+02 6.182151937508384663e+02
6.215561125286834567e+02 6.231183243760780215e+02
6.264502552093995291e+02 6.280214206925204508e+02
