0.000000000000000000e+00 0.000000000000000000e+00
4.558446464615180993e+00 4.573758731236267749e+00
9.116892929012099245e+00 9.147410361973781434e+00
1.367533939587973180e+01 1.372095641163064350e+01
1.823378586045511796e+01 1.829439836165521172e+01
2.279223233366574419e+01 2.286773765489543209e+01
2.735067879937923152e+01 2.744097570594637148e+01
3.190912526449103126e+01 3.201411390568141968e+01
3.646757174681848568e+01 3.658715361263966770e+01
4.102601822228909612e+01 4.116009616850480057e+01
4.558446470030079212e+01 4.573294286476907189e+01
5.014291116856094277e+01 5.030569499680390066e+01
5.470135763349584579e+01 5.487835380795907980e+01
5.925980409972338947e+01 5.945092052467420274e+01
6.381825057606908302e+01 6.402339634228987109e+01
6.837669705151179755e+01 6.859578244344328368e+01
7.293514353204255940e+01 7.316807998713854033e+01
7.749359003744812924e+01 7.774029012607593359e+01
8.205203651220409711e+01 8.231241395972921282e+01
8.661048301972357422e+01 8.688445258090010270e+01
9.116892952286099217e+01 9.145640705854597741e+01
9.572737599071305681e+01 9.602827846800477118e+01
1.002858225092044222e+02 1.006000678438371665e+02
1.048442689914567296e+02 1.051717761498314019e+02
1.094027154698307243e+02 1.097434044205771499e+02
1.139611619929838184e+02 1.143149536413956753e+02
1.185196085002870348e+02 1.188864247045463571e+02
1.230780550149685411e+02 1.234578186346234503e+02
1.276365014873432244e+02 1.280291363052100735e+02
1.321949479685161748e+02 1.326003786009229373e+02
1.367533944517332998e+02 1.371715464799362394e+02
1.413118409212379447e+02 1.417426407596157105e+02
1.458702874031821182e+02 1.463136623456607595e+02
1.504287339046981629e+02 1.508846120938869717e+02
1.549871804321137745e+02 1.554554907318833443e+02
1.595456269553091033e+02 1.600262991363126162e+02
1.641040734748064551e+02 1.645970381615657061e+02
1.686625199942556605e+02 1.691677085111133465e+02
1.732209665097286688e+02 1.737383110143402405e+02
1.777794130278974478e+02 1.783088464299941336e+02
1.823378595455572508e+02 1.828793154465259363e+02
1.868963060614635765e+02 1.874497188853603689e+02
1.914547525775290637e+02 1.920200574147607995e+02
1.960131991392073019e+02 1.965903317896960800e+02
2.005716456504891028e+02 2.011605426500280487e+02
2.051300921967983868e+02 2.057306907483878717e+02
2.096885387080557734e+02 2.103007767132789354e+02
2.142469851912088075e+02 2.148708012296486061e+02
2.188054317065958685e+02 2.194407649517127368e+02
2.233638782946968604e+02 2.240106685344416064e+02
2.279223247639526448e+02 2.285805126018744886e+02
2.324807713258458648e+02 2.331502977489767545e+02
2.370392178953961775e+02 2.377200246082893500e+02
2.415976644690355499e+02 2.422896938177468087e+02
2.461561110392383966e+02 2.468593059876804432e+02
2.507145576026747733e+02 2.514288616595498524e+02
2.552730041590638166e+02 2.559983613986979663e+02
2.598314507040265653e+02 2.605678058078500499e+02
2.643898972367231863e+02 2.651371955553544808e+02
2.689483437140127080e+02 2.697065309605915218e+02
2.735067902028532103e+02 2.742758127357808462e+02
2.780652367268762646e+02 2.788450414229143917e+02
2.826236832442885998e+02 2.834142174264621872e+02
2.871821297630786489e+02 2.879833413471963581e+02
2.917405762860439040e+02 2.925524136695055404e+02
2.962990228395223085e+02 2.971214348476031546e+02
3.008574693439690577e+02 3.016904055308471015e+02
3.054159158846638320e+02 3.062593260812716380e+02
3.099743624387083401e+02 3.108281970575143305e+02
3.145328089764788047e+02 3.153970188451647800e+02
3.190912555942194331e+02 3.199657920143686738e+02
3.236497021196786932e+02 3.245345169408931270e+02
3.282081486461855775e+02 3.291031942024710588e+02
3.327665951366493005e+02 3.336718240223508474e+02
3.373250417464397515e+02 3.382404071165834125e+02
3.418834883548734069e+02 3.428089436725666133e+02
3.464419349135089305e+02 3.473774342289042352e+02
3.510003813934962409e+02 3.519458793017394100e+02
3.555588279108113170e+02 3.565142791814899965e+02
3.601172744194182656e+02 3.610826342968472318e+02
3.646757209176223569e+02 3.656509449929114908e+02
3.692341674188879210e+02 3.702192117566485194e+02
3.737926138992615961e+02 3.747874350006725308e+02
3.783510604519871094e+02 3.793556151501359182e+02
3.829095070704635759e+02 3.839237526041537194e+02
3.874679537609926001e+02 3.884918477158817041e+02
3.920264002404955477e+02 3.930599006628852408e+02
3.965848469134249399e+02 3.976279120336274673e+02
4.011432933871142268e+02 4.021958821353625808e+02
4.057017398703313233e+02 4.067638113068058487e+02
4.102601863582257238e+02 4.113317000099994516e+02
4.148186328988497280e+02 4.158995485408874515e+02
4.193770794160043351e+02 4.204673570639058653e+02
4.239355259547421610e+02 4.250351262305408113e+02
4.284939724824206451e+02 4.296028560331421318e+02
4.330524191396650622e+02 4.341705470387936430e+02
4.376108656262870227e+02 4.387381995341008860e+02
4.421693121191724458e+02 4.433058138291615933e+02
4.467277586611795641e+02 4.478733902092547510e+02
4.512862052360242160e+02 4.524409291917503424e+02
4.558446518298698038e+02 4.570084309242662357e+02
4.604030984868746827e+02 4.615758955616676644e+02
4.649615451280399157e+02 4.661433235882194595e+02
4.695199916469515529e+02 4.707107154448598862e+02
4.740784383449084771e+02 4.752780711610132585e+02
4.786368850163243565e+02 4.798453911614969911e+02
4.831953316050330614e+02 4.844126758420434840e+02
4.877537781017423413e+02 4.889799251994170390e+02
4.923122245893216586e+02 4.935471397130643254e+02
4.968706710757160181e+02 4.981143197042309794e+02
5.014291175619015348e+02 5.026814653118218530e+02
5.059875640488681938e+02 5.072485768251424361e+02
5.105460105633977719e+02 5.118156546413496812e+02
5.151044573115630101e+02 5.163826989514394654e+02
5.196629039751339860e+02 5.209497098897300020e+02
5.242213506825792138e+02 5.255166879332834924e+02
5.287797973832557545e+02 5.300836333722296558e+02
5.333382439540783935e+02 5.346505462491943490e+02
5.378966905103676481e+02 5.392174268472368794e+02
5.424551371864703242e+02 5.437842756874497354e+02
5.470135837222380815e+02 5.483510926971564459e+02
5.515720302151574970e+02 5.529178783160718922e+02
5.561304767725371221e+02 5.574846325561012463e+02
5.606889234904538171e+02 5.620513557160032860e+02
5.652473699882223173e+02 5.666180482689653672e+02
5.698058166860362235e+02 5.711847102713998083e+02
5.743642632929318097e+02 5.757513418191127812e+02
5.789227098110035286e+02 5.803179433170093944e+02
5.834811563445498450e+02 5.848845149530886829e+02
