0.000000000000000000e+00 0.000000000000000000e+00
4.805421469265455769e+00 4.827243028335312935e+00
9.610842941205053336e+00 9.654271377449607172e+00
1.441626441477647091e+01 1.448108928450482225e+01
1.922168588435273406e+01 1.930770087749213815e+01
2.402710736315565043e+01 2.413411014425019374e+01
2.883252883291157787e+01 2.896032096912169607e+01
3.363795030270380693e+01 3.378633711330064671e+01
3.844337178840512337e+01 3.861216224454673096e+01
4.324879326765918108e+01 4.343779992706612347e+01
4.805421476073667009e+01 4.826325361751241871e+01
5.285963623495031527e+01 5.308852668078625925e+01
5.766505770462526215e+01 5.791362240102473891e+01
6.247047917618647972e+01 6.273854393980646194e+01
6.727590064755128196e+01 6.756329441921380408e+01
7.208132214381168978e+01 7.238787685480481571e+01
7.688674365204485639e+01 7.721229417520028449e+01
8.169216514611105140e+01 8.203654927655327356e+01
8.649758662261848485e+01 8.686064490000751448e+01
9.130300809331552614e+01 9.168458376347516037e+01
9.610842957517807861e+01 9.650836857400420854e+01
1.009138510482328712e+02 1.013320018297864635e+02
1.057192725314030781e+02 1.061554861309933813e+02
1.105246940155409874e+02 1.109788238877784750e+02
1.153301155190107181e+02 1.158020174894771515e+02
1.201355370112198386e+02 1.206250692312135442e+02
1.249409584938668729e+02 1.254479814260847945e+02
1.297463800362948518e+02 1.302707563010155241e+02
1.345518015078269798e+02 1.350933960512621752e+02
1.393572230589328456e+02 1.399159028185918885e+02
1.441626445371674095e+02 1.447382785888785293e+02
1.489680660771369958e+02 1.495605254177241363e+02
1.537734875572605233e+02 1.543826452947004952e+02
1.585789090936218031e+02 1.592046401636904989e+02
1.633843306283321226e+02 1.640265118943308380e+02
1.681897521887057110e+02 1.688482622914219746e+02
1.729951737244808498e+02 1.736698932512333045e+02
1.778005952576769744e+02 1.784914064262895295e+02
1.826060167917365789e+02 1.833128036228469000e+02
1.874114383242439601e+02 1.881340864934875299e+02
1.922168598907860542e+02 1.929552566456054024e+02
1.970222813793208729e+02 1.977763157871606836e+02
2.018277029100476057e+02 2.025972654079531594e+02
2.066331244384397792e+02 2.074181071097155780e+02
2.114385459668676788e+02 2.122388424176226351e+02
2.162439674858424894e+02 2.170594727184106887e+02
2.210493889694604945e+02 2.218799995324187648e+02
2.258548105626314850e+02 2.267004242739084248e+02
2.306602320936900412e+02 2.315207484082797009e+02
2.354656536500992843e+02 2.363409731738586572e+02
2.402710751721718623e+02 2.411610999175457550e+02
2.450764966642468039e+02 2.459811300249637611e+02
2.498819181977263213e+02 2.508010646838907576e+02
2.546873397415926945e+02 2.556209052844847633e+02
2.594927612834105730e+02 2.604406528965006373e+02
2.642981828152101684e+02 2.652603088161388882e+02
2.691036043302772782e+02 2.700798742967629664e+02
2.739090259630075934e+02 2.748993503885247378e+02
2.787144474961895639e+02 2.797187382951881887e+02
2.835198690204223908e+02 2.845380390569511633e+02
2.883252905893988327e+02 2.893572538395710581e+02
2.931307120772771668e+02 2.941763836162289181e+02
2.979361336063340104e+02 2.989954296234463413e+02
3.027415551407048042e+02 3.038143928264493070e+02
3.075469766941023408e+02 3.086332741949681235e+02
3.123523982351649693e+02 3.134520747013559685e+02
3.171578197925832683e+02 3.182707953281362165e+02
3.219632413257899088e+02 3.230894371592455627e+02
3.267686628098574033e+02 3.279080009654666696e+02
3.315740844118390100e+02 3.327264877727441217e+02
3.363795060334888376e+02 3.375448985267391890e+02
3.411849275543898443e+02 3.423632340390889794e+02
3.459903490769876271e+02 3.471814952587590142e+02
3.507957705961190413e+02 3.519996829250887913e+02
3.556011921790602628e+02 3.568177981217024808e+02
3.604066137769643206e+02 3.616358415756801605e+02
3.652120354394469359e+02 3.664538140602341514e+02
3.700174570555104765e+02 3.712717162077623243e+02
3.748228785648115604e+02 3.760895490115862003e+02
3.796283001065029339e+02 3.809073133854326443e+02
3.844337218062096326e+02 3.857250099129856835e+02
3.892391433267454204e+02 3.905426393822313003e+02
3.940445648494358011e+02 3.953602024371075458e+02
3.988499864119280574e+02 4.001776998519805488e+02
4.036554079174518392e+02 4.049951324302028866e+02
4.084608294685910437e+02 4.098125007887540505e+02
4.132662509618292574e+02 4.146298057006134741e+02
4.180716725285344637e+02 4.194470479311721647e+02
4.228770940439437709e+02 4.242642279483156926e+02
4.276825155693264833e+02 4.290813464621845696e+02
4.324879373008125185e+02 4.338984040766081307e+02
4.372933590322876398e+02 4.387154015404873917e+02
4.420987806740731685e+02 4.435323394302760107e+02
4.469042022751709737e+02 4.483492183902416173e+02
4.517096239679800647e+02 4.531660390100265658e+02
4.565150456585382699e+02 4.579828019059522148e+02
4.613204673379483438e+02 4.627995078968934877e+02
4.661258888238756413e+02 4.676161571194427324e+02
4.709313103423265829e+02 4.724327503520432856e+02
4.757367318346757088e+02 4.772492882327268262e+02
4.805421533958736404e+02 4.820657711881833620e+02
4.853475748947602142e+02 4.868822000652318707e+02
4.901529964707915497e+02 4.916985748859067371e+02
4.949584181058206696e+02 4.965148966712606011e+02
4.997638397210660059e+02 5.013311655419170165e+02
5.045692612619844795e+02 5.061473823314943843e+02
5.093746829294910867e+02 5.109635474101006025e+02
5.141801046261198280e+02 5.157796612848633231e+02
5.189855261983657329e+02 5.205957245449279753e+02
5.237909479313707379e+02 5.254117376137307929e+02
5.285963696287197990e+02 5.302277007774006279e+02
5.334017911194348471e+02 5.350436148661628977e+02
5.382072127201691956e+02 5.398594799306154073e+02
5.430126343087400755e+02 5.446752966114308947e+02
5.478180559555096352e+02 5.494910656149552324e+02
5.526234775700268074e+02 5.543067869239697529e+02
5.574288991595805101e+02 5.591224614434536306e+02
5.622343207175435964e+02 5.639380892062526982e+02
5.670397424407756262e+02 5.687536708318283445e+02
5.718451639828168709e+02 5.735692067378281536e+02
5.766505855293765990e+02 5.783846975223840445e+02
5.814560071507536350e+02 5.832001432926921325e+02
5.862614289778734928e+02 5.880155444999902556e+02
5.910668506901038199e+02 5.928309016390562647e+02
5.958722724752544764e+02 5.976462150448779767e+02
6.006776940381905661e+02 6.024614852198617427e+02
6.054831157164985598e+02 6.072767123712674220e+02
6.102885373333199368e+02 6.120918969681724775e+02
6.150939589067920679e+02 6.169070393995369841e+02
