0.000000000000000000e+00 0.000000000000000000e+00
4.557330960917933993e+00 4.573758732197755528e+00
9.114661921922433407e+00 9.147395382351383830e+00
1.367199288756815534e+01 1.372091178686330792e+01
1.822932384872952127e+01 1.829430973454294218e+01
2.278665481363460898e+01 2.286759096968021865e+01
2.734398577677121978e+01 2.744075719658799528e+01
3.190131674482675450e+01 3.201381009214664175e+01
3.645864771232022861e+01 3.658675128605035809e+01
4.101597867913677220e+01 4.115958238614283005e+01
4.557330966377594450e+01 4.573230494713178729e+01
5.013064063069403886e+01 5.030492052397683267e+01
5.468797160884642494e+01 5.487743058427448517e+01
5.924530259108669838e+01 5.944983663314285138e+01
6.380263355577208984e+01 6.402214006823987802e+01
6.835996452790701028e+01 6.859434232679421939e+01
7.291729552245364232e+01 7.316644476192797697e+01
7.747462650687481300e+01 7.773844874954440343e+01
8.203195751272986058e+01 8.231035560053869915e+01
8.658928848374459619e+01 8.688216662729860218e+01
9.114661945575471691e+01 9.145388308140219635e+01
9.570395046854079624e+01 9.602550625538046347e+01
1.002612814567564214e+02 1.005970373185164988e+02
1.048186124242865844e+02 1.051684774609543211e+02
1.093759433915688533e+02 1.097398278999598347e+02
1.139332743564527561e+02 1.143110897380737754e+02
1.184906053299689717e+02 1.188822641336222432e+02
1.230479363022014496e+02 1.234533522079798189e+02
1.276052672711387856e+02 1.280243550132517782e+02
1.321625982865557489e+02 1.325952736835644714e+02
1.367199292664157042e+02 1.371661092046801684e+02
1.412772602372115216e+02 1.417368625879727233e+02
1.458345912687460384e+02 1.463075348604760961e+02
1.503919222367216264e+02 1.508781270956215508e+02
1.549492532606202531e+02 1.554486401602329977e+02
1.595065842809677861e+02 1.600190750010080762e+02
1.640639153059726709e+02 1.645894325844611785e+02
1.686212463205054348e+02 1.691597138997080378e+02
1.731785773332176745e+02 1.737299197604099845e+02
1.777359083458109410e+02 1.783000510986572351e+02
1.822932393595212943e+02 1.828701087526385436e+02
1.868505703783620220e+02 1.874400935668809041e+02
1.914079013899213635e+02 1.920100064557880444e+02
1.959652324005921855e+02 1.965798481497048726e+02
2.005225634711660234e+02 2.011496195612830320e+02
2.050798944810786111e+02 2.057193213950401969e+02
2.096372254520441629e+02 2.102889544490209346e+02
2.141945564792475523e+02 2.148585195294831749e+02
2.187518875427569753e+02 2.194280174317457863e+02
2.233092185689122289e+02 2.239974488999892799e+02
2.278665495448911145e+02 2.285668145359338155e+02
2.324238805338058285e+02 2.331361151701033521e+02
2.369812115994065493e+02 2.377053515098226342e+02
2.415385426690248778e+02 2.422745243151501313e+02
2.460958737353705885e+02 2.468436341451312899e+02
2.506532047924798690e+02 2.514126816896368268e+02
2.552105358622586664e+02 2.559816677658974413e+02
2.597678669035425401e+02 2.605505928265332045e+02
2.643251979290250233e+02 2.651194576842576680e+02
2.688825289826980338e+02 2.696882627839431166e+02
2.734398599895551456e+02 2.742570089097328037e+02
2.779971909686814797e+02 2.788256965486170316e+02
2.825545220328391451e+02 2.833943264455275539e+02
2.871118530477666013e+02 2.879628991028889118e+02
2.916691840685238049e+02 2.925314152299175134e+02
2.962265150903647282e+02 2.970998752695952021e+02
3.007838461212037373e+02 3.016682798193321560e+02
3.053411771580634877e+02 3.062366294645009361e+02
3.098985081714511125e+02 3.108049246286263951e+02
3.144558392058094682e+02 3.153731659917777961e+02
3.190131702451250248e+02 3.199413541257190445e+02
3.235705012502317572e+02 3.245094894021286791e+02
3.281278322734472113e+02 3.290775725091198183e+02
3.326851632624096737e+02 3.336456038165911195e+02
3.372424943635638783e+02 3.382135839014403587e+02
3.417998253770431347e+02 3.427815132371811160e+02
3.463571563959034165e+02 3.473493924180722843e+02
3.509144874106308976e+02 3.519172217500946545e+02
3.554718184245269867e+02 3.564850018655138228e+02
3.600291495182676158e+02 3.610527331469142496e+02
3.645864805256024965e+02 3.656204159067260662e+02
3.691438116261809910e+02 3.701880507927176041e+02
3.737011426265390810e+02 3.747556381867413506e+02
3.782584738030093376e+02 3.793231785741641033e+02
3.828158048152533866e+02 3.838906724798905543e+02
3.873731358022219524e+02 3.884581201952046285e+02
3.919304667706693976e+02 3.930255220636612421e+02
3.964877977685839028e+02 3.975928786258289165e+02
4.010451287489934202e+02 4.021601904161527727e+02
4.056024597312498372e+02 4.067274576059273841e+02
4.101597907393174864e+02 4.112946808560225236e+02
4.147171217713862461e+02 4.158618602847068360e+02
4.192744527559954690e+02 4.204289963709737208e+02
4.238317837815829989e+02 4.249960896872937610e+02
4.283891149799410414e+02 4.295631403212086070e+02
4.329464459553244069e+02 4.341301487799893266e+02
4.375037770251636289e+02 4.386971154551314385e+02
4.420611081729600755e+02 4.432640406555503318e+02
4.466184392090771667e+02 4.478309247689435324e+02
4.511757701919684678e+02 4.523977682449354916e+02
4.557331012815924396e+02 4.569645712777762583e+02
4.602904324351699188e+02 4.615313343100849579e+02
4.648477635010502240e+02 4.660980578504650111e+02
4.694050946793855701e+02 4.706647418595309773e+02
4.739624258293387129e+02 4.752313870056185579e+02
4.785197569424408357e+02 4.797979934203044650e+02
4.830770879713197132e+02 4.843645613532775656e+02
4.876344190163447365e+02 4.889310913772062577e+02
4.921917500080450054e+02 4.934975836777715585e+02
4.967490810038589188e+02 4.980640384849020847e+02
5.013064119859265020e+02 5.026304562775851537e+02
5.058637431127982609e+02 5.071968373371199164e+02
5.104210741961442181e+02 5.117631819698559070e+02
5.149784053855239563e+02 5.163294903017070965e+02
5.195357365291023370e+02 5.208957628106022639e+02
5.240930677554908925e+02 5.254619998310149640e+02
5.286503988086039953e+02 5.300282014520194025e+02
5.332077297918008298e+02 5.345943678863809509e+02
5.377650609103579882e+02 5.391604995947969883e+02
5.423223919743061288e+02 5.437265967952085930e+02
5.468797230235807092e+02 5.482926599408405082e+02
5.514370540612846980e+02 5.528586891936993197e+02
5.559943850717072564e+02 5.574246845474981455e+02
5.605517162364291153e+02 5.619906466865409129e+02
5.651090472356949022e+02 5.665565756808158540e+02
5.696663784182902646e+02 5.711224718786372705e+02
5.742237094011962881e+02 5.756883352508812095e+02
5.787810405308554209e+02 5.802541663074126745e+02
5.833383716397183889e+02 5.848199651961469954e+02
