0.000000000000000000e+00 0.000000000000000000e+00
5.295566570494187886e+00 5.323290857280755795e+00
1.059113348561511536e+01 1.064622539346732921e+01
1.588670056754499882e+01 1.596881166075442593e+01
2.118226725573926217e+01 2.129105923779480136e+01
2.647783425529511447e+01 2.661297631791290641e+01
3.177340136564777850e+01 3.193457134353527493e+01
3.706896848079041007e+01 3.725585230400514547e+01
4.236453513500367052e+01 4.257682632786990951e+01
4.766010213571601639e+01 4.789750134777942492e+01
5.295566881717914498e+01 5.321788420964681876e+01
5.825123582439316294e+01 5.853798152038719138e+01
6.354680251987614525e+01 6.385779988532072338e+01
6.884236921605504733e+01 6.917734591372791897e+01
7.413793591600854427e+01 7.449662524696428534e+01
7.943350271147396313e+01 7.981564440604913102e+01
8.472906945194215211e+01 8.513440825866257455e+01
9.002463641170922415e+01 9.045292369660772636e+01
9.532020366918627019e+01 9.577119528835484630e+01
1.006157703991728027e+02 1.010892275411233783e+02
1.059113370860367240e+02 1.064070262451124051e+02
1.112069039482983044e+02 1.117245966098395229e+02
1.165024707652474660e+02 1.170419436529343500e+02
1.217980375607366170e+02 1.223590704807837284e+02
1.270936043090704288e+02 1.276759832894920521e+02
1.323891709871685407e+02 1.329926857419113162e+02
1.376847377215207473e+02 1.383091805710170092e+02
1.429803051644107654e+02 1.436254739769992170e+02
1.482758718448660034e+02 1.489415686884006504e+02
1.535714396123091774e+02 1.542574683882240834e+02
1.588670062792432986e+02 1.595731769293915363e+02
1.641625732408569149e+02 1.648886988979903663e+02
1.694581415363767292e+02 1.702040369225748861e+02
1.747537096245961266e+02 1.755191944450633343e+02
1.800492770584742175e+02 1.808341753154834919e+02
1.853448438771431483e+02 1.861489826275056032e+02
1.906404115313869170e+02 1.914636194124682902e+02
1.959359802052460395e+02 1.967780874472022674e+02
2.012315478329543339e+02 2.020923911035096125e+02
2.065271146958720578e+02 2.074065334213161691e+02
2.118226824714450913e+02 2.127205159707679059e+02
2.171182492813931617e+02 2.180343420779741734e+02
2.224138182386947733e+02 2.233480142861531021e+02
2.277093865839248679e+02 2.286615359595053860e+02
2.330049550199053670e+02 2.339749096839318554e+02
2.383005217680489238e+02 2.392881385807634729e+02
2.435960898642636607e+02 2.446012219961652363e+02
2.488916567858119606e+02 2.499141663834014935e+02
2.541872243118394294e+02 2.552269707150064733e+02
2.594827935641079648e+02 2.605396371030152523e+02
2.647783623340570784e+02 2.658521688936972964e+02
2.700739313693514418e+02 2.711645690360018648e+02
2.753694980342968393e+02 2.764768389437580254e+02
2.806650649298771896e+02 2.817889814044198147e+02
2.859606328903955728e+02 2.871009968116727578e+02
2.912561996532677426e+02 2.924128896003183513e+02
2.965517670304011517e+02 2.977246602048375053e+02
3.018473347204198944e+02 3.030363087567611728e+02
3.071429028407289934e+02 3.083478400403693058e+02
3.124384695699789631e+02 3.136592521925571191e+02
3.177340388102833231e+02 3.189705489745212503e+02
3.230296078260839749e+02 3.242817335136888346e+02
3.283251753356123572e+02 3.295928071522711775e+02
3.336207453417870283e+02 3.349037683834329187e+02
3.389163123575584677e+02 3.402146229306431451e+02
3.442118816940953820e+02 3.455253677621611814e+02
3.495074483545433850e+02 3.508360100567043673e+02
3.548030152646098259e+02 3.561465478710759953e+02
3.600985824078588848e+02 3.614569800231814725e+02
3.653941524334362612e+02 3.667673140489238790e+02
3.706897219926257208e+02 3.720775461550308592e+02
3.759852913925590201e+02 3.773876808131674920e+02
3.812808595304332471e+02 3.826977175869401435e+02
3.865764279857484098e+02 3.880076585706456171e+02
3.918719962312593452e+02 3.933175067497293185e+02
3.971675665255221475e+02 3.986272583244332282e+02
4.024631351903980203e+02 4.039369185545794494e+02
4.077587021886702701e+02 4.092464881686431681e+02
4.130542700970514716e+02 4.145559672450300468e+02
4.183498377176029521e+02 4.198653594269413816e+02
4.236454073499059518e+02 4.251746656106738556e+02
