0.000000000000000000e+00 0.000000000000000000e+00
4.426012659954825956e+00 4.450833502457756552e+00
8.852025479984211742e+00 8.901385108502331889e+00
1.327803811159787983e+01 1.335166123326778909e+01
1.770405075303020581e+01 1.780166823371810736e+01
2.213006350405618861e+01 2.225141184088430180e+01
2.655607618334583719e+01 2.670089791031090698e+01
3.098208911785158293e+01 3.115013217903524634e+01
3.540810182790855265e+01 3.559911992271804593e+01
3.983411453314596429e+01 4.004786611682025210e+01
4.426012728485196135e+01 4.449637639908454645e+01
4.868613993082712454e+01 4.894465582149569371e+01
5.311215282412209149e+01 5.339270807760276227e+01
5.753816554268997407e+01 5.784053876824394536e+01
6.196417863901478995e+01 6.228815178163326038e+01
6.639019129431412125e+01 6.673555175401138229e+01
7.081620414606339864e+01 7.118274317893627767e+01
7.524221744624378516e+01 7.562973006938730691e+01
7.966823022675136201e+01 8.007651615208652629e+01
8.409424316283032397e+01 8.452310510976718660e+01
8.852025583015571897e+01 8.896950120194139799e+01
9.294626866646542851e+01 9.341570777498954214e+01
9.737228173497351236e+01 9.786172886908408941e+01
1.017982944124079836e+02 1.023075671560783348e+02
1.062243070906200160e+02 1.067532259906432728e+02
1.106503198244276689e+02 1.111987089380404541e+02
1.150763334103932607e+02 1.156440190412124025e+02
1.195023466908879755e+02 1.200891602711155031e+02
1.239283598934060251e+02 1.245341349060936977e+02
1.283543726942834269e+02 1.289789447795110391e+02
1.327803858065612417e+02 1.334235944431135295e+02
1.372063984372795176e+02 1.378680852609221574e+02
1.416324112272951936e+02 1.423124214294458625e+02
1.460584245384526696e+02 1.467566044764533899e+02
1.504844372402243948e+02 1.512006370745849324e+02
1.549104511327362843e+02 1.556445216279804526e+02
1.593364643531368472e+02 1.600882613237416194e+02
1.637624785195599202e+02 1.645318590275761608e+02
1.681884926935930196e+02 1.689753152574047022e+02
1.726145068704185803e+02 1.734186331976436577e+02
1.770405195311179227e+02 1.778618151241865064e+02
1.814665323740373424e+02 1.823048625692268558e+02
1.858925457519062832e+02 1.867477786157145374e+02
1.903185600390170293e+02 1.911905648293734430e+02
1.947445730051196051e+02 1.956332230409873887e+02
1.991705860926623473e+02 2.000757566605609554e+02
2.035965997013975084e+02 2.045181654134544260e+02
2.080226124319609085e+02 2.089604530431088847e+02
2.124486253519796435e+02 2.134026194174958846e+02
2.168746379846035666e+02 2.178446667808542827e+02
2.213006519028096477e+02 2.222865994319246852e+02
2.257266656959015450e+02 2.267284158929470550e+02
2.301526783575030208e+02 2.311701195708740215e+02
2.345786911234555419e+02 2.356117105659696449e+02
2.390047052202353086e+02 2.400531913011911911e+02
2.434307191275846662e+02 2.444945653985953413e+02
2.478567320207122862e+02 2.489358307564315282e+02
2.522827449142540672e+02 2.533769914785505364e+02
2.567087583364482271e+02 2.578180476270094914e+02
2.611347712123278484e+02 2.622590012182967030e+02
2.655607857713242765e+02 2.666998536396503710e+02
2.699867999441492543e+02 2.711406061790347621e+02
2.744128152079500182e+02 2.755812626997338839e+02
2.788388288394839947e+02 2.800218210681795199e+02
2.832648415938168682e+02 2.844622828826627483e+02
2.876908548234756609e+02 2.889026502961982033e+02
2.921168686092379403e+02 2.933429248387042207e+02
2.965428821177513896e+02 2.977831073405764641e+02
3.009688949770204545e+02 3.022231982892488986e+02
3.053949099192906260e+02 3.066632008912992546e+02
3.098209241728594634e+02 3.111031152349507920e+02
3.142469386818522707e+02 3.155429422340340579e+02
3.186729515753447117e+02 3.199826820518391060e+02
3.230989662536699143e+02 3.244223361433118953e+02
3.275249792942446447e+02 3.288619076224190394e+02
3.319509931519341990e+02 3.333013956719630642e+02
3.363770060562250137e+02 3.377408011750125070e+02
3.408030202293512616e+02 3.421801252874347483e+02
3.452290332757929718e+02 3.466193705408463757e+02
3.496550462830017523e+02 3.510585352595511495e+02
3.540810603030730590e+02 3.554976227904647885e+02
