0.000000000000000000e+00 0.000000000000000000e+00
5.295566646643977471e+00 5.323290870815747589e+00
1.059113356633659109e+01 1.064622514575241041e+01
1.588670065144172483e+01 1.596881136736116247e+01
2.118226763004794577e+01 2.129105882550604889e+01
2.647783425417763681e+01 2.661297607863918557e+01
3.177340089807428214e+01 3.193457112779467622e+01
3.706896758134658398e+01 3.725585194784053300e+01
4.236453473957568860e+01 4.257682602490461932e+01
4.766010169692595611e+01 4.789750064660086082e+01
5.295566882673993803e+01 5.321788282109609725e+01
5.825123572195049348e+01 5.853797970622889579e+01
6.354680241471597668e+01 6.385779793901572532e+01
6.884236915953489699e+01 6.917734332905922656e+01
7.413793580947393025e+01 7.449662232452755006e+01
7.943350315167094777e+01 7.981564145679826083e+01
8.472907021861772137e+01 8.513440545493975264e+01
9.002463776593536693e+01 9.045292064553117939e+01
9.532020440520537363e+01 9.577119222400091303e+01
1.006157717735116961e+02 1.010892254583340701e+02
1.059113389467006243e+02 1.064070246992042286e+02
1.112069062434690352e+02 1.117245950362113689e+02
1.165024729788801494e+02 1.170419419715969696e+02
1.217980397120356599e+02 1.223590694906129670e+02
1.270936065183093291e+02 1.276759825419214991e+02
1.323891743726155710e+02 1.329926839264696241e+02
1.376847412789038572e+02 1.383091787868900440e+02
1.429803084759518583e+02 1.436254726765264138e+02
1.482758764494373906e+02 1.489415666263315359e+02
1.535714432548848549e+02 1.542574671449982020e+02
1.588670101081407324e+02 1.595731758485811724e+02
1.641625768773600953e+02 1.648886973748664673e+02
1.694581444700658039e+02 1.702040350940522728e+02
1.747537116890995605e+02 1.755191929450093369e+02
1.800492805586146403e+02 1.808341729637259903e+02
1.853448472535084193e+02 1.861489808430868891e+02
1.906404153110426023e+02 1.914636169152855132e+02
1.959359819617787934e+02 1.967780848069013473e+02
2.012315492729085520e+02 2.020923893297265295e+02
2.065271172631234720e+02 2.074065313517688196e+02
2.118226843544369444e+02 2.127205145655443062e+02
2.171182513160543976e+02 2.180343423809113688e+02
2.224138181585043412e+02 2.233480151376631397e+02
2.277093851855975970e+02 2.286615383720292698e+02
2.330049524458717087e+02 2.339749114739255447e+02
2.383005191444517550e+02 2.392881400056434416e+02
2.435960878081830288e+02 2.446012242417147604e+02
2.488916544555235646e+02 2.499141679077395111e+02
2.541872226383737825e+02 2.552269709222000813e+02
2.594827906466519494e+02 2.605396373432789119e+02
2.647783574502045667e+02 2.658521696636994420e+02
2.700739242827527846e+02 2.711645695563569802e+02
2.753694909761379108e+02 2.764768403652561801e+02
2.806650604022826769e+02 2.817889823828375029e+02
2.859606271251866474e+02 2.871009989789544079e+02
2.912561944748113092e+02 2.924128898200635831e+02
2.965517624057180228e+02 2.977246579415108272e+02
3.018473315821591427e+02 3.030363055698020389e+02
3.071428993594576582e+02 3.083478371432271388e+02
3.124384690092743995e+02 3.136592510297929266e+02
3.177340369122267703e+02 3.189705479324691737e+02
3.230296064427868714e+02 3.242817325816346283e+02
3.283251737512938462e+02 3.295928042079834768e+02
3.336207428802242703e+02 3.349037664877359930e+02
3.389163095161817409e+02 3.402146208279137909e+02
3.442118764455843802e+02 3.455253654675774442e+02
3.495074441644990770e+02 3.508360058345397192e+02
3.548030122687133030e+02 3.561465433867988395e+02
3.600985793958986960e+02 3.614569761739351179e+02
3.653941471806143682e+02 3.667673104347835533e+02
3.706897143052134425e+02 3.720775442493864489e+02
3.759852829527355880e+02 3.773876773852798578e+02
3.812808498007482285e+02 3.826977149640031257e+02
3.865764182306388648e+02 3.880076546267398498e+02
3.918719852623484030e+02 3.933174993077998352e+02
3.971675522378833421e+02 3.986272535035119517e+02
4.024631193374887062e+02 4.039369150289223853e+02
4.077586863272056235e+02 4.092464836966227040e+02
4.130542559766942077e+02 4.145559643912220054e+02
4.183498226940790801e+02 4.198653580310692632e+02
4.236453914371305132e+02 4.251746607534470854e+02
