0.000000000000000000e+00 0.000000000000000000e+00
4.426012622611079195e+00 4.450833560372289277e+00
8.852025457590759316e+00 8.901385218529206611e+00
1.327803832217248825e+01 1.335166145962795881e+01
1.770405141586021003e+01 1.780166868474225339e+01
2.213006407888302363e+01 2.225141242252072971e+01
2.655607671574578887e+01 2.670089843995284085e+01
3.098208977394706665e+01 3.115013269367443627e+01
3.540810254456662420e+01 3.559912042743276572e+01
3.983411518598279599e+01 4.004786658007191136e+01
4.426012784703657132e+01 4.449637659887147834e+01
4.868614104349030924e+01 4.894465535451146820e+01
5.311215435425117448e+01 5.339270805619183591e+01
5.753816728299015892e+01 5.784053875092539698e+01
6.196418000848116492e+01 6.228815245741108697e+01
6.639019273615484451e+01 6.673555264832175737e+01
7.081620555819588958e+01 7.118274380182775474e+01
7.524221904976673159e+01 7.562973042915908195e+01
7.966823268855881679e+01 8.007651606241762465e+01
8.409424573176647755e+01 8.452310574192338777e+01
8.852025838362749255e+01 8.896950156355092076e+01
9.294627113886377856e+01 9.341570867525493327e+01
9.737228401009551249e+01 9.786172884877920808e+01
1.017982971897302491e+02 1.023075673311643357e+02
1.062243099516642246e+02 1.067532264926330896e+02
1.106503237755323283e+02 1.111987090705736136e+02
1.150763376108348268e+02 1.156440195586049384e+02
1.195023507606046280e+02 1.200891597612594950e+02
1.239283639638982919e+02 1.245341345545816409e+02
1.283543768081387952e+02 1.289789455202264321e+02
1.327803901674310509e+02 1.334235955204826496e+02
1.372064032151135677e+02 1.378680863835451760e+02
1.416324160546711823e+02 1.423124221432663319e+02
1.460584300086800909e+02 1.467566047645661911e+02
1.504844434446089849e+02 1.512006381205185619e+02
1.549104572354461880e+02 1.556445242036305103e+02
1.593364700554803335e+02 1.600882638443134738e+02
1.637624827179813849e+02 1.645318606036171900e+02
1.681884955270307955e+02 1.689753164804959340e+02
1.726145085307509817e+02 1.734186354256144114e+02
1.770405220243762585e+02 1.778618183489643911e+02
1.814665347968980029e+02 1.823048669443539325e+02
1.858925490380692622e+02 1.867477833726909751e+02
1.903185618076458923e+02 1.911905702660627639e+02
1.947445748449850385e+02 1.956332290140484247e+02
1.991705885927734414e+02 2.000757626721382962e+02
2.035966026560689670e+02 2.045181721906562018e+02
2.080226156793062273e+02 2.089604588920618085e+02
2.124486284436877668e+02 2.134026262693211606e+02
2.168746412944091730e+02 2.178446747661242853e+02
2.213006550931969798e+02 2.222866055244457471e+02
2.257266679407059655e+02 2.267284233915592040e+02
2.301526807766364300e+02 2.311701265928094244e+02
2.345786946009188512e+02 2.356117178925270537e+02
2.390047083711350808e+02 2.400531989832077784e+02
2.434307231223527026e+02 2.444945717296280918e+02
2.478567361766026238e+02 2.489358392868681165e+02
2.522827506902023345e+02 2.533770015479542508e+02
2.567087653050312497e+02 2.578180582632389246e+02
2.611347799068343534e+02 2.622590122837408444e+02
2.655607925817634509e+02 2.666998668949184434e+02
2.699868060737078963e+02 2.711406201165405037e+02
2.744128190424264631e+02 2.755812762842012376e+02
2.788388332616793264e+02 2.800218347056603534e+02
2.832648460447297794e+02 2.844622973770940462e+02
2.876908612626971262e+02 2.889026650394822582e+02
2.921168767814412490e+02 2.933429388407723764e+02
2.965428910612902200e+02 2.977831209159128889e+02
3.009689064588684460e+02 3.022232116250617651e+02
3.053949202257945785e+02 3.066632150986293937e+02
3.098209345615418329e+02 3.111031302468189779e+02
3.142469472746039401e+02 3.155429572585637743e+02
3.186729602189675461e+02 3.199826975923924124e+02
3.230989746011052830e+02 3.244223516096363369e+02
3.275249897896634366e+02 3.288619214801017279e+02
3.319510036106248094e+02 3.333014112806832827e+02
3.363770163527345858e+02 3.377408167936121117e+02
3.408030318979954245e+02 3.421801410164891308e+02
3.452290465794795296e+02 3.466193878182961043e+02
3.496550617151004872e+02 3.510585542080846153e+02
3.540810747060077688e+02 3.554976416116530231e+02
