0.000000000000000000e+00 0.000000000000000000e+00
4.426012642640506201e+00 4.450833509224326967e+00
8.852025320943134545e+00 8.901385235788874084e+00
1.327803806822784161e+01 1.335166147456691554e+01
1.770405068390104475e+01 1.780166828330473550e+01
2.213006362873485955e+01 2.225141187168967605e+01
2.655607639508739481e+01 2.670089791822616476e+01
3.098208937740363922e+01 3.115013230917443821e+01
3.540810242409562392e+01 3.559912017495175007e+01
3.983411562747389212e+01 4.004786664456111112e+01
4.426012829074831245e+01 4.449637720244915329e+01
4.868614100377755705e+01 4.894465651571876208e+01
5.311215378646652852e+01 5.339270896493334106e+01
5.753816643152498500e+01 5.784054001084935237e+01
6.196417922046732940e+01 6.228815353633101637e+01
6.639019193934896634e+01 6.673555390586423641e+01
7.081620529696598965e+01 7.118274499502406627e+01
7.524221873955059436e+01 7.562973213745401324e+01
7.966823139940004239e+01 8.007651854128869218e+01
8.409424410151019913e+01 8.452310764481114802e+01
8.852025683293264535e+01 8.896950397055000792e+01
9.294626967481376312e+01 9.341571072790551966e+01
9.737228322863492735e+01 9.786173174958688037e+01
1.017982969453845215e+02 1.023075699115515675e+02
1.062243095881815975e+02 1.067532294043350873e+02
1.106503222366032873e+02 1.111987127980875982e+02
1.150763354389178801e+02 1.156440228890838569e+02
1.195023481981463078e+02 1.200891631617285782e+02
1.239283617277364584e+02 1.245341377654742132e+02
1.283543743780242892e+02 1.289789478307404806e+02
1.327803872391577897e+02 1.334235975951507669e+02
1.372064002162463510e+02 1.378680885404411072e+02
1.416324130757575972e+02 1.423124244879990670e+02
1.460584261961136576e+02 1.467566070146202719e+02
1.504844388436966369e+02 1.512006392761560960e+02
1.549104531066359129e+02 1.556445244034423467e+02
1.593364660147448717e+02 1.600882636394986207e+02
1.637624794895712625e+02 1.645318600285714865e+02
1.681884929300059071e+02 1.689753157963446597e+02
1.726145064533777713e+02 1.734186333852316295e+02
1.770405191742519264e+02 1.778618147045191336e+02
1.814665336462211371e+02 1.823048637669722893e+02
1.858925469223181040e+02 1.867477801171587259e+02
1.903185598192342241e+02 1.911905663475651806e+02
1.947445744317083154e+02 1.956332257652804287e+02
1.991705887417147665e+02 2.000757587112209421e+02
2.035966015262629867e+02 2.045181680922869134e+02
2.080226152727304623e+02 2.089604554809126284e+02
2.124486281837882586e+02 2.134026227888584231e+02
2.168746408715751386e+02 2.178446720788399773e+02
2.213006548005901095e+02 2.222866034690694050e+02
2.257266688396001086e+02 2.267284196547817601e+02
2.301526820754363030e+02 2.311701242789744128e+02
2.345786947693162574e+02 2.356117160383770397e+02
2.390047087443436737e+02 2.400531975788558157e+02
2.434307226154086266e+02 2.444945705542286305e+02
2.478567361011104992e+02 2.489358362490063428e+02
2.522827502137165538e+02 2.533769967372634824e+02
2.567087643855966235e+02 2.578180547513683223e+02
2.611347771960927844e+02 2.622590105896911723e+02
2.655607899468859046e+02 2.666998653167054272e+02
2.699868047376143636e+02 2.711406178090708750e+02
2.744128174287576485e+02 2.755812728809661962e+02
2.788388305146332868e+02 2.800218311882989610e+02
2.832648433248384094e+02 2.844622951736544678e+02
2.876908565851572348e+02 2.889026627795416289e+02
2.921168722111024181e+02 2.933429363066821907e+02
2.965428850090885931e+02 2.977831178411294104e+02
3.009689005294251842e+02 3.022232093675214628e+02
3.053949134486324510e+02 3.066632108697612011e+02
3.098209290377640173e+02 3.111031243627472804e+02
3.142469434811025621e+02 3.155429523398324250e+02
3.186729579658697276e+02 3.199826922470695649e+02
3.230989728621611903e+02 3.244223484304828844e+02
3.275249856551051266e+02 3.288619211799310165e+02
3.319510001328098951e+02 3.333014105614818732e+02
3.363770129269696554e+02 3.377408164388609748e+02
3.408030268860045453e+02 3.421801404649534675e+02
3.452290396255152700e+02 3.466193854493886874e+02
3.496550540057273793e+02 3.510585508028102595e+02
3.540810672679826894e+02 3.554976377790467268e+02
