0.000000000000000000e+00 0.000000000000000000e+00
5.295566681781092022e+00 5.323290831500376186e+00
1.059113360281778426e+01 1.064622481091584127e+01
1.588670070310584137e+01 1.596881100340933557e+01
2.118226771146676413e+01 2.129105846660191759e+01
2.647783474554513816e+01 2.661297555243157120e+01
3.177340184624866737e+01 3.193457035698750346e+01
3.706896854546532438e+01 3.725585116611162562e+01
4.236453531791964622e+01 4.257682514323126810e+01
4.766010199100773548e+01 4.789750006779239300e+01
5.295566870545502525e+01 5.321788421016160697e+01
5.825123562033785163e+01 5.853798148763655718e+01
6.354680230006822228e+01 6.385779941583902541e+01
6.884236902639028699e+01 6.917734475555224094e+01
7.413793565245899231e+01 7.449662421166388526e+01
7.943350287037372937e+01 7.981564352227069037e+01
8.472906956773887543e+01 8.513440757545244253e+01
9.002463666174891443e+01 9.045292235124354363e+01
9.532020346103665531e+01 9.577119324168148751e+01
1.006157711147862983e+02 1.010892262493316593e+02
1.059113381521443671e+02 1.064070257255464327e+02
1.112069048113402374e+02 1.117245966131946631e+02
1.165024726709720255e+02 1.170419429388140031e+02
1.217980394346960793e+02 1.223590703530229575e+02
1.270936067192945558e+02 1.276759824593041515e+02
1.323891734047563489e+02 1.329926836672647994e+02
1.376847402020437130e+02 1.383091796086063141e+02
1.429803083416256015e+02 1.436254730419166208e+02
1.482758758300134332e+02 1.489415669806651863e+02
1.535714424853787250e+02 1.542574673243038887e+02
1.588670105933430250e+02 1.595731757247895075e+02
1.641625775098017357e+02 1.648886979950723060e+02
1.694581445650305511e+02 1.702040356113999451e+02
1.747537125677886820e+02 1.755191934379232066e+02
1.800492801265427261e+02 1.808341742241361771e+02
1.853448477759045829e+02 1.861489819599790678e+02
1.906404147764628192e+02 1.914636177568591791e+02
1.959359825968034841e+02 1.967780864814467918e+02
2.012315493019670782e+02 2.020923901854000633e+02
2.065271163040492297e+02 2.074065317161083044e+02
2.118226839920083648e+02 2.127205154738273620e+02
2.171182507077542141e+02 2.180343416515349872e+02
2.224138176570473604e+02 2.233480160109695021e+02
2.277093858001393869e+02 2.286615371349660961e+02
2.330049534125049604e+02 2.339749107621275073e+02
2.383005203612593732e+02 2.392881380272999650e+02
2.435960883055927866e+02 2.446012225241146041e+02
2.488916578508348039e+02 2.499141660014882973e+02
2.541872248750779590e+02 2.552269693387249845e+02
2.594827922706535333e+02 2.605396357314278930e+02
2.647783614017531590e+02 2.658521676582052464e+02
2.700739291603877064e+02 2.711645685454362820e+02
2.753694972605109115e+02 2.764768382114007181e+02
2.806650662463055141e+02 2.817889797856566361e+02
2.859606331159742467e+02 2.871009967903340794e+02
2.912561998561373002e+02 2.924128898505256302e+02
2.965517666148189733e+02 2.977246588584940810e+02
3.018473339949559886e+02 3.030363083701428195e+02
3.071429006363977123e+02 3.083478370405709938e+02
3.124384680639657290e+02 3.136592498405294691e+02
3.177340351997963808e+02 3.189705462950964829e+02
3.230296023639051555e+02 3.242817322060018341e+02
3.283251690751046681e+02 3.295928059429057839e+02
3.336207360520344309e+02 3.349037664214068855e+02
3.389163051431077065e+02 3.402146189757046386e+02
3.442118718027890623e+02 3.455253652310408938e+02
3.495074400856138936e+02 3.508360052249050796e+02
3.548030073847939434e+02 3.561465417119883341e+02
3.600985740318284911e+02 3.614569736892989340e+02
3.653941407569340072e+02 3.667673080447082157e+02
3.706897077749899836e+02 3.720775391412745989e+02
3.759852749940130252e+02 3.773876749114200493e+02
3.812808427810743979e+02 3.826977103016798765e+02
3.865764131315899022e+02 3.880076531307677783e+02
3.918719804435276046e+02 3.933174981847977847e+02
3.971675473757961754e+02 3.986272507111920049e+02
4.024631144831023448e+02 4.039369115862805302e+02
4.077586812721657452e+02 4.092464803922821375e+02
4.130542489420923857e+02 4.145559620921586657e+02
4.183498186050221648e+02 4.198653550840024877e+02
4.236453854889156787e+02 4.251746583188302679e+02
