0.000000000000000000e+00 0.000000000000000000e+00
5.295566649301782114e+00 5.323290863776109383e+00
1.059113356397544692e+01 1.064622484965427773e+01
1.588670063005709387e+01 1.596881125111932143e+01
2.118226727449484414e+01 2.129105880739631118e+01
2.647783432955708349e+01 2.661297607047167446e+01
3.177340108005850539e+01 3.193457127449897115e+01
3.706896775560529989e+01 3.725585183266150580e+01
4.236453482919637281e+01 4.257682569224229496e+01
4.766010195397760185e+01 4.789750075573449806e+01
5.295566882696560640e+01 5.321788302857587638e+01
5.825123553109394692e+01 5.853797973121874065e+01
6.354680292001820874e+01 6.385779779493856978e+01
6.884237011124753280e+01 6.917734379146301649e+01
7.413793736825412850e+01 7.449662273098041965e+01
7.943350414727274256e+01 7.981564182996672230e+01
8.472907085120509407e+01 8.513440608966510581e+01
9.002463841386526155e+01 9.045292083120031634e+01
9.532020563026864579e+01 9.577119220812258504e+01
1.006157730528647960e+02 1.010892251469481380e+02
1.059113398017953784e+02 1.064070240071477258e+02
1.112069065589436860e+02 1.117245946801138530e+02
1.165024733726446158e+02 1.170419420329423872e+02
1.217980401258332108e+02 1.223590689657643225e+02
1.270936077098188832e+02 1.276759816422957101e+02
1.323891744216064410e+02 1.329926831794699922e+02
1.376847411980875222e+02 1.383091789388385280e+02
1.429803079717607375e+02 1.436254725386937139e+02
1.482758752803077016e+02 1.489415675446370528e+02
1.535714429875123130e+02 1.542574681907879324e+02
1.588670110496146606e+02 1.595731772427950546e+02
1.641625779034640402e+02 1.648886995914365912e+02
1.694581466139908343e+02 1.702040381468888199e+02
1.747537134716770879e+02 1.755191951627424203e+02
1.800492803890703613e+02 1.808341750858162698e+02
1.853448471531256416e+02 1.861489829141971200e+02
1.906404139264445234e+02 1.914636185278204721e+02
1.959359807686556962e+02 1.967780866244691538e+02
2.012315475640121747e+02 2.020923912750330942e+02
2.065271142601213512e+02 2.074065333196423353e+02
2.118226820857070152e+02 2.127205163627045295e+02
2.171182492599193097e+02 2.180343425710956069e+02
2.224138162227251314e+02 2.233480168628518072e+02
2.277093830458194361e+02 2.286615382564001493e+02
2.330049505669493897e+02 2.339749115881936063e+02
2.383005183903950410e+02 2.392881390045955072e+02
2.435960850752917963e+02 2.446012222479961338e+02
2.488916519550043063e+02 2.499141657751889056e+02
2.541872188885736250e+02 2.552269693266439958e+02
2.594827856001793407e+02 2.605396379282839234e+02
2.647783538249015578e+02 2.658521697604489873e+02
2.700739218847109555e+02 2.711645694003868243e+02
2.753694887176484940e+02 2.764768385591587503e+02
2.806650564013705775e+02 2.817889804251692567e+02
2.859606238235276123e+02 2.871009967794013278e+02
2.912561924984200914e+02 2.924128878104529008e+02
2.965517591778561837e+02 2.977246558444028324e+02
3.018473266793155290e+02 3.030363032593958224e+02
3.071428935499801582e+02 3.083478347755912523e+02
3.124384603226405943e+02 3.136592467030283160e+02
3.177340272225742410e+02 3.189705429760326751e+02
3.230295965550616870e+02 3.242817274989898806e+02
3.283251647045190111e+02 3.295928011395253634e+02
3.336207315151441435e+02 3.349037646240622621e+02
3.389162985885046737e+02 3.402146167375688037e+02
3.442118656991766557e+02 3.455253620861407171e+02
3.495074325799657800e+02 3.508360023963793992e+02
3.548029996378809301e+02 3.561465380423509259e+02
3.600985663390759441e+02 3.614569727401199657e+02
3.653941345497922839e+02 3.667673041960948126e+02
3.706897034229568817e+02 3.720775384856256096e+02
3.759852723720271683e+02 3.773876714024130479e+02
3.812808399037543268e+02 3.826977078673529036e+02
3.865764099933670650e+02 3.880076473802023429e+02
3.918719801205486419e+02 3.933174926412489185e+02
3.971675484619752865e+02 3.986272439424037657e+02
4.024631158905106076e+02 4.039369048015156523e+02
4.077586853290079034e+02 4.092464759820107929e+02
4.130542528807825420e+02 4.145559580196744491e+02
4.183498206603163680e+02 4.198653499683530868e+02
4.236453890785917338e+02 4.251746548361842315e+02
