7.625019613614483660e+01
9.555679748071213453e+01
5.002057455734799873e+01
7.495197667762491278e+01
9.759107293231559765e+01
6.680098806041056037e+01
6.554686286289400243e+01
6.113192805733697810e+01
5.924194500995599810e+01
8.956208062454014396e+01
9.116504347508103479e+01
8.218111761156394834e+01
5.311757333669342529e+01
1.027951884749307965e+02
8.086929343640426282e+01
9.153570994437862396e+01
9.772452498026152057e+01
5.479011687557328969e+01
9.608789302415551958e+01
9.220975976356683645e+01
7.563063884734003750e+01
8.303846712651234441e+01
2.782240425720100063e+01
9.058418952680656844e+01
6.331427034959737199e+01
8.884893693036161721e+01
9.469129463052621531e+01
9.206597332686294521e+01
7.027635494133255634e+01
9.997730630938870888e+01
9.111343825582291345e+01
8.278892634819220575e+01
7.620903459732343777e+01
7.246229102273225919e+01
5.819136061496475065e+01
7.084612394610665831e+01
8.665239515133480097e+01
5.437434390552394348e+01
5.972259336439539368e+01
7.504890943262189751e+01
4.863980025235650118e+01
7.658492497448958147e+01
8.035104316556110859e+01
6.213172861733616514e+01
3.939283010436801646e+01
6.112716263245566495e+01
1.109768700728629938e+02
7.575836028681416678e+01
4.136612637724491037e+01
1.001153088728324860e+02
6.951671451562886261e+01
4.579917334722863842e+01
6.035962532924203572e+01
6.857663031429891021e+01
2.610398072561962124e+01
5.464261371176410620e+01
4.676268278902248454e+01
9.954554816349939017e+01
7.495329257022763159e+01
6.811502304787425999e+01
7.132583684272853475e+01
9.913826451614824009e+01
2.762096610040829248e+01
7.777823578468135679e+01
8.690085486692377970e+01
5.873164279581432368e+01
1.050817217731165272e+02
7.967568651333209573e+01
8.206196667031343850e+01
8.376708567513551884e+01
5.915251267642638311e+01
6.673579943151111138e+01
9.283052308228076299e+01
9.770841477594271396e+01
5.132599704466687740e+01
6.181894768779666549e+01
6.960080296519117837e+01
9.907592479865533619e+01
8.933865693091905769e+01
5.072093678874603029e+01
7.923215813362477888e+01
9.314121397417241610e+01
7.919949310225469219e+01
8.872930578564491100e+01
1.056155360867085733e+02
1.008320078663106045e+02
5.741260636692326358e+01
8.227454118368869729e+01
5.628432376389356051e+01
9.836016623423614647e+01
1.099596014693536858e+02
8.717456055568116824e+01
6.899071774798271406e+01
5.816888753889320185e+01
8.204863858111541219e+01
4.423700381979767826e+01
1.027244557294078788e+02
1.013643641264987849e+02
9.488851901664294530e+01
8.039126075622181133e+01
