0.000000000000000000e+00 0.000000000000000000e+00
4.350663003484827485e+00 4.383171858267273180e+00
8.701326020189192434e+00 8.765853133166327638e+00
1.305198909537334018e+01 1.314805845119945360e+01
1.740265237099434614e+01 1.752980231851013215e+01
2.175331556233161834e+01 2.191109740463522826e+01
2.610397879446806968e+01 2.629195694410861250e+01
3.045464209786506160e+01 3.067239349418764149e+01
3.480530546093623911e+01 3.505241836527009980e+01
3.915596879935526431e+01 3.943204340640785688e+01
4.350663225001469669e+01 4.381127928815465822e+01
4.785729575800461078e+01 4.819013614539515800e+01
5.220795934174695674e+01 5.256862429926550817e+01
5.655862232584479443e+01 5.694675353294057629e+01
6.090928597854750137e+01 6.132453311802836993e+01
6.525994958407213176e+01 6.570197142128499479e+01
6.961061291141129459e+01 7.007907771178929579e+01
7.396127593349260110e+01 7.445585958255540504e+01
7.831193975345445324e+01 7.883232600334872586e+01
8.266260315751821963e+01 8.320848355748081815e+01
8.701326613895420792e+01 8.758433966151616801e+01
9.136393001801332048e+01 9.195990201167703049e+01
9.571459296324900379e+01 9.633517681834300106e+01
1.000652560188857478e+02 1.007101712855518514e+02
1.044159195171907868e+02 1.050848921332870134e+02
1.087665834726080334e+02 1.094593446495059794e+02
1.131172468864728842e+02 1.138335350620574218e+02
1.174679108900777464e+02 1.182074699315402171e+02
1.218185739816782274e+02 1.225811541942799607e+02
1.261692372451953759e+02 1.269545925247447684e+02
1.305199003349728741e+02 1.313277914031732223e+02
1.348705645041578123e+02 1.357007560186597175e+02
1.392212275913865085e+02 1.400734897944990962e+02
1.435718911591762605e+02 1.444459995294894270e+02
1.479225542585743369e+02 1.488182876886328074e+02
1.522732182050691847e+02 1.531903602470345049e+02
1.566238812572280494e+02 1.575622204388831165e+02
1.609745454435465035e+02 1.619338730531071917e+02
1.653252084798666033e+02 1.663053221425196284e+02
1.696758730665916914e+02 1.706765718493235795e+02
1.740265364295863151e+02 1.750476259338236105e+02
1.783771993823557978e+02 1.794184883210415364e+02
1.827278624114041747e+02 1.837891615685093711e+02
1.870785268241994572e+02 1.881596504453659691e+02
1.914291899452563257e+02 1.925299591804804891e+02
1.957798537601236148e+02 1.969000896896952213e+02
2.001305167747408973e+02 2.012700445558664910e+02
2.044811810672958927e+02 2.056398274848033338e+02
2.088318441269278196e+02 2.100094427701336031e+02
2.131825082194022229e+02 2.143788928372084683e+02
2.175331715982022729e+02 2.187481790949088918e+02
2.218838350956782506e+02 2.231173058853723887e+02
2.262345000481520003e+02 2.274862747605970412e+02
2.305851643093399730e+02 2.318550912918943823e+02
2.349358286663865556e+02 2.362237543357143750e+02
2.392864923303544060e+02 2.405922678937453156e+02
2.436371573276794322e+02 2.449606349016181355e+02
2.479878228061639049e+02 2.493288576368692020e+02
2.523384858821823400e+02 2.536969388913411194e+02
2.566891512651903895e+02 2.580648811840993062e+02
2.610398167693773530e+02 2.624326858348057385e+02
2.653904803785266040e+02 2.668003563159636542e+02
2.697411434588973407e+02 2.711678927494855316e+02
2.740918081156649464e+02 2.755352993748919062e+02
2.784424711736680820e+02 2.799025760641054603e+02
