0.000000000000000000e+00 0.000000000000000000e+00
4.352826981945851159e+00 4.383171841093326471e+00
8.705654024767238042e+00 8.765922207198771687e+00
1.305848113692004020e+01 1.314826329929423920e+01
1.741130829634847288e+01 1.753020559398102307e+01
2.176413551195365415e+01 2.191175957926535034e+01
2.611696281317053447e+01 2.629293627269952793e+01
3.046979013536176240e+01 3.067374548852752270e+01
3.482261730313993553e+01 3.505419616406697969e+01
3.917544472872396000e+01 3.943429807522957731e+01
4.352827218436040368e+01 4.381406024276135724e+01
4.788109966032013176e+01 4.819349075456680964e+01
5.223392664008255792e+01 5.257259721141478792e+01
5.658675426944776632e+01 5.695138847411616467e+01
6.093958193008137414e+01 6.132987137044123926e+01
6.529240963728670977e+01 6.570805412450437188e+01
6.964523735145239414e+01 7.008594331537574362e+01
7.399806438618094262e+01 7.446354554307558260e+01
7.835089182192774615e+01 7.884086739901232477e+01
8.270371928602878597e+01 8.321791514250620025e+01
8.705654651568406166e+01 8.759469538221766527e+01
9.140937358329098572e+01 9.197121321519898629e+01
9.576220062773859354e+01 9.634747557063784029e+01
1.001150285718847357e+02 1.007234870823882460e+02
1.044678566965344260e+02 1.050992535186028647e+02
1.088206842989045384e+02 1.094747800450050192e+02
1.131735113256284393e+02 1.138500716697908217e+02
1.175263383180239316e+02 1.182251333195958409e+02
1.218791659698909768e+02 1.225999688596605495e+02
1.262319938154927286e+02 1.269745841488657447e+02
1.305848220646473692e+02 1.313489837884764597e+02
1.349376500959812972e+02 1.357231705584349015e+02
1.392904779380193077e+02 1.400971502972884934e+02
1.436433062634113185e+02 1.444709259534452315e+02
1.479961332660802782e+02 1.488445023522850192e+02
1.523489604054194331e+02 1.532178819013750513e+02
1.567017893310355134e+02 1.575910694920807487e+02
1.610546179903382153e+02 1.619640681656557035e+02
1.654074466050594765e+02 1.663368815209277045e+02
1.697602738844607870e+02 1.707095142645014221e+02
1.741131013491353769e+02 1.750819677054442423e+02
1.784659283920228745e+02 1.794542473986883238e+02
1.828187555572961855e+02 1.838263534864453845e+02
1.871715827157020726e+02 1.881982914071484174e+02
1.915244108802968128e+02 1.925700631285290569e+02
1.958772391311100307e+02 1.969416715414213286e+02
2.002300662710162840e+02 2.013131205541092186e+02
2.045828934547205620e+02 2.056844107988839596e+02
2.089357224469897574e+02 2.100555467231551177e+02
2.132885494775223947e+02 2.144265300102486833e+02
2.176413767554820993e+02 2.187973635348876087e+02
2.219942038766498627e+02 2.231680499013364738e+02
2.263470324982841930e+02 2.275385919538591963e+02
2.306998594785915486e+02 2.319089909527736495e+02
2.350526876199495518e+02 2.362792506343997729e+02
2.394055146273172454e+02 2.406493739936415750e+02
2.437583422460850215e+02 2.450193602357513214e+02
2.481111711742228181e+02 2.493892124598712599e+02
2.524640001956833828e+02 2.537589331903274399e+02
2.568168272471416458e+02 2.581285254572247254e+02
2.611696552584070332e+02 2.624979895953931646e+02
2.655224822937333329e+02 2.668673284588462593e+02
2.698753120336330085e+02 2.712365436845125828e+02
2.742281390707402124e+02 2.756056374475739972e+02
2.785809681984711119e+02 2.799746126450140764e+02
