0.000000000000000000e+00 0.000000000000000000e+00
4.353043030724220941e+00 4.383171815464670829e+00
8.706086071641543356e+00 8.765928811066338255e+00
1.305912915785146566e+01 1.314828239333406756e+01
1.741217228004136430e+01 1.753024345976474407e+01
2.176521550462021537e+01 2.191182244322025952e+01
2.611825873079245142e+01 2.629302957170065724e+01
3.047130208257689787e+01 3.067387455231835958e+01
3.482434536104572942e+01 3.505436641524868691e+01
3.917738868259337437e+01 3.943451452106982913e+01
4.353043215696601465e+01 4.381432739624127493e+01
4.788347542953623304e+01 4.819381303883906753e+01
5.223651902452196794e+01 5.257297939957889810e+01
5.658956221363170158e+01 5.695183453651327454e+01
6.094260523193007373e+01 6.133038602591832955e+01
6.529564881439702617e+01 6.570864099568595407e+01
6.964869182840401152e+01 7.008660598601736069e+01
7.400173549959920649e+01 7.446428731628589048e+01
7.835477922092840686e+01 7.884169241080658708e+01
8.270782295630081649e+01 8.321882670190279896e+01
8.706086642770182493e+01 8.759569615916336716e+01
9.141391024060163772e+01 9.197230792794493937e+01
9.576695329781004773e+01 9.634866619376759900e+01
1.001199972440776094e+02 1.007247769651017819e+02
1.044730405245434781e+02 1.051006448153579527e+02
1.088260837485972417e+02 1.094762754616864413e+02
1.131791277903873834e+02 1.138516749846281755e+02
1.175321709443831821e+02 1.182268458667943918e+02
1.218852140110569167e+02 1.226017940978414344e+02
1.262382583436003074e+02 1.269765241337070165e+02
1.305913024725946912e+02 1.313510401477805942e+02
1.349443455868618571e+02 1.357253475846357560e+02
1.392973898792361354e+02 1.400994494206148033e+02
1.436504341894561207e+02 1.444733485607587795e+02
1.480034772357943211e+02 1.488470504980826661e+02
1.523565203944432938e+02 1.532205592438672284e+02
1.567095633973700615e+02 1.575938762961357611e+02
1.610626064345569262e+02 1.619670076003451129e+02
1.654156503989702571e+02 1.663399553606268455e+02
1.697686949377455790e+02 1.707127229434124160e+02
1.741217394423532028e+02 1.750853132896075408e+02
1.784747824500827278e+02 1.794577312534492535e+02
1.828278271894217539e+02 1.838299781536720729e+02
1.871808719250577155e+02 1.882020580161729413e+02
1.915339150754212483e+02 1.925739734949374053e+02
1.958869599488435824e+02 1.969457271153987961e+02
2.002400047915857328e+02 2.013173219621521355e+02
2.045930481698524375e+02 2.056887622496734025e+02
2.089460930491827924e+02 2.100600480930141600e+02
2.132991362490885194e+02 2.144311821283457107e+02
2.176521812190727019e+02 2.188021687124488039e+02
2.220052261994586047e+02 2.231730094593816034e+02
2.263582693580868863e+02 2.275437074506102135e+02
2.307113125869309442e+02 2.319142626656932009e+02
2.350643570293448761e+02 2.362846790384961082e+02
2.394174015462585885e+02 2.406549593659602237e+02
2.437704445735112131e+02 2.450251061766670091e+02
2.481234898146569208e+02 2.493951195038337687e+02
2.524765328890567844e+02 2.537650039521142276e+02
2.568295758959785644e+02 2.581347592137378228e+02
2.611826195534923727e+02 2.625043869414485584e+02
2.655356644206112264e+02 2.668738912973831248e+02
2.698887084635837823e+02 2.712432736782965321e+02
2.742417540590352019e+02 2.756125360982814527e+02
2.785947971065128854e+02 2.799816786122366921e+02
