0.000000000000000000e+00 0.000000000000000000e+00
4.353664434028518215e+00 4.383171824584356280e+00
8.707328925441307987e+00 8.765947633344834955e+00
1.306099345889550989e+01 1.314833815434309727e+01
1.741465802731159584e+01 1.753035350014836169e+01
2.176832270618833576e+01 2.191200357580796521e+01
2.612198735046098719e+01 2.629329748875369788e+01
3.047565203229591901e+01 3.067424461058581642e+01
3.482931675691516205e+01 3.505485357959453552e+01
3.918298151054366940e+01 3.943513236128117683e+01
4.353664629872248071e+01 4.381508961954813230e+01
4.789031083481553708e+01 4.819473296660265760e+01
5.224397580879954717e+01 5.257406960986065769e+01
5.659764049381708162e+01 5.695310717685738666e+01
6.095130495133206239e+01 6.133185243870669012e+01
6.530497014366955000e+01 6.571031263816020385e+01
6.965863518449585001e+01 7.008849386760553557e+01
7.401230026954465302e+01 7.446640224472602654e+01
7.836596490381830904e+01 7.884404414519161719e+01
8.271963004752527127e+01 8.322142537543119545e+01
8.707329524239520424e+01 8.759855089520166871e+01
9.142696062984455807e+01 9.197542683758852888e+01
9.578062543188916322e+01 9.635205946321664783e+01
1.001342898745118646e+02 1.007284529684594361e+02
1.044879549325753487e+02 1.051046124745262205e+02
1.088416194176883494e+02 1.094805419280901191e+02
1.131952848394111442e+02 1.138562474816055214e+02
1.175489501580617144e+02 1.182317328936509142e+02
1.219026146160133948e+02 1.226070024815186628e+02
1.262562790879821648e+02 1.269820611427682024e+02
1.306099446397577140e+02 1.313569119537792744e+02
1.349636103836069196e+02 1.357315605621090242e+02
1.393172753190926301e+02 1.401060090250113888e+02
1.436709407933916793e+02 1.444802622240548260e+02
1.480246053055824973e+02 1.488543236251356632e+02
1.523782710772573239e+02 1.532281972382949107e+02
1.567319358374494414e+02 1.576018860984571290e+02
1.610856007175785862e+02 1.619753934313022512e+02
1.654392666009485993e+02 1.663487236462211456e+02
1.697929311194231445e+02 1.707218790938204904e+02
1.741465969632729980e+02 1.750948621916538457e+02
1.785002629450065967e+02 1.794676766362973979e+02
1.828539289609327056e+02 1.838403253598293645e+02
1.872075950747006345e+02 1.882128118306944771e+02
1.915612607871624391e+02 1.925851387219499316e+02
1.959149269588583309e+02 1.969573076856806892e+02
2.002685931763528515e+02 2.013293223322551739e+02
2.046222581024805720e+02 2.057011855222521604e+02
2.089759246009213598e+02 2.100728980496083409e+02
2.133295901272454103e+02 2.144444641181050031e+02
2.176832565385141720e+02 2.188158852093698670e+02
2.220369225712900914e+02 2.231871640697785324e+02
2.263905873572512633e+02 2.275583044536464001e+02
2.307442518674640723e+02 2.319293073194372710e+02
2.350979171390542888e+02 2.363001735976119448e+02
2.394515831712329827e+02 2.406709077390533480e+02
2.438052497881379281e+02 2.450415097099905495e+02
2.481589164721922884e+02 2.494119835937979701e+02
2.525125809533989809e+02 2.537823291945229585e+02
2.568662479885595644e+02 2.581525488685507526e+02
2.612199150373813268e+02 2.625226468820194441e+02
2.655735794951769435e+02 2.668926237121814324e+02
2.699272441085749392e+02 2.712624806931823400e+02
2.742809109942663781e+02 2.756322192994358602e+02
2.786345754959879173e+02 2.800018407591842333e+02
