0.000000000000000000e+00 0.000000000000000000e+00
4.351675767017495033e+00 4.383171865953539914e+00
8.703351655182602897e+00 8.765886096459279742e+00
1.305502760243788174e+01 1.314815592766552399e+01
1.740670360303001374e+01 1.752999419396206804e+01
2.175837967159883135e+01 2.191141245866045750e+01
2.611005580052448138e+01 2.629242280399419229e+01
3.046173166063228166e+01 3.067303658235449859e+01
3.481340782790228161e+01 3.505326429190668591e+01
3.916508413850751680e+01 3.943311581733853188e+01
4.351676050603921908e+01 4.381260164757230768e+01
4.786843633173135260e+01 4.819173073275109687e+01
5.222011219176310703e+01 5.257051264429807702e+01
5.657178843512353694e+01 5.694895602107931865e+01
6.092346425600828752e+01 6.132706915686792115e+01
6.527514005754477466e+01 6.570486036058458978e+01
6.962681592699364330e+01 7.008233762740761108e+01
7.397849176682116479e+01 7.445950820967388495e+01
7.833016841523081553e+01 7.883637942322849312e+01
8.268184424817181366e+01 8.321295849595423988e+01
8.703352021001130367e+01 8.758925255847429980e+01
9.138519612651475654e+01 9.196526728131347284e+01
9.573687197668186855e+01 9.634100950937300922e+01
1.000885477888379285e+02 1.007164861822894011e+02
1.044402243765330240e+02 1.050917022611517666e+02
1.087919005568534203e+02 1.094666627915091510e+02
1.131435764468968443e+02 1.138413746467157068e+02
1.174952522816971907e+02 1.182158419628895558e+02
1.218469280919209439e+02 1.225900710462202738e+02
1.261986050855089161e+02 1.269640662498811707e+02
1.305502809801476474e+02 1.313378320092206195e+02
1.349019568963445295e+02 1.357113746809340853e+02
1.392536331411292849e+02 1.400846971903697806e+02
1.436053101200112110e+02 1.444578053863239120e+02
1.479569860084322386e+02 1.488307018629273557e+02
1.523086620097574269e+02 1.532033921831785221e+02
1.566603378677826583e+02 1.575758799498557039e+02
1.610120139592565636e+02 1.619481678096397843e+02
1.653636898031834903e+02 1.663202610086332527e+02
1.697153656639617907e+02 1.706921627136278801e+02
1.740670419924703083e+02 1.750638770239529549e+02
1.784187178574319148e+02 1.794354086128857375e+02
1.827703937047545253e+02 1.838067578431190725e+02
1.871220700694270249e+02 1.881779295136327050e+02
1.914737465617232601e+02 1.925489281143542826e+02
1.958254224309185361e+02 1.969197555255926204e+02
2.001770983345716957e+02 2.012904143929727070e+02
2.045287756498174190e+02 2.056609090127095101e+02
2.088804530159222566e+02 2.100312421084753964e+02
2.132321290880023525e+02 2.144014149483762708e+02
2.175838051679739920e+02 2.187714300697687690e+02
2.219354810008700838e+02 2.231412914115899753e+02
2.262871586647936226e+02 2.275110012431557607e+02
2.306388345950610415e+02 2.318805622420547365e+02
2.349905118151697252e+02 2.362499770410531141e+02
2.393421880146224794e+02 2.406192488116729180e+02
2.436938652953695623e+02 2.449883802207827728e+02
2.480455430061596189e+02 2.493573724903419873e+02
2.523972205335481362e+02 2.537262268313984066e+02
2.567488964036708126e+02 2.580949456459380826e+02
2.611005722720587414e+02 2.624635318405419184e+02
2.654522502361965053e+02 2.668319865003373366e+02
2.698039276333308862e+02 2.712003128542310151e+02
2.741556044517041073e+02 2.755685143453041519e+02
2.785072830540942164e+02 2.799365915698697904e+02
