0.000000000000000000e+00 0.000000000000000000e+00
4.351180164726947908e+00 4.383171853882396718e+00
8.702360386396058800e+00 8.765870152625460321e+00
1.305354070817619672e+01 1.314810863157788390e+01
1.740472103586623831e+01 1.752990083890799156e+01
2.175590141844121916e+01 2.191125947107784100e+01
2.610708187672342007e+01 2.629219668453117720e+01
3.045826203161068690e+01 3.067272421541174765e+01
3.480944259149400466e+01 3.505285312115827878e+01
3.916062320244253669e+01 3.943259466627732479e+01
4.351180389826699013e+01 4.381195899123470383e+01
4.786298464521772189e+01 4.819095596439186124e+01
5.221416537482315334e+01 5.256959509276725839e+01
5.656534596194530451e+01 5.694788565952877946e+01
6.091652683081352393e+01 6.132583684220992382e+01
6.526770769497692015e+01 6.570345700212919837e+01
6.961888848259545171e+01 7.008075387196853967e+01
7.397006868017669490e+01 7.445773582499337806e+01
7.832124966314131598e+01 7.883440966124751981e+01
8.267242999189925001e+01 8.321078360237268612e+01
8.702361019050033519e+01 8.758686449339299429e+01
9.137479044011936935e+01 9.196265914850377499e+01
9.572597060586586792e+01 9.633817469182376669e+01
1.000771514943218392e+02 1.007134161184206107e+02
1.044283319924435318e+02 1.050883904163106592e+02
1.087795132161989784e+02 1.094631038766980566e+02
1.131306943212174190e+02 1.138375613285479346e+02
1.174818751593418824e+02 1.182117694486916406e+02
1.218330561844375097e+02 1.225857336008140805e+02
1.261842373310870755e+02 1.269594573728986120e+02
1.305354176894563238e+02 1.313329479864102041e+02
1.348865978476102327e+02 1.357062083528350058e+02
1.392377791405501171e+02 1.400792442551433794e+02
1.435889594624388508e+02 1.444520601487059253e+02
1.479401400820959225e+02 1.488246609296262477e+02
1.522913203078022946e+02 1.531970502322986931e+02
1.566425005470710801e+02 1.575692324017714441e+02
1.609936826989318774e+02 1.619412105211316657e+02
1.653448642477076760e+02 1.663129897658326399e+02
1.696960450787192087e+02 1.706845735653433849e+02
1.740472254226104383e+02 1.750559661795328452e+02
1.783984068675341632e+02 1.794271707398380613e+02
1.827495889068767951e+02 1.837981920746353239e+02
1.871007703962025062e+02 1.881690323140837791e+02
1.914519524358821059e+02 1.925396936853978218e+02
1.958031336339393249e+02 1.969101812046029067e+02
2.001543146000445006e+02 2.012804968075874399e+02
2.045054950863412557e+02 2.056506438825077225e+02
2.088566752468329355e+02 2.100206257522063993e+02
2.132078569594647774e+02 2.143904453626840336e+02
2.175590375282117179e+02 2.187601048933494781e+02
2.219102177362125303e+02 2.231296081744827688e+02
2.262614000877989042e+02 2.274989567868089466e+02
2.306125803311889229e+02 2.318681543615275586e+02
2.349637615811067803e+02 2.362372039977067004e+02
2.393149433810917799e+02 2.406061057571516244e+02
2.436661236717800421e+02 2.449748653933464198e+02
2.480173038838572666e+02 2.493434824138445549e+02
2.523684844510987091e+02 2.537119591763391497e+02
2.567196669562403031e+02 2.580802997483889385e+02
2.610708490230284156e+02 2.624485056124938751e+02
2.654220340880535787e+02 2.668165779396351809e+02
2.697732142986449162e+02 2.711845184497895502e+02
2.741243946986545552e+02 2.755523305853081411e+02
2.784755766906047256e+02 2.799200161319436688e+02
