0.000000000000000000e+00 0.000000000000000000e+00
4.452365933853523750e+00 4.475175628587067855e+00
8.904732346417858935e+00 8.950126758882198885e+00
1.335709830729633119e+01 1.342485781737362238e+01
1.780946427734268767e+01 1.789937312177062623e+01
2.226183028514287088e+01 2.237367688798446252e+01
2.671419628117768497e+01 2.684777305621268439e+01
3.116656229742405770e+01 3.132166554492558674e+01
3.561892826880281859e+01 3.579535835113220799e+01
4.007129431248341689e+01 4.026885508633633748e+01
4.452366037062566306e+01 4.474215942467017015e+01
4.897602643262271727e+01 4.921527482126563768e+01
5.342839252446810860e+01 5.368820471894204616e+01
5.788075863358973550e+01 5.816095208479649159e+01
6.233312466486133729e+01 6.263352086133056673e+01
6.678549135733877051e+01 6.710591390645086562e+01
7.123785749782892651e+01 7.157813420080850619e+01
7.569022365490334892e+01 7.605018481635340777e+01
8.014258982874258663e+01 8.052206860130081623e+01
8.459495602605973374e+01 8.499378840375416644e+01
8.904732210469347820e+01 8.946534705956167954e+01
9.349968830338548287e+01 9.393674712134139781e+01
9.795205452955885050e+01 9.840799131363996821e+01
1.024044207673154574e+02 1.028790821866957685e+02
1.068567872842164661e+02 1.073500214981679619e+02
1.113091535532122975e+02 1.118208132050447148e+02
1.157615197857932259e+02 1.162914589173829967e+02
1.202138861135286305e+02 1.207619609782341286e+02
1.246662523864485053e+02 1.252323216404523691e+02
1.291186187182681522e+02 1.297025432660915669e+02
1.335709850109885224e+02 1.341726278181574230e+02
1.380233514315318359e+02 1.386425773549389362e+02
1.424757177938433301e+02 1.431123940755446426e+02
1.469280839974874482e+02 1.475820799404657464e+02
1.513804504352950460e+02 1.520516369685574318e+02
1.558328168261967903e+02 1.565210670606458621e+02
1.602851832119950757e+02 1.609903724539782957e+02
1.647375496511539268e+02 1.654595539097156802e+02
1.691899160776205804e+02 1.699286143331012511e+02
1.736422824731007211e+02 1.743975551332868577e+02
1.780946502230194142e+02 1.788663780371308576e+02
1.825470183124614891e+02 1.833350846628325712e+02
1.869993850923806917e+02 1.878036767573856878e+02
1.914517529611646580e+02 1.922721558528486412e+02
1.959041196558308684e+02 1.967405236129682748e+02
2.003564862406381621e+02 2.012087815791846879e+02
2.048088527920495494e+02 2.056769311505518658e+02
2.092612194346886554e+02 2.101449739732308331e+02
2.137135858965355339e+02 2.146129113526889114e+02
2.181659540621771498e+02 2.190807447829694752e+02
2.226183206815925359e+02 2.235484756314560855e+02
2.270706873286773089e+02 2.280161053125946751e+02
2.315230539387910937e+02 2.324836349859484415e+02
2.359754212134768068e+02 2.369510664605354009e+02
2.404277878676666660e+02 2.414184005200189631e+02
2.448801544934223102e+02 2.458856389432374385e+02
2.493325211763469156e+02 2.503527824817095393e+02
2.537848878608733685e+02 2.548198322897638661e+02
2.582372546542527516e+02 2.592867897346133077e+02
2.626896214099452322e+02 2.637536560124819403e+02
2.671419881758640145e+02 2.682204322674105015e+02
2.715943549080496382e+02 2.726871196925333720e+02
2.760467212184469759e+02 2.771537193814405100e+02
2.804990880207856776e+02 2.816202317565267776e+02
2.849514542512546313e+02 2.860866589908196715e+02
2.894038206706769643e+02 2.905530016485523674e+02
2.938561873935706217e+02 2.950192607431592933e+02
2.983085542487723387e+02 2.994854374105331090e+02
3.027609210914633877e+02 3.039515324181479627e+02
3.072132879539816486e+02 3.084175466538234218e+02
3.116656546727042496e+02 3.128834813114100371e+02
3.161180214869584688e+02 3.173493371835207881e+02
3.205703884062083375e+02 3.218151152307111715e+02
3.250227553842638599e+02 3.262808164628451095e+02
3.294751218524514229e+02 3.307464417364068936e+02
3.339274883396632845e+02 3.352119918738368938e+02
3.383798558678376480e+02 3.396774676155615680e+02
3.428322228292037721e+02 3.441428699228740129e+02
3.472845898005697904e+02 3.486081995341560287e+02
3.517369567625183890e+02 3.530734574520047317e+02
3.561893239027866116e+02 3.575386442845748434e+02
