0.000000000000000000e+00 0.000000000000000000e+00
4.451899776713075241e+00 4.475175631418365718e+00
8.903800014743762148e+00 8.950117585761141470e+00
1.335570014693056606e+01 1.342483054061557368e+01
1.780759998144889877e+01 1.789931939850339049e+01
2.225949983447272729e+01 2.237358793795510792e+01
2.671139981283061715e+01 2.684764080236231720e+01
3.116329967889000940e+01 3.132148210566327862e+01
3.561519954046163861e+01 3.579511596435916942e+01
4.006709943457306622e+01 4.026854623455468385e+01
4.451899933863373349e+01 4.474177678036279815e+01
4.897089926195418741e+01 4.921481141274570348e+01
5.342279912488987748e+01 5.368765356699153557e+01
5.787469904687041833e+01 5.816030681252260592e+01
6.232659900094811434e+01 6.263277470422229243e+01
6.677849897305921445e+01 6.710506039722403671e+01
7.123039895790817866e+01 7.157716719838572317e+01
7.568229892925677404e+01 7.604909823888712594e+01
8.013419894593538118e+01 8.052085660425149172e+01
8.458609897497049701e+01 8.499244527256072956e+01
8.903799899765405712e+01 8.946386720618798449e+01
9.348989904938173368e+01 9.393512516348209829e+01
9.794179911795086468e+01 9.840622197033616203e+01
1.023936991927593283e+02 1.028771602331712245e+02
1.068455992834227857e+02 1.073479426414953650e+02
1.112974993950744391e+02 1.118185717542976363e+02
1.157493994979248271e+02 1.162890500852982996e+02
1.202012996378821015e+02 1.207593800683996790e+02
1.246532002835623700e+02 1.252295631502591107e+02
1.291051004371158513e+02 1.296996035004660541e+02
1.335570007312451253e+02 1.341695024844889303e+02
1.380089009237063919e+02 1.386392627637318924e+02
1.424608014638018290e+02 1.431088856499717394e+02
1.469127016889339359e+02 1.475783735359260618e+02
1.513646019893297989e+02 1.520477274561797287e+02
1.558165023684115340e+02 1.565169517182861227e+02
1.602684026957357446e+02 1.609860471432183999e+02
1.647203029549629889e+02 1.654550156171408730e+02
1.691722032242369664e+02 1.699238591110591301e+02
1.736241034779302765e+02 1.743925782292937470e+02
1.780760039416867357e+02 1.788611772492180023e+02
1.825279042374025380e+02 1.833296564714619876e+02
1.869798042682951404e+02 1.877980178353664940e+02
1.914317049266661286e+02 1.922662630180956000e+02
1.958836055050524863e+02 1.967343935798675716e+02
2.003355070477185507e+02 2.012024113497115536e+02
2.047874076867927897e+02 2.056703175631317606e+02
2.092393080934616023e+02 2.101381138649772993e+02
2.136912084630749860e+02 2.146058002721268849e+02
2.181431088578078175e+02 2.190733814538999695e+02
2.225950097135626606e+02 2.235408572567680494e+02
2.270469101592172478e+02 2.280082292173127598e+02
2.314988105952965611e+02 2.324754985995528216e+02
2.359507110627651798e+02 2.369426667593560865e+02
2.404026135448897890e+02 2.414097350099452512e+02
2.448545145399504577e+02 2.458767047492261213e+02
2.493064150194906290e+02 2.503435772437192668e+02
2.537583153833780329e+02 2.548103537861089762e+02
2.582102159487765221e+02 2.592770350722687454e+02
2.626621170738470141e+02 2.637436232678297188e+02
2.671140177707650878e+02 2.682101172859695453e+02
2.715659187258557949e+02 2.726765226252371122e+02
2.760178193251222183e+02 2.771428373581056803e+02
2.804697199277588879e+02 2.816090630984951417e+02
2.849216199877281497e+02 2.860752012020893744e+02
2.893735206070269896e+02 2.905412524577297972e+02
2.938254210357472402e+02 2.950072159803684713e+02
2.982773210879457793e+02 2.994730969919154404e+02
3.027292217278568387e+02 3.039388943923626698e+02
3.071811224029067944e+02 3.084046092599099893e+02
3.116330233204845399e+02 3.128702426213319541e+02
3.160849250096241576e+02 3.173357952280899781e+02
3.205368257880004421e+02 3.218012681684043628e+02
3.249887265173944684e+02 3.262666623722731174e+02
3.294406272759825924e+02 3.307319787736764738e+02
3.338925278609390261e+02 3.351972181947911622e+02
3.383444288365525381e+02 3.396623818106867247e+02
3.427963296186438811e+02 3.441274700768911998e+02
3.472482304189064735e+02 3.485924846420082304e+02
3.517001312889786959e+02 3.530574252019730466e+02
3.561520320867368810e+02 3.575222931898420597e+02
