0.000000000000000000e+00 0.000000000000000000e+00
4.453708611322415578e+00 4.475175635243141770e+00
8.907417723302723189e+00 8.950152225574978360e+00
1.336112633211556222e+01 1.342493350242540551e+01
1.781483496133899536e+01 1.789952305006236699e+01
2.226854360314541736e+01 2.237392432471470016e+01
2.672225226668750864e+01 2.684814085234817327e+01
3.117596092615886505e+01 3.132217583950507134e+01
3.562966958783886895e+01 3.579603254790782074e+01
4.008337830087499754e+01 4.026971411265863310e+01
4.453708700862895853e+01 4.474322379899034274e+01
4.899079571790187515e+01 4.921656425058213813e+01
5.344450452922924910e+01 5.368973840557634958e+01
5.789821329849350207e+01 5.816274916074587509e+01
6.235192206892172351e+01 6.263559929513732527e+01
6.680563087883518847e+01 6.710829149499086554e+01
7.125933968839831323e+01 7.158082835694288804e+01
7.571304837167660651e+01 7.605321244014953663e+01
8.016675721670290500e+01 8.052544625597082018e+01
8.462046606815366090e+01 8.499753222400444486e+01
8.907417491704650558e+01 8.946947227872331609e+01
9.352788402750019259e+01 9.394126957907349151e+01
9.798159294428295141e+01 9.841292619676059417e+01
1.024353018412077461e+02 1.028844439072823747e+02
1.068890107903806523e+02 1.073558250554416418e+02
1.113427197209564667e+02 1.118270719421606287e+02
1.157964286548072153e+02 1.162981862407859808e+02
1.202501376281031185e+02 1.207691702086875978e+02
1.247038466110489594e+02 1.252400258217826092e+02
1.291575555503683859e+02 1.297107540557135508e+02
1.336112647456548643e+02 1.341813584307612359e+02
1.380649737887692083e+02 1.386518400378693912e+02
1.425186828052102612e+02 1.431221999544585231e+02
1.469723918607960513e+02 1.475924413285641208e+02
1.514261009958634645e+02 1.520625652187918320e+02
1.558798100111078497e+02 1.565325732382814294e+02
1.603335190693952654e+02 1.610024670481392945e+02
1.647872281821948377e+02 1.654722470671784436e+02
1.692409372982367017e+02 1.699419172923458063e+02
1.736946465229734713e+02 1.744114780877296766e+02
1.781483556687839496e+02 1.788809309125055336e+02
1.826020647980318188e+02 1.833502772126856257e+02
1.870557739755556668e+02 1.878195184857790423e+02
1.915094845393805940e+02 1.922886547613043149e+02
1.959631937357771392e+02 1.967576903596205966e+02
2.004169029480104882e+02 2.012266249604331847e+02
2.048706121855352649e+02 2.056954600676262430e+02
2.093243214397325573e+02 2.101641969520897248e+02
2.137780301637978937e+02 2.146328369800591531e+02
2.182317394374019273e+02 2.191013813814934110e+02
2.226854489157219064e+02 2.235698311730961905e+02
2.271391577219381190e+02 2.280381877913931135e+02
2.315928670636524487e+02 2.325064523219549528e+02
2.360465764100670754e+02 2.369746259692328749e+02
2.405002857934141502e+02 2.414427098726261534e+02
2.449539951909342221e+02 2.459107056916599845e+02
2.494077045421777257e+02 2.503786136899271639e+02
2.538614139427351120e+02 2.548464350989825675e+02
2.583151233650934273e+02 2.593141710703057470e+02
2.627688327838916962e+02 2.637818226583871137e+02
2.672225422621534108e+02 2.682493910623520037e+02
2.716762517326258148e+02 2.727168771242985486e+02
2.761299612283388569e+02 2.771842818498232646e+02
2.805836717472287205e+02 2.816516042413553009e+02
2.850373804994173952e+02 2.861188493020773649e+02
2.894910901883527004e+02 2.905860157338868817e+02
2.939447997293369212e+02 2.950531046570579292e+02
2.983985094437132375e+02 2.995201168622533601e+02
3.028522189423692907e+02 3.039870536021783778e+02
3.073059287043880659e+02 3.084539150818509938e+02
3.117596373929752644e+02 3.129207025360795456e+02
3.162133477998501121e+02 3.173874167344370107e+02
3.206670574106308322e+02 3.218540585474628415e+02
3.251207670294307377e+02 3.263206287864846900e+02
3.295744766236829832e+02 3.307871283812439742e+02
3.340281885695812321e+02 3.352535578490883950e+02
3.384818982168538923e+02 3.397199181395604910e+02
3.429356076046789212e+02 3.441862075813660340e+02
3.473893173297125827e+02 3.486524317008164644e+02
3.518430270461839200e+02 3.531185889108548963e+02
3.562967379295993169e+02 3.575846797255206866e+02
