0.000000000000000000e+00 0.000000000000000000e+00
4.306760719448648800e+00 4.331204055818233201e+00
8.613521886576101849e+00 8.662152268133642252e+00
1.292028263684919942e+01 1.299284984711682078e+01
1.722704364353003825e+01 1.732330123207194816e+01
2.153380439657143341e+01 2.165351212646591605e+01
2.584056532382369653e+01 2.598348723021539541e+01
3.014732612722820448e+01 3.031323170677340428e+01
3.445408707079798916e+01 3.464274961190598390e+01
3.876084795385787629e+01 3.897204559203805019e+01
4.306760879466683889e+01 4.330112444193867560e+01
4.737436967193064419e+01 4.762998951982364559e+01
5.168113076607434664e+01 5.195864554773567079e+01
5.598789166960864350e+01 5.628709688201822559e+01
6.029465258798053640e+01 6.061534594164008638e+01
6.460141350695462847e+01 6.494339741411049260e+01
6.890817444454398810e+01 6.927125510551985599e+01
7.321493540964544877e+01 7.359892205905120477e+01
7.752169637974625971e+01 7.792640208987607764e+01
8.182845723620832246e+01 8.225369883585827324e+01
8.613521822880032630e+01 8.658081467058603664e+01
9.044197990106030716e+01 9.090775332469542036e+01
9.474874089166203817e+01 9.523451779855689381e+01
9.905550189313638043e+01 9.956111108009142185e+01
1.033622629657786547e+02 1.038875365467011136e+02
1.076690240876066724e+02 1.082137964795314957e+02
1.119757857267359782e+02 1.125398944575742064e+02
1.162825468213641500e+02 1.168658321148291321e+02
1.205893079594808626e+02 1.211916123957284981e+02
1.248960691182086293e+02 1.255172381463650311e+02
1.292028303001256120e+02 1.298427117853477739e+02
1.335095919091733663e+02 1.341680356424742797e+02
1.378163531185047930e+02 1.384932127579127723e+02
1.421231148075210342e+02 1.428182447843934142e+02
1.464298770403653975e+02 1.471431342102156918e+02
1.507366383255940150e+02 1.514678839312602463e+02
1.550433996859841272e+02 1.557924948511994216e+02
1.593501605797513321e+02 1.601169696627615053e+02
1.636569218495389748e+02 1.644413106268290221e+02
1.679636831150955629e+02 1.687655209283149702e+02
1.722704444977887874e+02 1.730896012653388709e+02
1.765772058522849477e+02 1.774135532061486060e+02
1.808839672066034439e+02 1.817373789034543847e+02
1.851907285075850496e+02 1.860610794399935060e+02
1.894974898818148290e+02 1.903846581083691376e+02
1.938042509358443510e+02 1.947081158311009688e+02
1.981110123635998548e+02 1.990314548978453786e+02
2.024177751041769397e+02 2.033546768455586857e+02
2.067245366216889124e+02 2.076777842626205484e+02
2.110312980683740989e+02 2.120007766808231509e+02
2.153380595484216826e+02 2.163236569495351205e+02
2.196448204602669705e+02 2.206464267115831319e+02
2.239515831423989880e+02 2.249690884348194686e+02
2.282583446919169035e+02 2.292916408859136368e+02
2.325651060598671620e+02 2.336140880601880667e+02
2.368718676126044613e+02 2.379364292252391522e+02
2.411786291978139332e+02 2.422586669215139352e+02
2.454853907616312370e+02 2.465808026252116179e+02
2.497921523413716329e+02 2.509028377391730089e+02
2.540989131876905844e+02 2.552247735028634565e+02
2.584056746401888631e+02 2.595466127168602384e+02
2.627124373561024413e+02 2.638683534942959454e+02
2.670191982897734988e+02 2.681899987293228946e+02
2.713259599377996096e+02 2.725115510900157005e+02
2.756327216343224791e+02 2.768330088948731600e+02
2.799394833429406049e+02 2.811543744058901098e+02
2.842462450647910828e+02 2.854756495087432313e+02
2.885530067857590666e+02 2.897968368965963464e+02
2.928597685107116604e+02 2.941179340523792689e+02
2.971665301585234715e+02 2.984389435499180649e+02
3.014732919101806488e+02 3.027598662911806287e+02
3.057800539438904934e+02 3.070807052480889183e+02
3.100868157408910974e+02 3.114014594062164178e+02
3.143935766308769644e+02 3.157221304327714506e+02
3.187003384676877431e+02 3.200427204287896075e+02
3.230071004306913665e+02 3.243632270948617133e+02
3.273138622563818672e+02 3.286836539559565153e+02
3.316206241376646631e+02 3.330040023816977168e+02
3.359273859514415221e+02 3.373242707421235878e+02
3.402341478787440110e+02 3.416444625410449589e+02
3.445409096129000659e+02 3.459645775333002575e+02
