0.000000000000000000e+00 0.000000000000000000e+00
4.304948446700588072e+00 4.331204083960574103e+00
8.609896858317846124e+00 8.662105968624302932e+00
1.291484535104520504e+01 1.299271250152635204e+01
1.721979382287530314e+01 1.732302969741356691e+01
2.152474228338412487e+01 2.165306452926736114e+01
2.582969074086740235e+01 2.598282344573846103e+01
3.013463933215915347e+01 3.031231233254930402e+01
3.443958792345868147e+01 3.464153727752631085e+01
3.874453646794859907e+01 3.897050382070403884e+01
4.304948501093180369e+01 4.329921745539687095e+01
4.735443355458455983e+01 4.762768363169685415e+01
5.165938212270632590e+01 5.195590747216412097e+01
5.596433071287233929e+01 5.628389424332826962e+01
6.026927930693050683e+01 6.061164830627591016e+01
6.457422798117211471e+01 6.493917462081968495e+01
6.887917661595217567e+01 6.926647771489919592e+01
7.318412531057012416e+01 7.359356230759063067e+01
7.748907398345443198e+01 7.792043218464522170e+01
8.179402267532691440e+01 8.224709173210086988e+01
8.609897139723605619e+01 8.657354502009312114e+01
9.040392009959134612e+01 9.089979622331011910e+01
9.470886885098946095e+01 9.522584870266757662e+01
9.901381758497322494e+01 9.955170639187639381e+01
1.033187663517571764e+02 1.038773729108906991e+02
1.076237149330463296e+02 1.082028524691853875e+02
1.119286637516586751e+02 1.125281476876245392e+02
1.162336131886123383e+02 1.168532613180700537e+02
1.205385618272913320e+02 1.211781977302438804e+02
1.248435106468356395e+02 1.255029592278042685e+02
1.291484594657815990e+02 1.298275492705604393e+02
1.334534083420135175e+02 1.341519711162691806e+02
1.377583568564437542e+02 1.384762277694856607e+02
1.420633055459804268e+02 1.428003208100405459e+02
1.463682544255215703e+02 1.471242539582883353e+02
1.506732029856626127e+02 1.514480299967650581e+02
1.549781518837439194e+02 1.557716509763043291e+02
1.592831005870730792e+02 1.600951199665816773e+02
1.635880495963505723e+02 1.644184401647860341e+02
1.678929986517811699e+02 1.687416122001730798e+02
1.721979476589884825e+02 1.730646393086271360e+02
1.765028976331343529e+02 1.773875241365296347e+02
1.808078466045904804e+02 1.817102689021582478e+02
1.851127961121521537e+02 1.860328751337287372e+02
1.894177452497562513e+02 1.903553468094022492e+02
1.937226943399028869e+02 1.946776834577769932e+02
1.980276434688942970e+02 1.989998881850766566e+02
2.023325928752760205e+02 2.033219632454804469e+02
2.066375420000036058e+02 2.076439104548293244e+02
2.109424914225064640e+02 2.119657332368209381e+02
2.152474407571274355e+02 2.162874303000696159e+02
2.195523893218302192e+02 2.206090068499020447e+02
2.238573384827446660e+02 2.249304616580284346e+02
2.281622871332173190e+02 2.292517978706002282e+02
2.324672357542761176e+02 2.335730188719061289e+02
2.367721842970923660e+02 2.378941231242365291e+02
2.410771331584058430e+02 2.422151140175149067e+02
2.453820824227589696e+02 2.465359932199223181e+02
2.496870316791454343e+02 2.508567613426245089e+02
2.539919802432678182e+02 2.551774212428788644e+02
2.582969301545513190e+02 2.594979731645843231e+02
2.626018787870576716e+02 2.638184192070102654e+02
2.669068281277901633e+02 2.681387618737521166e+02
2.712117774779241017e+02 2.724590007147562005e+02
2.755167260529704549e+02 2.767791377013902547e+02
2.798216756249590844e+02 2.810991752745011922e+02
2.841266250369957902e+02 2.854191131131291286e+02
2.884315746422137181e+02 2.897389532797695324e+02
2.927365240726355751e+02 2.940586979013261271e+02
2.970414745884381773e+02 2.983783464377867745e+02
3.013464240699854031e+02 3.026979014800548953e+02
3.056513735533512772e+02 3.070173647955979277e+02
3.099563227491037196e+02 3.113367355455187067e+02
3.142612742962958237e+02 3.156560176149005201e+02
3.185662238189790401e+02 3.199752085201915861e+02
3.228711735256092652e+02 3.242943127050846215e+02
3.271761230823847200e+02 3.286133295731992803e+02
3.314810723305794227e+02 3.329322602628215009e+02
3.357860213621467551e+02 3.372511084219781878e+02
3.400909717197637860e+02 3.415698702317561128e+02
3.443959214249697993e+02 3.458885492688195882e+02
