0.000000000000000000e+00 0.000000000000000000e+00
4.516510200224734817e+00 4.535040023746272908e+00
9.033020401373779151e+00 9.069932126870439149e+00
1.354953060185279767e+01 1.360467868328188246e+01
1.806604080343394614e+01 1.813928200794188328e+01
2.258255100419019712e+01 2.267374435423757717e+01
2.709906121080160446e+01 2.720806793565736825e+01
3.161557141230521495e+01 3.174225490239943781e+01
3.613208162858412464e+01 3.627630736375061815e+01
4.064859183067579806e+01 4.081022737828457991e+01
4.516510204878699142e+01 4.534401694519017667e+01
4.968161226518455464e+01 4.987767804142484351e+01
5.419812249324997566e+01 5.441121257451362681e+01
5.871463272334834471e+01 5.894462242928590001e+01
6.323114292441783846e+01 6.347790944473864272e+01
6.774765312820798613e+01 6.801107539985244443e+01
7.226416333959210192e+01 7.254412207469319185e+01
7.678067355687687723e+01 7.707705118802452660e+01
8.129718379253927196e+01 8.160986439266791592e+01
8.581369401718225731e+01 8.614256333622657280e+01
9.033020425232692219e+01 9.067514962663130973e+01
9.484671449426322454e+01 9.520762485010730813e+01
9.936322474377261926e+01 9.973999054901861427e+01
1.038797349938980972e+02 1.042722482378087960e+02
1.083962452302410355e+02 1.088043993969990311e+02
1.129127554400976976e+02 1.133364454671235961e+02
1.174292656486074833e+02 1.178683878977345501e+02
1.219457758658772946e+02 1.224002280326214986e+02
1.264622860899388286e+02 1.269319672615532113e+02
1.309787963258653747e+02 1.314636068974042473e+02
1.354953065804510857e+02 1.359951482802225655e+02
1.400118168349191592e+02 1.405265926674616139e+02
1.445283271075398659e+02 1.450579413595959863e+02
1.490448373602752667e+02 1.495891955352093419e+02
1.535613475735785869e+02 1.541203564800431138e+02
1.580778577882655611e+02 1.586514253092511808e+02
1.625943680050157241e+02 1.631824032000279772e+02
1.671108782644459723e+02 1.677132912894133483e+02
1.716273884875230067e+02 1.722440907613794252e+02
1.761438987702713348e+02 1.767748026660258631e+02
1.806604090063391652e+02 1.813054280642210756e+02
1.851769192437980109e+02 1.858359680625342776e+02
1.896934295415671272e+02 1.903664236812074080e+02
1.942099397568453583e+02 1.948967959257367681e+02
1.987264500222998151e+02 1.994270857588630292e+02
2.032429602350054836e+02 2.039572942563265769e+02
2.077594704746058483e+02 2.084874223546390795e+02
2.122759807028899672e+02 2.130174710154739728e+02
2.167924909644947320e+02 2.175474411108735922e+02
2.213090012465536631e+02 2.220773336350869727e+02
2.258255114649975894e+02 2.266071494406996862e+02
2.303420216872795265e+02 2.311368893916923071e+02
2.348585319930860464e+02 2.356665544255902205e+02
2.393750422851484814e+02 2.401961453060748681e+02
2.438915526052455220e+02 2.447256629814687017e+02
2.484080628166487372e+02 2.492551082297936489e+02
2.529245730582466081e+02 2.537844817742144699e+02
2.574410833255603279e+02 2.583137845290587506e+02
2.619575935328774676e+02 2.628430172275014343e+02
2.664741037759952178e+02 2.673721806252339093e+02
2.709906140050208023e+02 2.719012755551797795e+02
2.755071242629406925e+02 2.764303027088662930e+02
2.800236345779507587e+02 2.809592629208698327e+02
2.845401447905624650e+02 2.854881567780950604e+02
2.890566551240423792e+02 2.900169850776873091e+02
2.935731654027355262e+02 2.945457483828445220e+02
2.980896757274510378e+02 2.990744475012247108e+02
3.026061859375842005e+02 3.036030830799668934e+02
3.071226961823514898e+02 3.081316557486219381e+02
3.116392064010343006e+02 3.126601662728486417e+02
3.161557167722500026e+02 3.171886152031611346e+02
3.206722269829654124e+02 3.217170032394960231e+02
3.251887372078631415e+02 3.262453309429156434e+02
3.297052475338091995e+02 3.307735990477598307e+02
3.342217577980104579e+02 3.353018081254601839e+02
3.387382680646534254e+02 3.398299586107922323e+02
3.432547783065579097e+02 3.443580512186750298e+02
3.477712885852052977e+02 3.488860865641219107e+02
3.522877989841091448e+02 3.534140651758348213e+02
3.568043092203181459e+02 3.579419876432153842e+02
3.613208196008333744e+02 3.624698543821068597e+02
3.658373299867223523e+02 3.669976661613774809e+02
3.703538402590950795e+02 3.715254232504093466e+02
3.748703505414355277e+02 3.760531263092615291e+02
3.793868608059041208e+02 3.805807759381977462e+02
3.839033711077411226e+02 3.851083725627902368e+02
3.884198813224443256e+02 3.896359168578674144e+02
3.929363915381137531e+02 3.941634090558945331e+02
3.974529017494905929e+02 3.986908499105260262e+02
4.019694120956916095e+02 4.032182397135400720e+02
4.064859223574817406e+02 4.077455791198706265e+02
4.110024325793623348e+02 4.122728684214694113e+02
4.155189427977981609e+02 4.168001080854575093e+02
4.200354532330875941e+02 4.213272986974850483e+02
4.245519634494344245e+02 4.258544406768166368e+02
4.290684738780668113e+02 4.303815344910416343e+02
4.335849842659569049e+02 4.349085805676679115e+02
4.381014945307873631e+02 4.394355792106955505e+02
4.426180049329211101e+02 4.439625308608240175e+02
4.471345153824415775e+02 4.484894361786108448e+02
4.516510256436150144e+02 4.530162953643741730e+02
4.561675358516009737e+02 4.575431088254417773e+02
4.606840462750502638e+02 4.620698771941371206e+02
4.652005566852587890e+02 4.665966005054727361e+02
4.697170670777250621e+02 4.711232793330207755e+02
4.742335773855434127e+02 4.756499141744005783e+02
4.787500878299616716e+02 4.801765053623694826e+02
4.832665981123435586e+02 4.847030532697582430e+02
4.877831083848739127e+02 4.892295581804277163e+02
4.922996188324622153e+02 4.937560206266524574e+02
4.968161291288368488e+02 4.982824409535073187e+02
5.013326393891400130e+02 5.028088194468779193e+02
5.058491496318246163e+02 5.073351562798044370e+02
