0.000000000000000000e+00 0.000000000000000000e+00
4.192013336848335214e+00 4.252449925855935398e+00
8.384026854513482618e+00 8.503237753141190680e+00
1.257604049784637823e+01 1.275245261921182305e+01
1.676805384043036184e+01 1.700017638147217980e+01
2.096006763567358533e+01 2.124648520046538991e+01
2.515208098551334714e+01 2.549144938676256800e+01
2.934409481999070834e+01 2.973513408239848133e+01
3.353610861372418128e+01 3.397760031416134296e+01
3.772812199504872410e+01 3.821890419917070147e+01
4.192013535535261326e+01 4.245909832861632083e+01
4.611214909790392369e+01 4.669823162839168873e+01
5.030416252419701095e+01 5.093635073269388158e+01
5.449617639709918393e+01 5.517349793617143661e+01
5.868818976739412108e+01 5.940971435217620922e+01
6.288020313943005135e+01 6.364503699992501140e+01
6.707221662122447015e+01 6.787950194760870204e+01
7.126423061247689361e+01 7.211314287544605861e+01
7.545624429475071793e+01 7.634599182069348444e+01
7.964825770795852122e+01 8.057807772058711748e+01
8.384027188719615253e+01 8.480942929560796983e+01
8.803228563776499982e+01 8.904007328112491848e+01
9.222429901601645952e+01 9.327003455616694794e+01
9.641631237766458185e+01 9.749933756252612227e+01
1.006083257448092070e+02 1.017280051535126404e+02
1.048003391049510640e+02 1.059560578404096702e+02
1.089923524872840801e+02 1.101835170158339849e+02
1.131843658695983663e+02 1.144104015992237038e+02
1.173763794565206382e+02 1.186367300238854625e+02
1.215683930164382218e+02 1.228625202449457845e+02
1.257604063788111262e+02 1.270877889098070312e+02
1.299524197428662546e+02 1.313125525692697977e+02
1.341444331840461643e+02 1.355368251224622895e+02
