1.977260258803167687e+02
1.944885802688945944e+02
1.982254283894659181e+02
2.020650689778239837e+02
2.021435696032020246e+02
2.026677170162386119e+02
2.045622542383866573e+02
2.073036304957098537e+02
2.141327347297102790e+02
2.158963725531483533e+02
2.053006350713002632e+02
2.022129089531700856e+02
1.943083398681291101e+02
1.960121993302719829e+02
1.982347918920347354e+02
1.978709110306994035e+02
2.028439465152124512e+02
1.996696472595743046e+02
2.010765228806505149e+02
1.956564666470331986e+02
1.997214519309859213e+02
2.090197260457089214e+02
2.087422994962622624e+02
2.199636782791098710e+02
2.183312358220527756e+02
2.168258845260102419e+02
2.173871427678490988e+02
2.230082272153939016e+02
2.306904246822471407e+02
2.327818425167243106e+02
2.266054309675688501e+02
2.284916975325129442e+02
2.256375655855854632e+02
2.142903450152670359e+02
2.229327280679430032e+02
2.220970785227279976e+02
2.165074838453281814e+02
2.176455214052390943e+02
2.215803114293818226e+02
2.256295620989097017e+02
2.335120262739975772e+02
2.300383999833589996e+02
2.245126670280797327e+02
2.290166873422358265e+02
2.245761887189645449e+02
2.319126652522723759e+02
2.277090367486500213e+02
2.389792982271026744e+02
2.571958191664506330e+02
2.538322869744639263e+02
2.475170939402047168e+02
