6.999999999999999556e-01
7.199999999999999734e-01
7.199999999999999734e-01
7.299999999999999822e-01
7.500000000000000000e-01
7.399999999999999911e-01
7.399999999999999911e-01
7.199999999999999734e-01
7.199999999999999734e-01
7.299999999999999822e-01
8.000000000000000444e-01
8.299999999999999600e-01
8.699999999999999956e-01
8.900000000000000133e-01
9.200000000000000400e-01
9.100000000000000311e-01
9.399999999999999467e-01
9.699999999999999734e-01
1.000000000000000000e+00
1.030000000000000027e+00
1.040000000000000036e+00
1.020000000000000018e+00
1.040000000000000036e+00
1.020000000000000018e+00
1.030000000000000027e+00
1.040000000000000036e+00
1.070000000000000062e+00
1.070000000000000062e+00
1.080000000000000071e+00
1.100000000000000089e+00
1.149999999999999911e+00
1.169999999999999929e+00
1.189999999999999947e+00
1.229999999999999982e+00
1.229999999999999982e+00
1.229999999999999982e+00
1.239999999999999991e+00
1.270000000000000018e+00
1.290000000000000036e+00
1.300000000000000044e+00
1.300000000000000044e+00
1.330000000000000071e+00
1.340000000000000080e+00
1.330000000000000071e+00
1.379999999999999893e+00
1.389999999999999902e+00
1.409999999999999920e+00
1.399999999999999911e+00
1.370000000000000107e+00
1.399999999999999911e+00
1.439999999999999947e+00
