0.000000000000000000e+00 0.000000000000000000e+00
4.401115826296026157e+00 4.425932061783365512e+00
8.802231666774865460e+00 8.851581456811061344e+00
1.320334751662210593e+01 1.327695517215008536e+01
1.760446339098831103e+01 1.770205874636305765e+01
2.200557928783602790e+01 2.212689793313175102e+01
2.640669519480386640e+01 2.655147931140276540e+01
3.080781112608918448e+01 3.097580787616978171e+01
3.520892729115732322e+01 3.539988931083281898e+01
3.961004326552603061e+01 3.982372899277001466e+01
4.401115925730561429e+01 4.424733179949664930e+01
4.841227526054262853e+01 4.867070301951354594e+01
5.281339129157792911e+01 5.309384740034852257e+01
5.721450733303367997e+01 5.751676931901795342e+01
6.161562340493712497e+01 6.193947329760616327e+01
6.601673948825472849e+01 6.636196391941811612e+01
7.041785559283569285e+01 7.078424529985926483e+01
7.481897168297754774e+01 7.520632171388032816e+01
7.922008781970092173e+01 7.962819726058555148e+01
8.362120397581992393e+01 8.404987551321437422e+01
8.802232014705387542e+01 8.847136275225400937e+01
9.242343633063731545e+01 9.289265735748909947e+01
9.682455254733258698e+01 9.731376661647077242e+01
1.012256687685206487e+02 1.017346932789045013e+02
1.056267850011529674e+02 1.061554397411985917e+02
1.100279012818463542e+02 1.105760101393024968e+02
1.144290176034282780e+02 1.149964071459113342e+02
1.188301339040953053e+02 1.194166350696893772e+02
1.232312502229011955e+02 1.238366953742450960e+02
1.276323665570637331e+02 1.282565928266633932e+02
1.320334824315810920e+02 1.326763292793408766e+02
1.364345988522763378e+02 1.370959062650488818e+02
1.408357152148630007e+02 1.415153275054419737e+02
1.452368316195082230e+02 1.459345967400425081e+02
1.496379480830873945e+02 1.503537150152783681e+02
1.540390639415875853e+02 1.547726861084220218e+02
1.584401804127685125e+02 1.591915115129153264e+02
1.628412969994614627e+02 1.636101932994669141e+02
1.672424135414185002e+02 1.680287341146191125e+02
1.716435300751302861e+02 1.724471370371480816e+02
1.760446466239376377e+02 1.768654031708310299e+02
1.804457634495972798e+02 1.812835351095557712e+02
1.848468800052446852e+02 1.857015351987506619e+02
1.892479966374864659e+02 1.901194052190548973e+02
1.936491142753779400e+02 1.945371473392149824e+02
1.980502309884928138e+02 1.989547643758060644e+02
2.024513475928262096e+02 2.033722567023510805e+02
2.068524642365807154e+02 2.077896270327056243e+02
2.112535809296308571e+02 2.122068788403228723e+02
2.156546976994115710e+02 2.166240108272256748e+02
2.200558145007186681e+02 2.210410263728295774e+02
2.244569311086074208e+02 2.254579271791402562e+02
2.288580479611563590e+02 2.298747134648586723e+02
2.332591648072495332e+02 2.342913886284105160e+02
2.376602823758141199e+02 2.387079538779531163e+02
2.420613987609067976e+02 2.431244100069788203e+02
2.464625151381875412e+02 2.475407589345159636e+02
2.508636319022624548e+02 2.519570046883108603e+02
2.552647477911105796e+02 2.563731443945772526e+02
2.596658654082216344e+02 2.607891823699820293e+02
2.640669825299440276e+02 2.652051192397386785e+02
2.684680988305668734e+02 2.696209576218368511e+02
2.728692158320968133e+02 2.740366953021955396e+02
2.772703316916771996e+02 2.784523375896807238e+02
2.816714492316285714e+02 2.828678837713336520e+02
2.860725662377078038e+02 2.872833361538033614e+02
2.904736832884298678e+02 2.916986943724067487e+02
2.948748004373508707e+02 2.961139616234861478e+02
2.992759176566761425e+02 3.005291379818067412e+02
3.036770360822534371e+02 3.049442241563692164e+02
3.080781531769387698e+02 3.093592224955914389e+02
3.124792695312209503e+02 3.137741308073252640e+02
3.168803874643560334e+02 3.181889543315733704e+02
3.212815046668119408e+02 3.226036918580724659e+02
3.256826218397866342e+02 3.270183477601195250e+02
3.300837387168670602e+02 3.314329186071585696e+02
3.344848579209242416e+02 3.358474084288833410e+02
3.388859751326137939e+02 3.402618173664418464e+02
3.432870942610944667e+02 3.446761469098062207e+02
3.476882115445094996e+02 3.490903974895405781e+02
3.520893274233575312e+02 3.535045671488127255e+02
