0.000000000000000000e+00 0.000000000000000000e+00
4.400573725626538923e+00 4.425932085742099176e+00
8.801147462453057457e+00 8.851567580957585335e+00
1.320172119298126034e+01 1.327691388846733744e+01
1.760229497625154238e+01 1.770197671487579427e+01
2.200286874769159340e+01 2.212676307639431883e+01
2.640344254479441588e+01 2.655127935532369676e+01
3.080401638042837575e+01 3.097553113917390988e+01
3.520459026015139870e+01 3.539952478771304101e+01
3.960516411891170208e+01 3.982326550863638204e+01
4.400573800224508147e+01 4.424675890428622438e+01
4.840631190470946876e+01 4.867001031838231029e+01
5.280688582447059787e+01 5.309302504350814900e+01
5.720746005860246441e+01 5.751580837815131275e+01
6.160803403601206440e+01 6.193836406177132403e+01
6.600860801484262197e+01 6.636069780553535224e+01
7.040918203245911400e+01 7.078281343438007411e+01
7.480975606806885025e+01 7.520471588612474534e+01
7.921033010991592960e+01 7.962640887056440420e+01
8.361090415809491105e+01 8.404789707564901846e+01
8.801147828457095557e+01 8.846918378761203883e+01
9.241205238094535446e+01 9.289027327014511570e+01
9.681262649749143634e+01 9.731116894282314433e+01
1.012132008006148993e+02 1.017318752749001476e+02
1.056137749813328810e+02 1.061523955561754349e+02
1.100143491715298296e+02 1.105727326482408444e+02
1.144149233954527745e+02 1.149928898263568868e+02
1.188154977253329321e+02 1.194128707773103315e+02
1.232160722791261662e+02 1.238326789607686749e+02
1.276166465520681896e+02 1.282523173434320825e+02
1.320172203578149208e+02 1.326717886314109762e+02
1.364177946816457450e+02 1.370910974498199550e+02
1.408183689834813208e+02 1.415102440478379719e+02
1.452189433193899504e+02 1.459292330220838210e+02
1.496195178891956914e+02 1.503480666109932145e+02
1.540200924527691768e+02 1.547667473750101124e+02
1.584206668552938595e+02 1.591852767564955968e+02
1.628212412798947639e+02 1.636036594742954549e+02
1.672218156854629285e+02 1.680218967459005626e+02
1.716223894321269654e+02 1.724399912866913382e+02
1.760229638026964949e+02 1.768579444402570289e+02
1.804235377260466180e+02 1.812757602361700719e+02
1.848241123163828661e+02 1.856934397581189842e+02
1.892246865291486415e+02 1.901109855649075655e+02
1.936252621371479847e+02 1.945283976633409111e+02
1.980258368084831773e+02 1.989456813406138735e+02
2.024264106064076714e+02 2.033628376604620485e+02
2.068269849550526658e+02 2.077798667770682641e+02
2.112275592679949341e+02 2.121967721498344019e+02
2.156281342446345093e+02 2.166135553828858065e+02
2.200287089417525692e+02 2.210302196877411802e+02
2.244292827969854613e+02 2.254467648205056776e+02
2.288298580982406634e+02 2.298631925500320961e+02
2.332304322091607673e+02 2.342795070667961852e+02
2.376310069726300753e+02 2.386957069133898983e+02
2.420315816829161122e+02 2.431117950308294553e+02
2.464321583795612014e+02 2.475277738258900229e+02
2.508327331074427207e+02 2.519436453068489641e+02
2.552333083904055968e+02 2.563594091433171229e+02
2.596338821831975565e+02 2.607750662954379095e+02
2.640344570958620807e+02 2.651906219406724858e+02
2.684350327448304938e+02 2.696060726534650485e+02
2.728356076562934049e+02 2.740214235678798218e+02
2.772361835024153152e+02 2.784366763520422410e+02
2.816367584075757691e+02 2.828518300028669614e+02
2.860373336230121595e+02 2.872668855773405312e+02
2.904379085563788294e+02 2.916818473363861699e+02
2.948384852314175077e+02 2.960967124223609517e+02
2.992390615360880020e+02 3.005114842910935522e+02
3.036396366265098550e+02 3.049261666745959474e+02
3.080402127963075145e+02 3.093407559395012072e+02
3.124407877742727919e+02 3.137552581229873567e+02
3.168413628698568800e+02 3.181696708880575670e+02
3.212419471570776750e+02 3.225839973815561166e+02
3.256425213004616808e+02 3.269982365971649756e+02
3.300430963270254097e+02 3.314123922079493809e+02
3.344436705116925737e+02 3.358264621656467170e+02
3.388442457173543971e+02 3.402404496470333584e+02
3.432448197886010348e+02 3.446543560523575707e+02
3.476453951963997042e+02 3.490681819643264134e+02
3.520459701280606168e+02 3.534819255491855188e+02
