0.000000000000000000e+00 0.000000000000000000e+00 0.000000000000000000e+00 0.000000000000000000e+00 0.000000000000000000e+00 0.000000000000000000e+00 0.000000000000000000e+00 0.000000000000000000e+00
0.000000000000000000e+00 0.000000000000000000e+00 0.000000000000000000e+00 2.202641629539314749e-03 2.492974685243787292e-03 1.115924268811241404e-03 1.680755959254653931e-04 9.947213503780361066e-04
3.588619563521348865e-04 0.000000000000000000e+00 0.000000000000000000e+00 2.202641629539314749e-03 3.086925858119649035e-03 1.630124837745050570e-03 3.356829518095238996e-04 9.947213503780361066e-04
3.588619563521348865e-04 1.193717655390093280e-03 0.000000000000000000e+00 2.202641629539314749e-03 5.253426626530277588e-03 1.697439216535282132e-03 1.281607799149313276e-03 2.016404196976899488e-03
5.885635681230801108e-04 1.193717655390093280e-03 0.000000000000000000e+00 2.320413107739732403e-03 5.602174902752868682e-03 1.776999617434679365e-03 1.482761350710209980e-03 2.035233146911976515e-03
5.885635681230801108e-04 1.318284944073272111e-03 0.000000000000000000e+00 2.356800739002304704e-03 5.735080501583207299e-03 1.776999617434679365e-03 1.482761350710209980e-03 2.035233146911976515e-03
5.891889271452169750e-04 1.318284944073272111e-03 0.000000000000000000e+00 2.356800739002304704e-03 5.735080501583207299e-03 1.776999617434679365e-03 1.482761350710209980e-03 2.035233146911976515e-03
5.891889271452169750e-04 1.496121725155622612e-03 0.000000000000000000e+00 2.356800739002304704e-03 5.773624416736817568e-03 1.776999617434679365e-03 1.517864955775436071e-03 2.035233146911976515e-03
5.891889271452169750e-04 1.496121725155622612e-03 0.000000000000000000e+00 2.356800739002304704e-03 5.795053133591701600e-03 1.794672143182420541e-03 1.721989473587258977e-03 2.127316702338316601e-03
7.559065920077828390e-04 1.496121725155622612e-03 3.258710775835018899e-04 2.356800739002304704e-03 5.795053133591701600e-03 1.794672143182420541e-03 1.845988381923291399e-03 2.127316702338316601e-03
7.958023744976117086e-04 1.611896041157970944e-03 3.258710775835018899e-04 2.356800739002304704e-03 5.795053133591701600e-03 1.794672143182420541e-03 1.845988381923291399e-03 2.470650538801914126e-03
9.138591047887379554e-04 1.611896041157970944e-03 3.258710775835018899e-04 2.356800739002304704e-03 5.795053133591701600e-03 1.794672143182420541e-03 1.882997513391160282e-03 2.470650538801914126e-03
1.028956019462512472e-03 1.810764114958729465e-03 3.258710775835018899e-04 2.356800739002304704e-03 5.795053133591701600e-03 1.794672143182420541e-03 1.920924559927428277e-03 2.470351228556211254e-03
1.067116328811959763e-03 1.810764114958729465e-03 3.258710775835018899e-04 2.473536230832610976e-03 5.795053133591701600e-03 1.794672143182420541e-03 2.122087390802107620e-03 2.470351228556211254e-03
1.067116328811959763e-03 1.928437861437259926e-03 3.258710775835018899e-04 2.671430625171143398e-03 5.830978877465958082e-03 1.794672143182420541e-03 2.122087390802107620e-03 2.470351228556211254e-03
1.267413579358318918e-03 1.928437861437259926e-03 4.472485068907696175e-04 2.710601978392901401e-03 5.830978877465958082e-03 1.794672143182420541e-03 2.122087390802107620e-03 2.470351228556211254e-03
1.267413579358318918e-03 1.928437861437259926e-03 4.472485068907696175e-04 2.710601978392901401e-03 5.830978877465958082e-03 1.794672143182420541e-03 2.243683891791192764e-03 2.470351228556211254e-03
