0.000000000000000000e+00 0.000000000000000000e+00 0.000000000000000000e+00 0.000000000000000000e+00 0.000000000000000000e+00 0.000000000000000000e+00 0.000000000000000000e+00 0.000000000000000000e+00
1.113233280218395294e-03 6.048866336945124544e-04 3.442303318772488296e-04 2.087078798087560472e-04 7.654854503078567518e-04 8.210902704330891311e-05 3.333162432106462347e-04 1.650062748392855383e-04
1.113233280218395294e-03 1.710421316731337849e-02 1.705251466801534221e-02 4.059909091017055438e-04 1.960655969146844757e-02 8.210902704330891311e-05 2.721697039769030435e-03 4.701339128469347265e-04
1.113233280218395294e-03 2.017578886398307958e-02 1.863000915403212332e-02 1.947328235552006626e-03 1.960655969146844757e-02 1.260041381387459747e-04 4.310409888308552873e-03 4.701339128469347265e-04
3.343333898036246477e-03 2.019799198948700469e-02 2.081364943850132210e-02 1.947328235552006626e-03 1.960655969146844757e-02 1.882280944899145103e-04 4.376817027762935908e-03 4.701339128469347265e-04
3.343333898036246477e-03 2.024704391773380491e-02 2.086105602035031453e-02 1.947328235552006626e-03 1.960655969146844757e-02 1.882280944899145103e-04 4.376817027762935908e-03 4.701339128469347265e-04
3.343333898036246477e-03 2.024885131907430691e-02 2.093199365246020682e-02 1.947328235552006626e-03 1.965960339873618068e-02 1.882280944899145103e-04 4.376817027762935908e-03 4.701339128469347265e-04
4.687516651113644850e-03 2.310261582844061468e-02 2.239425690237711181e-02 1.947328235552006626e-03 2.074048980329935149e-02 1.882280944899145103e-04 4.376817027762935908e-03 3.005214164452457704e-03
5.100165391130805081e-03 2.310261582844061468e-02 2.239425690237711181e-02 1.947328235552006626e-03 2.075704306257385862e-02 1.882280944899145103e-04 4.474891059790736536e-03 3.009604205449024905e-03
5.100165391130805081e-03 2.310261582844061468e-02 2.259447663138574453e-02 2.307670728715294217e-03 2.075704306257385862e-02 2.508762378131031145e-04 4.474891059790736536e-03 3.267542786154091494e-03
6.031216956108049337e-03 2.310261582844061468e-02 2.270645962255084596e-02 2.309046064600223103e-03 2.075704306257385862e-02 3.494435448078841988e-04 4.474891059790736536e-03 3.267542786154091494e-03
6.031216956108049337e-03 2.310261582844061468e-02 2.281894014104455387e-02 2.309046064600223103e-03 2.075704306257385862e-02 4.213440329813578078e-04 4.474891059790736536e-03 3.269893604553431032e-03
6.031216956108049337e-03 2.310261582844061468e-02 2.281894014104455387e-02 2.773620657355389818e-03 2.085508947887859676e-02 4.213440329813578078e-04 4.474891059790736536e-03 3.385903246197093097e-03
6.031216956108049337e-03 2.321487702797180377e-02 2.290831742369527080e-02 2.773620657355389818e-03 2.119951126808503408e-02 4.213440329813578078e-04 4.691750202174246702e-03 3.385903246197093097e-03
6.031216956108049337e-03 2.321487702797180377e-02 2.313269623243063497e-02 2.773620657355389818e-03 2.119951126808503408e-02 5.213129978719273534e-04 4.691750202174246702e-03 3.506082689181511114e-03
6.031216956108049337e-03 2.321487702797180377e-02 2.313353569185316871e-02 2.773620657355389818e-03 2.141304202207994223e-02 6.369431446460183111e-04 4.760181816306108260e-03 3.506082689181511114e-03
6.145674721018679065e-03 2.321487702797180377e-02 2.322735293111163543e-02 2.868943959917658049e-03 2.141304202207994223e-02 6.369431446460183111e-04 4.760181816306108260e-03 3.506082689181511114e-03
