0.000000000000000000e+00 0.000000000000000000e+00 0.000000000000000000e+00 0.000000000000000000e+00 0.000000000000000000e+00 0.000000000000000000e+00 0.000000000000000000e+00 0.000000000000000000e+00
1.912369782122169681e-04 3.838538113809519814e-04 2.924944810196450362e-04 4.123697296694039949e-03 8.702960228692546707e-04 3.289650696141066533e-04 2.040873033033463457e-04 1.086506409810894525e-04
4.514727752682468065e-04 5.862016448214407704e-04 2.924944810196450362e-04 4.522508857062651488e-03 8.702960228692546707e-04 5.086304921010122160e-04 2.040873033033463457e-04 3.302035852686124873e-04
4.514727752682468065e-04 6.249146681955169980e-04 2.924944810196450362e-04 4.522508857062651488e-03 8.833686893080830958e-04 5.561050191088545702e-04 2.040873033033463457e-04 3.302035852686124873e-04
4.914193040870054596e-04 8.483948234823887602e-04 2.924944810196450362e-04 4.561226465340559311e-03 8.998546999223477894e-04 5.561050191088545702e-04 2.040873033033463457e-04 5.564526201339743683e-04
6.566677600567810691e-04 8.483948234823887602e-04 4.193222956489633946e-04 4.696216268060063315e-03 1.018042555044812447e-03 5.561050191088545702e-04 2.040873033033463457e-04 5.564526201339743683e-04
6.566677600567810691e-04 9.709759018699977429e-04 5.179260800574070345e-04 4.696216268060063315e-03 1.026906007302801765e-03 5.807323004589186322e-04 2.040873033033463457e-04 8.099071924650598497e-04
6.566677600567810691e-04 9.709759018699977429e-04 6.980319971769261000e-04 4.739501819555277939e-03 1.026906007302801765e-03 5.807323004589186322e-04 2.040873033033463457e-04 8.262387924666825256e-04
6.566677600567810691e-04 9.709759018699977429e-04 6.980319971769261000e-04 4.739501819555277939e-03 1.026906007302801765e-03 5.807323004589186322e-04 2.180232059814102286e-04 8.547471243549441960e-04
7.183504428007470022e-04 9.709759018699977429e-04 6.980319971769261000e-04 4.855052289348016359e-03 1.026906007302801765e-03 6.596435385085169800e-04 2.226525437230009175e-04 8.547471243549441960e-04
7.605542645054093115e-04 9.709759018699977429e-04 6.980319971769261000e-04 4.855052289348016359e-03 1.026906007302801765e-03 7.205493610460550480e-04 2.345154444351876810e-04 8.780583922573803601e-04
7.605542645054093115e-04 9.709759018699977429e-04 6.980319971769261000e-04 4.855052289348016359e-03 1.030535873269400327e-03 7.317464407599061360e-04 2.952534049107669034e-04 8.994091095750889053e-04
7.605542645054093115e-04 9.709759018699977429e-04 6.980319971769261000e-04 4.855052289348016359e-03 1.060107117258013432e-03 7.435649345790551479e-04 3.193380536439335447e-04 9.345916078391525161e-04
7.725755205960638250e-04 9.989594663011303055e-04 7.583163093270255638e-04 5.029241527132429987e-03 1.060107117258013432e-03 7.435649345790551479e-04 3.193380536439335447e-04 9.390179256776320926e-04
8.323805332959328821e-04 9.989594663011303055e-04 7.583163093270255638e-04 5.093852890384249245e-03 1.071718548232070134e-03 7.435649345790551479e-04 3.193380536439335447e-04 9.706649750511002874e-04
8.972555942467878593e-04 1.011114609887897586e-03 7.583163093270255638e-04 5.124932355231794946e-03 1.071718548232070134e-03 7.435649345790551479e-04 3.193380536439335447e-04 9.706649750511002874e-04
9.088246966658706334e-04 1.042406440284082692e-03 8.075082127971506358e-04 5.124932355231794946e-03 1.165655494546058435e-03 7.435649345790551479e-04 3.193380536439335447e-04 9.706649750511002874e-04
