0.000000000000000000e+00 0.000000000000000000e+00 0.000000000000000000e+00 0.000000000000000000e+00 0.000000000000000000e+00 0.000000000000000000e+00 0.000000000000000000e+00 0.000000000000000000e+00
9.566809960670497048e-05 0.000000000000000000e+00 0.000000000000000000e+00 0.000000000000000000e+00 2.379045116361666601e-03 4.801813832822077188e-04 1.869245885179893207e-04 0.000000000000000000e+00
9.566809960670497048e-05 0.000000000000000000e+00 3.285933304540897271e-04 0.000000000000000000e+00 2.379045116361666601e-03 9.312559949861472664e-04 1.869245885179893207e-04 4.608122965574779073e-04
9.566809960670497048e-05 3.535106661361406277e-04 3.285933304540897271e-04 4.568144382210287402e-05 2.379045116361666601e-03 9.434599020503170452e-04 1.869245885179893207e-04 8.350947581219868299e-04
9.878336880631749582e-05 3.535106661361406277e-04 3.285933304540897271e-04 3.736663157067156901e-04 2.379045116361666601e-03 1.057837810270977758e-03 1.869245885179893207e-04 8.350947581219868299e-04
9.878336880631749582e-05 3.535106661361406277e-04 3.797832424941166574e-04 3.736663157067156901e-04 2.450712230357494220e-03 1.057837810270977758e-03 3.210267076859674162e-04 9.208776532138524332e-04
9.878336880631749582e-05 3.535106661361406277e-04 3.797832424941166574e-04 3.736663157067156901e-04 2.460227746720574857e-03 1.057837810270977758e-03 3.210267076859674162e-04 9.208776532138524332e-04
3.010321885611975945e-04 3.535106661361406277e-04 3.797832424941166574e-04 5.412571937477225759e-04 2.460227746720574857e-03 1.057837810270977758e-03 3.625828590306662269e-04 1.163373722537528604e-03
3.010321885611975945e-04 3.535106661361406277e-04 6.596797122639941335e-04 5.412571937477225759e-04 2.460227746720574857e-03 1.057837810270977758e-03 4.446802804192323544e-04 1.237517980976040460e-03
3.847828892420065983e-04 3.535106661361406277e-04 7.446441353515173556e-04 5.412571937477225759e-04 2.460227746720574857e-03 1.152569583823309998e-03 4.446802804192323544e-04 1.237517980976040460e-03
7.047292925310708403e-04 5.546256321053988358e-04 7.446441353515173556e-04 6.682691923272088275e-04 2.460227746720574857e-03 1.152569583823309998e-03 5.610033321166380330e-04 1.237517980976040460e-03
9.083848992474941042e-04 6.384513687274773197e-04 7.446441353515173556e-04 6.785034444263260411e-04 2.460227746720574857e-03 1.152569583823309998e-03 5.610033321166380330e-04 1.237517980976040460e-03
1.109974466154017847e-03 6.384513687274773197e-04 8.352877022232974014e-04 6.886159741057440442e-04 2.460227746720574857e-03 1.152569583823309998e-03 5.610033321166380330e-04 1.237517980976040460e-03
1.109974466154017847e-03 8.410968291592268997e-04 8.352877022232974014e-04 6.886159741057440442e-04 2.552150222515740634e-03 1.162335130910463477e-03 5.610033321166380330e-04 1.237517980976040460e-03
1.203240141218032229e-03 1.043298683915660444e-03 8.352877022232974014e-04 6.886159741057440442e-04 2.563293633386365400e-03 1.162335130910463477e-03 5.610033321166380330e-04 1.237517980976040460e-03
1.203240141218032229e-03 1.043298683915660444e-03 9.280068774458390688e-04 8.894608093092130820e-04 2.563293633386365400e-03 1.174156012162086427e-03 5.610033321166380330e-04 1.237517980976040460e-03
1.203240141218032229e-03 1.140585415525474005e-03 9.280068774458390688e-04 1.090565435877303372e-03 2.563293633386365400e-03 1.174156012162086427e-03 5.714631093240996051e-04 1.237517980976040460e-03
