0.000000000000000000e+00 0.000000000000000000e+00
4.516510200338116121e+00 4.535040023710374513e+00
9.033020400610238809e+00 9.069932126823099239e+00
1.354953060109975560e+01 1.360467868251145873e+01
1.806604080304325421e+01 1.813928200716382122e+01
2.258255100379653868e+01 2.267374435350083317e+01
2.709906120485617720e+01 2.720806793844091587e+01
3.161557140634186425e+01 3.174225490513538617e+01
3.613208162282907665e+01 3.627630737325643651e+01
4.064859182475204591e+01 4.081022738275284212e+01
4.516510202578532329e+01 4.534401694693899287e+01
4.968161224334554049e+01 4.987767804074614730e+01
5.419812247106936809e+01 5.441121257339268169e+01
5.871463268336010799e+01 5.894462242811996333e+01
6.323114288925437165e+01 6.347790943700452004e+01
6.774765312228086600e+01 6.801107539193534990e+01
7.226416334539736397e+01 7.254412205873029507e+01
7.678067355984313735e+01 7.707705115045624211e+01
8.129718379319285759e+01 8.160986436320123971e+01
8.581369401716167999e+01 8.614256330456490218e+01
9.033020423558900802e+01 9.067514958975132799e+01
9.484671447965529012e+01 9.520762480861310451e+01
9.936322470952646313e+01 9.973999053897276212e+01
1.038797349582237928e+02 1.042722482311425409e+02
1.083962451763573114e+02 1.088043993987008093e+02
1.129127553987049737e+02 1.133364454674850919e+02
1.174292656570077611e+02 1.178683878964539389e+02
1.219457758604699649e+02 1.224002280313889628e+02
1.264622860856258626e+02 1.269319672410789366e+02
1.309787963413707246e+02 1.314636068717550472e+02
1.354953065768232818e+02 1.359951482624269090e+02
1.400118168243274681e+02 1.405265926724491123e+02
1.445283270971506795e+02 1.450579413809807647e+02
1.490448373494602947e+02 1.495891955952239982e+02
1.535613475648771669e+02 1.541203565344916910e+02
1.580778577848701048e+02 1.586514253446563600e+02
1.625943680017671795e+02 1.631824032624887195e+02
1.671108782914976132e+02 1.677132913495549360e+02
1.716273885078255148e+02 1.722440907713968841e+02
1.761438987514322321e+02 1.767748026758516744e+02
1.806604090471316226e+02 1.813054281082164607e+02
1.851769192703549436e+02 1.858359680725258158e+02
1.896934294995663208e+02 1.903664236939429202e+02
1.942099397593617596e+02 1.948967959523200761e+02
1.987264499778983122e+02 1.994270858108473590e+02
2.032429602826361190e+02 2.039572942941638303e+02
2.077594704961807679e+02 2.084874224134799761e+02
2.122759807117935225e+02 2.130174710696021236e+02
2.167924909257476997e+02 2.175474411963503485e+02
2.213090011615431649e+02 2.220773337038865520e+02
2.258255114144567983e+02 2.266071495179476187e+02
2.303420217251957354e+02 2.311368894846855824e+02
2.348585319439490604e+02 2.356665545058462499e+02
2.393750422364273049e+02 2.401961453807917337e+02
2.438915525559469870e+02 2.447256629946338933e+02
2.484080627673596382e+02 2.492551082204641091e+02
2.529245729834512133e+02 2.537844817911378072e+02
2.574410832584335367e+02 2.583137845560634105e+02
2.619575934804644248e+02 2.628430172539864316e+02
2.664741037235573344e+02 2.673721806543057369e+02
2.709906139476740918e+02 2.719012755834959307e+02
2.755071242096003061e+02 2.764303028069852530e+02
2.800236344954158767e+02 2.809592629903515331e+02
2.845401447080109847e+02 2.854881568171595063e+02
2.890566550417431699e+02 2.900169850013868427e+02
2.935731653208612215e+02 2.945457483559743537e+02
2.980896756455954346e+02 2.990744474317291974e+02
3.026061858645523444e+02 3.036030830110329362e+02
3.071226961093530008e+02 3.081316557570929717e+02
3.116392063280163711e+02 3.126601663049546005e+02
3.161557165744358144e+02 3.171886152385957871e+02
3.206722268226708366e+02 3.217170032793401333e+02
3.251887370988147268e+02 3.262453311154214930e+02
3.297052473576930538e+02 3.307735992192903041e+02
3.342217576221866011e+02 3.353018081504148995e+02
3.387382678883146809e+02 3.398299586104147920e+02
3.432547781298175096e+02 3.443580512648850345e+02
3.477712884083108520e+02 3.488860865238390829e+02
3.522877987568007256e+02 3.534140650572782079e+02
3.568043090111692663e+02 3.579419873854814114e+02
3.613208193916200344e+02 3.624698541246565355e+02
3.658373297804015465e+02 3.669976659033285955e+02
3.703538400565573738e+02 3.715254230454666526e+02
3.748703503388597369e+02 3.760531261091633155e+02
3.793868606032327193e+02 3.805807757499658237e+02
3.839033709047495222e+02 3.851083724074341035e+02
3.884198811194485188e+02 3.896359167010335796e+02
3.929363913731532989e+02 3.941634089434669477e+02
3.974529016054884210e+02 3.986908497065309120e+02
4.019694119259726222e+02 4.032182394206230924e+02
4.064859221877932214e+02 4.077455786228755983e+02
4.110024325237639573e+02 4.122728678494165706e+02
4.155189428283745201e+02 4.168001075986613841e+02
4.200354530698542703e+02 4.213272983043001432e+02
4.245519633423484720e+02 4.258544402865794609e+02
4.290684735954159805e+02 4.303815341216914589e+02
4.335849838098099553e+02 4.349085801932040454e+02
4.381014940742500130e+02 4.394355787692384752e+02
4.426180044392746709e+02 4.439625304052324282e+02
4.471345146846068133e+02 4.484894357543660135e+02
4.516510249785197857e+02 4.530162949507937924e+02
4.561675352132781427e+02 4.575431084150009156e+02
4.606840454965484355e+02 4.620698766498136365e+02
4.652005557047901902e+02 4.665966001166378874e+02
4.697170661156573033e+02 4.711232789407355881e+02
4.742335765242410162e+02 4.756499137156928327e+02
4.787500869686746796e+02 4.801765049095556037e+02
4.832665972507980428e+02 4.847030528043969753e+02
4.877831075240555947e+02 4.892295576978835356e+02
4.922996179352893478e+02 4.937560201425548030e+02
4.968161282290088252e+02 4.982824404722475720e+02
5.013326384900730091e+02 5.028088188875725564e+02
5.058491488196884802e+02 5.073351557198096771e+02
