0.000000000000000000e+00 0.000000000000000000e+00
4.507514713909412052e+00 4.525493772259707725e+00
9.015029427590341982e+00 9.050840080036898883e+00
1.352254414228283252e+01 1.357604135759127928e+01
1.803005886055315088e+01 1.810109997877650301e+01
2.253757357580253640e+01 2.262601826701903462e+01
2.704508829021673577e+01 2.715079847085856102e+01
3.155260301677891732e+01 3.167544280095500397e+01
3.606011774244333878e+01 3.619995342306999930e+01
4.056763246029377967e+01 4.072433243781188139e+01
4.507514717552524530e+01 4.524858187892862560e+01
4.958266191884632690e+01 4.977270377515472433e+01
5.409017664910066969e+01 5.429670006323113540e+01
5.859769138619692797e+01 5.882057267691541824e+01
6.310520610403710151e+01 6.334432346583162854e+01
6.761272082654423343e+01 6.786795426450477464e+01
7.212023555054065582e+01 7.239146686176439971e+01
7.662775030374172047e+01 7.691486302222642735e+01
8.113526505897895902e+01 8.143814443372156120e+01
8.564277979382197259e+01 8.596131276247430719e+01
9.015029453442039653e+01 9.048436968113027490e+01
9.465780926234015169e+01 9.500731671932635436e+01
9.916532399108461959e+01 9.953015552935237054e+01
1.036728387084321241e+02 1.040528876114655077e+02
1.081803534855866928e+02 1.085755144070574545e+02
1.126878682017263600e+02 1.130980374146998315e+02
1.171953829253823898e+02 1.176204580894491869e+02
1.217028976514095291e+02 1.221427778407562528e+02
1.262104123703401939e+02 1.266649980512288494e+02
1.307179271512564469e+02 1.311871200662953640e+02
1.352254419104961016e+02 1.357091452319688756e+02
1.397329567011323661e+02 1.402310747895907639e+02
1.442404714848185279e+02 1.447529100761180132e+02
1.487479862103606365e+02 1.492746522519810526e+02
1.532555009942134632e+02 1.537963025828201751e+02
1.577630157969641971e+02 1.583178622864710405e+02
1.622705305209385642e+02 1.628393325258660695e+02
1.667780453035023811e+02 1.673607144025456819e+02
1.712855601060276740e+02 1.718820090767308955e+02
1.757930748653596993e+02 1.764032177165986752e+02
1.803005896042153609e+02 1.809243413026036649e+02
1.848081043284142879e+02 1.854453809966375388e+02
1.893156191599372278e+02 1.899663377974603122e+02
1.938231339747457582e+02 1.944872127123601331e+02
1.983306487702731147e+02 1.990080068308754448e+02
2.028381635522915758e+02 2.035287210900612251e+02
2.073456783393993703e+02 2.080493563453682100e+02
2.118531931301895952e+02 2.125699137521488353e+02
2.163607079446246075e+02 2.170903941194759454e+02
2.208682227421582525e+02 2.216107983542420641e+02
2.253757375426717431e+02 2.261311273464844760e+02
2.298832523429851449e+02 2.306513820601408895e+02
2.343907671462541202e+02 2.351715633943432522e+02
2.388982818814976667e+02 2.396916721332013935e+02
2.434057966616128965e+02 2.442117090440268043e+02
2.479133114159748743e+02 2.487316750409566453e+02
2.524208261705744007e+02 2.532515709584975525e+02
2.569283409385684536e+02 2.577713975804362576e+02
2.614358557140849939e+02 2.622911556987833137e+02
2.659433704901417741e+02 2.668108461146973127e+02
2.704508853405409354e+02 2.713304695622296663e+02
2.749584001814899352e+02 2.758500267186930159e+02
2.794659149517165133e+02 2.803695183627207257e+02
2.839734297483545902e+02 2.848889452060957979e+02
2.884809445160274777e+02 2.894083079895602850e+02
2.929884593201222742e+02 2.939276072478455717e+02
2.974959742059220389e+02 2.984468438271989044e+02
3.020034889569405436e+02 3.029660183984368587e+02
3.065110036785933971e+02 3.074851316533235490e+02
3.110185184055624177e+02 3.120041841317098488e+02
3.155260332567950741e+02 3.165231766029302776e+02
3.200335480033290878e+02 3.210421095739519615e+02
3.245410627838075470e+02 3.255609836991607722e+02
3.290485776630707733e+02 3.300797996865206869e+02
3.335560925502553573e+02 3.345985580559690220e+02
3.380636072978080051e+02 3.391172594610362694e+02
3.425711220480333736e+02 3.436359044400030598e+02
3.470786369353525629e+02 3.481544934617669469e+02
3.515861516640295577e+02 3.526730272069739840e+02
3.560936664821817885e+02 3.571915062567819064e+02
3.606011813257509857e+02 3.617099310805639902e+02
3.651086961035695140e+02 3.662283023237328621e+02
3.696162108860879698e+02 3.707466204488941912e+02
3.741237256481197164e+02 3.752648859610507657e+02
3.786312403851485442e+02 3.797830994321135449e+02
3.831387551525043591e+02 3.843012614190397471e+02
3.876462700047781027e+02 3.888193723651970117e+02
3.921537847486089277e+02 3.933374327524933278e+02
3.966612995024467523e+02 3.978554429805218433e+02
4.011688143985168153e+02 4.023734036943377532e+02
4.056763292403405785e+02 4.068913153249357038e+02
4.101838439784473849e+02 4.114091782260878745e+02
4.146913587095672256e+02 4.159269930384517693e+02
4.191988735048053059e+02 4.204447602386284188e+02
4.237063884484150549e+02 4.249624801079688154e+02
4.282139034111060027e+02 4.294801531134336869e+02
4.327214182635800626e+02 4.339977795581646092e+02
4.372289330753493459e+02 4.385153602232133494e+02
4.417364478687267138e+02 4.430328953126958140e+02
4.462439628350589373e+02 4.475503851165378819e+02
4.507514776111352717e+02 4.520678303740039041e+02
4.552589923516649151e+02 4.565852311487952875e+02
4.597665070926365729e+02 4.611025879493274715e+02
4.642740221116625889e+02 4.656199014519304455e+02
4.687815368450416145e+02 4.701371716497383204e+02
4.732890515865165071e+02 4.746543990456314646e+02
4.777965665293926349e+02 4.791715841569392751e+02
4.823040813938650899e+02 4.836887272063166847e+02
4.868115961754750742e+02 4.882058285787641125e+02
4.913191110669063164e+02 4.927228886849402443e+02
4.958266258586896242e+02 4.972399079579435011e+02
5.003341406152790114e+02 5.017568867951650304e+02
5.048416554150719548e+02 5.062738254786501670e+02
