0.000000000000000000e+00 0.000000000000000000e+00
5.426140619428849732e+00 5.446265769584348604e+00
1.085228123891959306e+01 1.089234388574072732e+01
1.627842185847698175e+01 1.633823787266247862e+01
2.170456247864466448e+01 2.178395114865735493e+01
2.713070309840870920e+01 2.722948703532406967e+01
3.255684371837337920e+01 3.267484876715584363e+01
3.798298435174650933e+01 3.812003950137327735e+01
4.340912497243320445e+01 4.356506230668345836e+01
4.883526559254795529e+01 4.900992015031103222e+01
5.426140621317950519e+01 5.445461592902967851e+01
5.968754686551923783e+01 5.989915246949176719e+01
6.511368748652333238e+01 6.534353254035380587e+01
7.053982812840449412e+01 7.078775881793714575e+01
7.596596876053325786e+01 7.623183391640218076e+01
8.139210939237270281e+01 8.167576036873276735e+01
8.681825004819953051e+01 8.711954064444672952e+01
9.224439071515392641e+01 9.256317721338115234e+01
9.767053134416298121e+01 9.800667237807840593e+01
1.030966720032272690e+02 1.034500284988202168e+02
1.085228126434623448e+02 1.088932477549569739e+02
1.139489532843115285e+02 1.143363323832220999e+02
1.193750939140672926e+02 1.197792845474144769e+02
1.248012345565310994e+02 1.252221062988425473e+02
1.302273752400321314e+02 1.306647996854904363e+02
1.356535158826603720e+02 1.361073666574582717e+02
1.410796565177334969e+02 1.415498092074879253e+02
1.465057971647231341e+02 1.469921292320165094e+02
1.519319377961151929e+02 1.524343285869218221e+02
1.573580784620341149e+02 1.578764091426343441e+02
1.627842190869146179e+02 1.633183726229007107e+02
1.682103597113801925e+02 1.687602207682578523e+02
1.736365003410278405e+02 1.742019551820574748e+02
1.790626410038200333e+02 1.796435776368395238e+02
1.844887817230550127e+02 1.850850897382879907e+02
1.899149223796828778e+02 1.905264930360416997e+02
1.953410630834644053e+02 1.959677891526742428e+02
2.007672037340681186e+02 2.014089794998034506e+02
2.061933444253817527e+02 2.068500656437727798e+02
2.116194851723524266e+02 2.122910490535306280e+02
2.170456259065836946e+02 2.177319311604076120e+02
2.224717666324960987e+02 2.231727132933997950e+02
2.278979072853665855e+02 2.286133968689736093e+02
2.333240479094967554e+02 2.340539831837139104e+02
2.387501885531956418e+02 2.394944736713469240e+02
2.441763291740965656e+02 2.449348694470088503e+02
2.496024697993509278e+02 2.503751718614594779e+02
2.550286104754536041e+02 2.558153821375454982e+02
2.604547511021135620e+02 2.612555015031945231e+02
2.658808917357885093e+02 2.666955311639434285e+02
2.713070324282629144e+02 2.721354722831939625e+02
2.767331731686332432e+02 2.775753259599287048e+02
2.821593139445039924e+02 2.830150932581225334e+02
2.875854546284792264e+02 2.884547754816599650e+02
2.930115953825082897e+02 2.938943734718454834e+02
2.984377360421052003e+02 2.993338884651642502e+02
3.038638766873874602e+02 3.047733213320524328e+02
3.092900173238659249e+02 3.102126732012515049e+02
3.147161579594511522e+02 3.156519450215371876e+02
3.201422985947398274e+02 3.210911377740447961e+02
3.255684392596492671e+02 3.265302524412978755e+02
3.309945799361909167e+02 3.319692899445872172e+02
3.364207207040061576e+02 3.374082512234905380e+02
3.418468613829023752e+02 3.428471372764156513e+02
3.472730020227368186e+02 3.482859488448726779e+02
3.526991427147211198e+02 3.537246868938587454e+02
3.581252834046874796e+02 3.591633523742642637e+02
3.635514240413592688e+02 3.646019459505346845e+02
3.689775646770632420e+02 3.700404685193892078e+02
3.744037053866605902e+02 3.754789209818950440e+02
3.798298460667112977e+02 3.809173040714579770e+02
3.852559868626096886e+02 3.863556185399003198e+02
3.906821275926812973e+02 3.917938651765211375e+02
3.961082682278162110e+02 3.972320448257772227e+02
4.015344089417923215e+02 4.026701581950927675e+02
4.069605496208105251e+02 4.081082061348467391e+02
4.123866902703510391e+02 4.135461891276120241e+02
4.178128309703233754e+02 4.189841082118396116e+02
4.232389717797941557e+02 4.244219638119198521e+02
4.286651126437541279e+02 4.298597566965614760e+02
4.340912533798631330e+02 4.352974874396443852e+02
4.395173940942570994e+02 4.407351568034509910e+02
4.449435347799194460e+02 4.461727654404402301e+02
4.503696755443020834e+02 4.516103141033853490e+02
4.557958163878479354e+02 4.570478032871057508e+02
4.612219571896913521e+02 4.624852337672120939e+02
4.666480979462593268e+02 4.679226061461799873e+02
4.720742385849067659e+02 4.733599208025585767e+02
4.775003792357054522e+02 4.787971783942261936e+02
4.829265200361342067e+02 4.842343796442119128e+02
4.883526609321958176e+02 4.896715250473284868e+02
4.937788017831140337e+02 4.951086153517853745e+02
4.992049426020594183e+02 5.005456509055985634e+02
5.046310833037211410e+02 5.059826322944062440e+02
5.100572241766042794e+02 5.114195600826460009e+02
5.154833649091012830e+02 5.168564348327819289e+02
5.209095055833446395e+02 5.222932570714697249e+02
5.263356464578621399e+02 5.277300274508434086e+02
5.317617873732956468e+02 5.331667463111027701e+02
5.371879280812815978e+02 5.386034140765220855e+02
5.426140689586654844e+02 5.440400316066194364e+02
5.480402096650253725e+02 5.494765989186400930e+02
5.534663505408169613e+02 5.549131166692853867e+02
5.588924913789422817e+02 5.603495856395059036e+02
5.643186320787808654e+02 5.657860059964752963e+02
5.697447728923330033e+02 5.712223782690664393e+02
5.751709137510636083e+02 5.766587027912007670e+02
5.805970546649535891e+02 5.820949800493310704e+02
5.860231953495022026e+02 5.875312106835152690e+02
5.914493360719366137e+02 5.929673948143372399e+02
5.968754768510198119e+02 5.984035332093776560e+02
6.023016176758792426e+02 6.038396261633598670e+02
6.077277583843506363e+02 6.092756739076342001e+02
