0.000000000000000000e+00 0.000000000000000000e+00
4.516510200271051545e+00 4.535040023172783208e+00
9.033020400535225036e+00 9.069932126292266972e+00
1.354953060100129569e+01 1.360467868427089755e+01
1.806604080331089435e+01 1.813928200891546538e+01
2.258255100402432447e+01 2.267374435527040077e+01
2.709906120526171946e+01 2.720806793347189867e+01
3.161557140695572343e+01 3.174225490033330743e+01
3.613208162349714314e+01 3.627630736432983127e+01
4.064859183037120971e+01 4.081022738339034817e+01
4.516510205370654774e+01 4.534401695780977803e+01
4.968161226970057953e+01 4.987767805019696965e+01
5.419812249772678570e+01 5.441121258284071871e+01
5.871463270281377334e+01 5.894462243763886988e+01
6.323114290597280984e+01 6.347790945274681462e+01
6.774765311764858211e+01 6.801107540766658133e+01
7.226416334108289163e+01 7.254412207375162325e+01
7.678067354358769592e+01 7.707705115389001094e+01
8.129718374816764026e+01 8.160986435981473619e+01
8.581369397289248013e+01 8.614256329277449709e+01
9.033020421698097380e+01 9.067514957941364173e+01
9.484671445867397210e+01 9.520762481048187453e+01
9.936322467017822646e+01 9.973999049974779041e+01
1.038797348830726293e+02 1.042722481759004580e+02
1.083962451286717226e+02 1.088043993475695572e+02
1.129127553503135601e+02 1.133364454175740548e+02
1.174292655614173384e+02 1.178683878192521206e+02
1.219457758244748362e+02 1.224002279536597939e+02
1.264622860466627117e+02 1.269319671699823289e+02
1.309787962864611472e+02 1.314636068105026538e+02
1.354953065179570331e+02 1.359951481935540869e+02
1.400118167661725579e+02 1.405265925774886000e+02
1.445283270377086069e+02 1.450579412818194953e+02
1.490448372917607003e+02 1.495891954819932437e+02
1.535613475093338138e+02 1.541203563641195728e+02
1.580778577350489513e+02 1.586514251700169780e+02
1.625943680166043066e+02 1.631824030896069928e+02
1.671108782610154151e+02 1.677132912236858147e+02
1.716273885291165016e+02 1.722440906822809268e+02
1.761438987478532567e+02 1.767748025695251499e+02
1.806604090313451820e+02 1.813054279608549848e+02
1.851769193240355094e+02 1.858359679446217001e+02
1.896934295971375946e+02 1.903664235252356889e+02
1.942099398124353229e+02 1.948967957468594250e+02
1.987264500455416965e+02 1.994270856052354475e+02
2.032429602703229534e+02 2.039572940918960740e+02
2.077594705686865382e+02 2.084874221870204849e+02
2.122759807809775907e+02 2.130174708137303980e+02
2.167924910918848127e+02 2.175474408901365848e+02
2.213090013256664292e+02 2.220773334007376150e+02
2.258255116411168046e+02 2.266071492105104994e+02
2.303420218783331848e+02 2.311368891871150026e+02
2.348585321055835493e+02 2.356665542189915641e+02
2.393750423950341997e+02 2.401961451140271606e+02
2.438915526125773567e+02 2.447256627459425999e+02
2.484080628867972109e+02 2.492551079862940355e+02
2.529245731583754093e+02 2.537844815898974389e+02
2.574410834613368024e+02 2.583137843641901554e+02
2.619575936845236583e+02 2.628430170635115815e+02
2.664741039276509582e+02 2.673721804765899037e+02
2.709906142233517130e+02 2.719012754072117559e+02
2.755071245471759767e+02 2.764303025266685836e+02
2.800236347559578007e+02 2.809592627159335052e+02
2.845401449912744738e+02 2.854881565693257244e+02
2.890566553067224618e+02 2.900169847563326471e+02
2.935731656329373891e+02 2.945457480523290315e+02
2.980896759575731494e+02 2.990744471741975303e+02
3.026061861765398362e+02 3.036030827546122168e+02
3.071226964179990659e+02 3.081316554367537606e+02
3.116392066649711978e+02 3.126601659156185633e+02
3.161557168871639760e+02 3.171886149454928727e+02
3.206722271503684851e+02 3.217170030472266262e+02
3.251887373752267081e+02 3.262453307842328059e+02
3.297052476341124247e+02 3.307735989494045725e+02
3.342217578980612416e+02 3.353018079685483031e+02
3.387382681642177431e+02 3.398299584499043249e+02
3.432547784060234335e+02 3.443580510313954619e+02
3.477712886842215880e+02 3.488860863075343559e+02
3.522877988988150832e+02 3.534140649065754474e+02
3.568043091969575471e+02 3.579419873757127561e+02
3.613208195754718304e+02 3.624698541324310099e+02
3.658373299670458891e+02 3.669976659131857559e+02
3.703538402399170764e+02 3.715254230362471617e+02
3.748703505224721084e+02 3.760531261217845440e+02
3.793868607868832896e+02 3.805807757329621381e+02
3.839033710879754153e+02 3.851083725053076137e+02
3.884198813026505377e+02 3.896359168005560605e+02
3.929363915189416048e+02 3.941634090222910345e+02
3.974529019342153333e+02 3.986908498877453439e+02
4.019694122547728057e+02 4.032182396751700253e+02
4.064859225165994303e+02 4.077455790606754817e+02
4.110024327384214757e+02 4.122728682871613728e+02
4.155189429568410446e+02 4.168001079431077187e+02
4.200354532500184632e+02 4.213272984893008015e+02
4.245519635339550177e+02 4.258544404284073721e+02
4.290684738791932205e+02 4.303815341095443046e+02
4.335849841970124317e+02 4.349085801840374188e+02
4.381014944616426874e+02 4.394355787661169188e+02
4.426180048639909046e+02 4.439625303788386645e+02
4.471345150864510742e+02 4.484894357017855100e+02
4.516510253633565526e+02 4.530162948830321739e+02
4.561675355760812067e+02 4.575431083598037958e+02
4.606840459934572891e+02 4.620698765943730564e+02
4.652005561981731034e+02 4.665966000016127282e+02
4.697170664772647228e+02 4.711232788282549109e+02
4.742335767633709338e+02 4.756499137179062018e+02
4.787500872077005738e+02 4.801765049078002221e+02
4.832665975369850457e+02 4.847030528137362353e+02
4.877831078102249194e+02 4.892295577488438312e+02
4.922996180244086872e+02 4.937560201944725691e+02
4.968161282500450397e+02 4.982824405234377423e+02
5.013326385733231518e+02 5.028088190278642742e+02
5.058491489387026263e+02 5.073351558601361830e+02
