0.000000000000000000e+00 0.000000000000000000e+00
4.516510200047863854e+00 4.535040023227435491e+00
9.033020400305641573e+00 9.069932126349707247e+00
1.354953060079374616e+01 1.360467868202461972e+01
1.806604080303973348e+01 1.813928200668707191e+01
2.258255100378628555e+01 2.267374435301047697e+01
2.709906120516671280e+01 2.720806793080160091e+01
3.161557140706575098e+01 3.174225489756605256e+01
3.613208162352422903e+01 3.627630736218732466e+01
4.064859182608033450e+01 4.081022737688216750e+01
4.516510202767273086e+01 4.534401695701738078e+01
4.968161225234943146e+01 4.987767804850960829e+01
5.419812247332989585e+01 5.441121258145659567e+01
5.871463268011231662e+01 5.894462243603001639e+01
6.323114288215600709e+01 6.347790945096021176e+01
6.774765308890262361e+01 6.801107540572547805e+01
7.226416330092463625e+01 7.254412207220492803e+01
7.678067350436717220e+01 7.707705115846505350e+01
8.129718371711729219e+01 8.160986434014159840e+01
8.581369394197598410e+01 8.614256329072144069e+01
9.033020415229179889e+01 9.067514958261240565e+01
9.484671438423686141e+01 9.520762480990852339e+01
9.936322460031757942e+01 9.973999050002984745e+01
1.038797348240856451e+02 1.042722481881338155e+02
1.083962450460136751e+02 1.088043993571854458e+02
1.129127552892512085e+02 1.133364454272725084e+02
1.174292655425961414e+02 1.178683878357023218e+02
1.219457757559648030e+02 1.224002279700478937e+02
1.264622859814164144e+02 1.269319672238341639e+02
1.309787962196742228e+02 1.314636068680452468e+02
1.354953064220764531e+02 1.359951482502970066e+02
1.400118166485793552e+02 1.405265926289615095e+02
1.445283268571674284e+02 1.450579413060751506e+02
1.490448371109123400e+02 1.495891954805885575e+02
1.535613473285020802e+02 1.541203564024671095e+02
1.580778576049992807e+02 1.586514252357313808e+02
1.625943678218537514e+02 1.631824031259629351e+02
1.671108780728465035e+02 1.677132912494067796e+02
1.716273882870053171e+02 1.722440907110809576e+02
1.761438985226253635e+02 1.767748025766450155e+02
1.806604087283292301e+02 1.813054279656357721e+02
1.851769189449284454e+02 1.858359679402861957e+02
1.896934291606403349e+02 1.903664235344010649e+02
1.942099394531982171e+02 1.948967957873763055e+02
1.987264496674531244e+02 1.994270856644420178e+02
2.032429598879810442e+02 2.039572941847393110e+02
2.077594701218325213e+02 2.084874222570497295e+02
2.122759803485125758e+02 2.130174709064816625e+02
2.167924906116450643e+02 2.175474410058939725e+02
2.213090008293723372e+02 2.220773334751473840e+02
2.258255111335256515e+02 2.266071492804159107e+02
2.303420213817672106e+02 2.311368892213419031e+02
2.348585317043809084e+02 2.356665542309400223e+02
2.393750419936575895e+02 2.401961450960619686e+02
2.438915523114028190e+02 2.447256627093224779e+02
2.484080625228090184e+02 2.492551079013875892e+02
2.529245727389289868e+02 2.537844815298379046e+02
2.574410830113678799e+02 2.583137843224741346e+02
2.619575933494379001e+02 2.628430170220240143e+02
2.664741035876162414e+02 2.673721804299347582e+02
2.709906138392389039e+02 2.719012753595221739e+02
2.755071240626796794e+02 2.764303024685312948e+02
2.800236342838378505e+02 2.809592625655047868e+02
2.845401446338861433e+02 2.854881563606015220e+02
2.890566549673803820e+02 2.900169845468730045e+02
2.935731652447784086e+02 2.945457478565561473e+02
2.980896755693796081e+02 2.990744469621398594e+02
3.026061859147339419e+02 3.036030825435240104e+02
3.071226961595259581e+02 3.081316552449503092e+02
3.116392064200839513e+02 3.126601657800129033e+02
3.161557166329793063e+02 3.171886148359061508e+02
3.206722268814411336e+02 3.217170028599983880e+02
3.251887371062877605e+02 3.262453305906080914e+02
3.297052473651998525e+02 3.307735986967882127e+02
3.342217576293764978e+02 3.353018076943600363e+02
3.387382678954020321e+02 3.398299581532224352e+02
3.432547781367453581e+02 3.443580507494541507e+02
3.477712884154701669e+02 3.488860860714995624e+02
3.522877986300711655e+02 3.534140646535170731e+02
3.568043089069085454e+02 3.579419871185481270e+02
3.613208192874114957e+02 3.624698538586985705e+02
3.658373296794093221e+02 3.669976655149093858e+02
3.703538398792214821e+02 3.715254227368394595e+02
3.748703502169844342e+02 3.760531257957963476e+02
3.793868604814747414e+02 3.805807753951058885e+02
3.839033707837870679e+02 3.851083720753625812e+02
3.884198810012712784e+02 3.896359163709395261e+02
3.929363912155445746e+02 3.941634085657790365e+02
3.974529014242957601e+02 3.986908493228364705e+02
4.019694117455405831e+02 4.032182391062423221e+02
4.064859220073635697e+02 4.077455785221881115e+02
4.110024322388363771e+02 4.122728677467501939e+02
4.155189426024165300e+02 4.168001074149651117e+02
4.200354530302682292e+02 4.213272979595093375e+02
4.245519632775869923e+02 4.258544399446856801e+02
4.290684735383211432e+02 4.303815336233324729e+02
4.335849837542685350e+02 4.349085795980855096e+02
4.381014940192640097e+02 4.394355781756494252e+02
4.426180044214544296e+02 4.439625298022180573e+02
4.471345148632329938e+02 4.484894351230246912e+02
4.516510251499000219e+02 4.530162943657344385e+02
4.561675354244565028e+02 4.575431078171066588e+02
4.606840457692874224e+02 4.620698760554886348e+02
4.652005559892338624e+02 4.665965994843670046e+02
4.697170662283416505e+02 4.711232783328887876e+02
4.742335765148325208e+02 4.756499132294632091e+02
4.787500869593328616e+02 4.801765044083795146e+02
4.832665972338735401e+02 4.847030523479062367e+02
4.877831075069850613e+02 4.892295572199717526e+02
4.922996178176520061e+02 4.937560196666992169e+02
4.968161281870441144e+02 4.982824400160527603e+02
5.013326384465144088e+02 5.028088183866228178e+02
5.058491486752516266e+02 5.073351552107583302e+02
