0.000000000000000000e+00 0.000000000000000000e+00
4.507514713598235190e+00 4.525493772866126641e+00
9.015029427295186082e+00 9.050840082236348394e+00
1.352254414386575476e+01 1.357604136017371843e+01
1.803005886217449572e+01 1.810109998191413894e+01
2.253757357988232357e+01 2.262601826905260438e+01
2.704508830882289772e+01 2.715079847290983039e+01
3.155260302291227958e+01 3.167544281881620805e+01
3.606011774055973262e+01 3.619995343454538528e+01
4.056763245529133854e+01 4.072433244385248940e+01
4.507514716920958620e+01 4.524858187705715551e+01
4.958266188343714020e+01 4.977270376686151110e+01
5.409017662859614006e+01 5.429670003790280930e+01
5.859769137629174907e+01 5.882057264872960900e+01
6.310520609173198636e+01 6.334432343788681408e+01
6.761272082264488859e+01 6.786795423340991817e+01
7.212023556068049857e+01 7.239146683377803981e+01
7.662775029502142843e+01 7.691486298781252628e+01
8.113526505929982591e+01 8.143814441725270115e+01
8.564277977501976125e+01 8.596131272942450607e+01
9.015029450390221655e+01 9.048436964672698934e+01
9.465780923804952351e+01 9.500731669569726989e+01
9.916532396965317275e+01 9.953015546550849990e+01
1.036728386931874155e+02 1.040528874932674626e+02
1.081803534731305376e+02 1.085755142791022507e+02
1.126878682038285433e+02 1.130980372978566493e+02
1.171953829281943484e+02 1.176204579740680458e+02
1.217028976586509259e+02 1.221427777203881533e+02
1.262104124117194601e+02 1.266649979342842585e+02
1.307179271384493973e+02 1.311871199656851559e+02
1.352254418811414212e+02 1.357091451111065510e+02
1.397329566718888429e+02 1.402310746489211510e+02
1.442404714563967332e+02 1.447529099022002015e+02
1.487479862550425196e+02 1.492746521251940521e+02
1.532555010652474721e+02 1.537963025171467848e+02
1.577630158032401653e+02 1.583178622672340907e+02
1.622705305240655491e+02 1.628393325233440123e+02
1.667780453283663462e+02 1.673607144167543197e+02
1.712855600610922124e+02 1.718820091467431439e+02
1.757930747876551152e+02 1.764032178180944754e+02
1.803005895087388240e+02 1.809243414092870239e+02
1.848081042631566788e+02 1.854453810808509218e+02
1.893156190049475356e+02 1.899663379194970787e+02
1.938231338166610840e+02 1.944872128435160334e+02
1.983306485402331987e+02 1.990080068610825208e+02
2.028381633232288550e+02 2.035287210050734359e+02
2.073456781080087410e+02 2.080493563432853534e+02
2.118531928984438366e+02 2.125699136542126553e+02
2.163607076912837215e+02 2.170903939564520329e+02
2.208682224908501155e+02 2.216107982232462064e+02
2.253757372915623591e+02 2.261311272528626546e+02
2.298832520961693149e+02 2.306513819671010879e+02
2.343907668946903868e+02 2.351715633393214375e+02
2.388982817166575501e+02 2.396916721013605525e+02
2.434057964981433315e+02 2.442117090953187812e+02
2.479133112642954870e+02 2.487316751105813069e+02
2.524208260355400739e+02 2.532515710547160950e+02
2.569283408140355505e+02 2.577713977629514375e+02
2.614358555910635005e+02 2.622911558879495146e+02
2.659433703514047806e+02 2.668108462047385387e+02
2.704508851832416099e+02 2.713304696633516642e+02
2.749583999471407196e+02 2.758500267847435907e+02
2.794659147251081777e+02 2.803695184374451514e+02
2.839734294583860787e+02 2.848889452332550718e+02
2.884809442182661314e+02 2.894083078726299618e+02
2.929884590847675554e+02 2.939276071309122358e+02
2.974959739709185556e+02 2.984468437080108743e+02
3.020034888579955350e+02 3.029660182245759188e+02
3.065110035830518314e+02 3.074851313603722929e+02
3.110185183159160829e+02 3.120041838396705316e+02
3.155260331586160873e+02 3.165231761904257155e+02
3.200335480079151012e+02 3.210421091784826331e+02
3.245410629123365425e+02 3.255609833059648395e+02
3.290485778218946962e+02 3.300797992659139481e+02
3.335560925379396053e+02 3.345985576516814604e+02
3.380636073034764877e+02 3.391172590549089136e+02
3.425711220782292799e+02 3.436359040312690354e+02
3.470786369861829712e+02 3.481544930862856972e+02
3.515861519155731685e+02 3.526730268251887992e+02
3.560936666600066474e+02 3.571915058345666694e+02
3.606011814768868362e+02 3.617099307189341175e+02
3.651086963175445135e+02 3.662283019630888816e+02
3.696162110525749540e+02 3.707466200919657240e+02
3.741237260047500968e+02 3.752648856066156213e+02
3.786312407395381570e+02 3.797830990812764753e+02
3.831387555066837649e+02 3.843012609867417950e+02
3.876462703715258158e+02 3.888193720020022965e+02
3.921537850963400160e+02 3.933374323951558154e+02
3.966612999296493740e+02 3.978554426406760172e+02
4.011688148256042723e+02 4.023734033912217001e+02
4.056763295662536848e+02 4.068913150072095277e+02
4.101838443144924895e+02 4.114091778965495223e+02
4.146913590944143380e+02 4.159269927129960251e+02
4.191988738246320736e+02 4.204447599180457473e+02
4.237063887679232153e+02 4.249624797904030515e+02
4.282139037284692904e+02 4.294801526972674992e+02
4.327214185816787904e+02 4.339977792075644061e+02
4.372289333991346894e+02 4.385153598973199678e+02
4.417364481926542794e+02 4.430328949801829594e+02
4.462439630048473873e+02 4.475503849399909768e+02
4.507514777495434828e+02 4.520678302133285342e+02
4.552589925165111708e+02 4.565852309745805542e+02
4.597665074874469155e+02 4.611025877964082156e+02
4.642740225071664781e+02 4.656199013197823433e+02
4.687815375175160852e+02 4.701371715624740091e+02
4.732890522443673262e+02 4.746543990438083256e+02
4.777965671614547318e+02 4.791715842887419967e+02
4.823040820260602004e+02 4.836887274695354222e+02
4.868115968441118753e+02 4.882058288989916264e+02
4.913191116622307391e+02 4.927228890099656837e+02
4.958266266278858438e+02 4.972399082553096150e+02
5.003341413508710502e+02 5.017568870967444354e+02
5.048416561615952673e+02 5.062738257761893692e+02
