0.000000000000000000e+00 0.000000000000000000e+00
5.426140619427833656e+00 5.446265768563552712e+00
1.085228123915966236e+01 1.089234388560227984e+01
1.627842186062585483e+01 1.633823786680273926e+01
2.170456248311366210e+01 2.178395114101098073e+01
2.713070310281793240e+01 2.722948702646320740e+01
3.255684372388842007e+01 3.267484875834227864e+01
3.798298435704659681e+01 3.812003949564773109e+01
4.340912497801485870e+01 4.356506229763783722e+01
4.883526562301517515e+01 4.900992014502536165e+01
5.426140625806119999e+01 5.445461592434024567e+01
5.968754691061762685e+01 5.989915247346570482e+01
6.511368756361582655e+01 6.534353253992190957e+01
7.053982818914710151e+01 7.078775882541077635e+01
7.596596882759078539e+01 7.623183393098761940e+01
8.139210946107601785e+01 8.167576036231548642e+01
8.681825008400139154e+01 8.711954066580983636e+01
9.224439071853204553e+01 9.256317722867552789e+01
9.767053135282473875e+01 9.800667239540280207e+01
1.030966720119865130e+02 1.034500285153909260e+02
1.085228126551714354e+02 1.088932478086592539e+02
1.139489533007849076e+02 1.143363324517139006e+02
1.193750939380326770e+02 1.197792845718121555e+02
1.248012345931699940e+02 1.252221063239942396e+02
1.302273752779715323e+02 1.306647996999481620e+02
1.356535159031803630e+02 1.361073667031647574e+02
1.410796565450573610e+02 1.415498092470840561e+02
1.465057972261572559e+02 1.469921292688781023e+02
1.519319378964536327e+02 1.524343286767636414e+02
1.573580785963984852e+02 1.578764092155754497e+02
1.627842192633261504e+02 1.633183726772084015e+02
1.682103599088522401e+02 1.687602207744211000e+02
1.736365006068341756e+02 1.742019552391276420e+02
1.790626413309286136e+02 1.796435777567017453e+02
1.844887819854612303e+02 1.850850898471260280e+02
1.899149226973155464e+02 1.905264931498716976e+02
1.953410633902476832e+02 1.959677892171364419e+02
2.007672040252520844e+02 2.014089795695218186e+02
2.061933447603247487e+02 2.068500658072329657e+02
2.116194854644859618e+02 2.122910492599274335e+02
2.170456262082507521e+02 2.177319313402488206e+02
2.224717668348275197e+02 2.231727134726427835e+02
2.278979074871268438e+02 2.286133970283626127e+02
2.333240482216018847e+02 2.340539833595297523e+02
2.387501888444042493e+02 2.394944738038435048e+02
2.441763296037382247e+02 2.449348696912505829e+02
2.496024702571398279e+02 2.503751720976542572e+02
2.550286108896777932e+02 2.558153823804843796e+02
2.604547515319989657e+02 2.612555018453135176e+02
2.658808921608357991e+02 2.666955315654918763e+02
2.713070328826567561e+02 2.721354727342472870e+02
2.767331735280346834e+02 2.775753264988359206e+02
2.821593142527923987e+02 2.830150938396054130e+02
2.875854549975369991e+02 2.884547760420883833e+02
2.930115957406424059e+02 2.938943740565296139e+02
2.984377364188949855e+02 2.993338890484334343e+02
3.038638771115570307e+02 3.047733219112882352e+02
3.092900178482390174e+02 3.102126737813682666e+02
3.147161585196159876e+02 3.156519456012911178e+02
3.201422991542073646e+02 3.210911383461111654e+02
3.255684398118258969e+02 3.265302530318411982e+02
3.309945804920420755e+02 3.319692905376357430e+02
3.364207213063255040e+02 3.374082518668938064e+02
3.418468619399112640e+02 3.428471378392083579e+02
3.472730027405311830e+02 3.482859494072815778e+02
3.526991435092900247e+02 3.537246874764749691e+02
3.581252841653212045e+02 3.591633529579261221e+02
3.635514248236137291e+02 3.646019465112461830e+02
3.689775655253596938e+02 3.700404690898666331e+02
3.744037063257827072e+02 3.754789215556878617e+02
3.798298470554764208e+02 3.809173045996366227e+02
3.852559877563192572e+02 3.863556190417611447e+02
3.906821285976914169e+02 3.917938656805961841e+02
3.961082694447210315e+02 3.972320453417113981e+02
4.015344102158701389e+02 4.026701586881943058e+02
4.069605508637024514e+02 4.081082066335753780e+02
4.123866916007614236e+02 4.135461896847350545e+02
4.178128322638926875e+02 4.189841086836709110e+02
4.232389730685457039e+02 4.244219642756752364e+02
4.286651138517009940e+02 4.298597571183819355e+02
4.340912544983524981e+02 4.352974878644835712e+02
4.395173951724070776e+02 4.407351573933205486e+02
4.449435358132461715e+02 4.461727661059935599e+02
4.503696765776342090e+02 4.516103148402750662e+02
4.557958172407272741e+02 4.570478040948993339e+02
4.612219580732995610e+02 4.624852345416670687e+02
4.666480987316633673e+02 4.679226066737721794e+02
4.720742394663773212e+02 4.733599213902281804e+02
4.775003801259528018e+02 4.787971791143619384e+02
4.829265209861972608e+02 4.842343804082200904e+02
4.883526617469947269e+02 4.896715259270200704e+02
4.937788025234431757e+02 4.951086161479545353e+02
4.992049433740326094e+02 5.005456516985311737e+02
5.046310841360278800e+02 5.059826330647534292e+02
5.100572248745755815e+02 5.114195610848811384e+02
5.154833655150466711e+02 5.168564360083114479e+02
5.209095061472844463e+02 5.222932582444279888e+02
5.263356468598623223e+02 5.277300286466000898e+02
5.317617874914794811e+02 5.331667474568413354e+02
5.371879283915980068e+02 5.386034151552914864e+02
5.426140692590463459e+02 5.440400326356647156e+02
5.480402100021051410e+02 5.494765998980616359e+02
5.534663506822090540e+02 5.549131176496093758e+02
5.588924913138699822e+02 5.603495863796243839e+02
5.643186320333826416e+02 5.657860067200724643e+02
5.697447728451650164e+02 5.712223789947548767e+02
5.751709136704486127e+02 5.766587036527728287e+02
5.805970546202299829e+02 5.820949808625442756e+02
5.860231953013881139e+02 5.875312112358435570e+02
5.914493361410934540e+02 5.929673954161681877e+02
5.968754771065680416e+02 5.984035336217702934e+02
6.023016179312207896e+02 6.038396265916544507e+02
6.077277586497559696e+02 6.092756744065652583e+02
