6.111659492094906909e+02
7.062138258261585406e+02
6.025835286907694126e+02
6.408091856988630752e+02
5.877300016538057434e+02
5.548368150462579251e+02
5.772899037096434540e+02
5.498333467790863551e+02
5.619280298168733907e+02
6.521755880315968170e+02
5.719715650533714779e+02
5.805883298569725639e+02
6.041878632595119143e+02
6.650948772071927806e+02
6.699101087181823004e+02
5.748551433845141219e+02
5.523342143791588796e+02
5.036470373215744871e+02
6.286105662548798136e+02
5.484465629235957067e+02
6.159429551169672550e+02
6.463340658679496755e+02
5.612628772826170689e+02
5.589075015186155042e+02
6.062201505740422363e+02
5.889432261930350023e+02
6.352557579643696499e+02
4.990511850003233008e+02
6.609628277562711673e+02
5.898612703873245664e+02
5.438005033554786678e+02
5.972116617487888561e+02
5.932708150467221913e+02
5.678576867545911000e+02
5.680600637722754982e+02
5.282634417885058156e+02
7.094004267998574278e+02
6.640399532918552268e+02
5.635240282788233799e+02
6.346949020918427777e+02
5.213776222216208680e+02
4.421433077762752646e+02
5.849654376608693838e+02
5.412432374430209165e+02
6.055787105441760332e+02
5.447198592031721773e+02
6.837983897584235820e+02
6.176155604918919835e+02
5.211680137976725291e+02
5.931559882904480219e+02
6.206506099616003667e+02
5.916675057894256042e+02
4.685700532887793770e+02
5.509008873403055304e+02
5.263659678891356180e+02
5.828599980462383883e+02
6.086444475538748975e+02
6.558526646184211586e+02
5.712981244028146648e+02
5.863360349510713831e+02
5.838974206386535570e+02
5.434417876815141426e+02
5.778217448973681485e+02
6.186558298740026203e+02
5.798460559997332666e+02
5.429868744152734052e+02
6.197121683661431462e+02
6.200296907529768760e+02
6.109019992609493102e+02
5.278418346960615963e+02
5.554388189112978580e+02
6.450218018029955829e+02
6.352099553343313119e+02
6.099175407564416673e+02
4.842926367597007129e+02
6.457667484573433967e+02
6.053610511447660656e+02
6.647084419540849467e+02
6.339185168144674662e+02
4.685947388992938158e+02
5.518260428268534952e+02
5.830410918398915783e+02
5.986164344462144982e+02
5.751137067199007333e+02
6.363301704678797250e+02
7.119219740454990415e+02
6.012100780594269054e+02
5.866536311764726861e+02
5.195806220706109571e+02
5.244366488925618341e+02
5.662184031871577190e+02
5.918164259389674271e+02
6.013770019924777444e+02
5.461441573548493125e+02
5.825641235636461488e+02
4.396920933164163898e+02
5.491627128003231064e+02
6.069129540890420458e+02
5.852372982198897944e+02
5.671811309341995866e+02
