0.000000000000000000e+00 0.000000000000000000e+00 0.000000000000000000e+00 0.000000000000000000e+00 0.000000000000000000e+00 0.000000000000000000e+00 0.000000000000000000e+00 0.000000000000000000e+00 0.000000000000000000e+00 0.000000000000000000e+00 0.000000000000000000e+00 0.000000000000000000e+00 0.000000000000000000e+00 0.000000000000000000e+00 0.000000000000000000e+00 0.000000000000000000e+00 0.000000000000000000e+00
4.021412777565034485e-02 4.718730132259496557e+00 5.384648488244200948e+00 5.384802231058902322e+00 5.385049495992356938e+00 5.384549678738535405e+00 5.384563314762967678e+00 5.384924542098378453e+00 5.384943855887442510e+00 5.384903686054423488e+00 5.384782878000873296e+00 5.384697229863729895e+00 5.384694009076054222e+00 5.384741659787968260e+00 5.384637080507547857e+00 5.384690389620031326e+00 5.384991621592758015e+00
9.191479344327899148e-02 7.635765399405048726e+00 9.945532743863946479e+00 1.064695295352606585e+01 1.076796368002041859e+01 1.076771557345135122e+01 1.076810890166868262e+01 1.076783428090841710e+01 1.076801875259708297e+01 1.076817250454369557e+01 1.076798347718366244e+01 1.076795823124485807e+01 1.076743568859239630e+01 1.076796425216531361e+01 1.076766903676707798e+01 1.076799298821831208e+01 1.076800449260219672e+01
9.254779939870191874e-02 9.715782121794571680e+00 1.374279932325397446e+01 1.535104334078702948e+01 1.596026725611531205e+01 1.612547544538999489e+01 1.614894089821832779e+01 1.614913645088693528e+01 1.614912034438556176e+01 1.614915185837966760e+01 1.614908454996849230e+01 1.614905885080688819e+01 1.614882788016264570e+01 1.614889000906924821e+01 1.614894096698017378e+01 1.614888039651206242e+01 1.614918125274307670e+01
9.649513242773540000e-02 1.131155589082121082e+01 1.688992242497617013e+01 1.952983822858523411e+01 2.078338616276309736e+01 2.131043013678059594e+01 2.148580050913498241e+01 2.152562657223150921e+01 2.152986413643896668e+01 2.153023992947047560e+01 2.153009529946377754e+01 2.153019121179698914e+01 2.153003200875229695e+01 2.152993400422223402e+01 2.153003323592241003e+01 2.153004808414181070e+01 2.153013319483693166e+01
9.798830404923192239e-02 1.260091791150044571e+01 1.952683365749543043e+01 2.323331010505038563e+01 2.520488272941373964e+01 2.621789818852771248e+01 2.667901527571018505e+01 2.685184383770571515e+01 2.690069272007536938e+01 2.691016506304446665e+01 2.691068170142017735e+01 2.691130472040207877e+01 2.691106317090800104e+01 2.691098358618592812e+01 2.691098005972953899e+01 2.691112788005057865e+01 2.691096907905930280e+01
9.933573429484567063e-02 1.367959973431678655e+01 2.177254390318914190e+01 2.651410256643469054e+01 2.924579434287944935e+01 3.080965837341981128e+01 3.165220130374563112e+01 3.205771746030598024e+01 3.222259024047870213e+01 3.227659951957132733e+01 3.228958129042170100e+01 3.229175893333852088e+01 3.229180971701814684e+01 3.229199626735483974e+01 3.229177500764660635e+01 3.229191511994767438e+01 3.229197683684018472e+01
1.074014393015655933e-01 1.460532028011479433e+01 2.371614492373032945e+01 2.942832972427478566e+01 3.293657587436712930e+01 3.508603062861631372e+01 3.636854076429258953e+01 3.708368404730864398e+01 3.744185724530731818e+01 3.759700412201907227e+01 3.765283133976365093e+01 3.766901520027319350e+01 3.767213447765497847e+01 3.767262594264244768e+01 3.767241606020901656e+01 3.767256322008669400e+01 3.767278908536109583e+01
1.098380464580424043e-01 1.541599121128390770e+01 2.542263510821969064e+01 3.202998698682947065e+01 3.630817290166116607e+01 3.906255713892407755e+01 4.081878737511663502e+01 4.189548684272814683e+01 4.251101831814393250e+01 4.282936794781623746e+01 4.297423006702541670e+01 4.302993062046274986e+01 4.304786035224717011e+01 4.305226100568761183e+01 4.305287318286211473e+01 4.305312427583706381e+01 4.305295260208770003e+01
1.177165325293797749e-01 1.613605740624457496e+01 2.693995499328112686e+01 3.436727391297347367e+01 3.939199371843404407e+01 4.276001090221788559e+01 4.500908638262657746e+01 4.647953345932391755e+01 4.739861988064122045e+01 4.793457771029444814e+01 4.821902303390616851e+01 4.835310145719589769e+01 4.840798678631105645e+01 4.842688913775339188e+01 4.843214632140149689e+01 4.843314372858559125e+01 4.843336680048047782e+01
1.186368518068592198e-01 1.678391708942010041e+01 2.830345898818832140e+01 3.648098999872314607e+01 4.221840918445612090e+01 4.619881856518227892e+01 4.895160698096752583e+01 5.083570426539679943e+01 5.208901961523822877e+01 5.288353010042312263e+01 5.335430705463257084e+01 5.360934835092509587e+01 5.373345474248135645e+01 5.378594584528150335e+01 5.380549781072235760e+01 5.381168892874033816e+01 5.381284069331629638e+01
1.214258772780294066e-01 1.737198718215897131e+01 2.954010790661108743e+01 3.840509665286315055e+01 4.481641740642884741e+01 4.939948973066066173e+01 5.266104719652182098e+01 5.497053739500936587e+01 5.657793292685173014e+01 5.766051224323501145e+01 5.835425999762323812e+01 5.877039975042306708e+01 5.900003429666222843e+01 5.911443865686298693e+01 5.916497183864750298e+01 5.918467864871022499e+01 5.919099691178267619e+01
1.220818279427241387e-01 1.791036231353845309e+01 3.067045728296979945e+01 4.016737648512775394e+01 4.721242300709251083e+01 5.238178162766990908e+01 5.615213809860009064e+01 5.889376091162057492e+01 6.086766859585944189e+01 6.225796169192338425e+01 6.320251262040523699e+01 6.381316833533352906e+01 6.418325167847700641e+01 6.439053609411007528e+01 6.449630816971745162e+01 6.454429954698701977e+01 6.456366832586547844e+01
1.237741006666621263e-01 1.840653778257839335e+01 3.171067338364374777e+01 4.179062456462237662e+01 4.943006377598166523e+01 5.516482792951613590e+01 5.943943036160044358e+01 6.261642580908164746e+01 6.496458564980689232e+01 6.667535139308100156e+01 6.789024103165121460e+01 6.872145703785572834e+01 6.926246613001781327e+01 6.959336707466499661e+01 6.978109423161438940e+01 6.987832354172093119e+01 6.992389562878929610e+01
1.245028737550448461e-01 1.886663777417889065e+01 3.267356605929943214e+01 4.329353586102367757e+01 5.149005665518006225e+01 5.776670586611105307e+01 6.253693222169947319e+01 6.614961332601657773e+01 6.887650047550792465e+01 7.091614264225026432e+01 7.241461348395250752e+01 7.348535070876397413e+01 7.422164245156172058e+01 7.470369447614606884e+01 7.500102603527787437e+01 7.517123700802719100e+01 7.526089165792015478e+01
1.281975564131470902e-01 1.929543801139214310e+01 3.356949436181341184e+01 4.469156909690600799e+01 5.341045250375238851e+01 6.020425078423201626e+01 6.545828048842631119e+01 6.950422607206604653e+01 7.261206069395662155e+01 7.498598658610646339e+01 7.677673282305127600e+01 7.810057699433090761e+01 7.905072913040071114e+01 7.970675394426635307e+01 8.013835742284609864e+01 8.040590192249393908e+01 8.056086000481327858e+01
1.287625797112377513e-01 1.969705573808980503e+01 3.440688684251795593e+01 4.599753821430969936e+01 5.520682037338074366e+01 6.249288151496588739e+01 6.821651331128690288e+01 7.269082281832609738e+01 7.617994817711155520e+01 7.889112638930453159e+01 8.098016306645898510e+01 8.256624718508803085e+01 8.374385522154096861e+01 8.459177895938620395e+01 8.517901001389533633e+01 8.556695437878582311e+01 8.580870885872329268e+01
1.295831239094894782e-01 2.007453547334011645e+01 3.519276555334199941e+01 4.722222242913225188e+01 5.689267467103609732e+01 6.464664694774336340e+01 7.082411283579000383e+01 7.571970341527931225e+01 7.958867010239197270e+01 8.263876920353226296e+01 8.502988155158018913e+01 8.688446333370271191e+01 8.829880508299312680e+01 8.935228956455466687e+01 9.011280071281863968e+01 9.064083956202279069e+01 9.099030849935108733e+01
1.301238708879408068e-01 2.043060083457094933e+01 3.593294709533451226e+01 4.837468193799590210e+01 5.847964566790749785e+01 6.667816538256282399e+01 7.329279658078662862e+01 7.860078065024572425e+01 8.284658074786568704e+01 8.623581513161575174e+01 8.893124704258681845e+01 9.105863445280877499e+01 9.271665998489490335e+01 9.398531462836081118e+01 9.493226794514876588e+01 9.561714563548979129e+01 9.609322467083836727e+01
1.303647540066219246e-01 2.076751691323108062e+01 3.663233921429672790e+01 4.946260948972535942e+01 5.997780300801175457e+01 6.859871658457876720e+01 7.563350284490542208e+01 8.134358049612646369e+01 8.596177161843536396e+01 8.968923470942760900e+01 9.269005913719450973e+01 9.509298654202018497e+01 9.699932774388392431e+01 9.849018065079128803e+01 9.963354612848382885e+01 1.004883126190390783e+02 1.011070343263532152e+02
1.305456108369854595e-01 2.108720754386649077e+01 3.729511210170036151e+01 5.049257773638871072e+01 6.139588004731064075e+01 7.041836261048531753e+01 7.785634209578462617e+01 8.395722180762605547e+01 8.894199491865194318e+01 9.300575635549401454e+01 9.631215256301432248e+01 9.899240872297960436e+01 1.011500063930660787e+02 1.028681948479834602e+02 1.042153111066046591e+02 1.052499883540099717e+02 1.060241038852478681e+02
1.306794357938549922e-01 2.139133164803936893e+01 3.792483586391183792e+01 5.147023749265184023e+01 6.274147380435898924e+01 7.214605990481818765e+01 7.997062259126967376e+01 8.645033417168592393e+01 9.179479651391766026e+01 9.619185508801540152e+01 9.980326085157362570e+01 1.027615333399428010e+02 1.051726423766177732e+02 1.071215509365446081e+02 1.086777574917794169e+02 1.098999477701760128e+02 1.108394855439875215e+02
1.308945934352928886e-01 2.168132141064102569e+01 3.852459066765691631e+01 5.240047529258973924e+01 6.402121974002972138e+01 7.378977077434740295e+01 8.198484684498960462e+01 8.883109218697396159e+01 9.452740770530984094e+01 9.925386300468007050e+01 1.031688800868251974e+02 1.064053717925648641e+02 1.090711641155287737e+02 1.112532490829918288e+02 1.130222736667440984e+02 1.144374912665420680e+02 1.155501841188859373e+02
1.311075213925614880e-01 2.195842576706964877e+01 3.909705130284895347e+01 5.328754388456886204e+01 6.524093221443064294e+01 7.535658438488766819e+01 8.390676339701391839e+01 9.110714082710111938e+01 9.714681152371525741e+01 1.021978830548084147e+02 1.064144307117739174e+02 1.099286293892099877e+02 1.128497088731712097e+02 1.152663897029261761e+02 1.172510304874715530e+02 1.188634695450680567e+02 1.201550812665447125e+02
1.313366230602954488e-01 2.222373331410059194e+01 3.964455470104459778e+01 5.413516277385279096e+01 6.640572956594567700e+01 7.685281718996935751e+01 8.574342745080666361e+01 9.328561257134445839e+01 9.965966290235954261e+01 1.050298267027191628e+02 1.095451484181584760e+02 1.133360987245276874e+02 1.165125398674438770e+02 1.191648439574686620e+02 1.213667766566279340e+02 1.231792790575242407e+02 1.246542317955960470e+02
1.315642165619179960e-01 2.247820167755067899e+01 4.016915431603785436e+01 5.494660300727176150e+01 6.752013190711905111e+01 7.828410777786520214e+01 8.750123951539087841e+01 9.537313958883768805e+01 1.020722956135268902e+02 1.077554163349597331e+02 1.125661020301993176e+02 1.166322609344282739e+02 1.200637802450338825e+02 1.229520964684634805e+02 1.253725313953904248e+02 1.273872065385791075e+02 1.290487540189146500e+02
1.317661344093681575e-01 2.272267615541543861e+01 4.067266317133253750e+01 5.572475317522249583e+01 6.858814750088417611e+01 7.965549628555289985e+01 8.918600681971491895e+01 9.737586822692912847e+01 1.043907004723362348e+02 1.103801545111352311e+02 1.154821921123104573e+02 1.198215901938035017e+02 1.235073746673013488e+02 1.266317986051869440e+02 1.292714676321729144e+02 1.314897284843663385e+02 1.333399119358979874e+02
1.319940152324987903e-01 2.295790678687639996e+01 4.115668938293917734e+01 5.647217754298456072e+01 6.961334303812013502e+01 8.097150074310418688e+01 9.080299789454515746e+01 9.929946320415363914e+01 1.066205250631523995e+02 1.129093360880980583e+02 1.182982175661386606e+02 1.229083456816699425e+02 1.268472502840128300e+02 1.302074544422776228e+02 1.330666625009068866e+02 1.354894829070429978e+02 1.375300361168469863e+02
1.321931918758305069e-01 2.318456405233548168e+01 4.162266595886269727e+01 5.719116012989486819e+01 7.059890432708733954e+01 8.223617901125963670e+01 9.235699912167893899e+01 1.011491573694240884e+02 1.087670773132458777e+02 1.153480193651687813e+02 1.210188151408709132e+02 1.258966653584193836e+02 1.300872119528176540e+02 1.336826178961658798e+02 1.367613587463657154e+02 1.393892228282294354e+02 1.416211685305682408e+02
1.324210964385014733e-01 2.340324671975891135e+01 4.207187533698719051e+01 5.788374441313624175e+01 7.154768543029007333e+01 8.345318487969396415e+01 9.385235298747400634e+01 1.029297625316133775e+02 1.108353323328728521e+02 1.177010244231688461e+02 1.236484370024129475e+02 1.287906544899830692e+02 1.332309110688386227e+02 1.370606302428021479e+02 1.403586680235639506e+02 1.431917329545009068e+02 1.456159034083932511e+02
1.326743861681436432e-01 2.361449495989977976e+01 4.250546881015616663e+01 5.855176420916822622e+01 7.246225255115230368e+01 8.462581587538070949e+01 9.529301265327251258e+01 1.046457096616084641e+02 1.128299431756024944e+02 1.199729253880139197e+02 1.261913805866121550e+02 1.315942187358222952e+02 1.362819563682637920e+02 1.403447956918320756e+02 1.438616220871788869e+02 1.468999431170270782e+02 1.495166489110677048e+02
1.329176355930462017e-01 2.381879603315342209e+01 4.292448413747410996e+01 5.919687197731904860e+01 7.334491984013502019e+01 8.575705610220134645e+01 9.668257504836384442e+01 1.063010712349443168e+02 1.147552374224088680e+02 1.221680801330152661e+02 1.286517779233603846e+02 1.343111833524947656e+02 1.392437759511670379e+02 1.435383238101555889e+02 1.472732419972727200e+02 1.505165024941639444e+02 1.533259703729787020e+02
1.329176355930462017e-01 2.401659021120883963e+01 4.332986044614911236e+01 5.982056185041932395e+01 7.419778119973547348e+01 8.684961227433188924e+01 9.802432274857505945e+01 1.078996001582396218e+02 1.166152619512496642e+02 1.242905972620716852e+02 1.310336298283452834e+02 1.369452530271742035e+02 1.421198675111450314e+02 1.466443393344208914e+02 1.505964524061939187e+02 1.540443079481580071e+02 1.570464591846597671e+02
