0.000000000000000000e+00 0.000000000000000000e+00
4.324037469716205173e+00 4.357938254622705010e+00
8.648074977131912533e+00 8.715381187889576609e+00
1.297211252679159443e+01 1.307234225882574741e+01
1.729615010118783403e+01 1.742883600457657778e+01
2.162018770620464636e+01 2.178487524379784190e+01
2.594422536924741252e+01 2.614047293554719431e+01
3.026826306646508868e+01 3.049564112957050455e+01
3.459230080861937040e+01 3.485039153119741684e+01
3.891633858710202531e+01 3.920473529338710250e+01
4.324037639443781700e+01 4.355868347898277904e+01
4.756441467606059348e+01 4.791224583165030992e+01
5.188845211988629558e+01 5.226543258531013691e+01
5.621249003131353561e+01 5.661825330447418025e+01
6.053652755035722066e+01 6.097071729262391671e+01
6.486056520121886138e+01 6.532283313153168081e+01
6.918460309156300525e+01 6.967460935866256477e+01
7.350864115846286495e+01 7.402605395528394183e+01
7.783267926507149070e+01 7.837717523389690655e+01
8.215671687510480581e+01 8.272798098746221740e+01
8.648075506015294422e+01 8.707847829643520754e+01
9.080479356173972860e+01 9.142867432089482804e+01
9.512883182056233977e+01 9.577857628441994109e+01
9.945287010806876538e+01 1.001281900128705047e+02
1.037769084541257314e+02 1.044775223735125280e+02
1.081009468218554161e+02 1.088265796509821968e+02
1.124249852428230270e+02 1.131753680997912710e+02
1.167490235964872625e+02 1.175238920899763855e+02
1.210730620645869067e+02 1.218721589753908034e+02
1.253971005812461215e+02 1.262201734008718290e+02
1.297211391303891332e+02 1.305679406072354425e+02
1.340451776971827371e+02 1.349154652392138871e+02
1.383692156190706442e+02 1.392627533774580115e+02
1.426932564830487422e+02 1.436098093443602011e+02
1.470172952191691138e+02 1.479566376496954376e+02
1.513413334532932879e+02 1.523032429762708375e+02
1.556653722229223717e+02 1.566496294005240202e+02
1.599894110490906201e+02 1.609958013700861557e+02
1.643134499393288195e+02 1.653417636071853849e+02
1.686374888463439561e+02 1.696875188519157973e+02
1.729615277704227765e+02 1.740330717054766865e+02
1.772855666953605294e+02 1.783784265994842144e+02
1.816096056588274337e+02 1.827235859035492922e+02
1.859336447465190361e+02 1.870685535712805176e+02
1.902576838431564852e+02 1.914133333141867297e+02
1.945817230474929147e+02 1.957579284733343172e+02
1.989057621954951856e+02 2.001023426836318038e+02
2.032298013895393751e+02 2.044465785301191261e+02
2.075538406112924292e+02 2.087906402708778728e+02
2.118778799647054427e+02 2.131345293431953962e+02
2.162019191851483697e+02 2.174782498207351580e+02
2.205259585438781755e+02 2.218218038315719980e+02
2.248499962857058563e+02 2.261651945932257490e+02
2.291740356441691517e+02 2.305084250072730185e+02
2.334980751788424982e+02 2.348514975746265634e+02
2.378221147750540467e+02 2.391944160966205573e+02
2.421461525870416267e+02 2.435371811092289818e+02
2.464701919776706234e+02 2.478797954394260614e+02
2.507942316564326575e+02 2.522222620948182907e+02
2.551182710543064331e+02 2.565645845287025395e+02
2.594423090474728042e+02 2.609067625383191285e+02
2.637663487993620492e+02 2.652487995905463549e+02
2.680903866013853758e+02 2.695906979654773750e+02
2.724144263211783255e+02 2.739324598244748472e+02
2.767384660500826499e+02 2.782740875776935354e+02
