0.000000000000000000e+00 0.000000000000000000e+00
4.326684907630901300e+00 4.357938238175192325e+00
8.653369830821825204e+00 8.715454305062742435e+00
1.298005480887501406e+01 1.307255963254674569e+01
1.730673979583416866e+01 1.742926505059692488e+01
2.163342481995680089e+01 2.178558101380207290e+01
2.596010992992172817e+01 2.614151792048889433e+01
3.028679502474236074e+01 3.049708502009022837e+01
3.461348018908030610e+01 3.485229184874536656e+01
3.894016535205079776e+01 3.920714738628404916e+01
4.326685054243510820e+01 4.356166063504098673e+01
4.759353575591293151e+01 4.791583927476514049e+01
5.192022100196588497e+01 5.226969163380007899e+01
5.624690626990496867e+01 5.662322561987204494e+01
6.057359180830778911e+01 6.097644836374198007e+01
6.490027727015400671e+01 6.532936724407269935e+01
6.922696273941781442e+01 6.968198924793892957e+01
7.355364813718756523e+01 7.403432130247017540e+01
7.788033316014555396e+01 7.838636974068668906e+01
8.220701812977733880e+01 8.273814014792088756e+01
8.653370360229284586e+01 8.708963964665917956e+01
9.086038913499939440e+01 9.144087359178647034e+01
9.518707464674469065e+01 9.579184779160294738e+01
9.951376022090335027e+01 1.001425675903921189e+02
1.038404458362890921e+02 1.044930386391706065e+02
1.081671314692483463e+02 1.088432659741122563e+02
1.124938164416110169e+02 1.131932545304204041e+02
1.168205021245600790e+02 1.175430097268910572e+02
1.211471878376689801e+02 1.218925353119978752e+02
1.254738737828062511e+02 1.262418357937373230e+02
1.298005595719609460e+02 1.305909164159457703e+02
1.341272446400130036e+02 1.349397811369587146e+02
1.384539303411222875e+02 1.392884340644704650e+02
1.427806163588502955e+02 1.436368792688664371e+02
1.471073022403479627e+02 1.479851207531008868e+02
1.514339881982950260e+02 1.523331622813560955e+02
1.557606743397640514e+02 1.566810075151857120e+02
1.600873596476665170e+02 1.610286604302764317e+02
1.644140458870019188e+02 1.653761240626171798e+02
1.687407319005375825e+02 1.697234020919374302e+02
1.730674179647456867e+02 1.740704979683210354e+02
1.773941038100869605e+02 1.784174145405283411e+02
1.817207899402812927e+02 1.827641557126302132e+02
1.860474751298952754e+02 1.871107233868090418e+02
1.903741617810251796e+02 1.914571219301371627e+02
1.947008479960515501e+02 1.958033538857113172e+02
1.990275342067980944e+02 2.001494206606247701e+02
2.033542204235329507e+02 2.044953264560985531e+02
2.076809067650568750e+02 2.088410732169940616e+02
2.120075931058278229e+02 2.131866640545113682e+02
2.163342794758346486e+02 2.175321012877234637e+02
2.206609658883073735e+02 2.218773875738003767e+02
2.249876523595787887e+02 2.262225252942790235e+02
2.293143387118688850e+02 2.305675172496365519e+02
2.336410252329219475e+02 2.349123649789612500e+02
2.379677106130189657e+02 2.392570713492102641e+02
2.422943972142238920e+02 2.436016389177940482e+02
2.466210838363937796e+02 2.479460685634467154e+02
2.509477704742305377e+02 2.522903631259560200e+02
2.552744573641941770e+02 2.566345247088679571e+02
2.596011440579840155e+02 2.609785555841106088e+02
2.639278291782337078e+02 2.653224568867038897e+02
2.682545160544274836e+02 2.696662314337200428e+02
2.725812029412231823e+02 2.740098812290701744e+02
2.769078898625202214e+02 2.783534072341567480e+02
