0.000000000000000000e+00 0.000000000000000000e+00
4.325125789098311913e+00 4.357938224747732292e+00
8.650251629470574244e+00 8.715411980171426265e+00
1.297537749431443288e+01 1.307243435178321889e+01
1.730050339199593523e+01 1.742901790156937381e+01
2.162562932005335625e+01 2.178517470488710117e+01
2.595075527804177185e+01 2.614091615713278216e+01
3.027588126673226299e+01 3.049625347265919117e+01
3.460100728786697744e+01 3.485119730815350891e+01
3.892613334186249574e+01 3.920575787360554898e+01
4.325125944163440295e+01 4.355994501012047238e+01
4.757638559357239671e+01 4.791376826283355683e+01
5.190151177788445125e+01 5.226723658297773767e+01
5.622663800382284904e+01 5.662035914427197270e+01
6.055176422653990898e+01 6.097314395487934746e+01
6.487688998275243080e+01 6.532559884191307731e+01
6.920201628904592894e+01 6.967773199501351655e+01
7.352714235287862721e+01 7.402955133415457567e+01
7.785226833444471595e+01 7.838106424997860699e+01
8.217739473456946087e+01 8.273227710063491713e+01
8.650252114398276149e+01 8.708319705426914936e+01
9.082764758740577804e+01 9.143383110219895116e+01
9.515277411427871357e+01 9.578418448543536101e+01
9.947790067346460319e+01 1.001342642889654257e+02
1.038030272409062604e+02 1.044840767132508574e+02
1.081281531368821049e+02 1.088336264902394248e+02
1.124532797580836814e+02 1.131829198244727479e+02
1.167784064131274420e+02 1.175319619422879782e+02
1.211035325689031197e+02 1.218807581375369296e+02
1.254286583935329560e+02 1.262293134130987937e+02
1.297537851794943435e+02 1.305776328600329066e+02
1.340789120155181138e+02 1.349257204434221364e+02
1.384040383304249531e+02 1.392735820394404982e+02
1.427291652364928609e+02 1.436212219434038104e+02
1.470542911985424723e+02 1.479686442660971011e+02
1.513794172535356779e+02 1.523158529495331379e+02
1.557045432290466920e+02 1.566628518545047370e+02
1.600296702386270056e+02 1.610096451058037985e+02
1.643547971878939506e+02 1.653562368656872650e+02
1.686799232124266155e+02 1.697026307568210655e+02
1.730050503932239963e+02 1.740488304932015922e+02
1.773301776208106446e+02 1.783948396437615429e+02
1.816553051931956588e+02 1.827406626308609816e+02
1.859804324529866904e+02 1.870863008334983419e+02
1.903055597409885706e+02 1.914317585130186217e+02
1.946306870972590559e+02 1.957770388815992533e+02
1.989558134144531323e+02 2.001221453973952293e+02
2.032809394667314109e+02 2.044670808255183374e+02
2.076060669030998440e+02 2.088118474860220886e+02
2.119311943687471285e+02 2.131564487440049334e+02
2.162563218587879987e+02 2.175008874514917068e+02
2.205814480414179570e+02 2.218451667117713555e+02
2.249065755377347386e+02 2.261892886368164000e+02
2.292317013747957617e+02 2.305332559608723386e+02
2.335568290136217513e+02 2.348770699851485233e+02
2.378819566410578545e+02 2.392207353036009749e+02
2.422070843159106630e+02 2.435642538605778782e+02
2.465322120218964983e+02 2.479076269351029396e+02
2.508573397245420438e+02 2.522508575216886584e+02
2.551824674941757394e+02 2.565939476810548285e+02
2.595075936934807714e+02 2.609369007961194598e+02
2.638327215423197458e+02 2.652797167031903314e+02
2.681578494015743104e+02 2.696223986572160811e+02
2.724829774006610137e+02 2.739649488490894100e+02
2.768081054161912675e+02 2.783073701533874100e+02
