0.000000000000000000e+00 0.000000000000000000e+00
4.325388497180733260e+00 4.357938228580990447e+00
8.650777020517827154e+00 8.715418936820247708e+00
1.297616557875980270e+01 1.307245497271592782e+01
1.730155415204457725e+01 1.742905856094857953e+01
2.162694277053270042e+01 2.178524156461543271e+01
2.595233140938678673e+01 2.614101551236615961e+01
3.027772007963291045e+01 3.049639079791867147e+01
3.460310880663315913e+01 3.485137805839108438e+01
3.892849734418690844e+01 3.920598763606443526e+01
4.325388609245395344e+01 4.356022838815106013e+01
4.757927490205139520e+01 4.791411027571565739e+01
5.190466371302895254e+01 5.226764205815060649e+01
5.623005255277514891e+01 5.662083246974567885e+01
6.055544165725200401e+01 6.097368962773008150e+01
6.488083020374622834e+01 6.532622134207329623e+01
6.920621912724223534e+01 6.967843546932732579e+01
7.353160807948546562e+01 7.403033974561468256e+01
7.785699669773492815e+01 7.838194086751829559e+01
8.218238527629219448e+01 8.273324585617851312e+01
8.650777383249713637e+01 8.708426147534537165e+01
9.083316289319708403e+01 9.143499418593563632e+01
9.515855203783476668e+01 9.578545030115901682e+01
9.948394065335497771e+01 1.001356359838028709e+02
1.038093298154372093e+02 1.044855569897345617e+02
1.081347189609089980e+02 1.088352182175537877e+02
1.124601081548612740e+02 1.131846263207742567e+02
1.167854966548327695e+02 1.175337857437255167e+02
1.211108853752976131e+02 1.218827023929051592e+02
1.254362746804385722e+02 1.262313803127184002e+02
1.297616640444424547e+02 1.305798254299162409e+02
1.340870528750245967e+02 1.349280418884617063e+02
1.384124422799660579e+02 1.392760340283311393e+02
1.427378316831071174e+02 1.436238067266830853e+02
1.470632203661791948e+02 1.479713639771831026e+02
1.513886098453982640e+02 1.523187099106025926e+02
1.557139993569294347e+02 1.566658486893437612e+02
1.600393884605476273e+02 1.610127841004894549e+02
1.643647780263193852e+02 1.653595201943012682e+02
1.686901679615996841e+02 1.697060597753936406e+02
1.730155576315699193e+02 1.740524074008401385e+02
1.773409472619017038e+02 1.783985660988346069e+02
1.816663369631367004e+02 1.827445402430389265e+02
1.859917266997758247e+02 1.870903316904149278e+02
1.903171165995855745e+02 1.914359443043465490e+02
1.946425063545130740e+02 1.957813813338041200e+02
1.989678961270537343e+02 2.001266455996741911e+02
2.032932858861956333e+02 2.044717410546510621e+02
2.076186747358367484e+02 2.088166691370964543e+02
2.119440635277700835e+02 2.131614340802237848e+02
2.162694533946653905e+02 2.175060382397391550e+02
2.205948421921757472e+02 2.218504844735677750e+02
2.249202321121244950e+02 2.261947742960324490e+02
2.292456209390273330e+02 2.305389108915780412e+02
2.335710110054785105e+02 2.348828965919936707e+02
2.378964010197490779e+02 2.392267341364274671e+02
2.422217910341890388e+02 2.435704256102040972e+02
2.465471811075071855e+02 2.479139734914006112e+02
2.508725712008958340e+02 2.522573800817309007e+02
2.551979612758960627e+02 2.566006475311177724e+02
2.595233520913261032e+02 2.609437788562026981e+02
2.638487422772852256e+02 2.652867736368248188e+02
2.681741324797120569e+02 2.696296365055284241e+02
2.724995236794300126e+02 2.739723690938437812e+02
2.768249138682499506e+02 2.783149733689963341e+02
