0.000000000000000000e+00 0.000000000000000000e+00
4.651207719258546369e+00 4.667195150028998540e+00
9.302415438225667188e+00 9.334280430243412141e+00
1.395362315719980195e+01 1.400125735999296595e+01
1.860483087668207602e+01 1.866812741848405111e+01
2.325603860113096388e+01 2.333489206501799273e+01
2.790724632068689459e+01 2.800155272489937630e+01
3.255845404387225273e+01 3.266811079977046006e+01
3.720966176932250846e+01 3.733456766018514372e+01
4.186086948996884871e+01 4.200092464547977045e+01
4.651207720896742615e+01 4.666718308451385866e+01
5.116328493045828907e+01 5.133334423488972931e+01
5.581449266429883238e+01 5.599940937778671213e+01
6.046570041392661210e+01 6.066537976655963860e+01
6.511690815324091375e+01 6.533125659325646950e+01
6.976811589007624548e+01 6.999704108761895327e+01
7.441932364669290223e+01 7.466273438749449554e+01
7.907053136852151454e+01 7.932833764778992247e+01
8.372173912692477415e+01 8.399385197606358133e+01
8.837294684800991718e+01 8.865927850284450074e+01
9.302415458223012479e+01 9.332461829718479862e+01
9.767536233110810429e+01 9.798987245026651749e+01
1.023265700843150228e+02 1.026550419861886780e+02
1.069777778097853798e+02 1.073201279090407922e+02
1.116289855435546485e+02 1.119851312678044337e+02
1.162801933164891750e+02 1.166500530393072381e+02
1.209314010647793509e+02 1.213148941792202606e+02
1.255826088425837384e+02 1.259796556472770135e+02
1.302338166024503039e+02 1.306443383983216791e+02
1.348850243760553553e+02 1.353089433050450339e+02
1.395362321225047424e+02 1.399734713333193952e+02
1.441874399169516892e+02 1.446379233446011199e+02
1.488386476468221531e+02 1.493023002127596328e+02
1.534898554136422035e+02 1.539666027893837281e+02
1.581410631891513958e+02 1.586308318793840044e+02
1.627922709387283646e+02 1.632949884075465548e+02
1.674434786837065019e+02 1.679590731141654771e+02
1.720946864311518993e+02 1.726230867914188423e+02
1.767458942156560511e+02 1.772870302466039334e+02
1.813971019746790034e+02 1.819509042499265661e+02
1.860483097358512623e+02 1.866147096145186879e+02
1.906995174599079235e+02 1.912784470316064755e+02
1.953507252373399297e+02 1.959421172598531768e+02
2.000019329734017219e+02 2.006057210749110595e+02
2.046531407038979182e+02 2.052692591539332057e+02
2.093043485294230663e+02 2.099327321247504869e+02
2.139555563649185501e+02 2.145961407429332155e+02
2.186067641495745875e+02 2.192594857326205613e+02
2.232579718925720158e+02 2.239227676839878427e+02
2.279091797291125658e+02 2.285859873067110470e+02
2.325603874777910960e+02 2.332491451818299311e+02
2.372115952154167360e+02 2.379122420600748740e+02
2.418628030399117392e+02 2.425752785120460544e+02
2.465140108093234517e+02 2.472382550803065442e+02
2.511652185637328216e+02 2.519011723939530611e+02
2.558164263372740947e+02 2.565640311963772433e+02
2.604676341294605209e+02 2.612268319364878266e+02
2.651188419055902159e+02 2.658895752303445761e+02
2.697700496455664165e+02 2.705522616913053184e+02
2.744212574618131839e+02 2.752148917776778489e+02
2.790724652058419792e+02 2.798774662353013696e+02
2.837236729945618094e+02 2.845399854719087216e+02
2.883748807600934470e+02 2.892024499857492970e+02
2.930260885389845953e+02 2.938648603741451097e+02
2.976772963831695620e+02 2.985272172415711793e+02
3.023285041706570269e+02 3.031895209930747228e+02
3.069797119143860300e+02 3.078517721335003898e+02
3.116309196961533416e+02 3.125139711750627498e+02
3.162821274615421885e+02 3.171761187218907025e+02
3.209333352331219658e+02 3.218382152069381164e+02
3.255845429777880895e+02 3.265002609977114503e+02
3.302357507576169269e+02 3.311622566398488630e+02
3.348869585091287036e+02 3.358242026706338947e+02
3.395381662443402320e+02 3.404860994267851311e+02
3.441893740272668083e+02 3.451479474647396728e+02
3.488405817768733073e+02 3.498097472960333789e+02
3.534917895081454731e+02 3.544714991304230125e+02
3.581429972633490024e+02 3.591332036409460216e+02
3.627942050630542781e+02 3.637948611716164464e+02
3.674454129838862855e+02 3.684564720232028208e+02
3.720966207793138665e+02 3.731180366859064179e+02
3.767478285722704641e+02 3.777795556316916645e+02
3.813990363163095481e+02 3.824410292081964826e+02
3.860502440765220058e+02 3.871024579491181612e+02
3.907014518114031603e+02 3.917638420258431324e+02
3.953526596359143923e+02 3.964251820784635925e+02
4.000038674051889984e+02 4.010864784237338654e+02
4.046550751962976733e+02 4.057477313399865011e+02
4.093062830561329974e+02 4.104089411663603642e+02
4.139574908026021376e+02 4.150701084969235808e+02
4.186086985387672712e+02 4.197312334569046470e+02
4.232599062784516946e+02 4.243923166107370548e+02
4.279111141266712366e+02 4.290533582201577474e+02
4.325623218711996287e+02 4.337143585528629615e+02
4.372135297925838131e+02 4.383753180058047292e+02
4.418647376720355737e+02 4.430362369191828975e+02
4.465159454265881322e+02 4.476971157134973964e+02
4.511671532209487623e+02 4.523579547057413492e+02
4.558183609476134279e+02 4.570187542412880362e+02
4.604695688985410698e+02 4.616795145852075279e+02
4.651207767677309448e+02 4.663402358735262965e+02
4.697719845385098552e+02 4.710009186095198856e+02
4.744231922939642914e+02 4.756615632830223603e+02
4.790744000764411226e+02 4.803221700257228122e+02
4.837256078370413661e+02 4.849827391100720320e+02
4.883768156753153562e+02 4.896432708626056183e+02
4.930280234658461040e+02 4.943037657177751498e+02
4.976792313155111742e+02 4.989642238628817950e+02
5.023304392189455712e+02 5.036246455491397001e+02
5.069816469768982756e+02 5.082850310177951201e+02
5.116328549569047368e+02 5.129453808315956849e+02
5.162840629393640484e+02 5.176056949855883431e+02
5.209352707553205164e+02 5.222659738275344807e+02
