0.000000000000000000e+00 0.000000000000000000e+00
4.646219678298272093e+00 4.669358446644432448e+00
9.292439356988975163e+00 9.338489768980444694e+00
1.393865903550797469e+01 1.400739842606107999e+01
1.858487872129754592e+01 1.867608875069320362e+01
2.323109840535504489e+01 2.334456494406372329e+01
2.787731809383381432e+01 2.801283109031073337e+01
3.252353777301481585e+01 3.268089116261855764e+01
3.716975745777779139e+01 3.734874901043578888e+01
4.181597713861682308e+01 4.201640838666692446e+01
4.646219681835651727e+01 4.668387295559995209e+01
5.110841650448526963e+01 5.135114623293450364e+01
5.575463619270625770e+01 5.601823167051928465e+01
6.040085587301945225e+01 6.068513264279489050e+01
6.504707557926732875e+01 6.535185239427897841e+01
6.969329529268810575e+01 7.001839413640911403e+01
7.433951498518521817e+01 7.468476095280357185e+01
7.898573466641971663e+01 7.935095584434749583e+01
8.363195435111867937e+01 8.401698175558533421e+01
8.827817404982124572e+01 8.868284157733492634e+01
9.292439374314858469e+01 9.334853806465186210e+01
9.757061345160006738e+01 9.801407394606604839e+01
1.022168331646912804e+02 1.026794519053358101e+02
1.068630528504703534e+02 1.073446744913319009e+02
1.115092725645303915e+02 1.120097442610203586e+02
1.161554922974394515e+02 1.166746636735682472e+02
1.208017120065847081e+02 1.213394350911242725e+02
1.254479317007067607e+02 1.260040609161210199e+02
1.300941514183796528e+02 1.306685434456860264e+02
1.347403711387370890e+02 1.353328848456530409e+02
1.393865908208962310e+02 1.399970873808121894e+02
1.440328105673783057e+02 1.446611531340179511e+02
1.486790302998562652e+02 1.493250842256225042e+02
1.533252500270784822e+02 1.539888826787022822e+02
1.579714697344765000e+02 1.586525504556902320e+02
1.626176894934342840e+02 1.633160895642523087e+02
1.672639092605827216e+02 1.679795018315091397e+02
1.719101289941488631e+02 1.726427891275548632e+02
1.765563486953785173e+02 1.773059533774201668e+02
1.812025683871979709e+02 1.819689962691392680e+02
1.858487881275250686e+02 1.866319195240743909e+02
1.904950078441134451e+02 1.912947249329776582e+02
1.951412275753502286e+02 1.959574141045715123e+02
1.997874472948706170e+02 2.006199887643848001e+02
2.044336670776748690e+02 2.052824503588543337e+02
2.090798868410031446e+02 2.099448006253575443e+02
2.137261065337981449e+02 2.146070409392682450e+02
2.183723262549257242e+02 2.192691728992329558e+02
2.230185460444652108e+02 2.239311979457425821e+02
2.276647658438686506e+02 2.285931175224676792e+02
2.323109855921700557e+02 2.332549330687622273e+02
2.369572053816512494e+02 2.379166459078062985e+02
2.416034250701943904e+02 2.425782574922392314e+02
2.462496448006153003e+02 2.472397690221627045e+02
2.508958645986213014e+02 2.519011819518440518e+02
2.555420843251648080e+02 2.565624974687081021e+02
2.601883040197315609e+02 2.612237167980553068e+02
2.648345238265818011e+02 2.658848412540023105e+02
2.694807435335944774e+02 2.705458719314584641e+02
2.741269633531078966e+02 2.752068100899010687e+02
2.787731831596449865e+02 2.798676569046206168e+02
2.834194028781315637e+02 2.845284134995779368e+02
2.880656226047705104e+02 2.891890808649201858e+02
2.927118423421702573e+02 2.938496603315306857e+02
2.973580620672129271e+02 2.985101527541734185e+02
3.020042817552068755e+02 3.031705593120523190e+02
3.066505014620306042e+02 3.078308810061305394e+02
3.112967211645919861e+02 3.124911188721744111e+02
3.159429408957124679e+02 3.171512739795525135e+02
3.205891606244543368e+02 3.218113471999849935e+02
3.252353803269663786e+02 3.264713396220404320e+02
3.298816000667183630e+02 3.311312519542116206e+02
3.345278197930385886e+02 3.357910852989200521e+02
3.391740395443654279e+02 3.404508405551648025e+02
3.438202592871783168e+02 3.451105186474172797e+02
3.484664790040856133e+02 3.497701204560688666e+02
3.531126988660920460e+02 3.544296467944917026e+02
3.577589185614315284e+02 3.590890985517204399e+02
3.624051383316669899e+02 3.637484765845944139e+02
3.670513580301948764e+02 3.684077817149287739e+02
3.716975777351779016e+02 3.730670147041796554e+02
3.763437975631536574e+02 3.777261764006180442e+02
3.809900172729449537e+02 3.823852676139459845e+02
3.856362369647966375e+02 3.870442891443981352e+02
3.902824566589303572e+02 3.917032416684503460e+02
3.949286764152789146e+02 3.963621259985823713e+02
3.995748962411403227e+02 4.010209428372432967e+02
4.042211159799165898e+02 4.056796928866046983e+02
4.088673357923639742e+02 4.103383766845850005e+02
4.135135555406109233e+02 4.149969952019264383e+02
4.181597752406460131e+02 4.196555491333815553e+02
4.228059950287756692e+02 4.243140389992760220e+02
4.274522147624190325e+02 4.289724655716482857e+02
4.320984346888953951e+02 4.336308294195213193e+02
4.367446545733851053e+02 4.382891312486797233e+02
4.413908744028705655e+02 4.429473715044649680e+02
4.460370943383895792e+02 4.476055510600763228e+02
4.506833142057081432e+02 4.522636704253134781e+02
4.553295339321844608e+02 4.569217303972076252e+02
4.599757536417325809e+02 4.615797314281967942e+02
4.646219733978342674e+02 4.662376739240574466e+02
4.692681931845705208e+02 4.708955586715843538e+02
4.739144129261816829e+02 4.755533863566573700e+02
4.785606326298164390e+02 4.802111572446497121e+02
4.832068524244829177e+02 4.848688721178244805e+02
4.878530721541306434e+02 4.895265313829097522e+02
4.924992919130394853e+02 4.941841357491366580e+02
4.971455116458787415e+02 4.988416855228422833e+02
5.017917313884453279e+02 5.034991815533633712e+02
5.064379510923918133e+02 5.081566239211388165e+02
5.110841708100935534e+02 5.128140133551964936e+02
5.157303906602190864e+02 5.174713504691779917e+02
5.203766104302851545e+02 5.221286358191937325e+02
