0.000000000000000000e+00 0.000000000000000000e+00
4.646324892098413706e+00 4.668343863964428131e+00
9.292649785669006235e+00 9.336481108239944149e+00
1.393897468108095694e+01 1.400441562130081685e+01
1.858529957490766549e+01 1.867215116775941652e+01
2.323162447315094070e+01 2.333969142409078756e+01
2.787794937789547589e+01 2.800703995547127789e+01
3.252427428359463590e+01 3.267420024233925346e+01
3.717059918329510992e+01 3.734117565021219320e+01
4.181692407597680017e+01 4.200796946844585733e+01
4.646324899466102920e+01 4.667458491701087553e+01
5.110957389483147750e+01 5.134102508870970638e+01
5.575589879386835435e+01 5.600729301715796993e+01
6.040222370342496561e+01 6.067339167660894361e+01
6.504854861185229709e+01 6.533932392633413144e+01
6.969487352733386842e+01 7.000509261777064296e+01
7.434119843111133719e+01 7.467070043541332325e+01
7.898752332980231472e+01 7.933615007288972265e+01
8.363384822922759554e+01 8.400144413971011659e+01
8.828017312293994223e+01 8.866658515516400030e+01
9.292649803038347045e+01 9.333157559127346303e+01
9.757282295358650970e+01 9.799641788564328237e+01
1.022191478809202749e+02 1.026611143614010189e+02
1.068654728253234509e+02 1.073256673559214107e+02
1.115117977780622738e+02 1.119900791067056929e+02
1.161581227259076456e+02 1.166543518041929985e+02
1.208044476640482969e+02 1.213184876378456352e+02
1.254507726255979776e+02 1.259824886444915251e+02
1.300970975724940502e+02 1.306463569087766246e+02
1.347434225110029615e+02 1.353100943924607122e+02
1.393897474671885561e+02 1.399737030964120379e+02
1.440360723691170222e+02 1.446371848994120342e+02
1.486823972822443807e+02 1.493005416443005515e+02
1.533287222226331892e+02 1.539637752429691773e+02
1.579750471387874882e+02 1.586268874161721385e+02
1.626213720487799037e+02 1.632898799263431329e+02
1.672676969810905803e+02 1.679527544865966320e+02
1.719140218962477036e+02 1.726155127766975852e+02
1.765603468798431095e+02 1.772781564315098990e+02
1.812066717857580898e+02 1.819406870427073954e+02
1.858529966910285793e+02 1.866031062187202565e+02
1.904993216030354972e+02 1.912654154711701153e+02
1.951456465194424368e+02 1.959276163196553853e+02
1.997919715183982134e+02 2.005897103037946181e+02
2.044382964930733522e+02 2.052516987435953411e+02
2.090846214403312615e+02 2.099135831715696554e+02
2.137309464334180973e+02 2.145753648937956939e+02
2.183772713799494340e+02 2.192370452932027831e+02
2.230235962946312327e+02 2.238986257138786300e+02
2.276699213104596424e+02 2.285601074690439987e+02
2.323162463157939612e+02 2.332214918639668895e+02
2.369625713322332672e+02 2.378827800867549627e+02
2.416088963351010364e+02 2.425439734492928778e+02
2.462552212509216076e+02 2.472050730496527251e+02
2.509015461752085798e+02 2.518660802117192361e+02
2.555478711165234245e+02 2.565269960357439913e+02
2.601941961006063480e+02 2.611878216574242515e+02
2.648405211211894539e+02 2.658485581292089819e+02
2.694868460563509984e+02 2.705092066189052957e+02
2.741331710070869576e+02 2.751697682390487785e+02
2.787794959234619796e+02 2.798302440161116351e+02
2.834258208293078951e+02 2.844906348728021612e+02
2.880721457698961103e+02 2.891509419674964647e+02
2.927184707154421517e+02 2.938111662925674636e+02
2.973647956448031664e+02 2.984713088245575818e+02
3.020111205951981788e+02 3.031313705150749911e+02
3.066574455151508118e+02 3.077913522679568814e+02
3.113037705130817585e+02 3.124512550749828961e+02
3.159500954570619342e+02 3.171110799886468499e+02
3.205964204000146651e+02 3.217708276691890887e+02
3.252427453163263635e+02 3.264304991174906831e+02
3.298890702703541820e+02 3.310900951604173201e+02
3.345353951840364743e+02 3.357496166829987487e+02
3.391817200924712097e+02 3.404090646366960300e+02
3.438280450501545715e+02 3.450684396660254265e+02
3.484743699809542932e+02 3.497277427662860418e+02
3.531206948877111245e+02 3.543869746201714861e+02
3.577670198871830962e+02 3.590461359933580070e+02
3.624133448688403405e+02 3.637052276194069691e+02
3.670596697810729552e+02 3.683642503413116174e+02
3.717059947519978778e+02 3.730232048369958875e+02
3.763523197029140874e+02 3.776820919209173439e+02
3.809986446264622373e+02 3.823409122551059909e+02
3.856449695278465697e+02 3.869996667177371137e+02
3.902912944596083662e+02 3.916583557726531808e+02
3.949376193816706291e+02 3.963169803492133951e+02
3.995839442802420081e+02 4.009755410266350850e+02
4.042302692331934395e+02 4.056340383606744808e+02
4.088765942716847235e+02 4.102924730493533616e+02
4.135229192361114201e+02 4.149508458253138201e+02
4.181692441817824601e+02 4.196091573411256945e+02
4.228155691052776319e+02 4.242674081181776842e+02
4.274618940462617047e+02 4.289255987519615587e+02
4.321082191007226356e+02 4.335837300339035210e+02
4.367545441991705957e+02 4.382418023347653957e+02
4.414008692440255572e+02 4.428998163318308343e+02
4.460471943939826360e+02 4.475577726559626512e+02
4.506935194032261052e+02 4.522156718087903755e+02
4.553398443404647082e+02 4.568735143566274246e+02
4.599861694056231158e+02 4.615313010943487484e+02
4.646324945387104322e+02 4.661890321592344435e+02
4.692788194739927121e+02 4.708467084306420247e+02
4.739251445578655648e+02 4.755043304351726761e+02
4.785714694613295705e+02 4.801618984251454094e+02
4.832177945822887750e+02 4.848194131008225440e+02
4.878641196544624563e+02 4.894768749640963961e+02
4.925104446676924113e+02 4.941342845260155627e+02
4.971567695893222094e+02 4.987916422152660516e+02
5.018030945890826615e+02 5.034489486478548770e+02
5.064494194951242889e+02 5.081062041022074141e+02
5.110957444267719438e+02 5.127634090450990243e+02
5.157420694096269926e+02 5.174205640053817206e+02
5.203883944797191816e+02 5.220776696539264776e+02
