0.000000000000000000e+00 0.000000000000000000e+00
4.646117306890677590e+00 4.670440660869325633e+00
9.292234613901587892e+00 9.340631482156823040e+00
1.393835192170752002e+01 1.401057759484548626e+01
1.858446923005879370e+01 1.868028397137168639e+01
2.323058654263373768e+01 2.334975543355727368e+01
2.787670385050252264e+01 2.801899665691981767e+01
3.252282117069513845e+01 3.268801219615808407e+01
3.716893848419773860e+01 3.735680644351994317e+01
4.181505580416266810e+01 4.202538367594966218e+01
4.646117313401869353e+01 4.669374805438430087e+01
5.110729045318919361e+01 5.136190359568090003e+01
5.575340777037133932e+01 5.602985425929780661e+01
6.039952509344999498e+01 6.069760382307659796e+01
6.504564240878126213e+01 6.536515600251448177e+01
6.969175975099855691e+01 7.003251440252407178e+01
7.433787705871139906e+01 7.469968254422454379e+01
7.898399438279960805e+01 7.936666381165568396e+01
8.363011173828425626e+01 8.403346156691569036e+01
8.827622905841357692e+01 8.870007899007237029e+01
9.292234638040301320e+01 9.336651925662727081e+01
9.756846371713749022e+01 9.803278540929386509e+01
1.022145810591336215e+02 1.026988804895022156e+02
1.068606984155562998e+02 1.073648073408510015e+02
1.115068157802065514e+02 1.120305688517473754e+02
1.161529331400614495e+02 1.166961677439842333e+02
1.207990504978667019e+02 1.213616067284981455e+02
1.254451678189739283e+02 1.260268884451206475e+02
1.300912851859990553e+02 1.306920154717286380e+02
1.347374025317243138e+02 1.353569903169225199e+02
1.393835199057068053e+02 1.400218153950123394e+02
1.440296372242507346e+02 1.446864930762431527e+02
1.486757545358351535e+02 1.493510257192219228e+02
1.533218718910280245e+02 1.540154155663139193e+02
1.579679892157747361e+02 1.586796648313287506e+02
1.626141065519082076e+02 1.633437757128606052e+02
1.672602239375726185e+02 1.680077502628242314e+02
1.719063413071123421e+02 1.726715906423561364e+02
1.765524586538867027e+02 1.773352988388372751e+02
1.811985759738259674e+02 1.819988768221962232e+02
1.858446933318535912e+02 1.866623264768557533e+02
1.904908106673652810e+02 1.913256497804041203e+02
1.951369280258299455e+02 1.959888484892115628e+02
1.997830453438429004e+02 2.006519244598889600e+02
2.044291626767989101e+02 2.053148794606924810e+02
2.090752800718198614e+02 2.099777152526760347e+02
2.137213974431463157e+02 2.146404334722885778e+02
2.183675147587996435e+02 2.193030358075233153e+02
2.230136321723876449e+02 2.239655239156285802e+02
2.276597496033779464e+02 2.286278992867632951e+02
2.323058669393558944e+02 2.332901636039185860e+02
2.369519843646511958e+02 2.379523183272360711e+02
2.415981017526644905e+02 2.426143649434391136e+02
2.462442190802725577e+02 2.472763048502139327e+02
2.508903364191634182e+02 2.519381395744046301e+02
2.555364537907498175e+02 2.565998704027136910e+02
2.601825712140453106e+02 2.612614988518631662e+02
2.648286886523893600e+02 2.659230262185968172e+02
2.694748059686928059e+02 2.705844538117253251e+02
2.741209233433773420e+02 2.752457828921544660e+02
2.787670406567241912e+02 2.799070148508792499e+02
2.834131579723884897e+02 2.845681508420738055e+02
2.880592753276416147e+02 2.892291920770969682e+02
2.927053926928941792e+02 2.938901397364069226e+02
2.973515100301070788e+02 2.985509950212394870e+02
3.019976274356170052e+02 3.032117591291715826e+02
3.066437448598896935e+02 3.078724331397975220e+02
3.112898621911922419e+02 3.125330182413800344e+02
3.159359795508294155e+02 3.171935155177869774e+02
3.205820969082047895e+02 3.218539259321389636e+02
3.252282142393275421e+02 3.265142505442063339e+02
3.298743316073635015e+02 3.311744904613541394e+02
3.345204489255460771e+02 3.358346467464720035e+02
3.391665662499100335e+02 3.404947202554279784e+02
3.438126836212203443e+02 3.451547119904752208e+02
3.484588009666727544e+02 3.498146230090561630e+02
3.531049184258059768e+02 3.544744541833413791e+02
3.577510357508655261e+02 3.591342064094672537e+02
3.623971531481425359e+02 3.637938806581829567e+02
3.670432704763189804e+02 3.684534778483950959e+02
3.716893878618425333e+02 3.731129987781775981e+02
3.763355051806120741e+02 3.777724444727919035e+02
3.809816225192644197e+02 3.824318155760878426e+02
3.856277398351819556e+02 3.870911131625522899e+02
3.902738571579324116e+02 3.917503377583501560e+02
3.949199745057004520e+02 3.964094904638324124e+02
3.995660918587386732e+02 4.010685719571472418e+02
4.042122092251383947e+02 4.057275829751340552e+02
4.088583266883315446e+02 4.103865241682931355e+02
4.135044440163802619e+02 4.150453966187757260e+02
4.181505613353702415e+02 4.197042008753393247e+02
4.227966788288293856e+02 4.243629376436759912e+02
4.274427961737593478e+02 4.290216076137448908e+02
4.320889137320348823e+02 4.336802115879648909e+02
4.367350312454658479e+02 4.383387500778272283e+02
4.413811486100604498e+02 4.429972240032918762e+02
4.460272661740877993e+02 4.476556339569042962e+02
4.506733835258304453e+02 4.523139805939220537e+02
4.553195008404242117e+02 4.569722647473710708e+02
4.599656181912810666e+02 4.616304868818218665e+02
4.646117355307063690e+02 4.662886474767858545e+02
4.692578528778800546e+02 4.709467472969479331e+02
4.739039702234276774e+02 4.756047871806987359e+02
4.785500875544778410e+02 4.802627674092239545e+02
4.831962048708870725e+02 4.849206886273232158e+02
4.878423222543427755e+02 4.895785516162215458e+02
4.924884396296500313e+02 4.942363568797517246e+02
4.971345569509019811e+02 4.988941048092614210e+02
5.017806744858942238e+02 5.035517961137417160e+02
5.064267918065561389e+02 5.082094315440878063e+02
5.110729092706880010e+02 5.128670112594433022e+02
5.157190266260599856e+02 5.175245359160890075e+02
5.203651440276735229e+02 5.221820062267012190e+02
