0.000000000000000000e+00 0.000000000000000000e+00
4.648628867917769192e+00 4.667195151630272321e+00
9.297257735896687691e+00 9.334242492100727873e+00
1.394588660637296407e+01 1.400114437955693525e+01
1.859451548317229452e+01 1.866790312123087148e+01
2.324314436332567269e+01 2.333452097054357566e+01
2.789177323185237611e+01 2.800100012263629878e+01
3.254040211105761671e+01 3.266734272840525932e+01
3.718903098228995674e+01 3.733355088490171880e+01
4.183765985089440420e+01 4.199962663639733762e+01
4.648628872074218066e+01 4.666557200509846837e+01
5.113491760221785398e+01 5.133138893104776201e+01
5.578354648422256901e+01 5.599707931729300014e+01
6.043217535636695459e+01 6.066264505362199344e+01
6.508080424213582660e+01 6.532808796272323093e+01
6.972943311436176828e+01 6.999340982642306130e+01
7.437806202054969162e+01 7.465861241453461616e+01
7.902669093225517827e+01 7.932369741712224709e+01
8.367531983540578722e+01 8.398866652180099379e+01
8.832394871828948624e+01 8.865352138430964146e+01
9.297257760773969437e+01 9.331826357793661941e+01
9.762120650663351284e+01 9.798289470257829237e+01
1.022698354085560197e+02 1.026474162786402928e+02
1.069184643336088527e+02 1.073118298137937074e+02
1.115670932156604636e+02 1.119761368036110696e+02
1.162157221380680312e+02 1.166403386834334128e+02
1.208643510362132503e+02 1.213044368774799011e+02
1.255129799137962436e+02 1.259684327476132637e+02
1.301616088482560656e+02 1.306323276801226712e+02
1.348102377890480739e+02 1.352961229762275934e+02
1.394588666760763545e+02 1.399598199917147667e+02
1.441074955828255497e+02 1.446234199548303536e+02
1.487561244562390925e+02 1.492869241649002277e+02
1.534047533724331629e+02 1.539503338351422599e+02
1.580533822839798859e+02 1.586136501477458864e+02
1.627020112104249279e+02 1.632768743249264958e+02
1.673506401381408750e+02 1.679400074882711067e+02
1.719992690245623521e+02 1.726030508228463418e+02
1.766478979531965194e+02 1.772660053942496461e+02
1.812965269027202169e+02 1.819288724005485278e+02
1.859451558432582203e+02 1.865916528491868007e+02
1.905937847218231695e+02 1.912543477538307570e+02
1.952424136070268332e+02 1.959169582019438849e+02
1.998910424915962665e+02 2.005794852234632231e+02
2.045396714683795949e+02 2.052419298139286070e+02
2.091883004069656522e+02 2.099042929341490833e+02
2.138369292874592134e+02 2.145665756056221483e+02
2.184855582679529391e+02 2.192287787302900597e+02
2.231341872531920671e+02 2.238909032625044233e+02
2.277828162296255528e+02 2.285529501398719958e+02
2.324314451425115067e+02 2.332149202465164990e+02
2.370800740726914171e+02 2.378768143895166247e+02
2.417287029824283309e+02 2.425386335565191303e+02
2.463773319121391978e+02 2.472003784736977252e+02
2.510259608135916665e+02 2.518620500991189317e+02
2.556745897260563538e+02 2.565236491312598446e+02
2.603232186114693150e+02 2.611851764918647518e+02
2.649718475799459156e+02 2.658466329407492594e+02
2.696204764630837190e+02 2.705080192744316037e+02
2.742691053597771997e+02 2.751693362676055585e+02
2.789177343820422266e+02 2.798305846925660489e+02
2.835663632589252074e+02 2.844917652016691818e+02
2.882149921740709146e+02 2.891528785932622441e+02
2.928636211013462116e+02 2.938139256715373904e+02
2.975122500024755254e+02 2.984749069223459514e+02
3.021608789007943301e+02 3.031358232458916291e+02
3.068095077940535020e+02 3.077966752528558345e+02
3.114581366861808647e+02 3.124574636650889374e+02
3.161067655963670973e+02 3.171181890934400371e+02
3.207553945158833812e+02 3.217788523047465787e+02
3.254040234106804519e+02 3.264394537898791100e+02
3.300526523400594670e+02 3.310999942310322695e+02
3.347012812932621273e+02 3.357604743366296134e+02
3.393499102837489545e+02 3.404208946121696613e+02
3.439985392161094069e+02 3.450812557102343590e+02
3.486471681188056664e+02 3.497415582866669865e+02
3.532957970267443670e+02 3.544018028807096812e+02
3.579444259156988437e+02 3.590619901142241588e+02
3.625930548831989881e+02 3.637221204235480627e+02
3.672416837684378379e+02 3.683821945387841197e+02
3.718903127145596841e+02 3.730422129384080563e+02
3.765389416343947460e+02 3.777021761186233562e+02
3.811875706349611619e+02 3.823620846454231241e+02
3.858361997279203024e+02 3.870219392053027150e+02
3.904848286117502312e+02 3.916817400665123046e+02
3.951334575188141116e+02 3.963414880154175535e+02
3.997820863930256792e+02 4.010011834206115964e+02
4.044307152889485906e+02 4.056608265845333108e+02
4.090793443002722256e+02 4.103204181588151869e+02
4.137279732213706893e+02 4.149799588558520327e+02
4.183766021060608296e+02 4.196394489049938556e+02
4.230252310964091293e+02 4.242988888315632607e+02
4.276738602114309629e+02 4.289582790414954161e+02
4.323224892913699478e+02 4.336176200928121034e+02
4.369711183637336944e+02 4.382769123176251469e+02
4.416197473858056810e+02 4.429361561831659060e+02
4.462683762602013644e+02 4.475953522955412609e+02
4.509170053568509502e+02 4.522545009104554765e+02
4.555656342890238193e+02 4.569136026940456645e+02
4.602142633649824575e+02 4.615726577740417724e+02
4.648628923488518012e+02 4.662316667560857013e+02
4.695115212680987042e+02 4.708906298091085887e+02
4.741601501742663345e+02 4.755495475279785182e+02
4.788087791231742472e+02 4.802084203270529201e+02
4.834574082248863078e+02 4.848672485584021956e+02
4.881060371724124138e+02 4.895260326847225087e+02
4.927546660609010019e+02 4.941847732122184880e+02
4.974032950208635384e+02 4.988434701571613914e+02
5.020519240617599053e+02 5.035021242236433636e+02
5.067005529439343832e+02 5.081607354654422579e+02
5.113491820094524769e+02 5.128193044578027866e+02
5.159978111150546738e+02 5.174778317399901653e+02
5.206464400778741037e+02 5.221363173731681400e+02
