0.000000000000000000e+00 0.000000000000000000e+00
6.067319788983049023e+00 6.082552618552448109e+00
1.213463943843389714e+01 1.216501316809543987e+01
1.820195913938432142e+01 1.824738306384989173e+01
2.426927908473491868e+01 2.432966319148665946e+01
3.033659867750434103e+01 3.041185439495763987e+01
3.640391828191102519e+01 3.649395785106987944e+01
4.247123789478520450e+01 4.257597455245615237e+01
4.853855748970660500e+01 4.865790587011358070e+01
5.460587715413568333e+01 5.473975224204166068e+01
6.067319671694012584e+01 6.082151484083988180e+01
6.674051650618307008e+01 6.690319469152422016e+01
7.280783618694650272e+01 7.298479298311860930e+01
7.887515583057678725e+01 7.906631007148587287e+01
8.494247558680972077e+01 8.514774721363998822e+01
9.100979521479874279e+01 9.122910547704687190e+01
9.707711482446430296e+01 9.731038529546046334e+01
1.031444347281660896e+02 1.033915877563493382e+02
1.092117543398328223e+02 1.094727140515256849e+02
1.152790742344918158e+02 1.155537644751989035e+02
1.213463938724840432e+02 1.216347400665369065e+02
1.274137134426767091e+02 1.277156415603039932e+02
1.334810330789274531e+02 1.337964698940630228e+02
1.395483526806124530e+02 1.398772258969456175e+02
1.456156724914877714e+02 1.459579100703239760e+02
1.516829921673451622e+02 1.520385234593749146e+02
1.577503117467681477e+02 1.581190668371139623e+02
1.638176313104730752e+02 1.641995405496188880e+02
1.698849509490408991e+02 1.702799455590924254e+02
1.759522706222476813e+02 1.763602826729661501e+02
1.820195902024545660e+02 1.824405524741943623e+02
1.880869099570582534e+02 1.885207555683124951e+02
1.941542297299159259e+02 1.946008929019637890e+02
2.002215494146461197e+02 2.006809648987641026e+02
2.062888690572727910e+02 2.067609723936054422e+02
2.123561889489379269e+02 2.128409158239425096e+02
2.184235087049239041e+02 2.189207959872981348e+02
2.244908283502298048e+02 2.250006135033382293e+02
2.305581479438345980e+02 2.310803691030507423e+02
2.366254675623869161e+02 2.371600632217554221e+02
2.426927874666873208e+02 2.432396964903902870e+02
2.487601070336735347e+02 2.493192694521060275e+02
2.548274266369339216e+02 2.553987828881332689e+02
2.608947463575140659e+02 2.614782374174066035e+02
2.669620659474574040e+02 2.675576333213994076e+02
2.730293855375507519e+02 2.736369711366067463e+02
2.790967051596350075e+02 2.797162516042473044e+02
2.851640248147906505e+02 2.857954753847740221e+02
2.912313444644289575e+02 2.918746428725919486e+02
2.972986641915975383e+02 2.979537544502441051e+02
3.033659837873934748e+02 3.040328107654120231e+02
3.094333033857840292e+02 3.101118122197832463e+02
3.155006229810942386e+02 3.161907594938280113e+02
3.215679425847504262e+02 3.222696530834792270e+02
3.276352621700394820e+02 3.283484934651129947e+02
3.337025817830819960e+02 3.344272809618756241e+02
3.397699013963864445e+02 3.405060162936947563e+02
3.458372212344420404e+02 3.465846997236222364e+02
3.519045408740428229e+02 3.526633319154235551e+02
3.579718606064581081e+02 3.587419131268021601e+02
3.640391802512633603e+02 3.648204439299928481e+02
3.701064999547966750e+02 3.708989247751835023e+02
3.761738195549226020e+02 3.769773561011402876e+02
3.822411391487914329e+02 3.830557383637610656e+02
3.883084587716926421e+02 3.891340720256365557e+02
3.943757785532463913e+02 3.952123574113350060e+02
4.004430981532340184e+02 4.012905950597051969e+02
4.065104179044129751e+02 4.073687855124330781e+02
4.125777375400986102e+02 4.134469288275093959e+02
4.186450571014836441e+02 4.195250254127711287e+02
4.247123767074642160e+02 4.256030760369022801e+02
4.307796963114346909e+02 4.316810806411708086e+02
4.368470158979906728e+02 4.377590399478089580e+02
4.429143354784845314e+02 4.438369542178307938e+02
4.489816550530798622e+02 4.499148240548540798e+02
4.550489746714049488e+02 4.559926494616141213e+02
4.611162943904369627e+02 4.620704308312418789e+02
4.671836141667655511e+02 4.681481687912823872e+02
4.732509337520094732e+02 4.742258635255187755e+02
4.793182533600609077e+02 4.803035154555435611e+02
4.853855729925501237e+02 4.863811250088017459e+02
4.914528925588477932e+02 4.924586923180869462e+02
4.975202124428949446e+02 4.985362179707846053e+02
5.035875321964073237e+02 5.046137023580985783e+02
5.096548518375170147e+02 5.106911453552433500e+02
5.157221714461778674e+02 5.167685478163036805e+02
5.217894912499523343e+02 5.228459095711840519e+02
5.278568111414164150e+02 5.289232312282541670e+02
5.339241309320736946e+02 5.350005131838013313e+02
5.399914508165140887e+02 5.410777556634366192e+02
5.460587704292424860e+02 5.471549590126626299e+02
5.521260901566272423e+02 5.532321234371413539e+02
5.581934099935801896e+02 5.593092492087721439e+02
5.642607296209736205e+02 5.653863368746910965e+02
5.703280492928134890e+02 5.714633863991023190e+02
5.763953690038313198e+02 5.775403985233949697e+02
5.824626887303143121e+02 5.836173730788118519e+02
5.885300084599450656e+02 5.896943105305963400e+02
5.945973282191602038e+02 5.957712111311518584e+02
6.006646479357308408e+02 6.018480754599011107e+02
6.067319675456800496e+02 6.079249032852210348e+02
6.127992871332012328e+02 6.140016951618590610e+02
6.188666067334811487e+02 6.200784512852185344e+02
6.249339263338790715e+02 6.261551721017037835e+02
6.310012459611107261e+02 6.322318576036591367e+02
6.370685656831515189e+02 6.383085084204496980e+02
6.431358853488982277e+02 6.443851245727078094e+02
6.492032049930053290e+02 6.504617061075462061e+02
6.552705246283705947e+02 6.565382535083413131e+02
6.613378443523622536e+02 6.626147672844232375e+02
6.674051639731551404e+02 6.686912472218533594e+02
6.734724835980724720e+02 6.747676937099054157e+02
6.795398032296091060e+02 6.808441070569349449e+02
6.856071228580199204e+02 6.869204874888805534e+02
6.916744424812721945e+02 6.929968352718153710e+02
6.977417621395316019e+02 6.990731505354831370e+02
7.038090818900520844e+02 7.051494337509368506e+02
7.098764015097361835e+02 7.112256850149908587e+02
7.159437211175763878e+02 7.173019043440785936e+02
7.220110408303426084e+02 7.233780922002756597e+02
7.280783605708772939e+02 7.294542487679336773e+02
7.341456802363576344e+02 7.355303743499364373e+02
7.402130000014731195e+02 7.416064689013675206e+02
7.462803197629625629e+02 7.476825329380999392e+02
7.523476393444977930e+02 7.537585665343870005e+02
7.584149590270110366e+02 7.598345698957996319e+02
7.644822786187919519e+02 7.659105432269925586e+02
7.705495984773226610e+02 7.719864867420361634e+02
7.766169180609408613e+02 7.780624006145210387e+02
7.826842379377497991e+02 7.841382850556096855e+02
7.887515577194351408e+02 7.902141403768034706e+02
7.948188774302032016e+02 7.962899667120598224e+02
8.008861973460614081e+02 8.023657641147356117e+02
8.069535170779390683e+02 8.084415330981886427e+02
8.130208366724361895e+02 8.145172735451698145e+02
8.190881563113091488e+02 8.205929858477591097e+02
8.251554759106661550e+02 8.266686700422881131e+02
8.312227957632928792e+02 8.327443262840356510e+02
8.372901154345386203e+02 8.388199547640990659e+02
8.433574351570700856e+02 8.448955559435424902e+02
8.494247548001541190e+02 8.509711295346205588e+02
8.554920746077060585e+02 8.570466760153335599e+02
8.615593944142055989e+02 8.631221957880886748e+02
8.676267140401726010e+02 8.691976885306128224e+02
8.736940337180856204e+02 8.752731546040156445e+02
