0.000000000000000000e+00 0.000000000000000000e+00
6.067319786987760644e+00 6.082552778963440154e+00
1.213463944109605208e+01 1.216501331564002797e+01
1.820195935746810534e+01 1.824738332091133941e+01
2.426927901441702318e+01 2.432966322833154749e+01
3.033659877594342191e+01 3.041185446152748995e+01
3.640391863125223892e+01 3.649395810348621438e+01
4.247123825083382798e+01 4.257597476989544560e+01
4.853855815223377590e+01 4.865790575041168609e+01
5.460587788431834610e+01 5.473975219832081507e+01
6.067319748547495806e+01 6.082151508471699941e+01
6.674051731397874221e+01 6.690319493740814494e+01
7.280783697295939305e+01 7.298479315983027504e+01
7.887515683277615608e+01 7.906631053620272098e+01
8.494247657261800555e+01 8.514774783807543201e+01
9.100979640418455574e+01 9.122910605127205486e+01
9.707711608016876426e+01 9.731038595392823254e+01
1.031444359846486378e+02 1.033915884615790191e+02
1.092117555548360031e+02 1.094727146094872836e+02
1.152790752113702979e+02 1.155537650815300310e+02
1.213463950188304068e+02 1.216347406089575287e+02
1.274137146259023723e+02 1.277156421803110504e+02
1.334810343122684060e+02 1.337964704526332298e+02
1.395483539064585727e+02 1.398772262812909162e+02
1.456156737224687845e+02 1.459579106607080234e+02
1.516829934187970537e+02 1.520385239016548553e+02
1.577503132936234351e+02 1.581190670974635566e+02
1.638176328595197617e+02 1.641995408170455164e+02
1.698849524477554667e+02 1.702799458169016020e+02
1.759522721413902673e+02 1.763602829857784400e+02
1.820195918529945516e+02 1.824405527057899690e+02
1.880869114800747752e+02 1.885207560751476308e+02
1.941542311699815002e+02 1.946008933287393745e+02
2.002215508715555927e+02 2.006809654221377741e+02
2.062888706670169654e+02 2.067609728206260229e+02
2.123561904250529437e+02 2.128409163136745406e+02
2.184235101791419424e+02 2.189207965538789722e+02
2.244908297395298291e+02 2.250006140110361628e+02
2.305581493920216190e+02 2.310803694288615020e+02
2.366254691921067206e+02 2.371600634295268719e+02
2.426927888614476387e+02 2.432396966147320541e+02
2.487601084265116924e+02 2.493192695728809554e+02
2.548274280205843070e+02 2.553987831023631259e+02
2.608947476136218029e+02 2.614782373937895841e+02
2.669620672009208420e+02 2.675576334050136893e+02
2.730293870539239833e+02 2.736369712259034941e+02
2.790967066761734259e+02 2.797162516219613622e+02
2.851640263294063971e+02 2.857954753531167853e+02
2.912313459784658107e+02 2.918746425932840793e+02
2.972986657902963543e+02 2.979537542593132571e+02
3.033659853836720686e+02 3.040328105815503932e+02
3.094333049936822704e+02 3.101118121111636015e+02
3.155006245536175129e+02 3.161907593333868363e+02
3.215679443467757324e+02 3.222696528704278762e+02
3.276352640115090935e+02 3.283484932706877544e+02
3.337025836112508159e+02 3.344272807624623738e+02
3.397699032274904312e+02 3.405060159940890685e+02
3.458372228955404353e+02 3.465846994313419600e+02
3.519045425355525367e+02 3.526633317050979599e+02
3.579718621188352472e+02 3.587419129587335647e+02
3.640391818580579297e+02 3.648204437575813017e+02
3.701065015053296747e+02 3.708989246547551488e+02
3.761738211865122139e+02 3.769773560006331650e+02
3.822411407823814216e+02 3.830557382701596225e+02
3.883084603867099531e+02 3.891340719307904692e+02
3.943757799827045574e+02 3.952123573563280843e+02
4.004430997958980925e+02 4.012905948922016250e+02
4.065104193894015339e+02 4.073687851168503471e+02
4.125777390938234248e+02 4.134469284918071708e+02
4.186450588660586050e+02 4.195250251317370385e+02
4.247123786516945074e+02 4.256030756589450448e+02
4.307796982292050529e+02 4.316810802728356293e+02
4.368470179940113098e+02 4.377590395181835561e+02
4.429143378006506850e+02 4.438369537357801846e+02
4.489816575554252722e+02 4.499148233314210188e+02
4.550489772797167234e+02 4.559926486214567376e+02
4.611162968591506228e+02 4.620704301089273258e+02
4.671836164319748832e+02 4.681481680651939428e+02
4.732509361042630189e+02 4.742258627464779011e+02
4.793182557502199757e+02 4.803035147265979958e+02
4.853855753483012450e+02 4.863811242462478504e+02
4.914528949806381206e+02 4.924586915429110832e+02
4.975202146135109160e+02 4.985362172100194584e+02
5.035875343637444530e+02 5.046137013305004189e+02
5.096548539858748086e+02 5.106911443925480398e+02
5.157221736051454855e+02 5.167685466568100310e+02
5.217894932721155783e+02 5.228459084838295894e+02
5.278568130630515043e+02 5.289232302247555708e+02
5.339241326501480671e+02 5.350005121762321778e+02
5.399914522451845187e+02 5.410777546713275115e+02
5.460587718811050308e+02 5.471549581461704292e+02
5.521260917272742290e+02 5.532321224765582883e+02
5.581934115692204159e+02 5.593092482666322667e+02
5.642607311468070748e+02 5.653863359495915120e+02
5.703280508179093431e+02 5.714633854823350703e+02
5.763953705284698117e+02 5.775403975423098473e+02
5.824626903443302126e+02 5.836173721036127517e+02
5.885300100758145163e+02 5.896943095251637033e+02
5.945973298348926619e+02 5.957712102149369002e+02
6.006646495512336514e+02 6.018480743216866813e+02
6.067319691952113772e+02 6.079249021860669018e+02
6.127992887838470324e+02 6.140016940721717447e+02
6.188666083838085115e+02 6.200784502071064708e+02
6.249339279852324580e+02 6.261551710684825593e+02
6.310012476074260803e+02 6.322318565771786325e+02
6.370685673973706571e+02 6.383085073535274887e+02
6.431358870295191537e+02 6.443851233054028853e+02
6.492032066737199330e+02 6.504617048562624859e+02
6.552705263089967502e+02 6.565382522818185862e+02
6.613378459570885752e+02 6.626147661215704829e+02
6.674051655810246757e+02 6.686912460629253019e+02
6.734724852078925323e+02 6.747676925884682078e+02
6.795398048385418406e+02 6.808441059541074765e+02
6.856071244667230076e+02 6.869204866506016742e+02
6.916744441059383917e+02 6.929968345496691882e+02
6.977417637195570705e+02 6.990731499474907196e+02
7.038090834087710164e+02 7.051494330284325542e+02
7.098764030223310328e+02 7.112256843430725439e+02
7.159437226308973550e+02 7.173019036240493733e+02
7.220110423449234531e+02 7.233780914860980147e+02
7.280783620870234927e+02 7.294542482386239044e+02
7.341456816806487495e+02 7.355303736422188194e+02
7.402130012618274577e+02 7.416064682725125294e+02
7.462803210237771054e+02 7.476825323158659558e+02
7.523476408811067131e+02 7.537585659193755419e+02
7.584149607500269212e+02 7.598345692875295754e+02
7.644822804874195299e+02 7.659105426025696488e+02
7.705496000659202309e+02 7.719864861957898938e+02
7.766169196494764719e+02 7.780624000735076606e+02
7.826842395381941060e+02 7.841382845964719763e+02
7.887515593201676438e+02 7.902141398813208752e+02
7.948188790305514431e+02 7.962899661917356298e+02
8.008861988918720272e+02 8.023657636031257425e+02
8.069535185343713692e+02 8.084415322581596683e+02
8.130208381288342707e+02 8.145172727040476275e+02
8.190881577678533176e+02 8.205929847142908784e+02
8.251554773675854904e+02 8.266686689153143561e+02
8.312227972205359947e+02 8.327443251649567628e+02
8.372901168920418513e+02 8.388199538037090406e+02
8.433574365812960423e+02 8.448955547293280688e+02
8.494247562239769422e+02 8.509711284840570897e+02
8.554920758928803934e+02 8.570466751783320660e+02
8.615593956748577966e+02 8.631221947085753072e+02
8.676267155556768103e+02 8.691976876491482926e+02
8.736940351794044091e+02 8.752731539357735073e+02
