0.000000000000000000e+00 0.000000000000000000e+00
4.805519828392087689e+00 4.823179724800447765e+00
9.611039657899503652e+00 9.646230288115191343e+00
1.441655948655997932e+01 1.446915357409515934e+01
1.922207931698591921e+01 1.929195143393916823e+01
2.402759914858899037e+01 2.411462567561749637e+01
2.883311898062950007e+01 2.893717807017905130e+01
3.363863881309301007e+01 3.375961034222245161e+01
3.844415864174919761e+01 3.858192418793092315e+01
4.324967847502453111e+01 4.340412127482476023e+01
4.805519832031711758e+01 4.822620322473596133e+01
5.286071815509896510e+01 5.304817161226506528e+01
5.766623799056758060e+01 5.787002801413220965e+01
6.247175782661265941e+01 6.269177395902455885e+01
6.727727768051312296e+01 6.751341093101709134e+01
7.208279751864012042e+01 7.233494038050801578e+01
7.688831735709972293e+01 7.715636376328458823e+01
8.169383721169992896e+01 8.197768249911106864e+01
8.649935704392024149e+01 8.679889794382117429e+01
9.130487689795788242e+01 9.162001144738371750e+01
9.611039673675207951e+01 9.644102432249869139e+01
1.009159165791117516e+02 1.012619379111036153e+02
1.057214364491041891e+02 1.060827534673046841e+02
1.105269563046863652e+02 1.109034722317702801e+02
1.153324761672413246e+02 1.157240954232607351e+02
1.201379960390476640e+02 1.205446242649822750e+02
1.249435159183630759e+02 1.253650599116382693e+02
1.297490357961479504e+02 1.301854035300563623e+02
1.345545556742345639e+02 1.350056562425760092e+02
1.393600755395988813e+02 1.398258192009763832e+02
1.441655953938797552e+02 1.446458934896618302e+02
1.489711152456135892e+02 1.494658801852654335e+02
1.537766351343450140e+02 1.542857803472109879e+02
1.585821549721238455e+02 1.591055949941886070e+02
1.633876748084006749e+02 1.639253251435549146e+02
1.681931946550028556e+02 1.687449718014328255e+02
1.729987145371714519e+02 1.735645359756101982e+02
1.778042344298390560e+02 1.783840185619109207e+02
1.826097543102969780e+02 1.832034205623072580e+02
1.874152741500302000e+02 1.880227429051131480e+02
1.922207940492420448e+02 1.928419865029810296e+02
1.970263139360639855e+02 1.976611523028592501e+02
2.018318338236932732e+02 2.024802411244128280e+02
2.066373537187792522e+02 2.072992538708504924e+02
2.114428736033452765e+02 2.121181913028039503e+02
2.162483935078879256e+02 2.169370543298132361e+02
2.210539133785425179e+02 2.217558437958678610e+02
2.258594332425433322e+02 2.265745605722468099e+02
2.306649531051063491e+02 2.313932053617282349e+02
2.354704729975045439e+02 2.362117789879189331e+02
2.402759928742680131e+02 2.410302821472415360e+02
2.450815128155564366e+02 2.458487156740291368e+02
2.498870327422467028e+02 2.506670803074891296e+02
2.546925526460750291e+02 2.554853767604201664e+02
2.594980725183642107e+02 2.603036058300432387e+02
2.643035924176576259e+02 2.651217681874921936e+02
2.691091122765890304e+02 2.699398644958336035e+02
2.739146322323883851e+02 2.747578955284428730e+02
2.787201521321281348e+02 2.795758618417764865e+02
2.835256720717492271e+02 2.843937642490026292e+02
2.883311920189833586e+02 2.892116032712554556e+02
2.931367118629437982e+02 2.940293796261053103e+02
2.979422317075772639e+02 2.988470940414555344e+02
3.027477515527216951e+02 3.036647469606692766e+02
3.075532714909596734e+02 3.084823391821772702e+02
3.123587914565831056e+02 3.132998712188276045e+02
3.171643114032041808e+02 3.181173436334719895e+02
3.219698312783600613e+02 3.229347570391317959e+02
3.267753511339948318e+02 3.277521120487394910e+02
3.315808710065513196e+02 3.325694093026902465e+02
3.363863908506525604e+02 3.373866493113186493e+02
3.411919107974798635e+02 3.422038325828540906e+02
3.459974306386901617e+02 3.470209596450677054e+02
3.508029505066691627e+02 3.518380311035637646e+02
3.556084703831551792e+02 3.566550474599608833e+02
3.604139902245068470e+02 3.614720092825050415e+02
3.652195100635797189e+02 3.662889171643290638e+02
3.700250299508239777e+02 3.711057715126009953e+02
3.748305498364579762e+02 3.759225728085274341e+02
3.796360697287932453e+02 3.807393216640444962e+02
3.844415895758513670e+02 3.855560184573988636e+02
3.892471094663208078e+02 3.903726637109289186e+02
3.940526293328364318e+02 3.951892578609488282e+02
3.988581491805907717e+02 4.000058014790207039e+02
4.036636690397093616e+02 4.048222948052052175e+02
4.084691889208944531e+02 4.096387385126164986e+02
4.132747088291163209e+02 4.144551329200103282e+02
4.180802287125449084e+02 4.192714785921084513e+02
4.228857486843460265e+02 4.240877759411177976e+02
4.276912685418727165e+02 4.289040253443888560e+02
4.324967884376604843e+02 4.337202273166933537e+02
4.373023083375768465e+02 4.385363822730976153e+02
4.421078282440713565e+02 4.433524904796124133e+02
4.469133481028244432e+02 4.481685524027775500e+02
4.517188679993083724e+02 4.529845685415518801e+02
4.565243879037034844e+02 4.578005392013106416e+02
4.613299077714999044e+02 4.626164648083690736e+02
4.661354276508528187e+02 4.674323458339661101e+02
4.709409475325800258e+02 4.722481826316458751e+02
4.757464674526387398e+02 4.770639754987420247e+02
4.805519874400504250e+02 4.818797249184819975e+02
4.853575074197951835e+02 4.866954310802720443e+02
4.901630272644779325e+02 4.915110945328175376e+02
4.949685472417227174e+02 4.963267154823360556e+02
4.997740670884319343e+02 5.011422944255027687e+02
5.045795871513875568e+02 5.059578316372559357e+02
5.093851070971617787e+02 5.107733276097538351e+02
5.141906270002199335e+02 5.155887825627673919e+02
5.189961469491141770e+02 5.204041968474014084e+02
5.238016668165025749e+02 5.252195705852716401e+02
5.286071866760048579e+02 5.300349044015566733e+02
5.334127065542263608e+02 5.348501984611388025e+02
5.382182264745079010e+02 5.396654531629665144e+02
5.430237463462999585e+02 5.444806689037811793e+02
5.478292661942439281e+02 5.492958458788409644e+02
5.526347861803087653e+02 5.541109843675565116e+02
5.574403060264839951e+02 5.589260847413288502e+02
5.622458260768942182e+02 5.637411473554635677e+02
5.670513459766252709e+02 5.685561724799576950e+02
5.718568658869423871e+02 5.733711601576297880e+02
5.766623859608969269e+02 5.781861110254907317e+02
5.814679058179092408e+02 5.830010252860495257e+02
5.862734258448454057e+02 5.878159032248834137e+02
5.910789457697317175e+02 5.926307448940758604e+02
5.958844657385964183e+02 5.974455510072643847e+02
6.006899857927173798e+02 6.022603215367200846e+02
6.054955057942593157e+02 6.070750566873800835e+02
6.103010258170305633e+02 6.118897568996603695e+02
6.151065457709014481e+02 6.167044224549584897e+02
6.199120657042783478e+02 6.215190534248729364e+02
6.247175857205654665e+02 6.263336501883840128e+02
6.295231056714666238e+02 6.311482130847352892e+02
6.343286256592232348e+02 6.359627422298340207e+02
6.391341456602931430e+02 6.407772379079029861e+02
6.439396654992617641e+02 6.455917005075302768e+02
6.487451854727700038e+02 6.504061301180049668e+02
6.535507053300248117e+02 6.552205272392282041e+02
6.583562251917327330e+02 6.600348918035285806e+02
6.631617451368701950e+02 6.648492240873598575e+02
6.679672651379069066e+02 6.696635243830060062e+02
6.727727850270175622e+02 6.744777928847718158e+02
6.775783049398476123e+02 6.792920301358432198e+02
6.823838249425321010e+02 6.841062358420683722e+02
6.871893448150375434e+02 6.889204106638567282e+02
6.919948647738164027e+02 6.937345544728884761e+02
