0.000000000000000000e+00 0.000000000000000000e+00
6.067319784846178621e+00 6.082552719902587057e+00
1.213463966881424128e+01 1.216501349716597602e+01
1.820195958446448969e+01 1.824738315644333397e+01
2.426927914888809212e+01 2.432966304648871869e+01
3.033659873868187518e+01 3.041185434911282570e+01
3.640391832550736240e+01 3.649395789456569617e+01
4.247123792700148215e+01 4.257597452685024564e+01
4.853855751671545704e+01 4.865790555553341790e+01
5.460587734431719298e+01 5.473975194402586908e+01
6.067319708833555580e+01 6.082151470098170165e+01
6.674051677852818898e+01 6.690319449899615734e+01
7.280783647454109087e+01 7.298479257852179103e+01
7.887515637333774521e+01 7.906630987135989130e+01
8.494247597937845740e+01 8.514774701067412366e+01
9.100979558451902562e+01 9.122910511256372956e+01
9.707711519222344521e+01 9.731038523821739261e+01
1.031444350967121579e+02 1.033915877657556450e+02
1.092117549740472953e+02 1.094727137473009577e+02
1.152790745304180859e+02 1.155537643565836703e+02
1.213463943333849500e+02 1.216347398758381502e+02
1.274137142576896053e+02 1.277156413469965912e+02
1.334810341625041303e+02 1.337964697156029672e+02
1.395483538887392001e+02 1.398772257971997135e+02
1.456156735401631579e+02 1.459579101071915090e+02
1.516829931764332287e+02 1.520385234022640475e+02
1.577503127509173453e+02 1.581190667933079794e+02
1.638176323377276162e+02 1.641995405125829279e+02
1.698849519273832982e+02 1.702799455265008817e+02
1.759522715263888131e+02 1.763602825489659267e+02
1.820195910951233600e+02 1.824405523074875362e+02
1.880869109802853814e+02 1.885207554559078744e+02
1.941542305621714775e+02 1.946008928783920737e+02
2.002215501642653237e+02 2.006809649899273325e+02
2.062888697716925321e+02 2.067609723725660729e+02
2.123561895273230959e+02 2.128409158605876428e+02
2.184235092820768500e+02 2.189207962554879714e+02
2.244908288978515145e+02 2.250006137881393329e+02
2.305581485549526803e+02 2.310803692731652745e+02
2.366254681937991791e+02 2.371600632740222636e+02
2.426927878645734040e+02 2.432396965088469187e+02
2.487601074788987603e+02 2.493192694561959115e+02
2.548274270833888409e+02 2.553987827349864119e+02
2.608947468340296041e+02 2.614782369824785064e+02
2.669620666652754153e+02 2.675576328732180400e+02
2.730293864010010338e+02 2.736369706587669270e+02
2.790967061932164484e+02 2.797162513061841196e+02
2.851640258987966945e+02 2.857954748932223765e+02
2.912313455479232971e+02 2.918746421684785446e+02
2.972986652147201312e+02 2.979537537568822927e+02
3.033659848104283583e+02 3.040328100772874222e+02
3.094333044815197127e+02 3.101118116583516553e+02
3.155006241007878316e+02 3.161907589274444490e+02
3.215679437067019535e+02 3.222696524636872368e+02
3.276352633011129001e+02 3.283484928574282549e+02
3.337025829215263002e+02 3.344272803634656270e+02
3.397699027099610589e+02 3.405060156615505775e+02
3.458372223217457986e+02 3.465846992656481689e+02
3.519045419692607766e+02 3.526633313410129063e+02
3.579718618123637270e+02 3.587419125647181204e+02
3.640391816916222751e+02 3.648204434275746735e+02
3.701065014310897254e+02 3.708989245641175785e+02
3.761738210537546365e+02 3.769773559388489730e+02
3.822411409310716408e+02 3.830557382111024367e+02
3.883084607793400664e+02 3.891340719095599070e+02
3.943757806401661128e+02 3.952123574863553586e+02
4.004431004879071452e+02 4.012905951898479771e+02
4.065104201297644408e+02 4.073687854054369382e+02
4.125777398309673458e+02 4.134469287457787345e+02
4.186450594091626272e+02 4.195250256372347621e+02
4.247123791364335830e+02 4.256030760624261120e+02
4.307796987156710316e+02 4.316810806769030933e+02
4.368470182831368902e+02 4.377590399085838726e+02
4.429143380413829618e+02 4.438369542246286983e+02
4.489816576524597167e+02 4.499148237938919124e+02
4.550489773537269116e+02 4.559926491364763024e+02
4.611162969304397734e+02 4.620704307010546472e+02
4.671836167263638799e+02 4.681481687256525674e+02
4.732509363267840854e+02 4.742258634444611971e+02
4.793182559410560657e+02 4.803035153582222847e+02
4.853855755705188812e+02 4.863811250250696503e+02
4.914528952010053899e+02 4.924586923274387118e+02
4.975202150844846756e+02 4.985362179917721051e+02
5.035875348340366600e+02 5.046137021972801904e+02
5.096548545199250384e+02 5.106911452592059959e+02
5.157221741245199382e+02 5.167685475490593490e+02
5.217894937290408279e+02 5.228459093873168513e+02
5.278568134960332827e+02 5.289232310538582169e+02
5.339241331137251336e+02 5.350005130585673214e+02
5.399914530028142963e+02 5.410777554776041143e+02
5.460587725860196997e+02 5.471549587411054745e+02
5.521260921911575679e+02 5.532321231264647849e+02
5.581934120290525243e+02 5.593092489551647759e+02
5.642607316254595844e+02 5.653863366316084011e+02
5.703280512962321609e+02 5.714633861867798714e+02
5.763953710070468333e+02 5.775403981937761273e+02
5.824626907335356236e+02 5.836173727006272429e+02
5.885300104631832028e+02 5.896943101883405234e+02
5.945973302226379928e+02 5.957712110795716853e+02
6.006646499403427697e+02 6.018480752023936020e+02
6.067319695707286655e+02 6.079249031252637678e+02
6.127992891598532879e+02 6.140016950101007751e+02
6.188666087605588473e+02 6.200784514284723627e+02
6.249339283611941482e+02 6.261551721280977745e+02
6.310012479892991450e+02 6.322318579467802238e+02
6.370685675955911620e+02 6.383085086543219404e+02
6.431358872265907394e+02 6.443851246915396587e+02
6.492032068711409920e+02 6.504617064547925338e+02
6.552705265070237601e+02 6.565382538762225977e+02
6.613378461699683157e+02 6.626147674164246837e+02
6.674051657949953551e+02 6.686912473668345456e+02
6.734724854219251711e+02 6.747676939469481567e+02
6.795398051054055486e+02 6.808441072859442329e+02
6.856071246910192940e+02 6.869204877111328642e+02
6.916744443114766909e+02 6.929968355089542911e+02
6.977417639301178269e+02 6.990731507643470195e+02
7.038090835474014284e+02 7.051494338211145987e+02
7.098764031597171424e+02 7.112256848474079334e+02
7.159437227683922629e+02 7.173019044420252612e+02
7.220110424841273016e+02 7.233780923950901069e+02
7.280783622261874370e+02 7.294542491461048712e+02
7.341456818157371345e+02 7.355303745713970329e+02
7.402130015795872851e+02 7.416064692974223362e+02
7.462803213412219066e+02 7.476825333388815125e+02
7.523476411054314212e+02 7.537585669392465206e+02
7.584149606870241769e+02 7.598345703052630142e+02
7.644822804681775779e+02 7.659105436414847645e+02
7.705496003847695192e+02 7.719864871615679931e+02
7.766169200246833952e+02 7.780624009372310184e+02
7.826842399174556704e+02 7.841382853902995294e+02
7.887515597004053234e+02 7.902141406735046303e+02
7.948188794109485116e+02 7.962899669195192018e+02
8.008861990635602979e+02 8.023657643180079049e+02
8.069535187128835787e+02 8.084415332679172934e+02
8.130208386033796160e+02 8.145172737191751366e+02
8.190881582425320175e+02 8.205929857897224338e+02
8.251554778415820692e+02 8.266686699866529580e+02
8.312227975886468130e+02 8.327443262365578676e+02
8.372901172612100709e+02 8.388199547224409116e+02
8.433574371049952560e+02 8.448955556881974189e+02
8.494247567480407497e+02 8.509711293380869392e+02
8.554920764541491280e+02 8.570466758188701988e+02
8.615593963866645026e+02 8.631221954188574728e+02
8.676267160145930575e+02 8.691976884786113260e+02
8.736940357361033875e+02 8.752731546029094716e+02
