0.000000000000000000e+00 0.000000000000000000e+00
6.067319790093574916e+00 6.082552862246471292e+00
1.213463949167580935e+01 1.216501340191796565e+01
1.820195940811933255e+01 1.824738325099600544e+01
2.426927907617706381e+01 2.432966320953272543e+01
3.033659898063273275e+01 3.041185450250484479e+01
3.640391880516965273e+01 3.649395788966394605e+01
4.247123872528672450e+01 4.257597453408904187e+01
4.853855843373536061e+01 4.865790553452754352e+01
5.460587801400220087e+01 5.473975195046521236e+01
6.067319788462137353e+01 6.082151482902321504e+01
6.674051771354261575e+01 6.690319463626984486e+01
7.280783758248522020e+01 7.298479269715909368e+01
7.887515716005810873e+01 7.906630979726546116e+01
8.494247693435977453e+01 8.514774706029830043e+01
9.100979686241186073e+01 9.122910514731782428e+01
9.707711657016224649e+01 9.731038505497420488e+01
1.031444364748546150e+02 1.033915877932132474e+02
1.092117560739615101e+02 1.094727140896659421e+02
1.152790756369886083e+02 1.155537644156477768e+02
1.213463954923720394e+02 1.216347399166849073e+02
1.274137152777623641e+02 1.277156414697614792e+02
1.334810351629707839e+02 1.337964698475991270e+02
1.395483548349043588e+02 1.398772258719777710e+02
1.456156747083099958e+02 1.459579102193228550e+02
1.516829943793488269e+02 1.520385235493045570e+02
1.577503140293160584e+02 1.581190669331278968e+02
1.638176335932997745e+02 1.641995408813557447e+02
1.698849531820652032e+02 1.702799458358858260e+02
1.759522728564642193e+02 1.763602829279744242e+02
1.820195924221403061e+02 1.824405527850943827e+02
1.880869120338536220e+02 1.885207559542775471e+02
1.941542317226613079e+02 1.946008931629117455e+02
2.002215514229377504e+02 2.006809650972988379e+02
2.062888710294791679e+02 2.067609725453907572e+02
2.123561907826268111e+02 2.128409160206076081e+02
2.184235105350488197e+02 2.189207961665732398e+02
2.244908303081580812e+02 2.250006136856872843e+02
2.305581500853913894e+02 2.310803692846411082e+02
2.366254696802563160e+02 2.371600632684596235e+02
2.426927893572734547e+02 2.432396966131915690e+02
2.487601089206936535e+02 2.493192695602678839e+02
2.548274285252730920e+02 2.553987830531985992e+02
2.608947482243895593e+02 2.614782372606529179e+02
2.669620678128623013e+02 2.675576331481140642e+02
2.730293874204273834e+02 2.736369709722674202e+02
2.790967070438736641e+02 2.797162513387796707e+02
2.851640266962039618e+02 2.857954748960709139e+02
2.912313463456026170e+02 2.918746421439687992e+02
2.972986660699589265e+02 2.979537537355598147e+02
3.033659856774640957e+02 3.040328100589597398e+02
3.094333054056232299e+02 3.101118115503633135e+02
3.155006251119553440e+02 3.161907589335321518e+02
3.215679448942643148e+02 3.222696524900565578e+02
3.276352644886416101e+02 3.283484928885426370e+02
3.337025841297124771e+02 3.344272803973718737e+02
3.397699038066029402e+02 3.405060156103308486e+02
3.458372234185731031e+02 3.465846990568851425e+02
3.519045430310435449e+02 3.526633311789557865e+02
3.579718626308374496e+02 3.587419124796209644e+02
3.640391822334422045e+02 3.648204434383240482e+02
3.701065020137134525e+02 3.708989242838111977e+02
3.761738216114472948e+02 3.769773556217453461e+02
3.822411413014475556e+02 3.830557379045425250e+02
3.883084608933090180e+02 3.891340715003969990e+02
3.943757806448477368e+02 3.952123569580990079e+02
4.004431002413126635e+02 4.012905945680325885e+02
4.065104198577952275e+02 4.073687849668535819e+02
4.125777394811584600e+02 4.134469281512691055e+02
4.186450590931355009e+02 4.195250247535233257e+02
4.247123787728527873e+02 4.256030754066267718e+02
4.307796983749761921e+02 4.316810800186005963e+02
4.368470181226614386e+02 4.377590392123988750e+02
4.429143378849215651e+02 4.438369534309118194e+02
4.489816575032583046e+02 4.499148230708871097e+02
4.550489771448849297e+02 4.559926484677322378e+02
4.611162967246568201e+02 4.620704299313181309e+02
4.671836163026197823e+02 4.681481678791567447e+02
4.732509359116488099e+02 4.742258626714663592e+02
4.793182555868727377e+02 4.803035146066042671e+02
4.853855751819193642e+02 4.863811242479453085e+02
4.914528947870309139e+02 4.924586916882568062e+02
4.975202145032573071e+02 4.985362173544251618e+02
5.035875342534147876e+02 5.046137014785538213e+02
5.096548538721101522e+02 5.106911444527343065e+02
5.157221736671140206e+02 5.167685466654663742e+02
5.217894933177472012e+02 5.228459085818401491e+02
5.278568131395250020e+02 5.289232303878382027e+02
5.339241327524703138e+02 5.350005123486403136e+02
5.399914526104821562e+02 5.410777548424759971e+02
5.460587722040418157e+02 5.471549581560982460e+02
5.521260918078492068e+02 5.532321227634853358e+02
5.581934116454208379e+02 5.593092485914153258e+02
5.642607312546067533e+02 5.653863362776360191e+02
5.703280509244787027e+02 5.714633858148813488e+02
5.763953706352805284e+02 5.775403977786031646e+02
5.824626903620868461e+02 5.836173722789899330e+02
5.885300100912069183e+02 5.896943097385537840e+02
5.945973298517214971e+02 5.957712103581829979e+02
6.006646495685421314e+02 6.018480747188325495e+02
6.067319691800075816e+02 6.079249026416141533e+02
6.127992887686330050e+02 6.140016945268587278e+02
6.188666083693735800e+02 6.200784506580037032e+02
6.249339279593864376e+02 6.261551713427913910e+02
6.310012475874974598e+02 6.322318569145430729e+02
6.370685673623511320e+02 6.383085076425659281e+02
6.431358869971438708e+02 6.443851236098039408e+02
6.492032066417350507e+02 6.504617054599025323e+02
6.552705262771241905e+02 6.565382528748891673e+02
6.613378459119551280e+02 6.626147667027350963e+02
6.674051655353930528e+02 6.686912467635114581e+02
6.734724851624093844e+02 6.747676932458925876e+02
6.795398047939571597e+02 6.808441067212189637e+02
6.856071243869131422e+02 6.869204872593689970e+02
6.916744440095626487e+02 6.929968349855919314e+02
6.977417637022222152e+02 6.990731502566580957e+02
7.038090833161049886e+02 7.051494332786546693e+02
7.098764029289445716e+02 7.112256843261291124e+02
7.159437225378426319e+02 7.173019036072377048e+02
7.220110422501604717e+02 7.233780915659385755e+02
7.280783619951746459e+02 7.294542483269361810e+02
7.341456816130513516e+02 7.355303736674300126e+02
7.402130011923320581e+02 7.416064683039971897e+02
7.462803209543374123e+02 7.476825323470072817e+02
7.523476408018898383e+02 7.537585659504275100e+02
7.584149604274080048e+02 7.598345693184706988e+02
7.644822800105209808e+02 7.659105426564061645e+02
7.705495996267409282e+02 7.719864861673454470e+02
7.766169193017462931e+02 7.780624000460893512e+02
7.826842391956372467e+02 7.841382844980208802e+02
7.887515589779179663e+02 7.902141397833720475e+02
7.948188786874443394e+02 7.962899660822040460e+02
8.008861985542987441e+02 8.023657633152630524e+02
8.069535182039091978e+02 8.084415321306987607e+02
8.130208377838222304e+02 8.145172725843000308e+02
8.190881576966247621e+02 8.205929845927333872e+02
8.251554774065016318e+02 8.266686687790638643e+02
8.312227971523884662e+02 8.327443250730675572e+02
8.372901168246673933e+02 8.388199535140842045e+02
8.433574364682388023e+02 8.448955544422374260e+02
8.494247561271379254e+02 8.509711280654262282e+02
8.554920757979966766e+02 8.570466745698379327e+02
8.615593957516500723e+02 8.631221941328224148e+02
8.676267153762155431e+02 8.691976870696692004e+02
8.736940349993080872e+02 8.752731531192941929e+02
