0.000000000000000000e+00 0.000000000000000000e+00
6.067319784342525502e+00 6.082552896905703221e+00
1.213463950535605029e+01 1.216501348014613271e+01
1.820195942043787340e+01 1.824738310823823184e+01
2.426927909151682883e+01 2.432966327146331054e+01
3.033659904085788739e+01 3.041185430469961304e+01
3.640391868985358315e+01 3.649395794170992247e+01
4.247123825214829651e+01 4.257597477008715714e+01
4.853855780913734463e+01 4.865790571367239181e+01
5.460587743647221259e+01 5.473975226971302988e+01
6.067319729443863707e+01 6.082151513440899038e+01
6.674051723968085525e+01 6.690319514352177066e+01
7.280783684896121599e+01 7.298479313702699756e+01
7.887515671527836503e+01 7.906631046391422046e+01
8.494247630856933995e+01 8.514774761286052751e+01
9.100979603665413720e+01 9.122910568690932109e+01
9.707711587672899611e+01 9.731038554815353336e+01
1.031444357813934403e+02 1.033915880889191214e+02
1.092117554108374975e+02 1.094727143731065269e+02
1.152790753396266012e+02 1.155537647513545210e+02
1.213463949047479815e+02 1.216347404322848575e+02
1.274137147581203209e+02 1.277156422692234798e+02
1.334810344342337771e+02 1.337964706044960792e+02
1.395483541895069379e+02 1.398772264873342408e+02
1.456156739797447131e+02 1.459579107863051490e+02
1.516829936789490603e+02 1.520385240584467681e+02
1.577503132646563131e+02 1.581190674359000923e+02
1.638176329344133251e+02 1.641995412536720096e+02
1.698849526246112589e+02 1.702799462019488033e+02
1.759522723493417971e+02 1.763602832526577799e+02
1.820195921445686622e+02 1.824405530179320465e+02
1.880869117990189920e+02 1.885207561268718450e+02
1.941542314878410025e+02 1.946008933270846910e+02
2.002215511723308623e+02 2.006809652949336567e+02
2.062888710204012170e+02 2.067609726764374045e+02
2.123561907768343531e+02 2.128409163857346300e+02
2.184235105311449274e+02 2.189207965331768264e+02
2.244908301117077940e+02 2.250006141779891209e+02
2.305581500077043984e+02 2.310803696677450034e+02
2.366254695946590800e+02 2.371600637921436032e+02
2.426927891881904316e+02 2.432396972773138373e+02
2.487601087607204420e+02 2.493192702239366554e+02
2.548274283634237065e+02 2.553987835120162231e+02
2.608947479565105709e+02 2.614782377377066496e+02
2.669620675432315693e+02 2.675576336279043517e+02
2.730293871328818796e+02 2.736369715103434146e+02
2.790967069920043855e+02 2.797162520611252603e+02
2.851640266491172042e+02 2.857954755956028521e+02
2.912313462981957741e+02 2.918746429310348276e+02
2.972986660296481887e+02 2.979537545204040043e+02
3.033659856243014019e+02 3.040328109068003641e+02
3.094333052249741627e+02 3.101118123972152034e+02
3.155006248425390822e+02 3.161907596246530261e+02
3.215679446106811383e+02 3.222696531615741264e+02
3.276352642050676423e+02 3.283484934353784297e+02
3.337025840830233392e+02 3.344272809167802052e+02
3.397699036970103634e+02 3.405060161601907112e+02
3.458372233290433542e+02 3.465846995703325319e+02
3.519045430381386836e+02 3.526633316586985529e+02
3.579718626444729921e+02 3.587419130004970498e+02
3.640391822428140358e+02 3.648204438101479354e+02
3.701065018044779436e+02 3.708989246993173765e+02
3.761738213923673584e+02 3.769773560341536722e+02
3.822411411782752566e+02 3.830557383651390637e+02
3.883084609342787417e+02 3.891340719805187973e+02
3.943757805378762669e+02 3.952123574076841805e+02
4.004431001465546842e+02 4.012905950094708487e+02
4.065104197969826600e+02 4.073687853154060576e+02
4.125777395360503306e+02 4.134469285875987339e+02
4.186450593518818550e+02 4.195250251969362125e+02
4.247123790593060448e+02 4.256030756025772916e+02
4.307796986548331120e+02 4.316810805193591136e+02
4.368470183389705994e+02 4.377590397627511720e+02
4.429143381026358384e+02 4.438369542495248083e+02
4.489816576817470946e+02 4.499148238940522333e+02
4.550489772647750897e+02 4.559926491652445293e+02
4.611162968711158783e+02 4.620704305473556701e+02
4.671836164496342008e+02 4.681481684260359089e+02
4.732509362766564891e+02 4.742258631836209588e+02
4.793182559235373787e+02 4.803035152510576609e+02
4.853855755335947038e+02 4.863811248087207559e+02
4.914528953818210653e+02 4.924586922709891041e+02
4.975202152555482371e+02 4.985362179368458442e+02
5.035875350565429471e+02 5.046137020858532765e+02
5.096548546780375091e+02 5.106911451170366831e+02
5.157221744559851686e+02 5.167685475772451582e+02
5.217894941237195781e+02 5.228459096092601612e+02
5.278568137319259677e+02 5.289232314505852628e+02
5.339241333654529171e+02 5.350005134010350503e+02
5.399914529661957658e+02 5.410777558896436403e+02
5.460587725787083855e+02 5.471549594034623851e+02
5.521260921841358140e+02 5.532321238604449718e+02
5.581934120240111952e+02 5.593092496853697639e+02
5.642607318523540698e+02 5.653863373617203933e+02
5.703280514891400799e+02 5.714633869805231825e+02
5.763953712002055454e+02 5.775403989617018397e+02
5.824626909266903567e+02 5.836173736341652329e+02
5.885300106559734559e+02 5.896943110730187527e+02
5.945973304150986678e+02 5.957712117986554858e+02
6.006646501315237856e+02 6.018480759863340381e+02
6.067319697408327102e+02 6.079249038187761016e+02
6.127992893294934902e+02 6.140016958734370291e+02
6.188666089300195381e+02 6.200784520030135809e+02
6.249339285288965584e+02 6.261551726800483948e+02
6.310012482110591918e+02 6.322318582082859848e+02
6.370685678472679001e+02 6.383085089542285004e+02
6.431358874566861914e+02 6.443851249184460812e+02
6.492032070962981152e+02 6.504617064650926750e+02
6.552705267322801319e+02 6.565382542046056642e+02
6.613378463177521098e+02 6.626147679305017846e+02
6.674051659419169482e+02 6.686912479367942979e+02
6.734724855669107910e+02 6.747676944487809578e+02
6.795398051957361076e+02 6.808441078047258088e+02
6.856071248209655096e+02 6.869204881810537699e+02
6.916744444418392277e+02 6.929968359055852716e+02
6.977417640615149139e+02 6.990731513447462930e+02
7.038090838478068463e+02 7.051494345645046451e+02
7.098764034613993772e+02 7.112256857997991801e+02
7.159437230687816509e+02 7.173019050911395880e+02
7.220110427812514899e+02 7.233780929515322669e+02
7.280783625214239692e+02 7.294542496992393126e+02
7.341456821108645272e+02 7.355303750412856516e+02
7.402130019869338184e+02 7.416064695148311330e+02
7.462803217488384462e+02 7.476825335514679409e+02
7.523476416268587172e+02 7.537585671188494416e+02
7.584149614458784754e+02 7.598345704853638836e+02
7.644822810292863551e+02 7.659105438232780898e+02
7.705496008170218829e+02 7.719864873799465386e+02
7.766169204282882674e+02 7.780624012573938444e+02
7.826842403070043019e+02 7.841382857103201331e+02
7.887515600899062065e+02 7.902141409933831255e+02
7.948188799356451000e+02 7.962899673064798662e+02
8.008861995936852054e+02 8.023657645398537852e+02
8.069535192723839145e+02 8.084415331937748306e+02
8.130208391256680898e+02 8.145172736463981664e+02
8.190881588290109221e+02 8.205929857878689972e+02
8.251554784539630418e+02 8.266686699900164967e+02
8.312227982008985236e+02 8.327443262324252373e+02
8.372901180292291201e+02 8.388199547266399350e+02
8.433574377866948453e+02 8.448955557248541481e+02
8.494247574059245380e+02 8.509711295951550483e+02
8.554920770830065067e+02 8.570466760873989642e+02
8.615593967056862539e+02 8.631221955863780977e+02
8.676267165389378988e+02 8.691976884302948747e+02
8.736940361592257887e+02 8.752731544785808637e+02
