0.000000000000000000e+00 0.000000000000000000e+00
4.805562934929714203e+00 4.822789296662668868e+00
9.611125869875698058e+00 9.645455393464878568e+00
1.441668880485160109e+01 1.446800005455122928e+01
1.922225174192402264e+01 1.929042500715522834e+01
2.402781468414711696e+01 2.411273193673334347e+01
2.883337762302716456e+01 2.893492249312021158e+01
3.363894056447707470e+01 3.375699830197076778e+01
3.844450350332202504e+01 3.857896094625501604e+01
4.325006644778798659e+01 4.340081197742295416e+01
4.805562938912227366e+01 4.822255292729197862e+01
5.286119233056020050e+01 5.304418525768778636e+01
5.766675527286643899e+01 5.786571045204570396e+01
6.247231821553113207e+01 6.268712992473097501e+01
6.727788117610670326e+01 6.750844510319345204e+01
7.208344412089307696e+01 7.232965732976182949e+01
7.688900706598371926e+01 7.715076796826627969e+01
8.169457001121850226e+01 8.197177834618338466e+01
8.650013295567976002e+01 8.679268975816714260e+01
9.130569591268442764e+01 9.161350345909531256e+01
9.611125886187392098e+01 9.643422069978504396e+01
1.009168218118557547e+02 1.012548427076243627e+02
1.057223847944131876e+02 1.060753706713222471e+02
1.105279477589363637e+02 1.108958057686422478e+02
1.153335107281056651e+02 1.157161491568080862e+02
1.201390737064583902e+02 1.205364019594173044e+02
1.249446366923707217e+02 1.253565652708400080e+02
1.297501996767699097e+02 1.301766402389295365e+02
1.345557626614379956e+02 1.349966279117895169e+02
1.393613256333903223e+02 1.398165292956256280e+02
1.441668885942435168e+02 1.446363454593399922e+02
1.489724515567469325e+02 1.494560774264073189e+02
1.537780145253626074e+02 1.542757261754973399e+02
1.585835774704186747e+02 1.590952927063303264e+02
1.633891404206135292e+02 1.639147779736584312e+02
1.681947033877511899e+02 1.687341829144615986e+02
1.730002663765304192e+02 1.735535084991449253e+02
1.778058293591353731e+02 1.783727555582367472e+02
1.826113923398783641e+02 1.831919250908011350e+02
1.874169553561542330e+02 1.880110178969158312e+02
1.922225183621332576e+02 1.928300348181965660e+02
1.970280813689867045e+02 1.976489768316984907e+02
2.018336443524774495e+02 2.024678446819742135e+02
2.066392073460340271e+02 2.072866392265092088e+02
2.114447703373131731e+02 2.121053612565767423e+02
2.162503333241548944e+02 2.169240114841898617e+02
2.210558963460788959e+02 2.217425907790179735e+02
2.258614592930900926e+02 2.265610999713526041e+02
2.306670222581031453e+02 2.313795397476541780e+02
2.354725852238984487e+02 2.361979108331939869e+02
2.402781482221505485e+02 2.410162139737161056e+02
2.450837111737871794e+02 2.458344499138855213e+02
2.498892741984863619e+02 2.506526193979678965e+02
2.546948371687126951e+02 2.554707230427677018e+02
2.595004001188106031e+02 2.602887616009316503e+02
2.643059631444195361e+02 2.651067357802553488e+02
2.691115260961818763e+02 2.699246461356298710e+02
2.739170890492792978e+02 2.747424934229516111e+02
2.787226520195306421e+02 2.795602782779012614e+02
2.835282149683392277e+02 2.843780012073014518e+02
2.883337779943309442e+02 2.891956629695311563e+02
2.931393409501363294e+02 2.940132641127937632e+02
2.979449039014111804e+02 2.988308053482986679e+02
3.027504668533152312e+02 3.036482872347971238e+02
3.075560298969494966e+02 3.084657102579815842e+02
3.123615929485403058e+02 3.132830751377636034e+02
3.171671560128201008e+02 3.181003823467001439e+02
3.219727189932248166e+02 3.229176324837756056e+02
3.267782819413274638e+02 3.277348261423835538e+02
3.315838449201403932e+02 3.325519638137253651e+02
3.363894078708619872e+02 3.373690461384796322e+02
3.411949709194693696e+02 3.421860735734021546e+02
3.460005338673221331e+02 3.470030466425569102e+02
3.508060968422086034e+02 3.518199658024344103e+02
3.556116598580210848e+02 3.566368315706367866e+02
3.604172228060549514e+02 3.614536446069323574e+02
3.652227857518006431e+02 3.662704051908719975e+02
3.700283487892682501e+02 3.710871139782079808e+02
3.748339118521288356e+02 3.759037713793245530e+02
3.796394749424266593e+02 3.807203779324710808e+02
3.844450378964431252e+02 3.855369340250093728e+02
3.892506009891631038e+02 3.903534400481098601e+02
3.940561639417494462e+02 3.951698966150224805e+02
3.988617268961159539e+02 3.999863041281856226e+02
4.036672898699354164e+02 4.048026630119700258e+02
4.084728528170408026e+02 4.096189736798472154e+02
4.132784158321547920e+02 4.144352365559218470e+02
4.180839787864288724e+02 4.192514521551502753e+02
4.228895418749978035e+02 4.240676208494635944e+02
4.276951048392942880e+02 4.288837429763998443e+02
4.325006678415750798e+02 4.336998191844262465e+02
4.373062308430879739e+02 4.385158496204018093e+02
4.421117938565213308e+02 4.433318347685304275e+02
4.469173570057008646e+02 4.481477750191082805e+02
4.517229200085826051e+02 4.529636707205827406e+02
4.565284830247467198e+02 4.577795223957454027e+02
4.613340459992963360e+02 4.625953302180956825e+02
4.661396089948602253e+02 4.674110947045403464e+02
4.709451720757098201e+02 4.722268161667416848e+02
4.757507351019290809e+02 4.770424950224088434e+02
4.805562980853216573e+02 4.818581316820367419e+02
4.853618611721542493e+02 4.866737264604442430e+02
4.901674241371860603e+02 4.914892795719782157e+02
4.949729872988377224e+02 4.963047913740836634e+02
4.997785502812190543e+02 5.011202623437068269e+02
5.045841134228919600e+02 5.059356927503771431e+02
5.093896764754366018e+02 5.107510830626123379e+02
5.141952395151688506e+02 5.155664334896883929e+02
5.190008026239405581e+02 5.203817443591367464e+02
5.238063657264511903e+02 5.251970159409146390e+02
5.286119287144908867e+02 5.300122484952923969e+02
5.334174917264210762e+02 5.348274425519496162e+02
5.382230547384060628e+02 5.396425982078272909e+02
5.430286178622494617e+02 5.444577159808243323e+02
5.478341808167974705e+02 5.492727960026094252e+02
5.526397438312028498e+02 5.540878384948123312e+02
5.574453067840478298e+02 5.589028440294267739e+02
5.622508697614733819e+02 5.637178126063436139e+02
5.670564327539478882e+02 5.685327448351977182e+02
5.718619957680805328e+02 5.733476408374226594e+02
5.766675589630860941e+02 5.781625008370494925e+02
5.814731219266466269e+02 5.829773251870888089e+02
5.862786850608429177e+02 5.877921140581959207e+02
5.910842480036294546e+02 5.926068678194158110e+02
5.958898110796940273e+02 5.974215866722214514e+02
6.006953742657972271e+02 6.022362709645937002e+02
6.055009373742076377e+02 6.070509207962512619e+02
6.103065005038619120e+02 6.118655365147808425e+02
6.151120635677367545e+02 6.166801184187659146e+02
6.199176266563955551e+02 6.214946667550480015e+02
6.247231897772444427e+02 6.263091817199873503e+02
6.295287527824414155e+02 6.311236636993853608e+02
6.343343158752966247e+02 6.359381129804321517e+02
6.391398789089524826e+02 6.407525295553210753e+02
6.439454418545653880e+02 6.455669137194433915e+02
6.487510048199451376e+02 6.503812660201690505e+02
6.535565679038768394e+02 6.551955863828591191e+02
6.583621311564962753e+02 6.600098750572183235e+02
6.631676941734298225e+02 6.648241322094872885e+02
6.679732572813547904e+02 6.696383581258161257e+02
6.727788202993644973e+02 6.744525530882940529e+02
6.775843833188332610e+02 6.792667173482850558e+02
6.823899464357025408e+02 6.840808510940054248e+02
6.871955093795654648e+02 6.888949547553536377e+02
6.920010724299650064e+02 6.937090280837810496e+02
