0.000000000000000000e+00 0.000000000000000000e+00
6.067319789437404687e+00 6.082552676846633588e+00
1.213463972160569249e+01 1.216501332628518917e+01
1.820195963761544178e+01 1.824738311640376764e+01
2.426927922710705587e+01 2.432966310488317419e+01
3.033659878751303296e+01 3.041185432081640982e+01
3.640391846542522813e+01 3.649395779040315091e+01
4.247123803434308797e+01 4.257597457707602473e+01
4.853855763136603940e+01 4.865790571401512921e+01
5.460587738815387127e+01 5.473975196971890966e+01
6.067319696257747808e+01 6.082151452521392798e+01
6.674051668642394475e+01 6.690319443096079510e+01
7.280783628772306315e+01 7.298479273967544145e+01
7.887515591807795090e+01 7.906631002787287343e+01
8.494247549663307950e+01 8.514774716389381126e+01
9.100979520561340053e+01 9.122910517396448427e+01
9.707711511781468516e+01 9.731038501755956815e+01
1.031444350228793922e+02 1.033915874857787003e+02
1.092117549171034341e+02 1.094727137543445394e+02
1.152790745067764817e+02 1.155537643213588410e+02
1.213463940709136040e+02 1.216347398306089787e+02
1.274137136044587919e+02 1.277156413587892985e+02
1.334810335072742191e+02 1.337964697175942774e+02
1.395483531393487908e+02 1.398772255831035807e+02
1.456156728694446088e+02 1.459579099075386921e+02
1.516829925596968849e+02 1.520385231771457484e+02
1.577503121665970980e+02 1.581190665533591471e+02
1.638176320803377735e+02 1.641995403431508294e+02
1.698849519900806797e+02 1.702799455644236559e+02
1.759522717726432290e+02 1.763602825920518171e+02
1.820195915656847774e+02 1.824405523096443744e+02
1.880869112312250309e+02 1.885207554094652949e+02
1.941542309232733601e+02 1.946008928476697974e+02
2.002215506255764126e+02 2.006809649819042249e+02
2.062888702307863582e+02 2.067609723770290202e+02
2.123561899842068215e+02 2.128409160418993338e+02
2.184235098706361100e+02 2.189207961817781438e+02
2.244908294672104603e+02 2.250006136931909850e+02
2.305581490656042547e+02 2.310803691282872876e+02
2.366254686789974357e+02 2.371600631663878858e+02
2.426927883567622644e+02 2.432396963687070865e+02
2.487601082228112546e+02 2.493192693213017890e+02
2.548274278262549046e+02 2.553987827718111134e+02
2.608947474192448226e+02 2.614782370232320545e+02
2.669620670093444801e+02 2.675576327212721708e+02
2.730293865952772876e+02 2.736369705434588013e+02
2.790967062170208237e+02 2.797162509200676368e+02
2.851640258699986248e+02 2.857954745022615270e+02
2.912313456969545769e+02 2.918746419086779156e+02
2.972986654230810473e+02 2.979537534981342333e+02
3.033659851950700386e+02 3.040328098197878717e+02
3.094333048621602984e+02 3.101118113125755826e+02
3.155006244549043686e+02 3.161907586490190170e+02
3.215679441311783648e+02 3.222696521885057450e+02
3.276352637306024462e+02 3.283484925739531946e+02
3.337025833431575847e+02 3.344272800996847081e+02
3.397699029678518627e+02 3.405060155632154988e+02
3.458372225783513159e+02 3.465846990221093620e+02
3.519045422244766428e+02 3.526633311722092685e+02
3.579718618050118835e+02 3.587419125221500167e+02
3.640391813837597965e+02 3.648204433653133378e+02
3.701065009806886223e+02 3.708989242259236789e+02
3.761738205664315728e+02 3.769773557045183452e+02
3.822411401745808917e+02 3.830557380597886095e+02
3.883084597769388893e+02 3.891340718898735531e+02
3.943757793622704639e+02 3.952123575142331902e+02
4.004430989637614857e+02 4.012905950827506558e+02
4.065104185411879598e+02 4.073687852505335059e+02
4.125777381377348547e+02 4.134469286262479386e+02
4.186450579734774919e+02 4.195250252319388551e+02
4.247123775847069282e+02 4.256030756485752704e+02
4.307796971701334314e+02 4.316810803635191860e+02
4.368470167469275793e+02 4.377590397526608399e+02
4.429143363853983715e+02 4.438369541044243078e+02
4.489816559762982138e+02 4.499148236653849722e+02
4.550489755604537550e+02 4.559926492515535301e+02
4.611162951543142299e+02 4.620704307322764635e+02
4.671836147333991676e+02 4.681481686082518081e+02
4.732509343191059656e+02 4.742258633127029839e+02
4.793182540450598026e+02 4.803035152213305992e+02
4.853855736450013865e+02 4.863811247557238744e+02
4.914528932912609207e+02 4.924586921858164033e+02
4.975202131749442174e+02 4.985362178428524089e+02
5.035875329239368057e+02 5.046137021526290027e+02
5.096548525464006616e+02 5.106911452179516573e+02
5.157221722220443780e+02 5.167685474792224340e+02
5.217894918273689200e+02 5.228459092879922991e+02
5.278568113960685650e+02 5.289232310171053086e+02
5.339241311921547322e+02 5.350005129626604230e+02
5.399914508507145001e+02 5.410777553772182955e+02
5.460587705866056467e+02 5.471549585834010259e+02
5.521260901943501267e+02 5.532321231231044294e+02
5.581934100345824845e+02 5.593092489032497951e+02
5.642607298700136198e+02 5.653863365820961917e+02
5.703280495402356109e+02 5.714633861291711128e+02
5.763953692511149711e+02 5.775403981200884118e+02
5.824626889775706786e+02 5.836173726158474437e+02
5.885300087078782099e+02 5.896943101348529126e+02
5.945973284682154372e+02 5.957712108086304852e+02
6.006646481855436832e+02 6.018480751325090523e+02
6.067319677965231222e+02 6.079249032420618732e+02
6.127992873854334448e+02 6.140016951197815160e+02
6.188666069840141972e+02 6.200784512447012276e+02
6.249339265839804511e+02 6.261551721185944643e+02
6.310012462120887449e+02 6.322318576160885186e+02
6.370685658217462333e+02 6.383085084974435404e+02
6.431358854561473208e+02 6.443851246747832420e+02
6.492032050996438102e+02 6.504617065230044091e+02
6.552705247350429545e+02 6.565382539254833318e+02
6.613378444078211942e+02 6.626147677615747398e+02
6.674051640324762502e+02 6.686912476888879837e+02
6.734724836519756082e+02 6.747676942126786344e+02
6.795398032819628042e+02 6.808441078433409075e+02
6.856071229109028309e+02 6.869204882491850412e+02
6.916744425375394485e+02 6.929968361313082141e+02
6.977417621548423767e+02 6.990731514114295351e+02
7.038090817715583398e+02 7.051494346416502594e+02
7.098764014876873034e+02 7.112256857233969640e+02
7.159437210965145368e+02 7.173019050648956636e+02
7.220110408091142062e+02 7.233780929184173374e+02
7.280783605496185373e+02 7.294542496579095996e+02
7.341456801392271245e+02 7.355303749909478483e+02
7.402129997155188903e+02 7.416064696203300173e+02
7.462803194773234736e+02 7.476825336540500757e+02
7.523476390597388672e+02 7.537585672483230610e+02
7.584149587890631210e+02 7.598345706048096417e+02
7.644822783725180670e+02 7.659105439000461502e+02
7.705495982551966563e+02 7.719864874009801952e+02
7.766169178387654028e+02 7.780624012927917192e+02
7.826842377177035814e+02 7.841382857212690851e+02
7.887515575017898755e+02 7.902141409577682225e+02
7.948188772119174246e+02 7.962899672508713138e+02
8.008861968648244556e+02 8.023657646630654199e+02
8.069535165136298929e+02 8.084415333079689390e+02
8.130208364380982857e+02 8.145172737515124481e+02
8.190881562756857193e+02 8.205929858755043824e+02
8.251554759164904453e+02 8.266686700668375352e+02
8.312227956629637902e+02 8.327443261970888670e+02
8.372901153365721711e+02 8.388199545867335019e+02
8.433574349812397486e+02 8.448955555285715491e+02
8.494247546241991813e+02 8.509711294199123586e+02
8.554920745563847504e+02 8.570466761303422345e+02
8.615593944877596186e+02 8.631221958655680737e+02
8.676267141137125236e+02 8.691976885265991086e+02
8.736940337346168235e+02 8.752731547497972997e+02
