0.000000000000000000e+00 0.000000000000000000e+00
4.808311065262251383e+00 4.822235511488329962e+00
9.616622131957374364e+00 9.644387471919321442e+00
1.442493319740864521e+01 1.446645688796584395e+01
1.923324426334930237e+01 1.928844475361802679e+01
2.404155532953592100e+01 2.411035203898824975e+01
2.884986639535684105e+01 2.893217970668894168e+01
3.365817746153182100e+01 3.375392868532032509e+01
3.846648853277646651e+01 3.857559989970340553e+01
4.327479960804765824e+01 4.339719425532527453e+01
4.808311067975146358e+01 4.821871265372737270e+01
5.289142175137605761e+01 5.304015594554914514e+01
5.769973282392201952e+01 5.786152501244038149e+01
6.250804389684369511e+01 6.268282068349111569e+01
6.731635498714834398e+01 6.750404381631318529e+01
7.212466607321124457e+01 7.232519520100407817e+01
7.693297717433962646e+01 7.714627565370058448e+01
8.174128824970165397e+01 8.196728596068133754e+01
8.654959933347997492e+01 8.678822690214181534e+01
9.135791042028964171e+01 9.160909923138825661e+01
9.616622150062200092e+01 9.642990370515406084e+01
1.009745325769932265e+02 1.012506410584246908e+02
1.057828436470950493e+02 1.060713120069048188e+02
1.105911547391991405e+02 1.108919172772566810e+02
1.153994658380676555e+02 1.157124575596531031e+02
1.202077769461112666e+02 1.205329335439467684e+02
1.250160880621896240e+02 1.253533459442220419e+02
1.298243991767655814e+02 1.301736953906224699e+02
1.346327102575527874e+02 1.349939825649655631e+02
1.394410213390929130e+02 1.398142081086390647e+02
1.442493324349107979e+02 1.446343726888873107e+02
1.490576435209057991e+02 1.494544769230546422e+02
1.538659546101888793e+02 1.542745213838597920e+02
1.586742656764525918e+02 1.590945067447543124e+02
1.634825767494915567e+02 1.639144335652948712e+02
1.682908878334572478e+02 1.687343024531164701e+02
1.730991989510408757e+02 1.735541140038062622e+02
1.779075100639980747e+02 1.783738687464195323e+02
1.827158211784132220e+02 1.831935672814109353e+02
1.875241322964097321e+02 1.880132101346805200e+02
1.923324434308553634e+02 1.928327978683510651e+02
1.971407545539886144e+02 1.976523310261561619e+02
2.019490657062931973e+02 2.024718101518401454e+02
2.067573768316499354e+02 2.072912357511313530e+02
2.115656879541091655e+02 2.121106083448215429e+02
2.163739990538303459e+02 2.169299284466900133e+02
2.211823101638558740e+02 2.217491966254557951e+02
2.259906212754464718e+02 2.265684132940431823e+02
2.307989323786442242e+02 2.313875789165115862e+02
2.356072434616492615e+02 2.362066940099445276e+02
2.404155545585132643e+02 2.410257590528074161e+02
2.452238657152641110e+02 2.458447745410633445e+02
2.500321767969561506e+02 2.506637408928771436e+02
2.548404878783531728e+02 2.554826585733530919e+02
2.596487989714517539e+02 2.603015280708282262e+02
2.644571100832914681e+02 2.651203497076833173e+02
2.692654212729131586e+02 2.699391241172230025e+02
2.740737323527643525e+02 2.747578516155070361e+02
2.788820434982002325e+02 2.795765326044804056e+02
2.836903545966229103e+02 2.843951674959199636e+02
2.884986657381603550e+02 2.892137566609255828e+02
2.933069768822106198e+02 2.940323005738605389e+02
2.981152879649989700e+02 2.988507996500630384e+02
3.029235990993282712e+02 3.036692543336472454e+02
3.077319101778994082e+02 3.084876649720915793e+02
3.125402213008497938e+02 3.133060319208926785e+02
3.173485324955232727e+02 3.181243555253197997e+02
3.221568436127362247e+02 3.229426362086669542e+02
3.269651547777256724e+02 3.277608742903275925e+02
3.317734659749779667e+02 3.325790702277964783e+02
3.365817770558028315e+02 3.373972243272743867e+02
3.413900881764146789e+02 3.422153370458278232e+02
3.461983992544563762e+02 3.470334085459194284e+02
3.510067103618591773e+02 3.518514393273075029e+02
3.558150215675311756e+02 3.566694296234478543e+02
3.606233326690646663e+02 3.614873798952399966e+02
3.654316437761117413e+02 3.663052905000068904e+02
3.702399549172767479e+02 3.711231615620156390e+02
3.750482660025320456e+02 3.759409935366456921e+02
3.798565770868088975e+02 3.807587868177223527e+02
3.846648882638646683e+02 3.855765416169357422e+02
3.894731993417368017e+02 3.903942581949528972e+02
3.942815104198563176e+02 3.952119370676847439e+02
3.990898215042169568e+02 4.000295783999946480e+02
4.038981325961333368e+02 4.048471824669267676e+02
4.087064436740380415e+02 4.096647495708555198e+02
4.135147548241276354e+02 4.144822800799357765e+02
4.183230659080745113e+02 4.192997742881140084e+02
4.231313770554935445e+02 4.241172325277936466e+02
4.279396881528710992e+02 4.289346548548579676e+02
4.327479992897629018e+02 4.337520417799951815e+02
4.375563104283845632e+02 4.385693934873273747e+02
4.423646215747797896e+02 4.433867103496376103e+02
4.471729327858236047e+02 4.482039924982686898e+02
4.519812438869019502e+02 4.530212402843665132e+02
4.567895550175569497e+02 4.578384539955877131e+02
4.615978661307857465e+02 4.626556337237487355e+02
4.664061773286546213e+02 4.674727799572244180e+02
4.712144884386347030e+02 4.722898927715036166e+02
4.760227995864870536e+02 4.771069725090043221e+02
4.808311106878906571e+02 4.819240193950208777e+02
4.856394218689123932e+02 4.867410336482886350e+02
4.904477330024164985e+02 4.915580157752431205e+02
4.952560440844951017e+02 4.963749657574104504e+02
5.000643551490829850e+02 5.011918837707596595e+02
5.048726664296056015e+02 5.060087701672392200e+02
5.096809776882723781e+02 5.108256252769080561e+02
5.144892888034911493e+02 5.156424492373507746e+02
5.192975998859708398e+02 5.204592423016349585e+02
5.241059109504628850e+02 5.252760044870401543e+02
5.289142220471937890e+02 5.300927363733712809e+02
5.337225331733477560e+02 5.349094380472336070e+02
5.385308443265403184e+02 5.397261095786998339e+02
5.433391554309998810e+02 5.445427513210455572e+02
5.481474665145087783e+02 5.493593633858259864e+02
5.529557776899641794e+02 5.541759459711130376e+02
5.577640888719442955e+02 5.589924994637926829e+02
5.625724000266325220e+02 5.638090240288565838e+02
5.673807111309135962e+02 5.686255197343624559e+02
5.721890222480290049e+02 5.734419868806098748e+02
5.769973334087271724e+02 5.782584257559760772e+02
5.818056445111633366e+02 5.830748363180975957e+02
5.866139557530188995e+02 5.878912189177299297e+02
5.914222668433244507e+02 5.927075739164290553e+02
5.962305780569596436e+02 5.975239011980677333e+02
6.010388893542327651e+02 6.023402012565823043e+02
6.058472005921107666e+02 6.071564739617531359e+02
6.106555118552898875e+02 6.119727196675297591e+02
6.154638232028971743e+02 6.167889385124228738e+02
6.202721345198813196e+02 6.216051307432812791e+02
6.250804457496182067e+02 6.264212963809030725e+02
6.298887571215129810e+02 6.312374358213787673e+02
6.346970683251371383e+02 6.360535491277619258e+02
6.395053794494957629e+02 6.408696367110468373e+02
6.443136905716368119e+02 6.456856983251941529e+02
6.491220016639326786e+02 6.505017345878097785e+02
6.539303127871914967e+02 6.553177451328654115e+02
6.587386238743367812e+02 6.601337305514256286e+02
6.635469349899574354e+02 6.649496908799501398e+02
6.683552462656439275e+02 6.697656262593571910e+02
6.731635574270865163e+02 6.745815369107829156e+02
6.779718685788839139e+02 6.793974229766419057e+02
6.827801798590955968e+02 6.842132845537247476e+02
6.875884909334836266e+02 6.890291219651533083e+02
6.923968020477021810e+02 6.938449351965052756e+02
