0.000000000000000000e+00 0.000000000000000000e+00
4.809202672988722504e+00 4.822235511054006274e+00
9.618405345949392782e+00 9.644396614052745065e+00
1.442760802134535858e+01 1.446648415954660649e+01
1.923681069477278527e+01 1.928849899435641291e+01
2.404601336932717359e+01 2.411044194292157883e+01
2.885521604521737160e+01 2.893231382487398662e+01
3.366441872038912209e+01 3.375411542961131062e+01
3.847362140002741171e+01 3.857584754690313389e+01
4.328282408912854606e+01 4.339751094959168398e+01
4.809202676845436031e+01 4.821910640938919101e+01
5.290122945233652274e+01 5.304063464739935796e+01
5.771043213231794766e+01 5.786209642174029000e+01
6.251963483563621082e+01 6.268349246018451026e+01
6.732883753369776514e+01 6.750482346353416574e+01
7.213804021633634989e+01 7.232609011686079725e+01
7.694724289931980366e+01 7.714729312641694037e+01
8.175644558217061331e+01 8.196843317329660294e+01
8.656564826351180386e+01 8.678951091994827038e+01
9.137485094223136173e+01 9.161052701449027325e+01
9.618405363523569918e+01 9.643148210627740013e+01
1.009932563207756289e+02 1.012523768100145389e+02
1.058024589985707280e+02 1.060732117738743341e+02
1.106116616983222798e+02 1.108939876109946283e+02
1.154208644227475702e+02 1.157147049500054976e+02
1.202300671382828625e+02 1.205353643438127165e+02
1.250392698619633620e+02 1.253559664066283545e+02
1.298484725842400564e+02 1.301765117037007258e+02
1.346576753067342622e+02 1.349970008616591599e+02
1.394668780154258911e+02 1.398174343679785352e+02
1.442760807121549931e+02 1.446378127870181629e+02
1.490852834395277569e+02 1.494581367320002983e+02
1.538944861332820437e+02 1.542784066418236648e+02
1.587036888105182015e+02 1.590986231172430223e+02
1.635128914912286575e+02 1.639187866656229744e+02
1.683220941824279748e+02 1.687388977803715022e+02
1.731312968760391868e+02 1.735589569377862915e+02
1.779404995958961706e+02 1.783789646787960805e+02
1.827497023147552113e+02 1.831989214986801926e+02
1.875589049988272450e+02 1.880188279218482421e+02
1.923681077280599254e+02 1.928386843864997786e+02
1.971773104589711352e+02 1.976584912854713139e+02
2.019865131907924365e+02 2.024782492168071713e+02
2.067957159220914605e+02 2.072979585551361765e+02
2.116049186509950744e+02 2.121176197235305381e+02
2.164141214071580634e+02 2.169372332128162952e+02
2.212233241809406081e+02 2.217567994730126486e+02
2.260325269424284329e+02 2.265763189786493115e+02
2.308417296409367054e+02 2.313957920698165935e+02
2.356509323970004743e+02 2.362152192305182439e+02
2.404601351121168022e+02 2.410346007895546734e+02
2.452693378309064656e+02 2.458539372243521370e+02
2.500785405374338666e+02 2.506732289501152877e+02
2.548877432264370100e+02 2.554924763883507524e+02
2.596969459154486231e+02 2.603116798124918887e+02
2.645061486680553458e+02 2.651308397317096706e+02
2.693153514549659349e+02 2.699499565094883451e+02
2.741245542015506658e+02 2.747690304370032663e+02
2.789337569414248037e+02 2.795880620091244282e+02
2.837429596280422857e+02 2.844070515331333127e+02
2.885521623163483582e+02 2.892259993931718327e+02
2.933613650075750456e+02 2.940449058308980739e+02
2.981705676966272449e+02 2.988637712853144421e+02
3.029797704355787573e+02 3.036825961184653124e+02
3.077889731872895709e+02 3.085013807933042358e+02
3.125981759721846629e+02 3.133201254302081225e+02
3.174073787716154129e+02 3.181388304897707258e+02
3.222165814945303168e+02 3.229574963214306536e+02
3.270257841822372029e+02 3.277761232101115638e+02
3.318349868942734702e+02 3.325947113881612722e+02
3.366441895830302542e+02 3.374132613910007876e+02
3.414533923165597571e+02 3.422317733633696548e+02
3.462625950022954839e+02 3.470502477036066011e+02
3.510717977183040830e+02 3.518686846074986079e+02
3.558810004385959473e+02 3.566870845306876845e+02
3.606902031500243879e+02 3.615054476944390558e+02
3.654994058787870017e+02 3.663237743652884433e+02
3.703086086308016434e+02 3.711420648921359771e+02
3.751178113680946353e+02 3.759603194489176303e+02
3.799270140492952805e+02 3.807785384460305522e+02
3.847362168919659666e+02 3.855967220743308417e+02
3.895454195777444966e+02 3.904148707460516334e+02
3.943546222894709672e+02 3.952329845519390119e+02
3.991638249814962478e+02 4.000510639783433930e+02
4.039730276916655498e+02 4.048691091357355845e+02
4.087822303766761252e+02 4.096871204407075311e+02
4.135914331370873924e+02 4.145050979444188783e+02
4.184006358287289231e+02 4.193230420481672809e+02
4.232098385965531406e+02 4.241409530708258444e+02
4.280190412914893159e+02 4.289588310145439891e+02
4.328282440348647242e+02 4.337766764074833645e+02
4.376374467796309773e+02 4.385944893447438631e+02
4.424466495333097100e+02 4.434122701060621807e+02
4.472558522424623106e+02 4.482300190701179190e+02
4.520650549616037779e+02 4.530477362380536874e+02
4.568742577128538187e+02 4.578654218650278835e+02
4.616834604536502979e+02 4.626830764693025912e+02
4.664926631777755119e+02 4.675006999015173506e+02
4.713018659297162571e+02 4.723182926241230462e+02
4.761110686894007813e+02 4.771358548260607222e+02
4.809202713812073284e+02 4.819533867092654305e+02
4.857294742474195459e+02 4.867708885727074630e+02
4.905386769841940122e+02 4.915883604929596231e+02
4.953478797252491859e+02 4.964058027694123894e+02
5.001570823964566443e+02 5.012232156628485882e+02
5.049662852829529811e+02 5.060405993326041312e+02
5.097754881906689661e+02 5.108579540814940287e+02
5.145846908761484428e+02 5.156752800790175115e+02
5.193938935639998817e+02 5.204925775016621401e+02
5.242030963871152380e+02 5.253098463426690614e+02
5.290122990927266073e+02 5.301270870517843150e+02
5.338215018473192686e+02 5.349442998478953086e+02
5.386307045962656730e+02 5.397614849357091771e+02
5.434399074511080698e+02 5.445786423649290100e+02
5.482491101881097393e+02 5.493957723682397045e+02
5.530583128815310374e+02 5.542128750019280687e+02
5.578675155718627821e+02 5.590299507051461205e+02
5.626767185065433523e+02 5.638469995045149972e+02
5.674859212015842331e+02 5.686640216900746054e+02
5.722951239366086611e+02 5.734810175684473279e+02
5.771043266944782317e+02 5.782979871019733764e+02
5.819135294573559349e+02 5.831149304000330176e+02
5.867227322095130830e+02 5.879318477033216368e+02
5.915319350146608031e+02 5.927487393943102916e+02
5.963411378376515586e+02 5.975656056012142017e+02
6.011503407411100852e+02 6.023824462294320483e+02
6.059595435875816065e+02 6.071992615861137210e+02
6.107687464598513998e+02 6.120160520688702945e+02
6.155779494054615952e+02 6.168328174984087582e+02
6.203871521632763688e+02 6.216495580836684667e+02
6.251963549860321336e+02 6.264662742990889228e+02
6.300055577786113190e+02 6.312829660081251859e+02
6.348147607002538280e+02 6.360996333505121356e+02
6.396239634734151878e+02 6.409162767647428609e+02
6.444331664231241348e+02 6.457328960231850488e+02
6.492423691216491761e+02 6.505494914872435857e+02
6.540515719150125733e+02 6.553660635139904116e+02
6.588607746152620166e+02 6.601826120742987314e+02
6.636699773434434064e+02 6.649991372199929174e+02
6.684791802432911254e+02 6.698156393323026805e+02
6.732883831975377689e+02 6.746321184257516279e+02
6.780975859578052223e+02 6.794485744213561702e+02
6.829067888649219640e+02 6.842650076949704498e+02
6.877159916148782486e+02 6.890814185379540504e+02
6.925251945542252088e+02 6.938978068186306700e+02
