0.000000000000000000e+00 0.000000000000000000e+00
6.067319734973946055e+00 6.082552558944729348e+00
1.213463938332075642e+01 1.216501344536201401e+01
1.820195929818874703e+01 1.824738312925756389e+01
2.426927889476229439e+01 2.432966304646697608e+01
3.033659883435505478e+01 3.041185419469655216e+01
3.640391856085772559e+01 3.649395751442503411e+01
4.247123812335334492e+01 4.257597429056818328e+01
4.853855771772848016e+01 4.865790563328474860e+01
5.460587729088755538e+01 5.473975193886089130e+01
6.067319698008641637e+01 6.082151481906200274e+01
6.674051681344619169e+01 6.690319463114092002e+01
7.280783663341918555e+01 7.298479271921470968e+01
7.887515620691505092e+01 7.906630988698057649e+01
8.494247582753324366e+01 8.514774717551938465e+01
9.100979573362650399e+01 9.122910523423004747e+01
9.707711529956220886e+01 9.731038515079009699e+01
1.031444350595624826e+02 1.033915877778837000e+02
1.092117546709488352e+02 1.094727140951436297e+02
1.152790742438559164e+02 1.155537647360413871e+02
1.213463939159980782e+02 1.216347402334676815e+02
1.274137137072504373e+02 1.277156417593534172e+02
1.334810335648479338e+02 1.337964701625166697e+02
1.395483532816011234e+02 1.398772260714190452e+02
1.456156728986356370e+02 1.459579102269889290e+02
1.516829927084844769e+02 1.520385234985988632e+02
1.577503122834829128e+02 1.581190668772725587e+02
1.638176320999854170e+02 1.641995405832723236e+02
1.698849516905640940e+02 1.702799455575808736e+02
1.759522713502748275e+02 1.763602826421754344e+02
1.820195911577185939e+02 1.824405524212341732e+02
1.880869108081304262e+02 1.885207555570837599e+02
1.941542304977736535e+02 1.946008929809548818e+02
2.002215500906403349e+02 2.006809650682149027e+02
2.062888697150295911e+02 2.067609725141874151e+02
2.123561894696141508e+02 2.128409159259397256e+02
2.184235092239686935e+02 2.189207962773307372e+02
2.244908288557274432e+02 2.250006137866257347e+02
2.305581484396143424e+02 2.310803692917394869e+02
2.366254682974901584e+02 2.371600634032592438e+02
2.426927879359824374e+02 2.432396965917213265e+02
2.487601077550920650e+02 2.493192695344849312e+02
2.548274274370816954e+02 2.553987829817260717e+02
2.608947470300633995e+02 2.614782371788214164e+02
2.669620666174147345e+02 2.675576328908213100e+02
2.730293862065622079e+02 2.736369706996243849e+02
2.790967058284495579e+02 2.797162510835311764e+02
2.851640254825354077e+02 2.857954746439534688e+02
2.912313450961931949e+02 2.918746419889114350e+02
2.972986648342339322e+02 2.979537537156388680e+02
3.033659845390648115e+02 3.040328100339511366e+02
3.094333041932388255e+02 3.101118115234169181e+02
3.155006237967521088e+02 3.161907587576797027e+02
3.215679434054771946e+02 3.222696523042999388e+02
3.276352629996692940e+02 3.283484926935159933e+02
3.337025828580555640e+02 3.344272803233599802e+02
3.397699024795437026e+02 3.405060155545056659e+02
3.458372221239169448e+02 3.465846989825727178e+02
3.519045417636575621e+02 3.526633310793677083e+02
3.579718613543301444e+02 3.587419123275627157e+02
3.640391809445048921e+02 3.648204431312390170e+02
3.701065006595557634e+02 3.708989239806799105e+02
3.761738202570913927e+02 3.769773553998975899e+02
3.822411398535175522e+02 3.830557377639521519e+02
3.883084594285821822e+02 3.891340714095130124e+02
3.943757790400087515e+02 3.952123570542376001e+02
4.004430986331560121e+02 4.012905947090230256e+02
4.065104185130667247e+02 4.073687850552065015e+02
4.125777381081163071e+02 4.134469284292617886e+02
4.186450576870931855e+02 4.195250250442556990e+02
4.247123774033161681e+02 4.256030754592334233e+02
4.307796971191711464e+02 4.316810800813589708e+02
4.368470170046082330e+02 4.377590393145977146e+02
4.429143366245874631e+02 4.438369535066897242e+02
4.489816562370812107e+02 4.499148230382418205e+02
4.550489759235244946e+02 4.559926483932752035e+02
4.611162954844627393e+02 4.620704297718897351e+02
4.671836153322306586e+02 4.681481676893601502e+02
4.732509350205624514e+02 4.742258623642525208e+02
4.793182546365194412e+02 4.803035143949265375e+02
4.853855742342925623e+02 4.863811239064493748e+02
4.914528939993127779e+02 4.924586912862492341e+02
4.975202136323267723e+02 4.985362169503503083e+02
5.035875333809922267e+02 5.046137011229460541e+02
5.096548529999979564e+02 5.106911441517080448e+02
5.157221726119105369e+02 5.167685464270701914e+02
5.217894922169673464e+02 5.228459082209801636e+02
5.278568118112318643e+02 5.289232299925071175e+02
5.339241316310028651e+02 5.350005119750287577e+02
5.399914514833062640e+02 5.410777544485688395e+02
5.460587710963204700e+02 5.471549576284321574e+02
5.521260907007626884e+02 5.532321219580614979e+02
5.581934105379406219e+02 5.593092477846921611e+02
5.642607301345785800e+02 5.653863354588474976e+02
5.703280498048471827e+02 5.714633850153877574e+02
5.763953695160112147e+02 5.775403968880475531e+02
5.824626892423452773e+02 5.836173713892217165e+02
5.885300089711726059e+02 5.896943089477672402e+02
5.945973285611246411e+02 5.957712096589456223e+02
6.006646482771986939e+02 6.018480739299079687e+02
6.067319678869462223e+02 6.079249018108602058e+02
6.127992874768740421e+02 6.140016936943945893e+02
6.188666070790511640e+02 6.200784499431265431e+02
6.249339266790175316e+02 6.261551706216367847e+02
6.310012463071186630e+02 6.322318561550823688e+02
6.370685659160760679e+02 6.383085069786380927e+02
6.431358856773225625e+02 6.443851230193334914e+02
6.492032053405641818e+02 6.504617045622953810e+02
6.552705249759652588e+02 6.565382519760171363e+02
6.613378445612509040e+02 6.626147658155618956e+02
6.674051641852877310e+02 6.686912458247783206e+02
6.734724838094978168e+02 6.747676923397161772e+02
6.795398034382789092e+02 6.808441056998549357e+02
6.856071230683292015e+02 6.869204861173157042e+02
6.916744426906525405e+02 6.929968338507778753e+02
6.977417622998916613e+02 6.990731491222238674e+02
7.038090819096119048e+02 7.051494322913042652e+02
7.098764014886058931e+02 7.112256833464484771e+02
7.159437210974504069e+02 7.173019026625386232e+02
7.220110408098919379e+02 7.233780905236850458e+02
7.280783605502042519e+02 7.294542472778330193e+02
7.341456801397812342e+02 7.355303726203194401e+02
7.402130000101819860e+02 7.416064674678520987e+02
7.462803197720643311e+02 7.476825315104040328e+02
7.523476393544292478e+02 7.537585651104130875e+02
7.584149591904955514e+02 7.598345684765936312e+02
7.644822790680350408e+02 7.659105418142016788e+02
7.705495987601772185e+02 7.719864853367528212e+02
7.766169183439008066e+02 7.780623991513454030e+02
7.826842382415037491e+02 7.841382835123943096e+02
7.887515580240255986e+02 7.902141387969429616e+02
7.948188777334800079e+02 7.962899650995001366e+02
8.008861974884443953e+02 8.023657625084592837e+02
8.069535173981661274e+02 8.084415312218611689e+02
8.130208370034310974e+02 8.145172716743529691e+02
8.190881566888701855e+02 8.205929838426368406e+02
8.251554763627823377e+02 8.266686680425376608e+02
8.312227961098692504e+02 8.327443242917524913e+02
8.372901157821486322e+02 8.388199527805568323e+02
8.433574354774607400e+02 8.448955537047784219e+02
8.494247551680073229e+02 8.509711274723833867e+02
8.554920748388404945e+02 8.570466740609299450e+02
8.615593944970153188e+02 8.631221935496857895e+02
8.676267144219330021e+02 8.691976862977769542e+02
8.736940343738763204e+02 8.752731523953782471e+02
