0.000000000000000000e+00 0.000000000000000000e+00
4.806291622219240445e+00 4.822235520665717701e+00
9.612583244573032815e+00 9.644363972990655398e+00
1.441887486708465893e+01 1.446638679243573122e+01
1.922516648935228645e+01 1.928830539762467922e+01
2.403145811485127936e+01 2.411012117137376620e+01
2.883774975019439424e+01 2.893183546755610536e+01
3.364404137328465794e+01 3.375344962307533336e+01
3.845033300685399524e+01 3.857496494376376006e+01
4.325662464887226122e+01 4.339638270316139312e+01
4.806291627738401928e+01 4.821770416486601363e+01
5.286920790602338371e+01 5.303893054123292927e+01
5.767549953849677991e+01 5.786006305806083816e+01
6.248179116842685232e+01 6.268110288366950300e+01
6.728808281605915909e+01 6.750205120691427396e+01
7.209437444806974327e+01 7.232290914287011674e+01
7.690066608041396989e+01 7.714367781459669970e+01
8.170695771942823171e+01 8.196435833868987686e+01
8.651324934889638030e+01 8.678495177292526819e+01
9.131954097469818521e+01 9.160545917419275952e+01
9.612583260222854165e+01 9.642588156939709165e+01
1.009321242564267038e+02 1.012462200039786353e+02
1.057384158864128665e+02 1.060664754753562136e+02
1.105447075356877917e+02 1.108866489463369049e+02
1.153509991918448634e+02 1.157067414129755605e+02
1.201572908571734075e+02 1.205267537857565117e+02
1.249635825302134151e+02 1.253466870190436424e+02
1.297698742017100244e+02 1.301665420438089882e+02
1.345761658732313322e+02 1.349863197654256055e+02
1.393824575320531096e+02 1.398060210336921045e+02
1.441887491797283474e+02 1.446256467715949441e+02
1.489950408497998069e+02 1.494451977660968396e+02
1.538013325338868924e+02 1.542646749322909727e+02
1.586076241999590195e+02 1.590840790081480804e+02
1.634139158300532699e+02 1.639034108745961760e+02
1.682202074705338077e+02 1.687226713154999800e+02
1.730264991464026139e+02 1.735418611147563865e+02
1.778327908160932509e+02 1.783609809999056779e+02
1.826390824829643975e+02 1.831800317960414191e+02
1.874453741358660750e+02 1.879990142494797851e+02
1.922516658146062412e+02 1.928179290625821523e+02
1.970579574950429276e+02 1.976367769761627073e+02
2.018642491762311408e+02 2.024555587078102121e+02
2.066705408566982669e+02 2.072742749610462170e+02
2.114768325377041833e+02 2.120929263867496104e+02
2.162831242116743056e+02 2.169115136361622547e+02
2.210894158788331083e+02 2.217300374728712598e+02
2.258957075365943865e+02 2.265484985531230393e+02
2.307019992021868688e+02 2.313668974544822845e+02
2.355082908436678508e+02 2.361852348359108191e+02
2.403145825252512964e+02 2.410035112984044190e+02
2.451208742126672746e+02 2.458217274869400910e+02
2.499271659240481540e+02 2.506398840163742250e+02
2.547334576325327475e+02 2.554579814765027663e+02
2.595397493083925156e+02 2.602760205020474586e+02
2.643460409529296840e+02 2.650940016318182870e+02
2.691523325898772327e+02 2.699119255005708169e+02
2.739586242260363633e+02 2.747297925436819241e+02
2.787649159297872075e+02 2.795476034217200549e+02
2.835712075864885264e+02 2.843653586437906142e+02
2.883774992279894036e+02 2.891830587237660666e+02
2.931837908655793399e+02 2.940007043447267847e+02
2.979900825347491491e+02 2.988182958597795960e+02
3.027963742372772913e+02 3.036358337973259722e+02
3.076026658895810897e+02 3.084533187992182661e+02
3.124089576278223603e+02 3.132707512402115526e+02
3.172152493702371316e+02 3.180881316332747133e+02
3.220215410397839833e+02 3.229054605119043231e+02
3.268278326974318588e+02 3.277227382769963810e+02
3.316341243632243163e+02 3.325399654764386810e+02
3.364404160010822125e+02 3.373571426627647156e+02
3.412467077270890741e+02 3.421742701834185709e+02
3.460529993621851759e+02 3.469913484339653564e+02
3.508592910188344263e+02 3.518083779460330902e+02
3.556655827792774289e+02 3.566253592232254732e+02
3.604718744144407765e+02 3.614422925313201063e+02
3.652781660473810916e+02 3.662591785176862231e+02
3.700844577334476071e+02 3.710760173984275525e+02
3.748907494954647746e+02 3.758928097275775144e+02
3.796970411794657139e+02 3.807095558978500094e+02
3.845033328210029140e+02 3.855262562330282776e+02
3.893096244553315728e+02 3.903429112020667162e+02
3.941159161662218935e+02 3.951595212681776275e+02
3.989222078077443712e+02 3.999760866439244182e+02
4.037284994775213818e+02 4.047926078518700024e+02
4.085347911119196738e+02 4.096090852136571812e+02
4.133410828150925909e+02 4.144255191548858761e+02
4.181473744861374371e+02 4.192419100378881467e+02
4.229536661332438143e+02 4.240582583441661200e+02
4.277599577850540982e+02 4.288745641799832811e+02
4.325662494696294971e+02 4.336908281407003187e+02
4.373725411671132406e+02 4.385070504269434650e+02
4.421788328683579152e+02 4.433232314573400004e+02
4.469851245489250005e+02 4.481393715076176818e+02
4.517914162359315355e+02 4.529554709679323423e+02
4.565977079375915082e+02 4.577715302519518445e+02
4.614039996029287636e+02 4.625875496186450846e+02
4.662102913644697537e+02 4.674035293567609415e+02
4.710165830375091218e+02 4.722194698117207281e+02
4.758228747485469512e+02 4.770353712985945549e+02
4.806291664420619441e+02 4.818512342413832812e+02
4.854354582074342375e+02 4.866670588928081997e+02
4.902417499017400928e+02 4.914828455501169628e+02
4.950480415838359249e+02 4.962985943507356410e+02
4.998543334288505662e+02 5.011143058466682305e+02
5.046606251078895866e+02 5.059299801308555402e+02
5.094669168615881745e+02 5.107456177455599118e+02
5.142732085292568627e+02 5.155612188339462136e+02
5.190795003184744019e+02 5.203767836962590536e+02
5.238857920679595281e+02 5.251923124301931693e+02
5.286920837336431305e+02 5.300078055367450816e+02
5.334983754075253728e+02 5.348232631727373700e+02
5.383046670920222141e+02 5.396386857697987125e+02
5.431109587737329321e+02 5.444540735287248481e+02
5.479172504780513009e+02 5.492694267540754254e+02
5.527235421209942388e+02 5.540847455657961973e+02
5.575298337825145154e+02 5.589000303662357965e+02
5.623361254570759229e+02 5.637152814831276828e+02
5.671424170995242093e+02 5.685304990752974845e+02
5.719487087838775778e+02 5.733456832733295414e+02
5.767550005217228772e+02 5.781608344870501242e+02
5.815612921726585682e+02 5.829759527083417652e+02
5.863675839918184920e+02 5.877910383724515668e+02
5.911738756222457596e+02 5.926060919672625005e+02
5.959801673877421990e+02 5.974211134798283638e+02
6.007864592379346504e+02 6.022361030650298517e+02
6.055927510596242200e+02 6.070510610413471113e+02
6.103990428771444385e+02 6.118659875623145581e+02
6.152053347938890511e+02 6.166808831241913822e+02
6.200116266078157423e+02 6.214957475581888957e+02
6.248179184110788356e+02 6.263105814852276580e+02
6.296242103247892601e+02 6.311253847014164648e+02
6.344305021231439241e+02 6.359401577172134239e+02
6.392367938257941660e+02 6.407549007011302820e+02
6.440430854588180409e+02 6.455696137860400086e+02
6.488493771106263921e+02 6.503842972466886749e+02
6.536556687559121883e+02 6.551989514250617503e+02
6.584619604296815396e+02 6.600135763933013777e+02
6.632682520855049688e+02 6.648281725726228615e+02
6.680745438879951053e+02 6.696427397859280291e+02
6.728808356262637744e+02 6.744572783092767168e+02
6.776871273332255896e+02 6.792717886102090006e+02
6.824934191115326030e+02 6.840862706087971219e+02
6.872997109001547642e+02 6.889007247246217958e+02
6.921060026902896425e+02 6.937151508454621762e+02
