0.000000000000000000e+00 0.000000000000000000e+00
2.449295858223329514e+00 2.446976354547890420e+00
6.764711172392699368e+00 6.765968294660644311e+00
9.926869944716184335e+00 9.924923229459686524e+00
1.403697597485314574e+01 1.403401481803243200e+01
1.814377567644394418e+01 1.814463127452587088e+01
2.225018523553281824e+01 2.224910517420281764e+01
2.635666804272755570e+01 2.635292937531294299e+01
3.046290799395198334e+01 3.045800227741507271e+01
3.456867359725585231e+01 3.456282362648579465e+01
3.867017102516079774e+01 3.866778581478364174e+01
4.277730580283098050e+01 4.277305467704393038e+01
4.687796899958402008e+01 4.687883414324740272e+01
5.098244190785139551e+01 5.098279076136324761e+01
5.508715857592243736e+01 5.508768413927355567e+01
5.919300189500679465e+01 5.919221842103402054e+01
6.329606297482909838e+01 6.329545960571752516e+01
6.740288158942033192e+01 6.739975606850467216e+01
7.150416489431592026e+01 7.150500847809476568e+01
7.560896362000553950e+01 7.561090808425788623e+01
7.971356002574651711e+01 7.971632013154149377e+01
8.381878702871524922e+01 8.382256184342803351e+01
8.792350257973913585e+01 8.792795829226632520e+01
9.202905629774565455e+01 9.203393306986839661e+01
9.613426972090707068e+01 9.613763936088912487e+01
1.002411326373242559e+02 1.002408474925564406e+02
1.043457361156649199e+02 1.043460453316930909e+02
1.084510110105279637e+02 1.084497351123672786e+02
1.125536860578024800e+02 1.125549140821902228e+02
1.166573874000800117e+02 1.166587502100201732e+02
1.207611284278708297e+02 1.207645039051678566e+02
1.248653947364200150e+02 1.248669486290739030e+02
1.289704886442117413e+02 1.289699317111656569e+02
1.330737598341077330e+02 1.330749254889069562e+02
1.371785056762942929e+02 1.371784810004779160e+02
1.412812852732310489e+02 1.412819594446021085e+02
1.453861159870317579e+02 1.453869529161366358e+02
1.494895440409207765e+02 1.494904003480312724e+02
1.535938830475632244e+02 1.535935671460452170e+02
1.576959161938929128e+02 1.576960510109058475e+02
1.618001862366381829e+02 1.617991994641187432e+02
1.659035673764211936e+02 1.659035225618233937e+02
1.700067366785805518e+02 1.700064515406890564e+02
1.741100534357427989e+02 1.741090944635065512e+02
1.782148617746975390e+02 1.782143690076948133e+02
1.823173921232067300e+02 1.823185655426829896e+02
1.864223727131717965e+02 1.864229588802389799e+02
1.905250158084875807e+02 1.905277125237992379e+02
1.946287425061164811e+02 1.946315629318728213e+02
