0.000000000000000000e+00 0.000000000000000000e+00
4.806819544148663859e+00 4.824465045866114465e+00
9.613639088085095707e+00 9.648798026808695028e+00
1.442045863219403756e+01 1.447300092710613484e+01
1.922727818073355266e+01 1.929707568216479530e+01
2.403409772795779986e+01 2.412102418917876179e+01
2.884091728371864249e+01 2.894484830493602701e+01
3.364773682844170821e+01 3.376854982707369857e+01
3.845455637332317878e+01 3.859213054663986497e+01
4.326137593164483519e+01 4.341559219195866604e+01
4.806819548248154206e+01 4.823893647060884149e+01
5.287501503312969930e+01 5.306216501301662447e+01
5.768183458354064186e+01 5.788527946924637035e+01
6.248865413846561978e+01 6.270828144255310121e+01
6.729547369316452432e+01 6.753117246635625293e+01
7.210229324706389775e+01 7.235395407954285929e+01
7.690911280126790928e+01 7.717662777846146582e+01
8.171593235311995329e+01 8.199919501616605544e+01
8.652275189883171436e+01 8.682165726353154867e+01
9.132957146223066047e+01 9.164401587830455753e+01
9.613639101554463195e+01 9.646627228013274191e+01
1.009432105908434494e+02 1.012884278023032323e+02
1.057500301394821065e+02 1.061104837375561374e+02
1.105568497063382409e+02 1.109324414327016655e+02
1.153636692811303988e+02 1.157543021160229273e+02
1.201704888733046772e+02 1.205760670576129598e+02
1.249773084652356090e+02 1.253977374879267188e+02
1.297841280202246423e+02 1.302193145984201976e+02
1.345909476121376827e+02 1.350407995710051239e+02
1.393977672031979864e+02 1.398621935666821798e+02
1.442045867858678321e+02 1.446834977106942688e+02
1.490114063694329900e+02 1.495047131141701584e+02
1.538182259309975279e+02 1.543258409208229978e+02
1.586250454759622244e+02 1.591468821457567628e+02
1.634318650695008728e+02 1.639678378036036293e+02
1.682386846219600898e+02 1.687887089890986658e+02
1.730455042297055570e+02 1.736094966865065885e+02
1.778523238224020133e+02 1.784302019070560164e+02
1.826591434149923998e+02 1.832508256733246412e+02
1.874659630141162268e+02 1.880713689045981596e+02
1.922727826324768898e+02 1.928918324963267708e+02
1.970796022372094853e+02 1.977122174109963453e+02
2.018864218109941362e+02 2.025325246314548622e+02
2.066932413678768512e+02 2.073527549586528664e+02
2.115000609707413730e+02 2.121729092940356622e+02
2.163068805949472733e+02 2.169929884903926336e+02
2.211137001442753558e+02 2.218129934231075140e+02
2.259205197265575862e+02 2.266329249851774250e+02
2.307273393003587785e+02 2.314527839428079403e+02
2.355341588640671944e+02 2.362725711187654269e+02
2.403409784260548463e+02 2.410922872661921303e+02
2.451477979881567251e+02 2.459119332074863564e+02
2.499546175647397490e+02 2.507315096999642776e+02
2.547614372012923809e+02 2.555510173938041021e+02
2.595682568426993839e+02 2.603704571490736726e+02
2.643750764931867252e+02 2.651898296708538965e+02
2.691818960652904593e+02 2.700091356801742677e+02
2.739887157034009419e+02 2.748283759979417482e+02
2.787955353406140944e+02 2.796475511136509340e+02
2.836023550134164566e+02 2.844666618090935799e+02
2.884091745778420091e+02 2.892857087958687998e+02
2.932159941445922868e+02 2.941046926942259461e+02
2.980228137219224891e+02 2.989236141830856468e+02
3.028296332825914874e+02 3.037424738993995561e+02
3.076364528406301133e+02 3.085612724691740141e+02
3.124432725114971845e+02 3.133800105137138416e+02
3.172500921839762782e+02 3.181986886906626069e+02
3.220569117855443437e+02 3.230173075617160521e+02
3.268637313725324702e+02 3.278358677242037515e+02
3.316705509503436815e+02 3.326543697668144546e+02
3.364773705095138325e+02 3.374728142900092962e+02
3.412841900976416696e+02 3.422912017760690446e+02
3.460910096543529448e+02 3.471095329301817856e+02
3.508978292422782488e+02 3.519278081663240414e+02
3.557046489007829564e+02 3.567460281098034329e+02
3.605114684730065164e+02 3.615641933401739152e+02
3.653182880361199523e+02 3.663823042599543669e+02
3.701251076569000134e+02 3.712003614464661041e+02
3.749319272107472898e+02 3.760183654436243614e+02
3.797387467716031892e+02 3.808363167971840539e+02
3.845455663346582469e+02 3.856542159343371168e+02
3.893523859739664204e+02 3.904720633451221374e+02
3.941592056876784227e+02 3.952898594648585231e+02
3.989660252507934501e+02 4.001076048755215879e+02
4.037728448063576252e+02 4.049253000006505090e+02
4.085796644172944525e+02 4.097429453955871850e+02
4.133864840685630497e+02 4.145605413115658848e+02
4.181933036355059130e+02 4.193780883571014328e+02
4.230001232009132082e+02 4.241955869409782736e+02
4.278069427668488061e+02 4.290130375442562354e+02
4.326137623776703549e+02 4.338304406159444397e+02
4.374205819957210792e+02 4.386477964804502676e+02
4.422274016239426828e+02 4.434651055491088982e+02
4.470342211899201175e+02 4.482823683520291524e+02
4.518410408169945072e+02 4.530995853075987725e+02
4.566478604387365863e+02 4.579167568224694378e+02
4.614546800304245835e+02 4.627338831050999488e+02
4.662614996224428410e+02 4.675509647429629467e+02
4.710683192672369159e+02 4.723680020573800675e+02
4.758751389033005239e+02 4.771849954865678001e+02
4.806819584636474474e+02 4.820019453423315099e+02
4.854887780779948230e+02 4.868188521098155093e+02
4.902955976793275568e+02 4.916357159253564078e+02
4.951024173199653546e+02 4.964525374771850466e+02
4.999092369233245563e+02 5.012693168543983120e+02
5.047160566808211115e+02 5.060860544750138388e+02
5.095228762935635132e+02 5.109027506787801940e+02
5.143296958807598003e+02 5.157194059879325323e+02
5.191365154609995898e+02 5.205360206466031059e+02
5.239433350848340751e+02 5.253525948857461572e+02
5.287501547068440004e+02 5.301691292420352966e+02
5.335569743174482937e+02 5.349856238993193074e+02
5.383637940252226599e+02 5.398020791973056021e+02
5.431706136152779436e+02 5.446184955045708875e+02
5.479774331789731150e+02 5.494348731037291600e+02
5.527842527588725261e+02 5.542512122971144208e+02
5.575910723460175404e+02 5.590675133301989490e+02
5.623978919681669595e+02 5.638837765750492963e+02
5.672047117272303467e+02 5.687000022786946829e+02
5.720115313348453583e+02 5.735161908498780576e+02
5.768183510282856332e+02 5.783323424333412959e+02
5.816251705980582756e+02 5.831484575702386337e+02
5.864319903714397242e+02 5.879645362917244711e+02
5.912388099476836487e+02 5.927805791783592895e+02
5.960456296199051849e+02 5.975965862053108140e+02
6.008524493891718521e+02 6.024125577731383601e+02
6.056592691429171964e+02 6.072284941131640608e+02
6.104660888761491151e+02 6.120443954979674572e+02
6.152729087089805944e+02 6.168602623634392330e+02
6.200797284482302985e+02 6.216760947565713877e+02
6.248865481435982474e+02 6.264918931455838447e+02
6.296933677331493300e+02 6.313076575816146487e+02
6.345001874558386135e+02 6.361233884965758989e+02
6.393070070906019282e+02 6.409390861293837816e+02
6.441138266616490000e+02 6.457547506416240140e+02
6.489206462771173847e+02 6.505703822426698935e+02
6.537274658420317337e+02 6.553859811385053717e+02
6.585342856295800402e+02 6.602015477907698369e+02
6.633411051981220226e+02 6.650170823136569425e+02
6.681479249551725843e+02 6.698325851506075423e+02
6.729547445907026031e+02 6.746480560959348622e+02
6.777615641603083532e+02 6.794634958085812286e+02
6.825683837920837504e+02 6.842789042105780482e+02
6.873752036712612608e+02 6.890942816724136719e+02
6.921820232382954146e+02 6.939096284380816542e+02
