0.000000000000000000e+00 0.000000000000000000e+00
4.811172490694408665e+00 4.823151903109542893e+00
9.622344981952544174e+00 9.646242358462973954e+00
1.443351747310931543e+01 1.446927200038876471e+01
1.924468996601888193e+01 1.929224145077600383e+01
2.405586245999439399e+01 2.411515133537792366e+01
2.886703495572652400e+01 2.893800225215755262e+01
3.367820744733499083e+01 3.376079478680790658e+01
3.848937994817723052e+01 3.858352953571213817e+01
4.330055244452508845e+01 4.340620708731363209e+01
4.811172494222890350e+01 4.822882799496743189e+01
5.292289745200395146e+01 5.305139282897394537e+01
5.773406994943415782e+01 5.787390214256501508e+01
6.254524244765747198e+01 6.269635647775682230e+01
6.735641494905090099e+01 6.751875637927480511e+01
7.216758744973739681e+01 7.234110237931264464e+01
7.697875996504956220e+01 7.716339498806141250e+01
8.178993247863364502e+01 8.198563471781565681e+01
8.660110497399017504e+01 8.680782210155118150e+01
9.141227746708614177e+01 9.162995759243167981e+01
9.622344997168320901e+01 9.645204171140251503e+01
1.010346224939729751e+02 1.012740749572622008e+02
1.058457950078027068e+02 1.060960577608449142e+02
1.106569675215757940e+02 1.109179906269918661e+02
1.154681400433124026e+02 1.157398740081135031e+02
1.202793125825563720e+02 1.205617084062846942e+02
1.250904851216420184e+02 1.253834942147741174e+02
1.299016576560470355e+02 1.302052318908171742e+02
1.347128301952758136e+02 1.350269219160238094e+02
1.395240027325584151e+02 1.398485646695828848e+02
1.443351752394844425e+02 1.446701606376308860e+02
1.491463477596334144e+02 1.494917101857291186e+02
1.539575203117030355e+02 1.543132137603792557e+02
1.587686928586393833e+02 1.591346717310004237e+02
1.635798653637620532e+02 1.639560845531167672e+02
1.683910378690120524e+02 1.687774525871787716e+02
1.732022104311996031e+02 1.735987762827885490e+02
1.780133829673220589e+02 1.784200559546884506e+02
1.828245554923860823e+02 1.832412920545110637e+02
1.876357280482292538e+02 1.880624849003845611e+02
1.924469005985148442e+02 1.928836349569138804e+02
1.972580731103916492e+02 1.977047424743716419e+02
2.020692456628247555e+02 2.025258078691612695e+02
2.068804182366861255e+02 2.073468315157771258e+02
2.116915908007387088e+02 2.121678138016534945e+02
2.165027633553057456e+02 2.169887549975454704e+02
2.213139359402160835e+02 2.218096555319632159e+02
2.261251085225902671e+02 2.266305157110683979e+02
2.309362810810729911e+02 2.314513358793338114e+02
2.357474536018069671e+02 2.362721163305044456e+02
2.405586261107352470e+02 2.410928574213131697e+02
2.453697987121022379e+02 2.459135594571166052e+02
2.501809713089880347e+02 2.507342228423578092e+02
2.549921438178494100e+02 2.555548477912402348e+02
2.598033163574648938e+02 2.603754346104205979e+02
2.646144888658758987e+02 2.651959837204584574e+02
2.694256613738406827e+02 2.700164953223699058e+02
2.742368338842011894e+02 2.748369697648705596e+02
2.790480063908487409e+02 2.796574072826471706e+02
2.838591789981865077e+02 2.844778082191878639e+02
2.886703515704564325e+02 2.892981729188185227e+02
2.934815240855115235e+02 2.941185016329967539e+02
2.982926965935959061e+02 2.989387945790649610e+02
3.031038691013502557e+02 3.037590521824721463e+02
3.079150416292622481e+02 3.085792745534868118e+02
3.127262142467911872e+02 3.133994620607149386e+02
3.175373868652986857e+02 3.182196150241982764e+02
3.223485594188008463e+02 3.230397335548530009e+02
3.271597319246759525e+02 3.278598179751284079e+02
3.319709044699843048e+02 3.326798687007950548e+02
3.367820769761077031e+02 3.374998858411078118e+02
3.415932496024072407e+02 3.423198696187307632e+02
3.464044221428605965e+02 3.471398203019390962e+02
3.512155946857506024e+02 3.519597383414570686e+02
3.560267672591373298e+02 3.567796236889701049e+02
3.608379397917719871e+02 3.615994768096859389e+02
3.656491122938373337e+02 3.664192977875668475e+02
3.704602848785178821e+02 3.712390869818495389e+02
3.752714574215785319e+02 3.760588446575233661e+02
3.800826300646815525e+02 3.808785708959720750e+02
3.848938025954493014e+02 3.856982659877429569e+02
3.897049751352839166e+02 3.905179302758419908e+02
3.945161477492156337e+02 3.953375637836762166e+02
3.993273203017523656e+02 4.001571669614623943e+02
4.041384928039067859e+02 4.049767397473158326e+02
4.089496653073244943e+02 4.097962826550235604e+02
4.137608379206092195e+02 4.146157956808389144e+02
4.185720104349628627e+02 4.194352791172165666e+02
4.233831829485044977e+02 4.242547331729585949e+02
4.281943554641669039e+02 4.290741581191658724e+02
4.330055280227579715e+02 4.338935541521275923e+02
4.378167005803265397e+02 4.387129213836293502e+02
4.426278731432253721e+02 4.435322601644264751e+02
4.474390456539284742e+02 4.483515704664929444e+02
4.522502181968594641e+02 4.531708526468543141e+02
4.570613907649008638e+02 4.579901069703234953e+02
4.618725633705125801e+02 4.628093333882483194e+02
4.666837359099822606e+02 4.676285322142147152e+02
4.714949084439323315e+02 4.724477037310696801e+02
4.763060810229943058e+02 4.772668480338299446e+02
4.811172535309985960e+02 4.820859653324833403e+02
4.859284261742380977e+02 4.869050557573050355e+02
4.907395986861487245e+02 4.917241195731697871e+02
4.955507712260462085e+02 4.965431570879359242e+02
5.003619437719150937e+02 5.013621682134265711e+02
5.051731164462987635e+02 5.061811532296727592e+02
5.099842889539989415e+02 5.110001123899345430e+02
5.147954615585865668e+02 5.158190458221279187e+02
5.196066341007838219e+02 5.206379537386479797e+02
5.244178066307506469e+02 5.254568361808546797e+02
5.292289791534127517e+02 5.302756933862539199e+02
5.340401516992676534e+02 5.350945254568380278e+02
5.388513243571760540e+02 5.399133327208303399e+02
5.436624968768596773e+02 5.447321152406103693e+02
5.484736693872356454e+02 5.495508730100153798e+02
5.532848419499277952e+02 5.543696063449691565e+02
5.580960145737321909e+02 5.591883155915950283e+02
5.629071870777830782e+02 5.640070006031148750e+02
5.677183596572440365e+02 5.688256617060883400e+02
5.725295322833520686e+02 5.736442990190253113e+02
5.773407047908726781e+02 5.784629127953749048e+02
5.821518773473895862e+02 5.832815029469064712e+02
5.869630500327596110e+02 5.881000696756528896e+02
5.917742227076853396e+02 5.929186134265679584e+02
5.965853953398971043e+02 5.977371340444628913e+02
6.013965680550683146e+02 6.025556317746036257e+02
6.062077407120191310e+02 6.073741068194286754e+02
6.110189133999651858e+02 6.121925592344437064e+02
6.158300861625837115e+02 6.170109890714834364e+02
6.206412589155014530e+02 6.218293965463451514e+02
6.254524315303253843e+02 6.266477817342015442e+02
6.302636040767933991e+02 6.314661448783456308e+02
6.350747766680090081e+02 6.362844860810132559e+02
6.398859492285470196e+02 6.411028056613788522e+02
6.446971220029397500e+02 6.459211033696724371e+02
6.495082945167204116e+02 6.507393795721447987e+02
6.543194670770731136e+02 6.555576346364085794e+02
6.591306396082067067e+02 6.603758682106827109e+02
6.639418121232797603e+02 6.651940805796411951e+02
6.687529848940198463e+02 6.700122720650927022e+02
6.735641574853414113e+02 6.748304427241650956e+02
6.783753300369373846e+02 6.796485926395193928e+02
6.831865026960922478e+02 6.844667218577903895e+02
6.879976752225672954e+02 6.892848304861188353e+02
6.928088477522525181e+02 6.941029188617861791e+02
