0.000000000000000000e+00 0.000000000000000000e+00
4.807085971010852887e+00 4.823152055491504164e+00
9.614171943212596716e+00 9.646193838923734276e+00
1.442125791454729011e+01 1.446912687130303254e+01
1.922834388564916352e+01 1.929195263806872873e+01
2.403542985783408881e+01 2.411467260544112179e+01
2.884251582976681405e+01 2.893728820068812979e+01
3.364960180164041503e+01 3.375980081008843570e+01
3.845668777291987794e+01 3.858221181623075324e+01
4.326377376179512169e+01 4.340452257178125706e+01
4.807085973974987780e+01 4.822673439910899162e+01
5.287794571755982531e+01 5.304884858003666182e+01
5.768503169510459827e+01 5.787086636642699489e+01
6.249211767343724944e+01 6.269278902543820209e+01
6.729920365753230271e+01 6.751461776094959077e+01
7.210628963856279938e+01 7.233635376401107919e+01
7.691337561990405902e+01 7.715799821671778602e+01
8.172046159878753713e+01 8.197955227136762346e+01
8.652754757151092235e+01 8.680101706589357491e+01
9.133463354562377390e+01 9.162239369249093102e+01
9.614171953192598608e+01 9.644368322231231616e+01
1.009488055342920347e+02 1.012648867590274904e+02
1.057558915527297074e+02 1.060860053022463489e+02
1.105629775480668968e+02 1.109070399224450796e+02
1.153700635498316984e+02 1.157279916201173080e+02
1.201771495689439604e+02 1.205488613730054794e+02
1.249842355880782918e+02 1.253696501628450051e+02
1.297913216024920189e+02 1.301903589355322879e+02
1.345984076216296046e+02 1.350109886765497436e+02
1.394054936396555888e+02 1.398315402463264832e+02
1.442125796278423877e+02 1.446520145820155108e+02
1.490196656099892607e+02 1.494724125664754411e+02
1.538267515899286479e+02 1.542927350634770960e+02
1.586338376320073564e+02 1.591129829788050074e+02
1.634409236107348988e+02 1.639331571488548320e+02
1.682480095904290351e+02 1.687532583566080007e+02
1.730550956174296857e+02 1.735732874407386532e+02
1.778621816371551745e+02 1.783932452153200074e+02
1.826692676660893540e+02 1.832131324698052595e+02
1.874763536825943788e+02 1.880329500394002480e+02
1.922834397125555768e+02 1.928526985830117155e+02
1.970905257442508685e+02 1.976723789035409595e+02
2.018976117999729354e+02 2.024919917092943820e+02
2.067046978323557767e+02 2.073115378151622394e+02
2.115117838623373245e+02 2.121310178905216617e+02
2.163188698878496723e+02 2.169504325558611413e+02
2.211259559310873328e+02 2.217697825652455208e+02
2.259330419401689483e+02 2.265890686752960619e+02
2.307401279563131880e+02 2.314082915060828896e+02
2.355472139758516903e+02 2.362274516977321923e+02
2.403543000260244185e+02 2.410465498856028717e+02
2.451613860152498603e+02 2.458655867488067202e+02
2.499684720044318738e+02 2.506845628723144728e+02
2.547755580114749421e+02 2.555034789234631205e+02
2.595826440179857286e+02 2.603223354206428439e+02
2.643897300065159470e+02 2.651411330263287027e+02
2.691968159946403603e+02 2.699598723745217512e+02
2.740039020168019874e+02 2.747785539991100450e+02
2.788109880189559817e+02 2.795971785082292627e+02
2.836180740041889976e+02 2.844157465061043695e+02
2.884251599908879484e+02 2.892342584479901006e+02
2.932322459889912238e+02 2.940527149982945616e+02
2.980393319771729921e+02 2.988711165781889463e+02
3.028464179917485808e+02 3.036894638420675392e+02
3.076535039804261942e+02 3.085077571868536097e+02
3.124605900780019851e+02 3.133259972709695944e+02
3.172676761780377319e+02 3.181441844974644368e+02
3.220747622058689217e+02 3.229623193445071365e+02
3.268818481919350916e+02 3.277804023967628382e+02
3.316889341984214070e+02 3.325984341685170307e+02
3.364960201853894546e+02 3.374164151116119683e+02
3.413031062005510989e+02 3.422343456562044821e+02
3.461101921844195317e+02 3.470522263204773026e+02
3.509172782002486883e+02 3.518700574871420486e+02
3.557243642423469510e+02 3.566878396935057935e+02
3.605314502188352890e+02 3.615055732196125291e+02
3.653385362008607444e+02 3.663232587575299135e+02
3.701456222505940445e+02 3.711408965338144981e+02
3.749527083941735555e+02 3.759584870855684358e+02
3.797597943742450184e+02 3.807760308345453382e+02
3.845668803587660705e+02 3.855935283190734140e+02
3.893739663426960078e+02 3.904109797238234023e+02
3.941810523364669052e+02 3.952283856892446465e+02
3.989881383729293702e+02 4.000457463355842265e+02
4.037952244346374755e+02 4.048630623031015716e+02
4.086023104395519567e+02 4.096803338808392709e+02
4.134093965173395873e+02 4.144975614353569426e+02
4.182164825113896427e+02 4.193147454707082034e+02
4.230235685043031708e+02 4.241318862486831449e+02
4.278306544972597862e+02 4.289489841165336088e+02
4.326377405342638554e+02 4.337660396896044972e+02
4.374448265794914050e+02 4.385830530372062412e+02
4.422519126344674305e+02 4.434000245676860459e+02
4.470589986610071946e+02 4.482169547169122552e+02
4.518660846779608846e+02 4.530338437627164012e+02
4.566731707289955580e+02 4.578506922502989482e+02
4.614802567501199064e+02 4.626675002415981339e+02
4.662873428072348361e+02 4.674842682158802631e+02
4.710944288758345806e+02 4.723009964483179601e+02
4.759015149394335822e+02 4.771176853437262935e+02
4.807086009279889822e+02 4.819343352096774424e+02
4.855156869667875412e+02 4.867509464232755363e+02
4.903227730139343521e+02 4.915675190710330185e+02
4.951298590033682103e+02 4.963840537267051332e+02
4.999369450415874780e+02 5.012005504986094593e+02
5.047440312236991531e+02 5.060170097970437837e+02
5.095511172637450272e+02 5.108334318614598715e+02
5.143582032733663709e+02 5.156498171184017565e+02
5.191652893029263396e+02 5.204661658167415226e+02
5.239723753613932331e+02 5.252824781863851058e+02
5.287794613616747483e+02 5.300987545241475800e+02
5.335865473987764744e+02 5.349149950977462140e+02
5.383936334399786574e+02 5.397312002895796468e+02
5.432007195141827651e+02 5.445473703307231972e+02
5.480078055049323211e+02 5.493635052632166662e+02
5.528148914962704339e+02 5.541796057045384032e+02
5.576219775466215651e+02 5.589956717909630015e+02
5.624290635316069711e+02 5.638117036557478059e+02
5.672361495251645920e+02 5.686277016968119824e+02
5.720432355600275969e+02 5.734436662541556871e+02
5.768503216935694127e+02 5.782595973620818768e+02
5.816574076919559957e+02 5.830754953537569918e+02
5.864644938901999467e+02 5.878913604795536685e+02
5.912715799790173605e+02 5.927071929704777631e+02
5.960786660793023657e+02 5.975229932355866822e+02
6.008857522769005755e+02 6.023387613780578249e+02
6.056928384119881912e+02 6.071544978084984905e+02
6.104999245725507535e+02 6.119702025939975556e+02
6.153070108311037529e+02 6.167858758392076197e+02
6.201140969818513895e+02 6.216015178413481408e+02
6.249211831118689133e+02 6.264171290109197798e+02
6.297282691988699526e+02 6.312327093272419916e+02
6.345353552941177213e+02 6.360482591877746472e+02
6.393424413560846915e+02 6.408637789228564543e+02
6.441495273414240046e+02 6.456792683917468594e+02
6.489566133354940121e+02 6.504947280652579593e+02
6.537636994689610219e+02 6.553101580892841866e+02
6.585707856346389235e+02 6.601255589482516370e+02
6.633778717356647121e+02 6.649409305223027786e+02
6.681849579250188071e+02 6.697562732110138768e+02
6.729920439877305398e+02 6.745715871064135172e+02
6.777991300458211299e+02 6.793868723214843612e+02
6.826062161848179812e+02 6.842021289965825872e+02
6.874133024913944610e+02 6.890173574421769445e+02
6.922203884998364174e+02 6.938325580158282264e+02
