0.000000000000000000e+00 0.000000000000000000e+00
4.806767541397193533e+00 4.824823354591046609e+00
9.613535082865618975e+00 9.649508843081912701e+00
1.442030262460218637e+01 1.447405857731724765e+01
1.922707016762758769e+01 1.929847461527324626e+01
2.403383771252893908e+01 2.412275897964217108e+01
2.884060525776403239e+01 2.894691362613779262e+01
3.364737280532660435e+01 3.377094048959160943e+01
3.845414034802927006e+01 3.859484145621243556e+01
4.326090789439963658e+01 4.341861837477544839e+01
4.806767544270454096e+01 4.824227304627698487e+01
5.287444299092463496e+01 5.306580720544244656e+01
5.768121055692610355e+01 5.788922260415245802e+01
6.248797811830893068e+01 6.271252093339883515e+01
6.729474568213881014e+01 6.753570381824746960e+01
7.210151323359799846e+01 7.235877289856394157e+01
7.690828078560601000e+01 7.718172975340594633e+01
8.171504834709722331e+01 8.200457592569335930e+01
8.652181589037525100e+01 8.682731296115818509e+01
9.132858343430285686e+01 9.164994232270412056e+01
9.613535098771244236e+01 9.647246546710209714e+01
1.009421185605419140e+02 1.012948838287108657e+02
1.057488861303565670e+02 1.061171987728733228e+02
1.105556536950549287e+02 1.109394117013295471e+02
1.153624212674751845e+02 1.157615239679899730e+02
1.201691888570834408e+02 1.205835368669005447e+02
1.249759564465726385e+02 1.254054516970135751e+02
1.297827239908165780e+02 1.302272697601734421e+02
1.345894915802930427e+02 1.350489922277506594e+02
1.393962591690546446e+02 1.398706203614736978e+02
1.442030267278450708e+02 1.446921553384662218e+02
1.490097942783126541e+02 1.495135983531022248e+02
1.538165618288522296e+02 1.543349505472151577e+02
1.586233294047386835e+02 1.591562130519652669e+02
1.634300969538541892e+02 1.639773869456724356e+02
1.682368645506135181e+02 1.687984733599541869e+02
1.730436321481523407e+02 1.736194733235391823e+02
1.778503997539195041e+02 1.784403879036988769e+02
1.826571673440781467e+02 1.832612181226633083e+02
1.874639349407742088e+02 1.880819650030667276e+02
1.922707025412917119e+02 1.929026295773481934e+02
1.970774701436899363e+02 1.977232127043264427e+02
2.018842377466805544e+02 2.025437154252332448e+02
2.066910053495153079e+02 2.073641386671685325e+02
2.114977729499395309e+02 2.121844833339276875e+02
2.163045405460148345e+02 2.170047503491283294e+02
2.211113081348621563e+02 2.218249405967897872e+02
2.259180757146875180e+02 2.266450549534588959e+02
2.307248432919659535e+02 2.314650943599611708e+02
2.355316108578274452e+02 2.362850596033266584e+02
2.403383784174120024e+02 2.411049515109207562e+02
2.451451459836989670e+02 2.459247708861340129e+02
2.499519135860694803e+02 2.507445185337577129e+02
2.547586811455733482e+02 2.555641951858829941e+02
2.595654487110577406e+02 2.603838016734292751e+02
2.643722162700740910e+02 2.652033388793448694e+02
2.691789838286939585e+02 2.700228073532034614e+02
2.739857514309862836e+02 2.748422079393258173e+02
2.787925190118681940e+02 2.796615413666409040e+02
2.835992865684341950e+02 2.844808084045795340e+02
2.884060541942756117e+02 2.893000097484510889e+02
2.932128217525702780e+02 2.941191459630809391e+02
2.980195893112198178e+02 2.989382178512118458e+02
3.028263568769386893e+02 3.037572260408740590e+02
3.076331244323348528e+02 3.085761711941416365e+02
3.124398921010540562e+02 3.133950539741804846e+02
3.172466597715641683e+02 3.182138750620881638e+02
3.220534273708311730e+02 3.230326350590104880e+02
3.268601949326961176e+02 3.278513346339080385e+02
3.316669625080054402e+02 3.326699742892157019e+02
3.364737301289399056e+02 3.374885546414412829e+02
3.412804977143887299e+02 3.423070762900264299e+02
3.460872653772185004e+02 3.471255399270535804e+02
3.508940329625471577e+02 3.519439460209027288e+02
3.557008005654280396e+02 3.567622951509467839e+02
3.605075681297654455e+02 3.615805879452813656e+02
3.653143356827349635e+02 3.663988248592819446e+02
3.701211033008339086e+02 3.712170066217718158e+02
3.749278708500872881e+02 3.760351336063883991e+02
3.797346384003845969e+02 3.808532063043621747e+02
3.845414059614483904e+02 3.856712253920163107e+02
3.893481735863132371e+02 3.904891912892258574e+02
3.941549411533025022e+02 3.953071044603258315e+02
3.989617087140071590e+02 4.001249654246282148e+02
4.037684762844810393e+02 4.049427747087997886e+02
4.085752438390645693e+02 4.097605328581051936e+02
4.133820114880539904e+02 4.145782401983835257e+02
4.181887790525061064e+02 4.193958973268518093e+02
4.229955466605284187e+02 4.242135045970753140e+02
4.278023142241886490e+02 4.290310625623220631e+02
4.326090818314952458e+02 4.338485716999230135e+02
4.374158494473816745e+02 4.386660323292372254e+02
4.422226170734452353e+02 4.434834448821868023e+02
4.470293846467105823e+02 4.483008100459081788e+02
4.518361522726707449e+02 4.531181280030001517e+02
4.566429198942345238e+02 4.579353992898102774e+02
4.614496874831455671e+02 4.627526241247436474e+02
4.662564550734417139e+02 4.675698031205672009e+02
4.710632227158042156e+02 4.723869367358067279e+02
4.758699903490099246e+02 4.772040251211215605e+02
4.806767579068205123e+02 4.820210687818326960e+02
4.854835255194402066e+02 4.868380681675319011e+02
4.902902932010035784e+02 4.916550237389635640e+02
4.950970607609588114e+02 4.964719357161103517e+02
4.999038283618963874e+02 5.012888045279007656e+02
5.047105961175828384e+02 5.061056304779889956e+02
5.095173637279633567e+02 5.109224139496682255e+02
5.143241313699089687e+02 5.157391554693490434e+02
5.191308990552029172e+02 5.205558551692191713e+02
5.239376666763554340e+02 5.253725135046303194e+02
5.287444342682316574e+02 5.301891308708003407e+02
5.335512018614716681e+02 5.350057074864782862e+02
5.383579694691857185e+02 5.398222438961867056e+02
5.431647372330423877e+02 5.446387402216364535e+02
5.479715047943263926e+02 5.494551969795968489e+02
5.527782725535275858e+02 5.542716141869800595e+02
5.575850401604062654e+02 5.590879924953934506e+02
5.623918077160321900e+02 5.639043320449502517e+02
5.671985754055772304e+02 5.687206332356511211e+02
5.720053430091888913e+02 5.735368961625345037e+02
5.768121108197656213e+02 5.783531213537223721e+02
5.816188783871812120e+02 5.831693090940827915e+02
5.864256461584859608e+02 5.879854596446539290e+02
5.912324137807777333e+02 5.928015734368021867e+02
5.960391814504577042e+02 5.976176506760901930e+02
6.008459492171564307e+02 6.024336914590912784e+02
6.056527169227844070e+02 6.072496961584498649e+02
6.104594846534978387e+02 6.120656650611442728e+02
6.152662524845957250e+02 6.168815986189904379e+02
6.200730202270472091e+02 6.216974968782724318e+02
6.248797879351852771e+02 6.265133601830823409e+02
6.296865555464482895e+02 6.313291889287676213e+02
6.344933232147352555e+02 6.361449833663384652e+02
6.393000908466231067e+02 6.409607435258001260e+02
6.441068584022784762e+02 6.457764697899689281e+02
6.489136260260156632e+02 6.505921625081227830e+02
6.537203935885886494e+02 6.554078218769155910e+02
6.585271611390843418e+02 6.602234482254625618e+02
6.633339287884233499e+02 6.650390415540873619e+02
6.681406965419419066e+02 6.698546023434018934e+02
6.729474641749412740e+02 6.746701309520894938e+02
6.777542318006271671e+02 6.794856274433825547e+02
6.825609994306939825e+02 6.843010919103002152e+02
6.873677673070668561e+02 6.891165247310905215e+02
6.921745348724846281e+02 6.939319261323710180e+02
