0.000000000000000000e+00 0.000000000000000000e+00
4.806548368963516005e+00 4.827813954639233351e+00
9.613096737205339082e+00 9.655439007764861969e+00
1.441964510601477301e+01 1.448287851134436188e+01
1.922619347633643727e+01 1.931013573266393735e+01
2.403274184747960618e+01 2.413721385503639993e+01
2.883929021693471029e+01 2.896411596625814155e+01
3.364583858615704060e+01 3.379084509203003961e+01
3.845238695542666818e+01 3.861740417076036636e+01
4.325893532886112780e+01 4.344379606952026762e+01
4.806548370395833558e+01 4.827002358145010419e+01
5.287203207896610735e+01 5.309608942942744392e+01
5.767858045375125187e+01 5.792199629362159641e+01
6.248512883864849243e+01 6.274774674252499551e+01
6.729167721759989718e+01 6.757334328889430708e+01
7.209822559583031421e+01 7.239878842775439693e+01
7.690477397444666963e+01 7.722408455275368055e+01
8.171132235254279408e+01 8.204923401900543922e+01
8.651787072263189771e+01 8.687423914041789885e+01
9.132441909321492801e+01 9.169910211961800428e+01
9.613096747362743599e+01 9.652382518578700399e+01
1.009375158728551156e+02 1.013484104520074567e+02
1.057440642439133285e+02 1.061728600101997131e+02
1.105506126543896528e+02 1.109971759248676904e+02
1.153571610539236190e+02 1.158213601680564580e+02
1.201637094705522628e+02 1.206454147259337333e+02
1.249702578868931369e+02 1.254693414816336769e+02
1.297768062983024322e+02 1.302931423040820107e+02
1.345833547146128240e+02 1.351168190348194003e+02
1.393899031302598246e+02 1.399403734633123690e+02
1.441964515232896247e+02 1.447638073152189122e+02
1.490029999152380640e+02 1.495871223457522490e+02
1.538095482927039939e+02 1.544103201826412715e+02
1.586160966662042995e+02 1.592334024914629822e+02
1.634226450431600881e+02 1.640563708377744945e+02
1.682291934199045045e+02 1.688792268654759141e+02
1.730357418442249866e+02 1.737019720446581914e+02
1.778422902614400982e+02 1.785246079184967698e+02
1.826488386786125488e+02 1.833471359583606386e+02
1.874553871023128124e+02 1.881695576177405087e+02
1.922619355400437371e+02 1.929918743173280689e+02
1.970684839689685077e+02 1.978140874351229854e+02
2.018750323990218476e+02 2.026361983246932823e+02
2.066815808286568767e+02 2.074582083408212725e+02
2.114881292561149166e+02 2.122801188231034359e+02
2.162946776854838618e+02 2.171019310037659693e+02
2.211012261082460384e+02 2.219236461496718675e+02
2.259077745145272900e+02 2.267452655383289652e+02
2.307143229692273110e+02 2.315667903295860697e+02
2.355208714064527271e+02 2.363882217317640198e+02
2.403274198006679967e+02 2.412095609820808590e+02
2.451339681911034916e+02 2.460308091798777923e+02
2.499405165869849839e+02 2.508519674371753752e+02
2.547470649733314190e+02 2.556730367531811225e+02
2.595536134189469522e+02 2.604940183419760160e+02
2.643601618154353332e+02 2.653149131909236758e+02
2.691667102722503842e+02 2.701357224076920147e+02
2.739732587265133361e+02 2.749564469697666027e+02
2.787798071416990524e+02 2.797770879142283889e+02
2.835863555226219432e+02 2.845976463099453895e+02
2.883929039066416635e+02 2.894181230073587017e+02
2.931994522911102194e+02 2.942385189498444333e+02
2.980060006912457879e+02 2.990588351231613160e+02
3.028125490874411412e+02 3.038790724623588630e+02
3.076190975248003951e+02 3.086992318730149236e+02
3.124256460207068358e+02 3.135193141950601898e+02
3.172321945181063256e+02 3.183393203752024192e+02
3.220387429439715561e+02 3.231592512671652457e+02
3.268452913776295077e+02 3.279791077027728079e+02
3.316518398470075226e+02 3.327988903881067131e+02
3.364583882304820008e+02 3.376186003205276620e+02
3.412649366419901185e+02 3.424382381423362176e+02
3.460714850490511481e+02 3.472578048176910102e+02
3.508780334608806015e+02 3.520773009359116941e+02
3.556845818877612828e+02 3.568967273790286185e+02
3.604911302698346844e+02 3.617160849297509344e+02
3.652976786490370387e+02 3.665353742143880709e+02
3.701042271004482132e+02 3.713545960333348148e+02
3.749107754929923431e+02 3.761737510775329838e+02
3.797173238767576890e+02 3.809928401241251663e+02
3.845238722626509116e+02 3.858118637684553391e+02
3.893304206436595223e+02 3.906308227396108350e+02
3.941369690745514163e+02 3.954497178055011091e+02
3.989435174620290923e+02 4.002685494605385088e+02
4.037500658420171931e+02 4.050873184674107961e+02
4.085566142239679266e+02 4.099060253857592215e+02
4.133631626959182199e+02 4.147246709815837562e+02
4.181697110875361432e+02 4.195432556835845048e+02
4.229762594773105775e+02 4.243617801869710320e+02
4.277828078784102672e+02 4.291802451160249348e+02
4.325893563124744219e+02 4.339986511686360018e+02
4.373959047555575808e+02 4.388169987523539248e+02
4.422024532088244086e+02 4.436352884991980545e+02
4.470090017670983116e+02 4.484535209526819699e+02
4.518155502098500165e+02 4.532716968341179040e+02
4.566220986579042460e+02 4.580898165177552528e+02
4.614286470720311399e+02 4.629078805257845488e+02
4.662351954889537637e+02 4.677258895202589883e+02
4.710417440144788088e+02 4.725438439872799563e+02
4.758482924746061258e+02 4.773617444129397427e+02
4.806548408584236540e+02 4.821795913436385490e+02
4.854613893018877206e+02 4.869973852339986706e+02
4.902679376856005433e+02 4.918151266359026295e+02
4.950744860724298633e+02 4.966328160302120978e+02
4.998810344874128759e+02 5.014504539739207303e+02
5.046875830546771340e+02 5.062680408466254676e+02
5.094941314925432607e+02 5.110855772204204186e+02
5.143006799418425317e+02 5.159030635042582844e+02
5.191072284498104636e+02 5.207205001835324083e+02
5.239137768976595453e+02 5.255378875782457726e+02
5.287203253181216951e+02 5.303552262979044372e+02
5.335268737380393986e+02 5.351725165381844818e+02
5.383334221778488882e+02 5.399897590774980927e+02
5.431399705821341968e+02 5.448069542055669672e+02
5.479465189704224031e+02 5.496241021533320463e+02
5.527530674252143399e+02 5.544412034782249066e+02
5.575596158103004427e+02 5.592582586388538175e+02
5.623661641929265897e+02 5.640752680537582364e+02
5.671727125854381484e+02 5.688922320324345492e+02
5.719792610174008587e+02 5.737091511782208499e+02
5.767858095239610066e+02 5.785260254926948846e+02
5.815923579184343453e+02 5.833428556859964829e+02
5.863989065191192367e+02 5.881596421392639513e+02
5.912054550171530991e+02 5.929763850716808520e+02
5.960120035130698852e+02 5.977930848494586371e+02
6.008185521062155203e+02 6.026097419850170809e+02
6.056251006391389637e+02 6.074263567463694926e+02
6.104316491969350409e+02 6.122429295081274176e+02
6.152381978566527323e+02 6.170594605664718983e+02
6.200447464418807613e+02 6.218759503986898380e+02
6.248512949806200822e+02 6.266923990296163538e+02
6.296578433965178192e+02 6.315088070409999546e+02
6.344643917984606105e+02 6.363251749686714902e+02
6.392709402580999267e+02 6.411415029164645603e+02
6.440774888520545574e+02 6.459577910761438488e+02
6.488840373184262944e+02 6.507740399131510003e+02
6.536905857994825055e+02 6.555902496406851014e+02
6.584971342567448573e+02 6.604064209449941245e+02
6.633036828931687978e+02 6.652225536302819364e+02
6.681102314699363660e+02 6.700386484837029002e+02
6.729167799296127441e+02 6.748547054182574811e+02
6.777233283232446865e+02 6.796707248715699734e+02
6.825298768138371770e+02 6.844867072434494730e+02
6.873364255179011479e+02 6.893026528245492273e+02
6.921429739194178410e+02 6.941185616612440299e+02
