0.000000000000000000e+00 0.000000000000000000e+00
4.808501037958019531e+00 4.823151905392575323e+00
9.617002076009905309e+00 9.646212072674220650e+00
1.442550311427511467e+01 1.446918165866060946e+01
1.923400415280938702e+01 1.929206179211872296e+01
2.404250519200022040e+01 2.411485358906265475e+01
2.885100623388049712e+01 2.893755814552963557e+01
3.365950727272338838e+01 3.376017651565898348e+01
3.846800831405028021e+01 3.858270976399738572e+01
4.327650936126226355e+01 4.340515892497113271e+01
4.808501040618266842e+01 4.822752499969114837e+01
5.289351146508580115e+01 5.304980898881838414e+01
5.770201250470923782e+01 5.787201187916041789e+01
6.251051355970555079e+01 6.269413461734516346e+01
6.731901461507078466e+01 6.751617816646066217e+01
7.212751566307190387e+01 7.233814343074851649e+01
7.693601671143991894e+01 7.716003132958802269e+01
8.174451775887825988e+01 8.198184275542200794e+01
8.655301879846413726e+01 8.680357860573866446e+01
9.136151983893570616e+01 9.162523972651229087e+01
9.617002088562932727e+01 9.644682694981973725e+01
1.009785219551414741e+02 1.012683411413840275e+02
1.057870229979272381e+02 1.060897830820941010e+02
1.105955240588095307e+02 1.109111536030258378e+02
1.154040251276617823e+02 1.157324534897767307e+02
1.202125262137609951e+02 1.205536835637915374e+02
1.250210272999531327e+02 1.253748445281278237e+02
1.298295283814553613e+02 1.301959371663808440e+02
1.346380294677431380e+02 1.350169622428992113e+02
1.394465305526239831e+02 1.398379204463227268e+02
1.442550316074217278e+02 1.446588125445177013e+02
1.490635326745453142e+02 1.494796391964825943e+02
1.538720337331799328e+02 1.543004010880021610e+02
1.586805347887498101e+02 1.591210989477497151e+02
1.634890358346420953e+02 1.639417334391893348e+02
1.682975369233308243e+02 1.687623052024898982e+02
1.731060380173257442e+02 1.735828149336172430e+02
1.779145391039092203e+02 1.784032632072202489e+02
1.827230401900343111e+02 1.832236506820249815e+02
1.875315412966079975e+02 1.880439780020427634e+02
1.923400423935284778e+02 1.928642457704135609e+02
1.971485434924365450e+02 1.976844546179254394e+02
2.019570445919208339e+02 2.025046051221467565e+02
2.067655456912655438e+02 2.073246978328924683e+02
2.115740467783951431e+02 2.121447333306895757e+02
2.163825478707195487e+02 2.169647122466718656e+02
2.211910489464343641e+02 2.217846350590127429e+02
2.259995500228006335e+02 2.266045023742397007e+02
2.308080510949043571e+02 2.314243147047922662e+02
2.356165521870273381e+02 2.362440726698658864e+02
2.404250532518382499e+02 2.410637767094393666e+02
2.452335543844726544e+02 2.458834273237238222e+02
2.500420554406262568e+02 2.507030251104098681e+02
2.548505565083457327e+02 2.555225705086535015e+02
2.596590575888723151e+02 2.603420640357492175e+02
2.644675586444298006e+02 2.651615061152522230e+02
2.692760597615149436e+02 2.699808972883141678e+02
2.740845608820094981e+02 2.748002380364815735e+02
2.788930619335997108e+02 2.796195289147132144e+02
2.837015630300927569e+02 2.844387702186709816e+02
2.885100640968986454e+02 2.892579624904116145e+02
2.933185651516660641e+02 2.940771062738176624e+02
2.981270662149328246e+02 2.988962018407020196e+02
3.029355672893269684e+02 3.037152497400878133e+02
3.077440683411925306e+02 3.085342503362933257e+02
3.125525695058190649e+02 3.133532041089938502e+02
3.173610706725790465e+02 3.181721115026334701e+02
3.221695717711824045e+02 3.229909728830079985e+02
3.269780728845153135e+02 3.278097886008955584e+02
3.317865739795983018e+02 3.326285591591778257e+02
3.365950750798803028e+02 3.374472849485165966e+02
3.414035761628567229e+02 3.422659663049172423e+02
3.462120772288093349e+02 3.470846036060560778e+02
3.510205783159841531e+02 3.519031973220469354e+02
3.558290794269300932e+02 3.567217478932134327e+02
3.606375806106569826e+02 3.615402554957406096e+02
3.654460816891850072e+02 3.663587206567613066e+02
3.702545828114713231e+02 3.711771437011985881e+02
3.750630838574015797e+02 3.759955249052982253e+02
3.798715850296123335e+02 3.808138646437831198e+02
3.846800860885397242e+02 3.856321633546151588e+02
3.894885871397234496e+02 3.904504212555653453e+02
3.942970882064923899e+02 3.952686387415744207e+02
3.991055892637709235e+02 4.000868161844431370e+02
4.039140903363614825e+02 4.049049539081103148e+02
4.087225913873905938e+02 4.097230521780464301e+02
4.135310925378821594e+02 4.145411115203634154e+02
4.183395935990564567e+02 4.193591321008667592e+02
4.231480946945595178e+02 4.241771141394203823e+02
4.279565957554598299e+02 4.289950581224194366e+02
4.327650968600502779e+02 4.338129643048187063e+02
4.375735979703364364e+02 4.386308329169524995e+02
4.423820990893847807e+02 4.434486642874579729e+02
4.471906001347311985e+02 4.482664587634809550e+02
4.519991012334331799e+02 4.530842165976869182e+02
4.568076023504054319e+02 4.579019382266246794e+02
4.616161034349175907e+02 4.627196236843740280e+02
4.664246045214277956e+02 4.675372734155625949e+02
4.712331056206119797e+02 4.723548876255027835e+02
4.760416067498347275e+02 4.771724667161217894e+02
4.808501078059061911e+02 4.819900108872283226e+02
4.856586089013499077e+02 4.868075203677276477e+02
4.904671100108905648e+02 4.916249954928381385e+02
4.952756110842896646e+02 4.964424365933373338e+02
5.000841121808433627e+02 5.012598437603635944e+02
5.048926134209701786e+02 5.060772172473513137e+02
5.097011144972353236e+02 5.108945574682823008e+02
5.145096155574938166e+02 5.157118645605188476e+02
5.193181168392693507e+02 5.205291388787388769e+02
5.241266181011142180e+02 5.253463804793042300e+02
5.289351192923893450e+02 5.301635897692781327e+02
5.337436204015009480e+02 5.349807670343720929e+02
5.385521215107660282e+02 5.397979124567201552e+02
5.433606225673097470e+02 5.446150261328725719e+02
5.481691236249287158e+02 5.494321083001111674e+02
5.529776246831579556e+02 5.542491595006424632e+02
5.577861257426227439e+02 5.590661795514157575e+02
5.625946268331435931e+02 5.638831689714520508e+02
5.674031279371665732e+02 5.687001278517718674e+02
5.722116290400351772e+02 5.735170564873269541e+02
5.770201301235540541e+02 5.783339549559324269e+02
5.818286312047059710e+02 5.831508235870433055e+02
5.866371324515034757e+02 5.879676625840240831e+02
5.914456335047802895e+02 5.927844723778689513e+02
5.962541346771060944e+02 5.976012529586696473e+02
6.010626359456962291e+02 6.024180045332005875e+02
6.058711371611318555e+02 6.072347272403042098e+02
6.106796383912439978e+02 6.120514212458241445e+02
6.154881397090041446e+02 6.168680869103560553e+02
6.202966409567904975e+02 6.216847242496910440e+02
6.251051421389165625e+02 6.265013336900392460e+02
6.299136431829739422e+02 6.313179152959061184e+02
6.347221443366104268e+02 6.361344692815171129e+02
6.395306454596407093e+02 6.409509960244764670e+02
6.443391465118056658e+02 6.457674952694369495e+02
6.491476477139956387e+02 6.505839675753602478e+02
6.539561487736866638e+02 6.554004128923151029e+02
6.587646498231549685e+02 6.602168315954334048e+02
6.635731508857898007e+02 6.650332238492268289e+02
6.683816521605629077e+02 6.698495898045483727e+02
6.731901532936200283e+02 6.746659296474360872e+02
6.779986543535663941e+02 6.794822435453161233e+02
6.828071556844835186e+02 6.842985316070733006e+02
6.876156570580956213e+02 6.891147939657781762e+02
6.924241581285015172e+02 6.939310308199685551e+02
