0.000000000000000000e+00 0.000000000000000000e+00
5.108652518350108807e+00 5.247573007409998880e+00
1.021730503062534545e+01 1.048758803666924422e+01
1.532595755436889107e+01 1.572081667334948563e+01
2.043461007369841909e+01 2.094791933203761758e+01
2.554326260644624824e+01 2.616946545436930904e+01
3.065191516315965359e+01 3.138594931722444414e+01
3.576056773660584298e+01 3.659780267882793225e+01
4.086922031131505406e+01 4.180540464802110989e+01
4.597787285079759556e+01 4.700909002507867740e+01
5.108652544665992679e+01 5.220915588945649688e+01
5.619517805646658815e+01 5.740586680358322269e+01
6.130383059743760299e+01 6.259945963378743272e+01
6.641248318851438626e+01 6.779014703220430249e+01
7.152113580992610764e+01 7.297812092967829756e+01
7.662978844180051397e+01 7.816355475518460594e+01
8.173844107143129634e+01 8.334660597428258200e+01
