0.000000000000000000e+00 0.000000000000000000e+00
9.317561432791372500e-01 9.703278842198201914e-01
1.863512288035212183e+00 1.939981587409696839e+00
2.795268429146911870e+00 2.908983674700309940e+00
3.727024569740915005e+00 3.877355635091679353e+00
4.658780711545670528e+00 4.845117942701714142e+00
5.590536851784923655e+00 5.812290077587729975e+00
6.522292991299623921e+00 6.778890661875081491e+00
7.454049131047305821e+00 7.744937444890068079e+00
8.385805271346619350e+00 8.710447390634779907e+00
9.317561412912073848e+00 9.675436676806267400e+00
1.024931755476549533e+01 1.063992084462669219e+01
1.118107369546202534e+01 1.160391471735479030e+01
1.211282983660371748e+01 1.256743249443522359e+01
1.304458597840065970e+01 1.353048779257738232e+01
1.397634211950828309e+01 1.449309364613995044e+01
1.490809826552513151e+01 1.545526256102077411e+01
