0.000000000000000000e+00 0.000000000000000000e+00
1.425875327726948250e+00 1.481505825860343517e+00
2.851750653966924176e+00 2.961615457451475031e+00
4.277625979568250081e+00 4.440395621845782514e+00
5.703501304788977322e+00 5.917908480279653105e+00
7.129376631507224005e+00 7.394212041951886860e+00
8.555251959105861559e+00 8.869360488083355420e+00
9.981127284978082770e+00 1.034340453329774689e+01
1.140700262147453969e+01 1.181639167307627325e+01
1.283287795272217124e+01 1.328836645467564992e+01
1.425875328483568261e+01 1.475937076404129300e+01
1.568462861309591361e+01 1.622944397920995385e+01
1.711050393845933826e+01 1.769862312131363780e+01
1.853637927386063922e+01 1.916694312973338654e+01
1.996225462128094108e+01 2.063443697475710081e+01
2.138812995562134134e+01 2.210113575022679555e+01
2.281400528393833227e+01 2.356706889351044865e+01
