0.000000000000000000e+00 0.000000000000000000e+00
9.317561405819867471e-01 9.703278840927859195e-01
1.863512281505206092e+00 1.939981587186641931e+00
2.795268422703093059e+00 2.908983674058726265e+00
3.727024563271691626e+00 3.877355651093165712e+00
4.658780703152611835e+00 4.845117958237966427e+00
5.590536843011467916e+00 5.812290093707678906e+00
6.522292982552448493e+00 6.778890676748988930e+00
7.454049122303124442e+00 7.744937459057577911e+00
8.385805262571302876e+00 8.710447401141482970e+00
9.317561404095387800e+00 9.675436687019445259e+00
1.024931754598204847e+01 1.063992085458582082e+01
1.118107368702928284e+01 1.160391472696099413e+01
1.211282982930350371e+01 1.256743250376929133e+01
1.304458597276625120e+01 1.353048780166866116e+01
1.397634213018207205e+01 1.449309365501665070e+01
1.490809827355066730e+01 1.545526258197862646e+01
