0.000000000000000000e+00 0.000000000000000000e+00
4.701363274616993770e+00 4.832859571606796578e+00
9.402726551977671932e+00 9.658696317104441320e+00
1.410408982936880840e+01 1.447821401501632366e+01
1.880545311048071966e+01 1.929201704519647365e+01
2.350681640635916381e+01 2.410062806372057054e+01
2.820817968807156007e+01 2.890450200651278223e+01
3.290954297653650684e+01 3.370403700082751186e+01
3.761090630176860827e+01 3.849958365758051571e+01
4.231226957669959887e+01 4.329145195222115206e+01
4.701363285511862244e+01 4.807991745349470136e+01
5.171499615929674576e+01 5.286522614166835154e+01
5.641635943877520276e+01 5.764759843040863529e+01
6.111772275847104652e+01 6.242723256924966790e+01
6.581908611681693344e+01 6.720430742848601824e+01
7.052044948990334206e+01 7.197898505075588105e+01
7.522181277455619863e+01 7.675141278624639085e+01
