0.000000000000000000e+00 0.000000000000000000e+00
5.347194354155938356e+00 5.490833273177566198e+00
1.069438870874314773e+01 1.097373806955793363e+01
1.604158307067227796e+01 1.644953505473534960e+01
2.138877742355604994e+01 2.191892493001745379e+01
2.673597182123254612e+01 2.738251057487034146e+01
3.208316619335868580e+01 3.284081430516000921e+01
3.743036055241244497e+01 3.829429152580574680e+01
4.277755495225281379e+01 4.374334152462724035e+01
4.812474937043332091e+01 4.918831640112115622e+01
5.347194382231518262e+01 5.462952811529196140e+01
5.881913829958480733e+01 6.006725427661073979e+01
6.416633273327758502e+01 6.550174309045215182e+01
6.951352718118822338e+01 7.093321735039629061e+01
7.486072163382848998e+01 7.636187764698419755e+01
8.020791608728998767e+01 8.178790526103816205e+01
8.555511053693606982e+01 8.721146452115911529e+01
