0.000000000000000000e+00 0.000000000000000000e+00
4.977772662680068017e+00 5.114230992254686470e+00
9.955545338238982467e+00 1.022108795408831128e+01
1.493331802223629090e+01 1.532131874441198605e+01
1.991109069514392971e+01 2.041556421736422067e+01
2.488886338355116479e+01 2.550437752897564891e+01
2.986663608407456039e+01 3.058823928363201006e+01
3.484440876668742249e+01 3.566756953335500668e+01
3.982218146923413826e+01 4.074273761306776009e+01
4.479995420480106816e+01 4.581406964119623382e+01
4.977772692089914131e+01 5.088185528377762523e+01
5.475549958814502105e+01 5.594635279065084887e+01
5.973327229626604407e+01 6.100779333373243674e+01
6.471104498454982945e+01 6.606638463866249822e+01
6.968881776623817359e+01 7.112231412894470850e+01
7.466659053299721904e+01 7.617575138310667171e+01
7.964436333361003051e+01 8.122685039065656554e+01
