0.000000000000000000e+00 0.000000000000000000e+00
1.421478134047724495e-01 1.486434230970720693e-01
2.842956268094971595e-01 2.972674328189995885e-01
4.264434404194687445e-01 4.458721411811837898e-01
5.685912544862594675e-01 5.944576590064090116e-01
7.107390691753112666e-01 7.430240962447486330e-01
8.528868843132656474e-01 8.915715632882608155e-01
9.950346998532803022e-01 1.040100167334598869e+00
1.137182515605569266e+00 1.188610016464261010e+00
1.279330331172400914e+00 1.337101216989651231e+00
1.421478147424342753e+00 1.485573870675066965e+00
1.563625966593586769e+00 1.634028083752991245e+00
1.705773787457143031e+00 1.782463965083207258e+00
1.847921608585599618e+00 1.930881625114988731e+00
1.990069429384283328e+00 2.079281159366765941e+00
2.132217250053567881e+00 2.227662676160622635e+00
2.274365070316715531e+00 2.376026264178663361e+00
