0.000000000000000000e+00 0.000000000000000000e+00
2.118425062850144425e+00 2.194994420753609621e+00
4.236850124931165418e+00 4.387356024552504508e+00
6.355275189851329998e+00 6.577255988406134790e+00
8.473700252099952479e+00 8.764849668557305407e+00
1.059212531794073442e+01 1.095027845637171993e+01
1.271055039085891458e+01 1.313367138521263122e+01
1.482897547368663638e+01 1.531514649592825705e+01
1.694740054217464120e+01 1.749481206024101709e+01
1.906582562335822928e+01 1.967276755862015847e+01
2.118425069682609063e+01 2.184910462120144814e+01
2.330267577396514156e+01 2.402390785253731664e+01
2.542110084112539425e+01 2.619725544518076177e+01
2.753952591942305617e+01 2.836921990065938814e+01
2.965795100139982310e+01 3.053986848543216936e+01
3.177637606782268165e+01 3.270926374077511412e+01
3.389480118049844748e+01 3.487746395477453376e+01
