0.000000000000000000e+00 0.000000000000000000e+00
4.977772664419130244e+00 5.114230992968145983e+00
9.955545339950209183e+00 1.022108795699179140e+01
1.493331802404806297e+01 1.532131874456929665e+01
1.991109069904657503e+01 2.041556421840019198e+01
2.488886338765765061e+01 2.550437755880500745e+01
2.986663609604450187e+01 3.058823928870298658e+01
3.484440876586452873e+01 3.566756955084196079e+01
3.982218146204984066e+01 4.074273762909109564e+01
4.479995414096356399e+01 4.581406967416286591e+01
4.977772686646687816e+01 5.088185530388798128e+01
5.475549960145204409e+01 5.594635277750720093e+01
5.973327234573977762e+01 6.100779325171976097e+01
6.471104506501998799e+01 6.606638456102943735e+01
6.968881784660854350e+01 7.112231408099579255e+01
7.466659052195177537e+01 7.617575130955285090e+01
7.964436332232222071e+01 8.122685031833492530e+01
