0.000000000000000000e+00 0.000000000000000000e+00
5.232148285301862600e+00 5.373470518852956346e+00
1.046429657449264283e+01 1.073919754093646262e+01
1.569644487066823402e+01 1.609797697397588934e+01
2.092859317696534305e+01 2.145048929377050939e+01
2.616074150676663379e+01 2.679732055914187328e+01
3.139288983703815106e+01 3.213897904793813609e+01
3.662503818472140438e+01 3.747590826113766127e+01
4.185718650126099760e+01 4.280849737320565396e+01
4.708933479189023785e+01 4.813708991975163087e+01
5.232148313579761378e+01 5.346199030980299938e+01
5.755363150366302705e+01 5.878346979056652799e+01
6.278577989268580950e+01 6.410177075565461280e+01
6.801792827161310129e+01 6.941711105568887774e+01
7.325007666539016782e+01 7.472968683552988978e+01
7.848222506399594067e+01 8.003967555279933777e+01
8.371437345788484663e+01 8.534723817140465485e+01
