0.000000000000000000e+00 0.000000000000000000e+00
2.118425063395600105e+00 2.194994420751477104e+00
4.236850125456538940e+00 4.387356024568928703e+00
6.355275189346126119e+00 6.577255991111142563e+00
8.473700251597449551e+00 8.764849669721266778e+00
1.059212532655137551e+01 1.095027846843668407e+01
1.271055039106019180e+01 1.313367141403225702e+01
1.482897545842138598e+01 1.531514654325269476e+01
1.694740053092332133e+01 1.749481210990228419e+01
1.906582561067844495e+01 1.967276761070547764e+01
2.118425068417598212e+01 2.184910466807010465e+01
2.330267576239231175e+01 2.402390787082949686e+01
2.542110085159087873e+01 2.619725547004915356e+01
2.753952592949339717e+01 2.836921992520747438e+01
2.965795101236954423e+01 3.053986849856207186e+01
3.177637608834958982e+01 3.270926378426692338e+01
3.389480120022823684e+01 3.487746401923973849e+01
