0.000000000000000000e+00 0.000000000000000000e+00
3.890808790873973244e+00 4.009572688418966635e+00
7.781617584081484296e+00 8.012882448400921120e+00
1.167242637502433844e+01 1.201054544505804600e+01
1.556323517849379812e+01 1.600309277952665354e+01
1.945404398447503524e+01 1.999098523078948375e+01
2.334485279462894880e+01 2.397462498178564516e+01
2.723566161112213280e+01 2.795436497379626317e+01
3.112647040592030123e+01 3.193051657599373527e+01
3.501727920198107569e+01 3.590335580925633252e+01
3.890808800709721282e+01 3.987312841290339094e+01
4.279889680858095602e+01 4.384005402059398193e+01
4.668970564877675145e+01 4.780432979905901192e+01
5.058051451352285710e+01 5.176613328921824575e+01
5.447132331447725306e+01 5.572562503077504914e+01
5.836213218202124864e+01 5.968295036606390624e+01
6.225294097869340959e+01 6.363824168053817942e+01
