0.000000000000000000e+00 0.000000000000000000e+00
4.977772665442400601e+00 5.114230990022416989e+00
9.955545341127177039e+00 1.022108795473736720e+01
1.493331802485224458e+01 1.532131875229381279e+01
1.991109071036932932e+01 2.041556422452213937e+01
2.488886339759267585e+01 2.550437752279293591e+01
2.986663607356867445e+01 3.058823928797107072e+01
3.484440875378849967e+01 3.566756953723432844e+01
3.982218142052764165e+01 4.074273761543248895e+01
4.479995408724403916e+01 4.581406965177704649e+01
4.977772680559499463e+01 5.088185527177611789e+01
5.475549953873971276e+01 5.594635273890791893e+01
5.973327224392514978e+01 6.100779326092320787e+01
6.471104493225183774e+01 6.606638456649758950e+01
6.968881771372886647e+01 7.112231406286653623e+01
7.466659044675979828e+01 7.617575141956474738e+01
7.964436324689364710e+01 8.122685042346107309e+01
