0.000000000000000000e+00 0.000000000000000000e+00
5.946931074661612193e-01 6.203863000085525492e-01
1.189386215001122515e+00 1.240472273776704659e+00
1.784079322488572927e+00 1.860264659565202372e+00
2.378772429834329571e+00 2.479769998686865318e+00
2.973465537076473986e+00 3.098994614138367965e+00
3.568158644323274675e+00 3.717944644152207712e+00
4.162851751664344846e+00 4.336625997343089622e+00
4.757544858711442615e+00 4.955044422182479202e+00
5.352237965362481198e+00 5.573205476850080053e+00
5.946931072073001090e+00 6.191114563036685503e+00
6.541624178388176780e+00 6.808776911760539008e+00
7.136317284631751079e+00 7.426197585299578741e+00
7.731010390838332746e+00 8.043381506927085312e+00
8.325703496991547325e+00 8.660333458335612633e+00
8.920396603253577084e+00 9.277058074543337085e+00
9.515089710161316106e+00 9.893559854053812330e+00
