0.000000000000000000e+00 0.000000000000000000e+00
4.998343246537919171e+00 5.013553686720289448e+00
9.996686492329283524e+00 1.002700817013244716e+01
1.499502973784963444e+01 1.504036475170423515e+01
1.999337298452920919e+01 2.005362470879864389e+01
2.499171623003361731e+01 2.506678929525036992e+01
2.999005947710717379e+01 3.007985973395557977e+01
3.498840272608995861e+01 3.509283721919784682e+01
3.998674598159014693e+01 4.010572295050369007e+01
4.498508923434785345e+01 4.511851807478939236e+01
4.998343248015468987e+01 5.013122371509025754e+01
5.498177572650340039e+01 5.514384101812501626e+01
5.998011897988718744e+01 6.015637104091908327e+01
6.497846223476992122e+01 6.516881488630272656e+01
6.997680549133869476e+01 7.018117357372423726e+01
7.497514875245818189e+01 7.519344815967035345e+01
7.997349200335955288e+01 8.020563966213391893e+01
8.497183526985544688e+01 8.521774906519489434e+01
8.997017853506747542e+01 9.022977737982951396e+01
9.496852181657951064e+01 9.524172555384159011e+01
9.996686507566883506e+01 1.002535945054286373e+02
1.049652083672528136e+02 1.052653851972257115e+02
1.099635516425541653e+02 1.102770984955273263e+02
1.149618949172671591e+02 1.152887353317257748e+02
1.199602382059015042e+02 1.203002965813349334e+02
1.249585814696653614e+02 1.253117831086563854e+02
1.299569247377939689e+02 1.303231957558362524e+02
1.349552680411162555e+02 1.353345353944357612e+02
1.399536113218845799e+02 1.403458027883373802e+02
1.449519545754325236e+02 1.453569987672352113e+02
1.499502978485764402e+02 1.503681241406179652e+02
1.549486411543345810e+02 1.553791796783624477e+02
1.599469844085070065e+02 1.603901661395956637e+02
1.649453276553028331e+02 1.654010842891892707e+02
1.699436709217731618e+02 1.704119349228556644e+02
1.749420142219917693e+02 1.754227186691499014e+02
1.799403575168204839e+02 1.804334363039974676e+02
1.849387008128759931e+02 1.854440885357222442e+02
1.899370440852020181e+02 1.904546760526302478e+02
1.949353874040898233e+02 1.954651995789629950e+02
1.999337307117640989e+02 2.004756596803722459e+02
2.049320740205969855e+02 2.054860571224486989e+02
2.099304173306817063e+02 2.104963925138889067e+02
2.149287606418441783e+02 2.155066665196918052e+02
2.199271039513055825e+02 2.205168797373381153e+02
2.249254472532530258e+02 2.255270328225640526e+02
2.299237905356061162e+02 2.305371263583595578e+02
2.349221338145013647e+02 2.355471609824728034e+02
2.399204770960064934e+02 2.405571372782298170e+02
2.449188203625539018e+02 2.455670558560079542e+02
2.499171636152610745e+02 2.505769173268856775e+02
2.549155068832262998e+02 2.555867221077695035e+02
2.599138502240766115e+02 2.605964708489084956e+02
2.649121934910240270e+02 2.656061641207239745e+02
2.699105367797130839e+02 2.706158024623176743e+02
2.749088800456080435e+02 2.756253863762019591e+02
2.799072233108541354e+02 2.806349164852452986e+02
2.849055665637399670e+02 2.856443932446351255e+02
2.899039098348719108e+02 2.906538170601450020e+02
2.949022531058234335e+02 2.956631885562640036e+02
2.999005963778973864e+02 3.006725082477026945e+02
3.048989396448437788e+02 3.056817765665014690e+02
3.098972829104646962e+02 3.106909940339407967e+02
3.148956263027016007e+02 3.157001611677326309e+02
3.198939696468166289e+02 3.207092783186975566e+02
3.248923129042062783e+02 3.257183460155138164e+02
3.298906562858903726e+02 3.307273647834561530e+02
3.348889995814228655e+02 3.357363349714744345e+02
3.398873428744825560e+02 3.407452570200871378e+02
3.448856861639408180e+02 3.457541314354983228e+02
3.498840294206198678e+02 3.507629585594016817e+02
3.548823727320310581e+02 3.557717389667598127e+02
3.598807160709260415e+02 3.607804728673154955e+02
3.648790593330240881e+02 3.657891609347670965e+02
3.698774026289677295e+02 3.707978033141350238e+02
3.748757458867648893e+02 3.758064006013994458e+02
3.798740891946747524e+02 3.808149531832785328e+02
3.848724324763379627e+02 3.858234613121829852e+02
3.898707757352867134e+02 3.908319254416402373e+02
3.948691190609202408e+02 3.958403460440359822e+02
3.998674623181986476e+02 4.008487233260386802e+02
4.048658056286374176e+02 4.058570578905300863e+02
4.098641488920522988e+02 4.108653499222047003e+02
4.148624922216991990e+02 4.158735998717974098e+02
4.198608354912499294e+02 4.208818080280242953e+02
4.248591787880606034e+02 4.258899747713439297e+02
4.298575220508136567e+02 4.308981005070311312e+02
4.348558653743720015e+02 4.359061855920746211e+02
4.398542086317955295e+02 4.409142302351891090e+02
4.448525519141167024e+02 4.459222347998878604e+02
4.498508952058155046e+02 4.509301996997094193e+02
4.548492385348886273e+02 4.559381252666821638e+02
4.598475818515987612e+02 4.609460118178635639e+02
4.648459251594986199e+02 4.659538596400894903e+02
4.698442684426216260e+02 4.709616691534479287e+02
4.748426118251184107e+02 4.759694404782509309e+02
4.798409551042467456e+02 4.809771739914729096e+02
4.848392985018633681e+02 4.859848700539394031e+02
4.898376417647614858e+02 4.909925289301515932e+02
4.948359850802271467e+02 4.960001509182376367e+02
4.998343285249201813e+02 5.010077364179149981e+02
5.048326719815856904e+02 5.060152855904714215e+02
5.098310154684996292e+02 5.110227988081655894e+02
5.148293588141129931e+02 5.160302763139310400e+02
5.198277020877670793e+02 5.210377184219897799e+02
5.248260453645693815e+02 5.260451252672380633e+02
5.298243887331627775e+02 5.310524971618521022e+02
5.348227320563703415e+02 5.360598344819582053e+02
5.398210754115749523e+02 5.410671373844998016e+02
5.448194187777502293e+02 5.460744062764397313e+02
5.498177620457090597e+02 5.510816413026498140e+02
5.548161053453434306e+02 5.560888427710369797e+02
5.598144486863512839e+02 5.610960109247021137e+02
5.648127919861635746e+02 5.661031460421479551e+02
5.698111353198667075e+02 5.711102484416780953e+02
5.748094787803113377e+02 5.761173183063090164e+02
5.798078220497897064e+02 5.811243557580452261e+02
5.848061654056100451e+02 5.861313611153913143e+02
5.898045086697918578e+02 5.911383347613930255e+02
5.948028519832607799e+02 5.961452766803244003e+02
5.998011954284504554e+02 6.011521871916042983e+02
6.047995388716503840e+02 6.061590666791106514e+02
6.097978823279980816e+02 6.111659150834689171e+02
6.147962255875639812e+02 6.161727329274513068e+02
6.197945689326454612e+02 6.211795202793283579e+02
6.247929124318328604e+02 6.261862774076671485e+02
6.297912558086641184e+02 6.311930044839348284e+02
6.347895993295364860e+02 6.361997017001781387e+02
6.397879426813632335e+02 6.412063693500895170e+02
6.447862859495977546e+02 6.462130076516111785e+02
6.497846292956483012e+02 6.512196169600065332e+02
6.547829725594308456e+02 6.562261969973744726e+02
6.597813159341810660e+02 6.612327482875922442e+02
6.647796592392876391e+02 6.662392712267343313e+02
6.697780027260621409e+02 6.712457657144866516e+02
6.747763461032053556e+02 6.762522321963703007e+02
6.797746894355007043e+02 6.812586706091474298e+02
6.847730329913830474e+02 6.862650812228293944e+02
6.897713762468824825e+02 6.912714641225717287e+02
6.947697195400568262e+02 6.962778195783484989e+02
6.997680630793067849e+02 7.012841480995307393e+02
7.047664063486380428e+02 7.062904495507389129e+02
7.097647496827383975e+02 7.112967241714100055e+02
7.147630929595391081e+02 7.163029721797709044e+02
7.197614362425858872e+02 7.213091936998021083e+02
