0.000000000000000000e+00 0.000000000000000000e+00
4.587099481606341733e+00 4.600773945568342072e+00
9.174198964958851121e+00 9.201462631963824634e+00
1.376129844755860177e+01 1.380206713250717598e+01
1.834839792938142722e+01 1.840258849925077556e+01
2.293549741129682573e+01 2.300302777001732579e+01
2.752259689381219232e+01 2.760338594908167664e+01
3.210969638258529102e+01 3.220366403415833645e+01
3.669679586689949247e+01 3.680386300817914247e+01
4.128389535042807523e+01 4.140398383755325540e+01
4.587099484149727857e+01 4.600402745062616106e+01
5.045809432659894611e+01 5.060399478231083492e+01
5.504519380951393259e+01 5.520388671721202911e+01
5.963229329918139854e+01 5.980370416104877762e+01
6.421939281199715310e+01 6.440344801182024526e+01
6.880649232056092046e+01 6.900311909078207862e+01
7.339359183606458714e+01 7.360271827051680305e+01
7.798069133336227310e+01 7.820224638553693808e+01
8.256779083055928936e+01 8.280170425228533304e+01
8.715489033011124320e+01 8.740109264479779938e+01
9.174198982448723427e+01 9.200041236596763383e+01
9.632908935280153173e+01 9.659966422258005991e+01
1.009161888463246726e+02 1.011988489466760512e+02
1.055032883796067438e+02 1.057979672860638232e+02
1.100903879178316060e+02 1.103970199704604340e+02
1.146774874393256027e+02 1.149960077589338994e+02
1.192645869361721367e+02 1.195949313345737721e+02
1.238516864761509737e+02 1.241937913871736043e+02
1.284387860236374763e+02 1.287925886567117573e+02
1.330258855459296683e+02 1.333913237612561034e+02
1.376129850892032209e+02 1.379899973821149501e+02
1.422000845880922668e+02 1.425886101840112303e+02
1.467871840842477695e+02 1.471871628144587874e+02
1.513742835848766504e+02 1.517856559537172529e+02
1.559613830982854950e+02 1.563840902200573737e+02
1.605484826022824052e+02 1.609824661196004172e+02
1.651355821590291271e+02 1.655807843937693917e+02
1.697226816442400832e+02 1.701790455319543298e+02
1.743097811801941646e+02 1.747772501791871491e+02
1.788968806698335356e+02 1.793753989225637042e+02
1.834839802219951537e+02 1.839734923226146179e+02
1.880710797972055843e+02 1.885715308968165118e+02
1.926581793182440947e+02 1.931695152899277730e+02
1.972452788218514854e+02 1.977674459118238133e+02
2.018323783534765425e+02 2.023653234376071168e+02
2.064194779337774150e+02 2.069631482901795607e+02
2.110065774676622823e+02 2.115609210595623892e+02
2.155936770469894554e+02 2.161586422528294520e+02
2.201807766127907655e+02 2.207563123397184768e+02
2.247678761839750905e+02 2.253539318280795953e+02
2.293549757391684807e+02 2.299515012066211170e+02
2.339420752917674520e+02 2.345490209593534132e+02
2.385291748429450536e+02 2.391464915615833888e+02
2.431162744363676893e+02 2.437439134795376958e+02
2.477033739814588387e+02 2.483412871437298577e+02
2.522904735248594648e+02 2.529386131030036893e+02
2.568775730621091498e+02 2.575358916832478258e+02
2.614646725963236804e+02 2.621331234942031188e+02
2.660517721625059835e+02 2.667303088042338004e+02
2.706388717467702349e+02 2.713274481070411071e+02
2.752259713375243564e+02 2.759245417854194784e+02
2.798130709221295547e+02 2.805215903610184114e+02
2.844001705027851017e+02 2.851185942161049525e+02
2.889872700816058568e+02 2.897155537583587375e+02
2.935743696547647801e+02 2.943124693074725542e+02
2.981614691518741438e+02 2.989093413185340751e+02
3.027485687832317467e+02 3.035061702118541120e+02
3.073356683262358615e+02 3.081029563017261808e+02
3.119227678777901929e+02 3.126997000772711317e+02
3.165098674461670498e+02 3.172964017830911985e+02
3.210969670243461564e+02 3.218930618523497742e+02
3.256840665950147695e+02 3.264896805820187637e+02
3.302711661542251136e+02 3.310862584004850078e+02
3.348582657029285201e+02 3.356827957206064639e+02
3.394453652490253717e+02 3.402792928879479177e+02
3.440324647938720091e+02 3.448757501929690079e+02
3.486195643534974238e+02 3.494721678619128511e+02
3.532066639210050880e+02 3.540685463323666227e+02
3.577937634505242386e+02 3.586648860865711868e+02
3.623808630501122252e+02 3.632611872758900518e+02
3.669679625460940997e+02 3.678574502005902218e+02
3.715550621109306348e+02 3.724536753789269596e+02
3.761421616718167797e+02 3.770498628692693046e+02
3.807292612136013759e+02 3.816460132253025677e+02
3.853163607066352938e+02 3.862421265428480410e+02
3.899034602377565193e+02 3.908382033231044943e+02
3.944905597439113194e+02 3.954342438148408974e+02
3.990776594010599183e+02 4.000302481888855368e+02
4.036647589807322447e+02 4.046262169335262797e+02
4.082518585779661180e+02 4.092221501918744480e+02
4.128389580877221761e+02 4.138180483830221874e+02
4.174260577061315871e+02 4.184139115371085609e+02
4.220131572249772489e+02 4.230097402240050428e+02
4.266002567637110587e+02 4.276055344532469462e+02
4.311873562901174068e+02 4.322012948108696833e+02
4.357744559024234832e+02 4.367970212187683501e+02
4.403615555974467952e+02 4.413927141722558076e+02
4.449486552379690920e+02 4.459883739221236283e+02
4.495357547344975728e+02 4.505840007105737186e+02
4.541228542599327511e+02 4.551795947834100389e+02
4.587099538859366703e+02 4.597751563045776493e+02
4.632970533847668548e+02 4.643706856665647820e+02
4.678841530509174618e+02 4.689661830420701563e+02
4.724712526359476783e+02 4.735616487072596783e+02
4.770583523507892778e+02 4.781570827671645247e+02
4.816454519877278244e+02 4.827524858084556172e+02
4.862325516282518834e+02 4.873478577589875158e+02
4.908196512939658760e+02 4.919431988915828242e+02
4.954067507885584973e+02 4.965385094930851437e+02
4.999938504218808930e+02 5.011337897430707926e+02
5.045809499350222040e+02 5.057290399902358331e+02
5.091680494633934586e+02 5.103242603637552293e+02
5.137551490116610466e+02 5.149194510257896127e+02
5.183422485415309211e+02 5.195146123479026983e+02
5.229293481376978434e+02 5.241097444249498949e+02
5.275164477517849946e+02 5.287048474569081691e+02
5.321035472718790516e+02 5.332999216837768017e+02
5.366906467745768623e+02 5.378949674678780184e+02
5.412777463677759897e+02 5.424899849475408473e+02
5.458648458737294504e+02 5.470849741815666221e+02
5.504519455172480775e+02 5.516799354335806811e+02
5.550390452814564242e+02 5.562748690934912474e+02
5.596261449276286157e+02 5.608697749679234903e+02
5.642132446616153629e+02 5.654646535119111377e+02
5.688003442839130912e+02 5.700595049334648365e+02
5.733874437936501636e+02 5.746543295148914012e+02
5.779745435961151543e+02 5.792491272453383999e+02
5.825616431820774324e+02 5.838438984979196675e+02
5.871487427036820463e+02 5.884386431587175821e+02
5.917358421974118983e+02 5.930333616255330753e+02
5.963229419327678897e+02 5.976280541169751359e+02
6.009100414504896435e+02 6.022227207234536763e+02
6.054971412241955022e+02 6.068173616125535546e+02
6.100842407690549862e+02 6.114119771864366157e+02
6.146713403400772222e+02 6.160065672402272412e+02
6.192584400368629076e+02 6.206011320909576625e+02
6.238455395285495797e+02 6.251956719705359546e+02
6.284326392957275402e+02 6.297901869811853430e+02
6.330197389292679873e+02 6.343846773673582220e+02
6.376068384634703534e+02 6.389791432476868067e+02
6.421939381291692825e+02 6.435735848651938795e+02
6.467810376429647476e+02 6.481680023718993198e+02
6.513681373370943675e+02 6.527623959500098181e+02
6.559552369488130807e+02 6.573567655571970363e+02
6.605423365600815941e+02 6.619511115827688172e+02
