0.000000000000000000e+00 0.000000000000000000e+00
4.586093166966588974e+00 4.600773946881329124e+00
9.172186334120567608e+00 9.201450558249408829e+00
1.375827950127844446e+01 1.380203113549351635e+01
1.834437266827027102e+01 1.840251695532231579e+01
2.293046583598189159e+01 2.300290927200497748e+01
2.751655900499778795e+01 2.760320930532844841e+01
3.210265217424914397e+01 3.220341826246512085e+01
3.668874534279673583e+01 3.680353730754704600e+01
4.127483851020065231e+01 4.140356761083135950e+01
4.586093169866057195e+01 4.600351030912922567e+01
5.044702486727146606e+01 5.060336651017940568e+01
5.503311803553854986e+01 5.520313728447663948e+01
5.961921122148132213e+01 5.980282371320548407e+01
6.420530439134819289e+01 6.440242685480876617e+01
6.879139755993089977e+01 6.900194773635796253e+01
7.337749074188789677e+01 7.360138736645647839e+01
7.796358392249001668e+01 7.820074675354655369e+01
8.254967712250518730e+01 8.280002686132533540e+01
8.713577030403124013e+01 8.739922862425156325e+01
9.172186349397553329e+01 9.199835299973426572e+01
9.630795666857960668e+01 9.659740091322501598e+01
1.008940498838752546e+02 1.011963732872014390e+02
1.054801430513876426e+02 1.057952709957974378e+02
1.100662362309161182e+02 1.103940949034360415e+02
1.146523294114670648e+02 1.149928458818326362e+02
1.192384225898014165e+02 1.195915247497340204e+02
1.238245157708850144e+02 1.241901323808644833e+02
1.284106089401770987e+02 1.287886695927345500e+02
1.329967021105451010e+02 1.333871371443012208e+02
1.375827952875688709e+02 1.379855357958616651e+02
1.421688884717460724e+02 1.425838663550248384e+02
1.467549816693342279e+02 1.471821295859188297e+02
1.513410748843843692e+02 1.517803262565318789e+02
1.559271680810885528e+02 1.563784570923194792e+02
1.605132612622460897e+02 1.609765228254368026e+02
1.650993544539351490e+02 1.655745241327769577e+02
1.696854476506566130e+02 1.701724617643554325e+02
1.742715408762787206e+02 1.747703363653409383e+02
1.788576340513353671e+02 1.793681486122246724e+02
1.834437272937370267e+02 1.839658992459874582e+02
1.880298205552499269e+02 1.885635888592461811e+02
1.926159137538860477e+02 1.931612181099018244e+02
1.972020069365920847e+02 1.977587875813314895e+02
2.017881001490848689e+02 2.023562980073691620e+02
2.063741933359219729e+02 2.069537498783398064e+02
2.109602865744275846e+02 2.115511438565361573e+02
2.155463798391984938e+02 2.161484805411028844e+02
2.201324730903222928e+02 2.207457605618241132e+02
2.247185662774787147e+02 2.253429844532482207e+02
2.293046594592854035e+02 2.299401528292598869e+02
2.338907526602195048e+02 2.345372661707382633e+02
2.384768458965298805e+02 2.391343250596318342e+02
2.430629391299638655e+02 2.437313300612125886e+02
2.476490323588907358e+02 2.483282817228134149e+02
2.522351255312127876e+02 2.529251804783139050e+02
2.568212187567088449e+02 2.575220270013863910e+02
2.614073120060179463e+02 2.621188217208413676e+02
2.659934052553911670e+02 2.667155650360190293e+02
2.705794985265888499e+02 2.713122575701411847e+02
2.751655918022910328e+02 2.759088997678215947e+02
2.797516850717379953e+02 2.805054922124458017e+02
2.843377783380432220e+02 2.851020352811119096e+02
2.889238716015561295e+02 2.896985294757150768e+02
2.935099647690715301e+02 2.942949752520925131e+02
2.980960580202840902e+02 2.988913730036276775e+02
3.026821512016748557e+02 3.034877232991308915e+02
3.072682444258147143e+02 3.080840264828167960e+02
3.118543376060545143e+02 3.126802830530386927e+02
3.164404307878298823e+02 3.172764934487014443e+02
3.210265240578688122e+02 3.218726579431566961e+02
3.256126173144828044e+02 3.264687771348120577e+02
3.301987105585133122e+02 3.310648513993265283e+02
3.347848038023342951e+02 3.356608811342279068e+02
3.393708970329465728e+02 3.402568667521413772e+02
3.439569902638020835e+02 3.448528085828318694e+02
3.485430835181673501e+02 3.494487070250473835e+02
3.531291767715205197e+02 3.540445625573269126e+02
3.577152699865633849e+02 3.586403753810831176e+02
3.623013632813141385e+02 3.632361460891813749e+02
3.668874565540886010e+02 3.678318749589666936e+02
3.714735498044619817e+02 3.724275624201154642e+02
3.760596430477759213e+02 3.770232086642988065e+02
3.806457363187956844e+02 3.816188142165748900e+02
3.852318295290205583e+02 3.862143792541128278e+02
3.898179227529102491e+02 3.908099043712911680e+02
3.944040159346570817e+02 3.954053897501310075e+02
3.989901091593436604e+02 4.000008357842775695e+02
4.035762024210094410e+02 4.045962428357030376e+02
4.081622957069706104e+02 4.091916110380194596e+02
4.127483889018159289e+02 4.137869408151025254e+02
4.173344821432813774e+02 4.183822327125384959e+02
4.219205753644645256e+02 4.229774867494372188e+02
4.265066685877443433e+02 4.275727034331848699e+02
4.310927618477006149e+02 4.321678829779417015e+02
4.356788550208460720e+02 4.367630257107745138e+02
4.402649483881440347e+02 4.413581317789420382e+02
4.448510417075424357e+02 4.459532017758412508e+02
4.494371350368206208e+02 4.505482357646031915e+02
4.540232283292506281e+02 4.551432341237239143e+02
4.586093215897882374e+02 4.597381970990957143e+02
4.631954147631870455e+02 4.643331251100035502e+02
4.677815081340194183e+02 4.689280182913780664e+02
4.723676014608669220e+02 4.735228770960042084e+02
4.769536946984310930e+02 4.781177014337804394e+02
4.815397880238670609e+02 4.827124918887849390e+02
4.861258813048009415e+02 4.873072487348304094e+02
4.907119744935154699e+02 4.919019720308224350e+02
4.952980676959455764e+02 4.964966621963347393e+02
4.998841610175444430e+02 5.010913193768510610e+02
5.044702542140715309e+02 5.056859440471664584e+02
5.090563474115195959e+02 5.102805362267345686e+02
5.136424407967576826e+02 5.148750962504376503e+02
5.182285340126334177e+02 5.194696243642232503e+02
5.228146273305400200e+02 5.240641208267918500e+02
5.274007206314852283e+02 5.286585860329134903e+02
5.319868139149375565e+02 5.332530198678678062e+02
5.365729071858296493e+02 5.378474228465729539e+02
5.411590003712382213e+02 5.424417949975477313e+02
5.457450937306487049e+02 5.470361367405838564e+02
5.503311870561257138e+02 5.516304482643245137e+02
5.549172804269974222e+02 5.562247298624654377e+02
5.595033738740553417e+02 5.608189814420506991e+02
5.640894672701912214e+02 5.654132033830387627e+02
5.686755606931361626e+02 5.700073960748625268e+02
5.732616541438189870e+02 5.746015595148287503e+02
5.778477473573320822e+02 5.791956941546003463e+02
5.824338405231258093e+02 5.837897998392826366e+02
5.870199339567144534e+02 5.883838770933184605e+02
5.916060274353231989e+02 5.929779261698306527e+02
5.961921207121802126e+02 5.975719470192848348e+02
6.007782139472417384e+02 6.021659398428483883e+02
6.053643071246966656e+02 6.067599050248885533e+02
6.099504003559022749e+02 6.113538426282223099e+02
6.145364936871192185e+02 6.159477531392880110e+02
6.191225870601945189e+02 6.205416362775098378e+02
6.237086803295665050e+02 6.251354924879610735e+02
6.282947737533193049e+02 6.297293220900392043e+02
6.328808670614139373e+02 6.343231251069308883e+02
6.374669603434351757e+02 6.389169016906353136e+02
6.420530538467780843e+02 6.435106519810360624e+02
6.466391470577309519e+02 6.481043762933297785e+02
6.512252404496036888e+02 6.526980748618275356e+02
6.558113337475510889e+02 6.572917475849617404e+02
6.603974270441769931e+02 6.618853948932521689e+02
