0.000000000000000000e+00 0.000000000000000000e+00
4.586093166938346677e+00 4.600773946887837695e+00
9.172186335827614556e+00 9.201450559870025359e+00
1.375827950290723933e+01 1.380203113760676459e+01
1.834437267007549721e+01 1.840251695637866902e+01
2.293046583716885678e+01 2.300290927569344390e+01
2.751655900550961675e+01 2.760320930711201726e+01
3.210265217321533981e+01 3.220341825844707273e+01
3.668874534064406134e+01 3.680353730641652277e+01
4.127483850801627341e+01 4.140356761192914803e+01
4.586093168834396749e+01 4.600351030267446362e+01
5.044702485953352777e+01 5.060336650390497226e+01
5.503311802955887799e+01 5.520313727880576238e+01
5.961921122705994947e+01 5.980282371990521284e+01
6.420530439521024846e+01 6.440242686226120838e+01
6.879139757275609668e+01 6.900194774680196019e+01
7.337749074702253438e+01 7.360138738014923376e+01
7.796358392763815459e+01 7.820074675166898714e+01
8.254967710941591008e+01 8.280002684268782787e+01
8.713577029701960441e+01 8.739922860557283002e+01
9.172186349256219273e+01 9.199835298318032528e+01
9.630795670646537587e+01 9.659740093773014280e+01
1.008940499054585018e+02 1.011963733000640957e+02
1.054801430826216233e+02 1.057952709773998663e+02
1.100662362634008247e+02 1.103940948771037966e+02
1.146523294441870178e+02 1.149928458259019948e+02
1.192384226263752680e+02 1.195915247328604636e+02
1.238245158451127850e+02 1.241901323548989495e+02
1.284106090419932400e+02 1.287886695101144880e+02
1.329967022537466050e+02 1.333871370754158363e+02
1.375827954459875286e+02 1.379855357167652983e+02
1.421688886303256254e+02 1.425838662898965765e+02
1.467549818148583824e+02 1.471821295390197406e+02
1.513410750208048796e+02 1.517803262134693227e+02
1.559271682459064436e+02 1.563784570457604843e+02
1.605132614221971039e+02 1.609765227474000540e+02
1.650993546166016870e+02 1.655745241000275314e+02
1.696854478159663131e+02 1.701724617363231005e+02
1.742715409948479532e+02 1.747703363255774605e+02
1.788576342309523852e+02 1.793681486049404725e+02
1.834437274236146322e+02 1.839658992678506308e+02
1.880298206835103372e+02 1.885635888309859070e+02
1.926159138619603368e+02 1.931612180332969047e+02
1.972020071131709074e+02 1.977587875009933782e+02
2.017881003234957120e+02 2.023562979317075019e+02
2.063741934989532183e+02 2.069537498581087220e+02
2.109602867491529992e+02 2.115511438306340324e+02
2.155463800014977380e+02 2.161484805833991913e+02
2.201324732555451646e+02 2.207457606042738121e+02
2.247185664979435273e+02 2.253429844967282634e+02
2.293046597379704394e+02 2.299401527935934553e+02
2.338907529776437002e+02 2.345372661308847455e+02
2.384768462366879476e+02 2.391343250215467151e+02
2.430629394698743226e+02 2.437313299877575901e+02
2.476490326956232764e+02 2.483282816595889813e+02
2.522351259899600109e+02 2.529251804617543371e+02
2.568212192386141624e+02 2.575220268778445529e+02
2.614073124583437675e+02 2.621188215667292525e+02
2.659934057078909291e+02 2.667155649111369939e+02
2.705794989882527943e+02 2.713122574465915591e+02
2.751655922642561336e+02 2.759088996559743237e+02
2.797516855343926636e+02 2.805054921196751820e+02
2.843377788005005300e+02 2.851020351919684117e+02
2.889238720800395299e+02 2.896985294207221386e+02
2.935099653383576879e+02 2.942949751521280177e+02
2.980960585415058972e+02 2.988913729132736989e+02
3.026821517794586498e+02 3.034877231857639117e+02
3.072682450052074046e+02 3.080840263698370904e+02
3.118543382703949192e+02 3.126802828973569603e+02
3.164404315879280603e+02 3.172764932147013042e+02
3.210265248513779852e+02 3.218726577977109855e+02
3.256126181078293484e+02 3.264687769619075084e+02
3.301987113527632118e+02 3.310648511822888622e+02
3.347848045698418673e+02 3.356608808355816223e+02
3.393708977676127461e+02 3.402568664593377434e+02
3.439569909983032403e+02 3.448528083336919963e+02
3.485430842527497930e+02 3.494487067400038995e+02
3.531291775363557122e+02 3.540445622704548896e+02
3.577152707512388474e+02 3.586403752252783761e+02
3.623013639744931425e+02 3.632361459151453573e+02
3.668874572115273622e+02 3.678318748033969996e+02
3.714735504618813593e+02 3.724275622610130085e+02
3.760596437125449256e+02 3.770232085083295033e+02
3.806457369873520520e+02 3.816188140138904146e+02
3.852318302054309243e+02 3.862143791329310716e+02
3.898179233964063997e+02 3.908099041358217960e+02
3.944040167518401176e+02 3.954053895190337471e+02
3.989901099763674210e+02 4.000008354183172514e+02
4.035762032402742534e+02 4.045962423937646690e+02
4.081622965270837540e+02 4.091916106016460617e+02
4.127483897219125311e+02 4.137869404531760438e+02
4.173344830889350874e+02 4.183822322963164879e+02
4.219205762930191668e+02 4.229774863615518825e+02
4.265066695161195867e+02 4.275727030509962105e+02
4.310927627395669788e+02 4.321678826186530387e+02
4.356788561242889841e+02 4.367630253899764057e+02
4.402649494915746118e+02 4.413581315334133706e+02
4.448510426969335185e+02 4.459532014688368236e+02
4.494371359486160031e+02 4.505482353650642153e+02
4.540232291325087886e+02 4.551432336475095326e+02
4.586093224134771731e+02 4.597381967571890300e+02
4.631954156802851799e+02 4.643331246758198176e+02
4.677815089373986552e+02 4.689280178102862919e+02
4.723676021197231876e+02 4.735228764396002248e+02
4.769536953152377237e+02 4.781177007703454365e+02
4.815397886347537906e+02 4.827124912289451686e+02
4.861258820556593605e+02 4.873072480519140299e+02
4.907119753420521420e+02 4.919019713510302836e+02
4.952980686611903138e+02 4.964966614849019493e+02
4.998841619828106104e+02 5.010913188942039369e+02
5.044702552875420452e+02 5.056859435535757257e+02
5.090563485819786820e+02 5.102805357559876143e+02
5.136424419672828208e+02 5.148750958055702540e+02
5.182285353100829752e+02 5.194696240109462906e+02
5.228146286276751198e+02 5.240641204391104111e+02
5.274007219288032502e+02 5.286585854622604757e+02
5.319868153268311062e+02 5.332530193000161489e+02
5.365729085957211737e+02 5.378474222865123693e+02
5.411590017903498619e+02 5.424417945805955696e+02
5.457450951107598485e+02 5.470361363308661566e+02
5.503311884362940418e+02 5.516304478997942624e+02
5.549172818807901422e+02 5.562247293793395784e+02
5.595033753524910480e+02 5.608189809012709475e+02
5.640894686231589503e+02 5.654132030108656863e+02
5.686755618029147854e+02 5.700073955358495823e+02
5.732616550273387475e+02 5.746015591436796512e+02
5.778477482403329759e+02 5.791956937324206365e+02
5.824338415094352968e+02 5.837897994226592573e+02
5.870199349661265842e+02 5.883838766796383197e+02
5.916060282241710411e+02 5.929779255956209454e+02
5.961921214771015229e+02 5.975719464337353202e+02
6.007782147459704447e+02 6.021659391984344438e+02
6.053643080399101564e+02 6.067599043846408904e+02
6.099504012689815227e+02 6.113538419972392148e+02
6.145364945234724701e+02 6.159477522267013683e+02
6.191225878895158985e+02 6.205416354020749168e+02
6.237086811151312986e+02 6.251354916832643767e+02
6.282947745394949379e+02 6.297293212904704660e+02
6.328808677739368704e+02 6.343231243129770291e+02
6.374669611037195409e+02 6.389169007706778984e+02
6.420530543892923561e+02 6.435106510526768488e+02
6.466391475982755992e+02 6.481043753782294061e+02
6.512252409898367205e+02 6.526980739973478194e+02
6.558113342883930272e+02 6.572917467263221170e+02
6.603974275850080176e+02 6.618853940371233193e+02
