0.000000000000000000e+00 0.000000000000000000e+00
4.994016233765891322e+00 5.013553679469437085e+00
9.988032466837596601e+00 1.002694426517823523e+01
1.498204870204740224e+01 1.504017448878207652e+01
1.997606493600490296e+01 2.005324701449881530e+01
2.497008116864499527e+01 2.506616444770648400e+01
2.996409740292592616e+01 3.007892930946858101e+01
3.495811363881384182e+01 3.509154407744454574e+01
3.995212988547078936e+01 4.010401115053264220e+01
4.494614613763650368e+01 4.511633290448707356e+01
4.994016237267913283e+01 5.012851161984127657e+01
5.493417863046629179e+01 5.514054955733338659e+01
5.992819487152561209e+01 6.015244887774252902e+01
6.492221111390992405e+01 6.516421175551957390e+01
6.991622736824768936e+01 7.017584024508548168e+01
7.491024361065247206e+01 7.518733640946018681e+01
7.990425987652504602e+01 8.019870226467008933e+01
8.489827611377997130e+01 8.520993971552545077e+01
8.989229234981523575e+01 9.022105073112388141e+01
9.488630858931048806e+01 9.523203713172327411e+01
9.988032483571616638e+01 1.002429007501771139e+02
1.048743411116989250e+02 1.052536433647999417e+02
1.098683573685722763e+02 1.102642667362940330e+02
1.148623736408725904e+02 1.152747725451309151e+02
1.198563899165482951e+02 1.202851624802276973e+02
1.248504061945943135e+02 1.252954381839409308e+02
1.298444224730365022e+02 1.303056012443790053e+02
1.348384387635400117e+02 1.353156532414220976e+02
1.398324550327500333e+02 1.403255957017846072e+02
1.448264712866172204e+02 1.453354301152922119e+02
1.498204875715024400e+02 1.503451579869312695e+02
1.548145038654490691e+02 1.553547807392585298e+02
1.598085201032819214e+02 1.603642997989958587e+02
1.648025363448106759e+02 1.653737165218578014e+02
1.697965525984988062e+02 1.703830323174935870e+02
1.747905689025506035e+02 1.753922484690982628e+02
1.797845851779940176e+02 1.804013663001705936e+02
1.847786014611137944e+02 1.854103870587496488e+02
1.897726177488309816e+02 1.904193120279442155e+02
1.947666340438760244e+02 1.954281424682633883e+02
1.997606503388856538e+02 2.004368795115536841e+02
2.047546666350430087e+02 2.054455243647501561e+02
2.097486829323015911e+02 2.104540782058834054e+02
2.147426991905813907e+02 2.154625421642346055e+02
2.197367154511730405e+02 2.204709173550353967e+02
2.247307317512816098e+02 2.254792048733386309e+02
2.297247480299671452e+02 2.304874057936756913e+02
2.347187643241928754e+02 2.354955212368135449e+02
2.397127805818979027e+02 2.405035521549494888e+02
2.447067968671346989e+02 2.455114996368979519e+02
2.497008131250047427e+02 2.505193646030608932e+02
2.546948294208134485e+02 2.555271480179850982e+02
2.596888456747126384e+02 2.605348509635944652e+02
2.646828619284289061e+02 2.655424743586343084e+02
2.696768781821679113e+02 2.705500190043966313e+02
2.746708944391644991e+02 2.755574859004218524e+02
2.796649107182269063e+02 2.805648760285838534e+02
2.846589269944834655e+02 2.855721901232301434e+02
2.896529433176406769e+02 2.905794291345188185e+02
2.946469595794723659e+02 2.955865939165656755e+02
2.996409758434719492e+02 3.005936853027865254e+02
3.046349921175255417e+02 3.056007040999146511e+02
3.096290083841641945e+02 3.106076511800074513e+02
3.146230247642258746e+02 3.156145272543792544e+02
3.196170410916128048e+02 3.206213331816763912e+02
3.246110573354651478e+02 3.256280696396815983e+02
3.296050736131061853e+02 3.306347375015685657e+02
3.345990899027004843e+02 3.356413374083266490e+02
3.395931061814251279e+02 3.406478701405663969e+02
3.445871224265928845e+02 3.456543364218907755e+02
3.495811386709950739e+02 3.506607369922645603e+02
3.545751549998015548e+02 3.556670724723170451e+02
3.595691712529538790e+02 3.606733434950071455e+02
3.645631875328971319e+02 3.656795509339967225e+02
3.695572038130565033e+02 3.706856952514397108e+02
3.745512200718164877e+02 3.756917771840383011e+02
3.795452363145442405e+02 3.806977975192262420e+02
3.845392525740605834e+02 3.857037566754829641e+02
3.895332688488061876e+02 3.907096554447310837e+02
3.945272850998636613e+02 3.957154943179846214e+02
3.995213014272566170e+02 4.007212739540062785e+02
4.045153176766735896e+02 4.057269949940332481e+02
4.095093339714337617e+02 4.107326579396502098e+02
4.145033502831169585e+02 4.157382633531899501e+02
4.194973665391435134e+02 4.207438118754038214e+02
4.244913828261517210e+02 4.257493040346768112e+02
4.294853991313544270e+02 4.307547403828240249e+02
4.344794154437381621e+02 4.357601215065210454e+02
4.394734317032364856e+02 4.407654479526469800e+02
4.444674479507887099e+02 4.457707201665341472e+02
4.494614642561093660e+02 4.507759387218444544e+02
4.544554805717016279e+02 4.557811041971556278e+02
4.594494968754887623e+02 4.607862170190509801e+02
4.644435131686376508e+02 4.657912778121602742e+02
4.694375294129871463e+02 4.707962868552673967e+02
4.744315457921833854e+02 4.758012448038530238e+02
4.794255620650064884e+02 4.808061521510982743e+02
4.844195785043681326e+02 4.858110092258314126e+02
4.894135947548036256e+02 4.908158165119496061e+02
4.944076110350700333e+02 4.958205745108011797e+02
4.994016273494432312e+02 5.008252837273961404e+02
5.043956437368461820e+02 5.058299445845358377e+02
5.093896599958819706e+02 5.108345575526299172e+02
5.143836762771063604e+02 5.158391229754349752e+02
5.193776925246822884e+02 5.208436413888705374e+02
5.243717088728278668e+02 5.258481130445917415e+02
5.293657251540363404e+02 5.308525384351494267e+02
5.343597414619118808e+02 5.358569181170740876e+02
5.393537577740280540e+02 5.408612524378992248e+02
5.443477740743123832e+02 5.458655415662495898e+02
5.493417903296796112e+02 5.508697862515205088e+02
5.543358066247578790e+02 5.558739865458028362e+02
5.593298229264066777e+02 5.608781431652306537e+02
5.643238393882340915e+02 5.658822561166568903e+02
5.693178557202015782e+02 5.708863259691709118e+02
5.743118722051679015e+02 5.758903531477224078e+02
5.793058884469038503e+02 5.808943379882341560e+02
5.842999047926302865e+02 5.858982807238562600e+02
5.892939210445704248e+02 5.909021819767687020e+02
5.942879373948337616e+02 5.959060418898047828e+02
5.992819538162011668e+02 6.009098609166396727e+02
6.042759702460240305e+02 6.059136394591112094e+02
6.092699866855621167e+02 6.109173775227261558e+02
6.142640029911942747e+02 6.159210757489872776e+02
6.192580193901762868e+02 6.209247344209443327e+02
6.242520357979349228e+02 6.259283538006704930e+02
6.292460521915451181e+02 6.309319340669109124e+02
6.342400684389674552e+02 6.359354758622581585e+02
6.392340848126389119e+02 6.409389792342830106e+02
6.442281010651842053e+02 6.459424445885163095e+02
6.492221173197150392e+02 6.509458722120338052e+02
6.542161336226583899e+02 6.559492624226817270e+02
6.592101498770589387e+02 6.609526155589555856e+02
6.642041661340634846e+02 6.659559319018279666e+02
6.691981826119952075e+02 6.709592119354927036e+02
6.741921989666354875e+02 6.759624558074767720e+02
6.791862152592586881e+02 6.809656636215102026e+02
6.841802317722379030e+02 6.859688358721309669e+02
6.891742482722258956e+02 6.909719727955912276e+02
6.941682645493926884e+02 6.959750743752438211e+02
6.991622809774434018e+02 7.009781410430074402e+02
7.041562972379360872e+02 7.059811732656442018e+02
7.091503136845969948e+02 7.109841711397964445e+02
7.141443302595984051e+02 7.159871350867122146e+02
7.191383465404788922e+02 7.209900652404116954e+02
