0.000000000000000000e+00 0.000000000000000000e+00
4.995530822807330296e+00 5.013553679244213690e+00
9.991061645006436009e+00 1.002696843015014494e+01
1.498659246698603198e+01 1.504024640356550080e+01
1.998212329019454359e+01 2.005338970136605425e+01
2.497765411194153273e+01 2.506640038134803206e+01
2.997318493528013406e+01 3.007928044037651460e+01
3.496871576890492861e+01 3.509203184416348620e+01
3.996424659894803000e+01 4.010465650059863663e+01
4.495977742904246099e+01 4.511715629601417277e+01
4.995530825314273216e+01 5.012953304815682998e+01
5.495083909232131703e+01 5.514178857205137518e+01
5.994636992239531992e+01 6.015392458846241652e+01
6.494190075701430942e+01 6.516594284274825100e+01
6.993743158855973263e+01 7.017784497911841868e+01
7.493296242725020306e+01 7.518963266208118057e+01
7.992849327488366384e+01 8.020130751347889486e+01
8.492402410116034162e+01 8.521287107097415969e+01
8.991955493792167431e+01 9.022432491785633601e+01
9.491508579532398926e+01 9.523567055282683214e+01
9.991061663717293584e+01 1.002469094291339644e+02
1.049061475028327663e+02 1.052580430106515621e+02
1.099016783323371413e+02 1.102690727222386897e+02
1.148972091833054776e+02 1.152799999517975778e+02
1.198927400480580729e+02 1.202908260206361177e+02
1.248882709144345995e+02 1.253015523375593006e+02
1.298838017854704958e+02 1.303121801437174838e+02
1.348793326651647249e+02 1.353227107684527937e+02
1.398748635229876527e+02 1.403331454376342435e+02
1.448703943996653152e+02 1.453434853921942818e+02
1.498659252473523793e+02 1.503537318636120972e+02
1.548614560924807506e+02 1.553638860146874379e+02
1.598569869363267912e+02 1.603739490424011649e+02
1.648525177669437767e+02 1.653839220878091112e+02
1.698480486099747395e+02 1.703938061767924523e+02
1.748435794454069878e+02 1.754036025261590339e+02
1.798391103097982864e+02 1.804133121952975500e+02
1.848346411819896105e+02 1.854229362018667757e+02
1.898301720161969683e+02 1.904324755927399337e+02
1.948257029234841298e+02 1.954419314083888537e+02
1.998212338074913532e+02 2.004513046719649196e+02
2.048167646926530665e+02 2.054605962963299817e+02
2.098122955788990112e+02 2.104698073091452954e+02
2.148078264083167710e+02 2.154789386316336390e+02
2.198033572938342957e+02 2.204879912084824696e+02
2.247988881311673026e+02 2.254969659710804422e+02
2.297944190548886354e+02 2.305058637793327705e+02
2.347899499101255287e+02 2.355146855914132686e+02
2.397854807946520168e+02 2.405234322376496152e+02
2.447810116377015959e+02 2.455321045102136281e+02
2.497765424812150457e+02 2.505407033121409768e+02
2.547720733247801093e+02 2.555492295267031011e+02
2.597676041704821728e+02 2.605576838392190666e+02
2.647631350975609621e+02 2.655660670957998946e+02
2.697586659335664763e+02 2.705743800949442175e+02
2.747541968681335334e+02 2.755826236625521801e+02
2.797497277874368251e+02 2.805907985089994554e+02
2.847452586740232618e+02 2.855989053412745875e+02
2.897407895985576829e+02 2.906069449468957373e+02
2.947363204743598999e+02 2.956149180497318412e+02
2.997318513366855655e+02 3.006228253573684697e+02
3.047273821829286362e+02 3.056306675517689655e+02
3.097229130199987139e+02 3.106384453054739652e+02
3.147184439891307193e+02 3.156461594226732359e+02
3.197139749097356116e+02 3.206538104578544335e+02
3.247095057429863800e+02 3.256613990346151013e+02
3.297050365972835380e+02 3.306689259108291026e+02
3.347005674766703009e+02 3.356763916264353611e+02
3.396960983700965926e+02 3.406837967575138464e+02
3.446916292555931705e+02 3.456911421103088742e+02
3.496871600888880494e+02 3.506984282163027160e+02
3.546826910006761295e+02 3.557056555648360927e+02
3.596782218435307072e+02 3.607128247508997561e+02
3.646737526775791594e+02 3.657199365565545577e+02
3.696692835498981822e+02 3.707269913014902158e+02
3.746648145053110284e+02 3.757339897978262684e+02
3.796603453442130558e+02 3.807409323640065395e+02
3.846558762081149325e+02 3.857478197676987293e+02
3.896514070496556883e+02 3.907546522889866765e+02
3.946469379291679047e+02 3.957614306507949777e+02
3.996424687985459059e+02 4.007681554535452619e+02
4.046379996369189485e+02 4.057748270604699883e+02
4.096335304784786331e+02 4.107814460548978559e+02
4.146290613806086185e+02 4.157880128875566470e+02
4.196245922260230827e+02 4.207945279452148384e+02
4.246201231052355638e+02 4.258009918067093622e+02
4.296156539932904934e+02 4.308074049576241578e+02
4.346111848946813438e+02 4.358137679270085414e+02
4.396067157292272896e+02 4.408200811347307990e+02
4.446022465675375770e+02 4.458263449908603206e+02
4.495977774528828377e+02 4.508325600147145451e+02
4.545933083575991986e+02 4.558387266902579427e+02
4.595888392512592873e+02 4.608448453514859011e+02
4.645843701279034121e+02 4.658509165451915806e+02
4.695799009936723678e+02 4.708569406120764143e+02
4.745754319591388821e+02 4.758629180660447560e+02
4.795709628311694814e+02 4.808688492728701931e+02
4.845664938438217177e+02 4.858747346588547771e+02
4.895620246905654653e+02 4.908805747120831029e+02
4.945575555324970765e+02 4.958863696012457467e+02
4.995530864392919739e+02 5.008921199008889857e+02
5.045486174965895998e+02 5.058978259721062614e+02
5.095441485073587273e+02 5.109034882412536263e+02
5.145396793632960453e+02 5.159091070084330113e+02
5.195352102259757885e+02 5.209146827439857361e+02
5.245307410976192841e+02 5.259202156331559763e+02
5.295262719685484853e+02 5.309257061536845868e+02
5.345218028656474871e+02 5.359311547467866603e+02
5.395173338607220330e+02 5.409365615803042147e+02
5.445128648563263596e+02 5.459419270980741885e+02
5.495083957006509081e+02 5.509472517588944811e+02
5.545039266023243272e+02 5.559525358881588772e+02
5.594994574468555584e+02 5.609577798312720915e+02
5.644949884157724682e+02 5.659629837033922968e+02
5.694905193577417322e+02 5.709681480271941609e+02
5.744860504272097614e+02 5.759732729627853587e+02
5.794815812716267374e+02 5.809783591268816281e+02
5.844771121062174188e+02 5.859834064729554939e+02
5.894726429477384499e+02 5.909884157263015823e+02
5.944681738309802768e+02 5.959933867949673640e+02
5.994637048452831323e+02 6.009983202478465500e+02
6.044592358644711112e+02 6.060032161601673124e+02
6.094547668943772578e+02 6.110080749506099664e+02
6.144502977388856380e+02 6.160128971069282215e+02
6.194458286554965980e+02 6.210176826974318374e+02
6.244413596612373567e+02 6.260224320751630103e+02
6.294368906727613648e+02 6.310271453925187188e+02
6.344324217903896397e+02 6.360318231703968195e+02
6.394279527529108691e+02 6.410364656780416226e+02
6.444234836114635527e+02 6.460410729510540477e+02
6.494190145501947882e+02 6.510456455274872951e+02
6.544145454345207327e+02 6.560501834630459825e+02
6.594100762753726030e+02 6.610546870237869825e+02
6.644056071262347132e+02 6.660591566626852682e+02
6.694011382244848392e+02 6.710635924562736818e+02
6.743966691717764661e+02 6.760679949510656570e+02
6.793922000741067677e+02 6.810723640927772067e+02
6.843877311873322924e+02 6.860767001995163810e+02
6.893832621541357639e+02 6.910810036652233066e+02
6.943787930857756692e+02 6.960852744652806905e+02
6.993743241894273979e+02 7.010895129645631414e+02
7.043698550209646783e+02 7.060937195814052529e+02
7.093653858613342891e+02 7.110978943718557730e+02
7.143609167010404235e+02 7.161020376117194246e+02
7.193564475603077426e+02 7.211061493138511196e+02
