0.000000000000000000e+00 0.000000000000000000e+00
4.998214674088920617e+00 5.013553678934019153e+00
9.996429347426319723e+00 1.002700654257288448e+01
1.499464402048168310e+01 1.504035992277242073e+01
1.999285869472865329e+01 2.005361512740377350e+01
2.499107337120990024e+01 2.506677344122914164e+01
2.998928804583546892e+01 3.007983611350528008e+01
3.498750272238733316e+01 3.509280437902093297e+01
3.998571740713796885e+01 4.010567944336163748e+01
4.498393208884089489e+01 4.511846248899184531e+01
4.998214676422323066e+01 5.013115466470900117e+01
5.498036143864133862e+01 5.514375714621814950e+01
5.997857612269152128e+01 6.015627101388549391e+01
6.497679080526853568e+01 6.516869739502794801e+01
6.997500548888405092e+01 7.018103733242071485e+01
7.497322017162855445e+01 7.519329190730734069e+01
7.997143488247772325e+01 8.020546216503730363e+01
8.496964955596715185e+01 8.521754909545883550e+01
8.996786423248244091e+01 9.022955373655902633e+01
9.496607891695116166e+01 9.524147706437139504e+01
9.996429360331981684e+01 1.002533200268609335e+02
1.049625083223600654e+02 1.052650835762702570e+02
1.099607230196938303e+02 1.102767686360714094e+02
1.149589377220152357e+02 1.152883761085445258e+02
1.199571524382067196e+02 1.202999069418036129e+02
1.249553671204254925e+02 1.253113619738672639e+02
1.299535818232463384e+02 1.303227420840308071e+02
1.349517965541019748e+02 1.353340481226137797e+02
1.399500112624706958e+02 1.403452809465637188e+02
1.449482259574686509e+02 1.453564413764179335e+02
1.499464406373667771e+02 1.503675302007850973e+02
1.549446553520253929e+02 1.553785482373262994e+02
1.599428700469442504e+02 1.603894962679891592e+02
1.649410847523623715e+02 1.654003750452984036e+02
1.699392994463731270e+02 1.704111853221590991e+02
1.749375141740772506e+02 1.754219279248343355e+02
1.799357288602058134e+02 1.804326035287319030e+02
1.849339435837870269e+02 1.854432127962281243e+02
1.899321583118862122e+02 1.904537565120892282e+02
1.949303730441054654e+02 1.954642353500002798e+02
1.999285877794017665e+02 2.004746500124675208e+02
2.049268025158160640e+02 2.054850011608936029e+02
2.099250172533357954e+02 2.104952895026257806e+02
2.149232319919971701e+02 2.155055156162478625e+02
2.199214467288302046e+02 2.205156802072076516e+02
2.249196614583214284e+02 2.255257838244238542e+02
2.299178761806107616e+02 2.305358271681813278e+02
2.349160908611079890e+02 2.355458109098789237e+02
2.399143055566070188e+02 2.405557355078482260e+02
2.449125202510636541e+02 2.455656016708118443e+02
2.499107349457866007e+02 2.505754099747737769e+02
2.549089496406558339e+02 2.555851609971512630e+02
2.599071643354255343e+02 2.605948552619609018e+02
2.649053790298993931e+02 2.656044933109993167e+02
2.699035937823875884e+02 2.706140757388772613e+02
2.749018084760881493e+02 2.756236031112567844e+02
2.799000231707312878e+02 2.806330759949229332e+02
2.848982379149942972e+02 2.856424948317280723e+02
2.898964526099450723e+02 2.906518602589106877e+02
2.948946673749327374e+02 2.956611726718348336e+02
2.998928820744355903e+02 3.006704326263007943e+02
3.048910968488074786e+02 3.056796405968468662e+02
3.098893115654755093e+02 3.106887971672131812e+02
3.148875263851059572e+02 3.156979027581939476e+02
3.198857411588045920e+02 3.207069577657631498e+02
3.248839558436823154e+02 3.257159627354271265e+02
3.298821705799987285e+02 3.307249181055378813e+02
3.348803853023392776e+02 3.357338244497245796e+02
3.398786000235612619e+02 3.407426821776035695e+02
3.448768147091846572e+02 3.457514916696090950e+02
3.498750294295873005e+02 3.507602532781454556e+02
3.548732441684659307e+02 3.557689676037845175e+02
3.598714589027061947e+02 3.607776349593849545e+02
3.648696736130179374e+02 3.657862559256254258e+02
3.698678883373136159e+02 3.707948307218397304e+02
3.748661031886174442e+02 3.758033599297191358e+02
3.798643178754950327e+02 3.808118438143030744e+02
3.848625325626892391e+02 3.858202828672580154e+02
3.898607472491906378e+02 3.908286774322593828e+02
3.948589619593177531e+02 3.958370280097030900e+02
3.998571766446013953e+02 4.008453347907941406e+02
4.048553913758019007e+02 4.058535983855852010e+02
4.098536060666764911e+02 4.108618190740459113e+02
4.148518208236529290e+02 4.158699970857596782e+02
4.198500355207445978e+02 4.208781328939901982e+02
4.248482502446955777e+02 4.258862268117030112e+02
4.298464649372430131e+02 4.308942792258794725e+02
4.348446796888769086e+02 4.359022905665725034e+02
4.398428943738510952e+02 4.409102611129505931e+02
4.448411091195555400e+02 4.459181912465613777e+02
4.498393238394979790e+02 4.509260813593410830e+02
4.548375385958277093e+02 4.559339316015792747e+02
4.598357533399126851e+02 4.609417423077301237e+02
4.648339680704222019e+02 4.659495140426479338e+02
4.698321829472792501e+02 4.709572469199249554e+02
4.748303977577186288e+02 4.759649412983352477e+02
4.798286124658470158e+02 4.809725974690677504e+02
4.848268272927737144e+02 4.859802158392573119e+02
4.898250420149762476e+02 4.909877965882302533e+02
4.948232568951351595e+02 4.959953401216015436e+02
4.998214717828357152e+02 5.010028467198042677e+02
5.048196866682682753e+02 5.060103167012229619e+02
5.098179013529520489e+02 5.110177503631470586e+02
5.148161161634327527e+02 5.160251479109424508e+02
5.198143309401084480e+02 5.210325097170612025e+02
5.248125456568910749e+02 5.260398359081714261e+02
5.298107603803200618e+02 5.310471268847604733e+02
5.348089751310876636e+02 5.360543829591739495e+02
5.398071900428456047e+02 5.410616041778835097e+02
5.448054048056380907e+02 5.460687911899160554e+02
5.498036195011459313e+02 5.510759440202161841e+02
5.548018341924824881e+02 5.560830627951851284e+02
5.598000490484573675e+02 5.610901479403016765e+02
5.647982637629143028e+02 5.660971998851371154e+02
5.697964785243207189e+02 5.711042186878473785e+02
5.747946934139292807e+02 5.761112044401768344e+02
5.797929081107822640e+02 5.811181577107608973e+02
5.847911228040086371e+02 5.861250786660509675e+02
5.897893374957815240e+02 5.911319673088931950e+02
5.947875522343479133e+02 5.961388240585245057e+02
5.997857671066628882e+02 6.011456490490684246e+02
6.047839819774981152e+02 6.061524427937927157e+02
6.097821968614044863e+02 6.111592053544304690e+02
6.147804115901076329e+02 6.161659369562174788e+02
6.197786263634104671e+02 6.211726378616669990e+02
6.247768412875464037e+02 6.261793080748574312e+02
6.297750560855777167e+02 6.311859478649656694e+02
6.347732710362971602e+02 6.361925576172471892e+02
6.397714858169811123e+02 6.411991375445345511e+02
6.447697005124939551e+02 6.462056879832477989e+02
6.497679152221571712e+02 6.512122088143099745e+02
6.547661299380365563e+02 6.562187006118876980e+02
6.597643446295869580e+02 6.612251631535391425e+02
6.647625593333307279e+02 6.662315968805352213e+02
6.697607740295101166e+02 6.712380020173918638e+02
6.747589888340585276e+02 6.762443789343474236e+02
6.797572035965235955e+02 6.812507274292599959e+02
6.847554185786609651e+02 6.862570480402052908e+02
6.897536332616940626e+02 6.912633406824827489e+02
6.947518479822219888e+02 6.962696056281583878e+02
6.997500626990787396e+02 7.012758433688270543e+02
7.047482773822054014e+02 7.062820538522412335e+02
7.097464921417156347e+02 7.112882372087221938e+02
7.147447071146644930e+02 7.162943937122508942e+02
7.197429218252975716e+02 7.213005232905946968e+02
