0.000000000000000000e+00 0.000000000000000000e+00
2.065314985801980363e+00 2.065569347358738206e+00
5.851079524260685005e+00 5.851398982877462629e+00
9.961852924348068683e+00 9.961326645082040798e+00
1.406976565935968893e+01 1.407157714308211816e+01
1.817801040317685235e+01 1.817994244023621064e+01
2.228646466775241208e+01 2.228903959319119465e+01
2.639674382884794568e+01 2.639712378794289549e+01
3.050271496969335061e+01 3.050587618133399559e+01
3.461051238521461926e+01 3.461250487403234644e+01
3.871827187389351366e+01 3.872101213447583490e+01
4.282572264231342984e+01 4.282941494082457723e+01
4.693179778878637620e+01 4.693572183602054793e+01
5.104014909654211607e+01 5.104334680918597655e+01
5.514733531639019759e+01 5.515001929894395261e+01
5.925379965395947579e+01 5.925706876392997913e+01
6.336074378778016580e+01 6.336298800911148987e+01
6.746787435150800150e+01 6.746922307665698781e+01
7.157396718626738163e+01 7.157609265795724696e+01
7.568092371386973127e+01 7.568344157012303697e+01
7.978676139153522229e+01 7.978915069016386497e+01
8.389526953764156758e+01 8.389631129888633154e+01
8.800265278483792031e+01 8.800303493347699657e+01
9.210921288196527712e+01 9.211084527360111451e+01
9.621494322338082839e+01 9.621703222333114525e+01
1.003203736965105861e+02 1.003221156236023859e+02
1.044274960433984916e+02 1.044284534364358308e+02
1.085334373655587683e+02 1.085344920853825386e+02
1.126400294102975437e+02 1.126406547586375666e+02
1.167450143078709033e+02 1.167463149831173865e+02
1.208514027454401543e+02 1.208531917753684013e+02
1.249562611012557909e+02 1.249610810231584992e+02
1.290608217700835496e+02 1.290674155611222886e+02
1.331671230069374303e+02 1.331721571903884751e+02
1.372729289445995278e+02 1.372784862369289272e+02
1.413798139134640905e+02 1.413834085853577562e+02
1.454854712132359680e+02 1.454899338571551652e+02
1.495902972816189731e+02 1.495963625234141432e+02
1.536951124466917804e+02 1.537022992814949589e+02
1.578001258040762593e+02 1.578082610459109958e+02
1.619048900416588594e+02 1.619140230408837340e+02
1.660100621987856471e+02 1.660192700928535317e+02
1.701149030320195266e+02 1.701244749201050013e+02
1.742197838828595877e+02 1.742297042015960358e+02
1.783248652578564020e+02 1.783349387756999818e+02
1.824309507477480565e+02 1.824396252301794448e+02
1.865354828075400917e+02 1.865454762988470634e+02
1.906402264462512903e+02 1.906499896552596738e+02
1.947463946566188042e+02 1.947550335979546503e+02
