0.000000000000000000e+00 0.000000000000000000e+00
2.065628164587291593e+00 2.066122711226791253e+00
5.850829744403874599e+00 5.849686933612078477e+00
9.961593587253975812e+00 9.961357955071814985e+00
1.407132733566420768e+01 1.406971121003660130e+01
1.818017144805158836e+01 1.818036048962709827e+01
2.228813124648495858e+01 2.228795659509482618e+01
2.639619304596109828e+01 2.639749511244344404e+01
3.050412217316774388e+01 3.050569934209136846e+01
3.461381800220513583e+01 3.461598822505555262e+01
3.872221814149627050e+01 3.872587971434181497e+01
4.282968048599710897e+01 4.283501668735550538e+01
4.693572589155608910e+01 4.694260252052973215e+01
5.104298812142538111e+01 5.105062132832718902e+01
5.515152729469498638e+01 5.515977896636090350e+01
5.925832962327626063e+01 5.926775759530369214e+01
6.336716140811379461e+01 6.337469288036257353e+01
6.747248451798829194e+01 6.748159201780210026e+01
7.157977245376358155e+01 7.158786505946201828e+01
7.568760317388984049e+01 7.569505193086548900e+01
7.979244405371630933e+01 7.980013137988831318e+01
8.389841396354691483e+01 8.390710345362762723e+01
8.800586559363165406e+01 8.801311637248683439e+01
9.211154372983584437e+01 9.212032110698331167e+01
9.621740590430485440e+01 9.622827685419223087e+01
1.003256367816102568e+02 1.003364282646777212e+02
1.044317724427101552e+02 1.044418866410875353e+02
1.085406420991631364e+02 1.085485892833424941e+02
1.126469212567628233e+02 1.126556355420196951e+02
1.167523118035683609e+02 1.167620656441304163e+02
1.208587067082493434e+02 1.208675529538482749e+02
1.249640686349098075e+02 1.249757501825100690e+02
1.290708453486786311e+02 1.290835060987867848e+02
1.331767091138481760e+02 1.331911434601144890e+02
1.372812173509573199e+02 1.372975721219033574e+02
1.413866619661596360e+02 1.414043443359651349e+02
1.454939497805528958e+02 1.455107747358327401e+02
1.495997810850340102e+02 1.496162796924049303e+02
1.537054269419176649e+02 1.537229295456633906e+02
1.578125838282507800e+02 1.578305004876279440e+02
1.619192450538243406e+02 1.619377049636894981e+02
1.660248107217103382e+02 1.660437224075161851e+02
1.701312132252561184e+02 1.701499413827442027e+02
1.742369194461219308e+02 1.742553564649789735e+02
1.783432807950154029e+02 1.783602127434742783e+02
1.824478248805532701e+02 1.824666460837612476e+02
1.865528723075215112e+02 1.865720577514159970e+02
1.906584324890457083e+02 1.906782075349476600e+02
1.947628544643288819e+02 1.947831303657410444e+02
