0.000000000000000000e+00 0.000000000000000000e+00 0.000000000000000000e+00 0.000000000000000000e+00 0.000000000000000000e+00 0.000000000000000000e+00 0.000000000000000000e+00 0.000000000000000000e+00 0.000000000000000000e+00
0.000000000000000000e+00 4.200609120721150447e+00 4.750189057660010761e+00 4.750189057660010761e+00 4.750189057660010761e+00 4.750189057660010761e+00 4.750189057660010761e+00 4.750189057660010761e+00 4.750189057660010761e+00
0.000000000000000000e+00 6.874787829026336894e+00 8.852647134774299431e+00 9.414526441702481208e+00 9.500378119914508090e+00 9.500378119914508090e+00 9.500378119914508090e+00 9.500378119914508090e+00 9.500378119914508090e+00
0.000000000000000000e+00 8.806816986396341917e+00 1.231793613692055800e+01 1.365380497344753152e+01 1.412151538295145770e+01 1.423632260781859671e+01 1.425056719541708006e+01 1.425056719541708006e+01 1.425056719541708006e+01
0.000000000000000000e+00 1.030846931055425841e+01 1.522661284743003840e+01 1.746151942510201494e+01 1.846656173494413267e+01 1.885712195352893161e+01 1.897476745924559083e+01 1.899837077207196145e+01 1.900075625376794619e+01
0.000000000000000000e+00 1.153189817415645635e+01 1.769060489180220941e+01 2.086810005863627993e+01 2.249096019770384913e+01 2.327576667875502991e+01 2.360558378955801828e+01 2.371750727355286159e+01 2.374581834369639921e+01
0.000000000000000000e+00 1.256177405659427215e+01 1.980732269488729003e+01 2.391262394829479732e+01 2.619920439578415383e+01 2.744876472158517089e+01 2.808027849463213954e+01 2.836022930566515399e+01 2.846356908179730993e+01
0.000000000000000000e+00 1.344971264596171601e+01 2.165181221983344528e+01 2.663866771759478524e+01 2.961034454559655416e+01 3.136533160822591171e+01 3.236019503248355988e+01 3.287891184523777355e+01 3.311807639154181970e+01
0.000000000000000000e+00 1.422935867983788860e+01 2.328010342557523416e+01 2.908939879015974839e+01 3.274731103864215243e+01 3.503140669745506841e+01 3.642870177876151416e+01 3.723949458635166820e+01 3.767186943534973409e+01
0.000000000000000000e+00 1.492379582777117619e+01 2.473400574671983776e+01 3.130416438191610951e+01 3.563423503360930766e+01 3.845969931770486028e+01 4.028350010736170361e+01 4.142321195377658682e+01 4.209519706397659888e+01
0.000000000000000000e+00 1.554951532082099419e+01 2.604505487221873494e+01 3.331710878871184889e+01 3.829527898736407820e+01 4.166522628456408484e+01 4.393006291729228963e+01 4.542302304840308125e+01 4.636891074181617256e+01
0.000000000000000000e+00 1.611869037428922269e+01 2.723738873324073850e+01 3.515709036349735328e+01 4.075370260425928848e+01 4.466364640090711902e+01 4.737751385547652205e+01 4.923939132085850190e+01 5.048323875007742600e+01
0.000000000000000000e+00 1.664055249567591233e+01 2.832977122299385542e+01 3.684819703064643193e+01 4.303117102320553045e+01 4.747062037904755272e+01 5.063645380136128438e+01 5.287705008894130287e+01 5.443522207541487745e+01
0.000000000000000000e+00 1.712226289895271947e+01 2.933700984149965052e+01 3.841045006796998962e+01 4.514736498779448937e+01 5.010145686199864201e+01 5.371794916128465047e+01 5.634292254303414182e+01 5.822630338482024115e+01
0.000000000000000000e+00 1.756948440224989838e+01 3.027095603265381385e+01 3.986049964348001851e+01 4.711985184180637987e+01 5.257084126438078897e+01 5.663308949828105199e+01 5.964492288590897573e+01 6.186053181293929981e+01
0.000000000000000000e+00 1.798676997429447155e+01 3.114121927923850564e+01 4.121223894053915160e+01 4.896413422348864231e+01 5.489262441094000877e+01 5.939277733083439159e+01 6.279132287419185587e+01 6.534337576842951023e+01
0.000000000000000000e+00 1.837783359137146277e+01 3.195568428408727613e+01 4.247731746147861998e+01 5.069379942290362351e+01 5.707968251977132468e+01 6.200759851287497781e+01 6.579043812704507843e+01 6.868099739835859907e+01
