1.169999999999999929e+00
1.199999999999999956e+00
1.219999999999999973e+00
1.219999999999999973e+00
1.209999999999999964e+00
1.250000000000000000e+00
1.250000000000000000e+00
1.199999999999999956e+00
1.199999999999999956e+00
1.229999999999999982e+00
1.229999999999999982e+00
1.250000000000000000e+00
1.290000000000000036e+00
1.310000000000000053e+00
1.370000000000000107e+00
1.379999999999999893e+00
1.399999999999999911e+00
1.379999999999999893e+00
1.379999999999999893e+00
1.399999999999999911e+00
1.439999999999999947e+00
1.489999999999999991e+00
1.479999999999999982e+00
1.500000000000000000e+00
1.530000000000000027e+00
1.540000000000000036e+00
1.560000000000000053e+00
1.580000000000000071e+00
1.629999999999999893e+00
1.649999999999999911e+00
1.659999999999999920e+00
1.699999999999999956e+00
1.729999999999999982e+00
1.739999999999999991e+00
1.780000000000000027e+00
1.830000000000000071e+00
1.850000000000000089e+00
1.870000000000000107e+00
1.840000000000000080e+00
1.850000000000000089e+00
1.889999999999999902e+00
1.909999999999999920e+00
1.909999999999999920e+00
1.879999999999999893e+00
1.889999999999999902e+00
1.870000000000000107e+00
1.929999999999999938e+00
1.969999999999999973e+00
1.969999999999999973e+00
2.000000000000000000e+00
2.009999999999999787e+00
