0.000000000000000000e+00 0.000000000000000000e+00 0.000000000000000000e+00 0.000000000000000000e+00 0.000000000000000000e+00 0.000000000000000000e+00 0.000000000000000000e+00 0.000000000000000000e+00
0.000000000000000000e+00 1.809724882797070222e-03 0.000000000000000000e+00 9.576755129785397003e-04 0.000000000000000000e+00 0.000000000000000000e+00 1.219870142777246258e-03 1.180499669972689958e-04
0.000000000000000000e+00 1.847923411998761076e-03 0.000000000000000000e+00 1.500697815388425671e-03 0.000000000000000000e+00 2.446794145160580136e-04 2.037211517806928121e-03 8.228703541677262479e-04
3.170786811822791373e-04 1.847923411998761076e-03 7.838982217759065535e-05 2.003330818197335619e-03 0.000000000000000000e+00 6.499978683531422441e-04 2.037211517806928121e-03 1.250405171427833306e-03
8.832653805934231883e-03 1.847923411998761076e-03 4.336166432868618359e-03 6.140105905902637495e-03 0.000000000000000000e+00 6.499978683531422441e-04 2.063236826179197514e-03 5.547283175176151437e-03
8.882669085872048342e-03 1.847923411998761076e-03 4.336166432868618359e-03 6.434127810430310956e-03 0.000000000000000000e+00 7.335415047939469746e-04 2.063236826179197514e-03 5.638777106743216028e-03
9.773043151911119455e-03 1.847923411998761076e-03 4.527774559460957630e-03 7.300196895694277543e-03 1.442178568856928265e-03 7.335415047939469746e-04 2.189281687691391198e-03 7.118667229243300087e-03
9.773043151911119455e-03 1.847923411998761076e-03 4.527774559460957630e-03 7.300196895694277543e-03 1.442178568856928265e-03 8.416601552774238826e-04 2.199242504712373147e-03 7.118667229243300087e-03
9.773043151911119455e-03 3.004126413856661806e-03 4.527774559460957630e-03 7.931267614155856904e-03 1.442178568856928265e-03 1.474974855813826480e-03 2.729494746743554856e-03 7.782624775495355571e-03
9.773043151911119455e-03 3.004126413856661806e-03 4.527774559460957630e-03 8.073593258405509232e-03 1.442178568856928265e-03 1.503292360749643522e-03 2.729494746743554856e-03 7.824395951116652065e-03
9.871851259774189202e-03 3.004126413856661806e-03 4.527774559460957630e-03 8.073593258405509232e-03 1.456927461649012642e-03 1.541498724349709424e-03 2.729494746743554856e-03 7.824395951116652065e-03
9.871851259774189202e-03 3.004126413856661806e-03 4.527774559460957630e-03 8.073593258405509232e-03 1.461190613452972246e-03 1.578525523406426601e-03 2.729494746743554856e-03 7.824395951116652065e-03
9.995743574383819663e-03 3.017174173857828379e-03 4.566916750823505657e-03 8.073593258405509232e-03 1.461190613452972246e-03 1.578525523406426601e-03 2.729494746743554856e-03 7.824395951116652065e-03
1.012056106314067512e-02 3.017174173857828379e-03 4.570226644921709935e-03 8.073593258405509232e-03 1.498509568374828405e-03 1.578525523406426601e-03 2.729494746743554856e-03 7.824395951116652065e-03
1.012056106314067512e-02 3.017174173857828379e-03 4.608799765470905641e-03 8.073593258405509232e-03 1.498509568374828405e-03 1.578525523406426601e-03 2.729494746743554856e-03 7.824395951116652065e-03
1.012056106314067512e-02 3.017174173857828379e-03 4.608799765470905641e-03 8.073593258405509232e-03 1.599424056692555496e-03 1.692890304490384142e-03 2.741609951556256419e-03 7.863639804086684781e-03
1.012056106314067512e-02 3.055830656942434310e-03 4.608799765470905641e-03 8.083105731941486738e-03 1.599424056692555496e-03 1.692890304490384142e-03 2.741609951556256419e-03 7.863639804086684781e-03
