0.000000000000000000e+00 0.000000000000000000e+00 0.000000000000000000e+00 0.000000000000000000e+00 0.000000000000000000e+00 0.000000000000000000e+00 0.000000000000000000e+00 0.000000000000000000e+00
0.000000000000000000e+00 1.303107977348005875e-03 6.877254419901390747e-04 0.000000000000000000e+00 0.000000000000000000e+00 0.000000000000000000e+00 2.837673235411841688e-05 5.935208385929868768e-04
7.607057912550230228e-03 1.303107977348005875e-03 6.877254419901390747e-04 0.000000000000000000e+00 0.000000000000000000e+00 6.334601854099116552e-03 3.304502742430565770e-05 1.828809111391552916e-03
7.607057912550230228e-03 1.422340470229405129e-03 6.877254419901390747e-04 2.273287665760321196e-04 1.862500666635986436e-03 8.291021801564678328e-03 1.355627710530882268e-04 1.869896249251837284e-03
9.433605041472663266e-03 1.422340470229405129e-03 3.158404621384391930e-03 2.626876913821742446e-03 1.862500666635986436e-03 1.287597818057636088e-02 1.355627710530882268e-04 2.187491444944320712e-03
9.433605041472663266e-03 1.422340470229405129e-03 3.404310104048846597e-03 2.626876913821742446e-03 1.862500666635986436e-03 1.287597818057636088e-02 4.165223148451246971e-04 2.187491444944320712e-03
9.433605041472663266e-03 1.422340470229405129e-03 3.404310104048846597e-03 3.198742991152414561e-03 2.463274180945055486e-03 1.315780038673608487e-02 4.165223148451246971e-04 2.523500162319857777e-03
9.433605041472663266e-03 1.422340470229405129e-03 3.449677276997499976e-03 3.198742991152414561e-03 2.463274180945055486e-03 1.315780038673608487e-02 4.165223148451246971e-04 2.523500162319857777e-03
9.433605041472663266e-03 1.422340470229405129e-03 4.407085771671148677e-03 3.198742991152414561e-03 3.454622671932370062e-03 1.315780038673608487e-02 4.165223148451246971e-04 3.789339701761344856e-03
9.433605041472663266e-03 3.634475120653604587e-03 6.655091866036855208e-03 3.214335580132399173e-03 5.966046375778412750e-03 1.315780038673608487e-02 4.165223148451246971e-04 3.789339701761344856e-03
9.433605041472663266e-03 3.634475120653604587e-03 6.689552435833022968e-03 3.481065856508536172e-03 5.966046375778412750e-03 1.315780038673608487e-02 4.165223148451246971e-04 4.109634343766543907e-03
9.433605041472663266e-03 3.634475120653604587e-03 6.689552435833022968e-03 3.789236404948326253e-03 6.004139137348657972e-03 1.315780038673608487e-02 4.165223148451246971e-04 4.109634343766543907e-03
9.433605041472663266e-03 3.634475120653604587e-03 6.689552435833022968e-03 4.096499480482407307e-03 6.017261373180815553e-03 1.315780038673608487e-02 4.165223148451246971e-04 4.142218585460425394e-03
9.433605041472663266e-03 3.673553279948374786e-03 6.999698561301670452e-03 4.096499480482407307e-03 6.017261373180815553e-03 1.345301585163902018e-02 4.165223148451246971e-04 4.142218585460425394e-03
9.433605041472663266e-03 3.684259481147478255e-03 6.999698561301670452e-03 4.373975934493882015e-03 6.017261373180815553e-03 1.345301585163902018e-02 4.165223148451246971e-04 4.172818658830124150e-03
9.465776538910120053e-03 3.684259481147478255e-03 6.999698561301670452e-03 4.373975934493882015e-03 6.298946299883851838e-03 1.345301585163902018e-02 4.165223148451246971e-04 4.172818658830124150e-03
9.468644905801681944e-03 3.955485558460447928e-03 6.999698561301670452e-03 4.373975934493882015e-03 6.336973934720546708e-03 1.345301585163902018e-02 4.165223148451246971e-04 4.172818658830124150e-03
