0.000000000000000000e+00 0.000000000000000000e+00
1.873669698089178048e+00 1.874493676148049293e+00
5.027355802479426039e+00 5.028184939351306504e+00
8.487313076974579928e+00 8.489139668424682483e+00
1.194749531972041190e+01 1.194999820842276250e+01
1.540782171533748723e+01 1.540980303505288873e+01
1.886822743432631455e+01 1.887075176052263714e+01
2.232888219585353085e+01 2.233105822717509170e+01
2.578957288731822572e+01 2.579034128092311562e+01
2.924916719170743562e+01 2.925237744780526583e+01
3.270959145931568202e+01 3.271339168198578307e+01
3.616957194021809130e+01 3.617210625247463440e+01
3.962975089516181981e+01 3.963242776712036175e+01
4.309102183601171276e+01 4.309107494945379813e+01
4.655118915918386335e+01 4.655244164409080554e+01
5.001148197745983737e+01 5.001353648502818317e+01
5.347287575647598601e+01 5.347245778875809208e+01
