0.000000000000000000e+00 0.000000000000000000e+00
4.215375938940962186e+00 4.246660912328270143e+00
8.430751903767966127e+00 8.492896526682452318e+00
1.264612788227677953e+01 1.273871832540580407e+01
1.686150391810664573e+01 1.698413698301491692e+01
2.107687998970862964e+01 2.122916360905771427e+01
2.529225608497497646e+01 2.547380823192418831e+01
2.950763219130245574e+01 2.971808086676530536e+01
3.372300834577060868e+01 3.396199074193302181e+01
3.793838456709436002e+01 3.820554703440032540e+01
4.215376077745693095e+01 4.244875853931914378e+01
4.636913701570901480e+01 4.669163367751110627e+01
5.058451327345316884e+01 5.093418050604191194e+01
5.479988956883323681e+01 5.517640678945669919e+01
5.901526588402442997e+01 5.941832041741889725e+01
6.323064223735705980e+01 6.365992893474927428e+01
6.744601870410211575e+01 6.790123848925522054e+01
7.166139482941676420e+01 7.214225623202480620e+01
7.587677125898434838e+01 7.638298923409436725e+01
8.009214773759872230e+01 8.062344370554697548e+01
8.430752439778640905e+01 8.486362479083965127e+01
8.852290091963442364e+01 8.910353953771283386e+01
9.273827744989534949e+01 9.334319310011269977e+01
9.695365359548824813e+01 9.758259138594215187e+01
1.011690303209714727e+02 1.018217394481103781e+02
1.053844070604442749e+02 1.060606429244751894e+02
1.095997837325595157e+02 1.102993062460224394e+02
1.138151597945209232e+02 1.145377350691919816e+02
1.180305358639229212e+02 1.187759336307381943e+02
1.222459120055581252e+02 1.230139064507996096e+02
1.264612888012369893e+02 1.272516582332439441e+02
1.306766656587408590e+02 1.314891937910381898e+02
1.348920425162515926e+02 1.357265172238059279e+02
1.391074194024079986e+02 1.399636322253232947e+02
1.433227955018855937e+02 1.442005423043770804e+02
1.475381724575368025e+02 1.484372518329045647e+02
1.517535486949955725e+02 1.526737653013570366e+02
1.559689248087975102e+02 1.569100854121780912e+02
1.601843018391933811e+02 1.611462160807030273e+02
1.643996788848017729e+02 1.653821597129873453e+02
1.686150562521659992e+02 1.696179203061246596e+02
1.728304333795516357e+02 1.738535015692571619e+02
1.770458105416368539e+02 1.780889060533354495e+02
1.812611877330855918e+02 1.823241376180347970e+02
1.854765649842702828e+02 1.865591988720963172e+02
1.896919421820875300e+02 1.907940927685258998e+02
1.939073194525272754e+02 1.950288216159542003e+02
1.981226967872507885e+02 1.992633887946079767e+02
2.023380747500109180e+02 2.034977969064343313e+02
2.065534521140761228e+02 2.077320486269112507e+02
2.107688295068477373e+02 2.119661480574618508e+02
2.149842068881797559e+02 2.162000959278803975e+02
2.191995843138041096e+02 2.204338943857962931e+02
2.234149618684677421e+02 2.246675475639482897e+02
2.276303382656675467e+02 2.289010560909329683e+02
2.318457157639622892e+02 2.331344229751401826e+02
2.360610933612252325e+02 2.373676495798497399e+02
2.402764710287427761e+02 2.416007385744503608e+02
2.444918486669504887e+02 2.458336921171073470e+02
2.487072263773956138e+02 2.500665135526540439e+02
2.529226034665196892e+02 2.542992039686473049e+02
2.571379801108848255e+02 2.585317644184414121e+02
2.613533578619891955e+02 2.627641985470462487e+02
2.655687341273374500e+02 2.669965064482743742e+02
2.697841118811408023e+02 2.712286904192407633e+02
