6.693853832462860964e+01
6.691603142741864474e+01
6.693784644872965828e+01
6.714072342949397409e+01
6.736817626790465852e+01
6.700895735552579424e+01
6.725071211130568827e+01
6.717973552758249411e+01
6.726584127067508234e+01
6.746734485649079716e+01
6.764051681152059814e+01
6.744933531427258799e+01
6.776317757445322343e+01
6.796499627965309287e+01
6.815128066679341146e+01
6.834841236035640577e+01
6.858760097126783251e+01
6.878031874743226126e+01
6.904143159886625369e+01
6.928408709971890289e+01
6.946716588412283500e+01
6.975131983909396638e+01
7.017246781172705994e+01
7.031300277215126471e+01
7.045978172820976226e+01
7.054777617342601559e+01
7.069842001779201723e+01
7.090039558995061952e+01
7.120834459652553505e+01
7.134876548056782042e+01
7.150122117028550406e+01
7.162758591423580867e+01
7.196127408241598289e+01
7.209668678047719936e+01
7.198475176906281092e+01
7.226732828180936963e+01
7.253448199636079607e+01
7.268644011814036787e+01
7.277252394976872552e+01
7.273733792429882783e+01
7.328653566373002093e+01
7.336608984325194172e+01
7.376943888214945844e+01
7.396731985286089639e+01
7.402848426752795774e+01
7.421279876269220210e+01
7.449311646551497290e+01
7.475692569555984335e+01
7.518855649686742026e+01
7.564359061290528530e+01
7.565391739114727443e+01
