0.000000000000000000e+00 0.000000000000000000e+00
4.168420574206843199e+00 4.271060597956847005e+00
8.336841151418035167e+00 8.538193278709456990e+00
1.250526173191637014e+01 1.280168346443308636e+01
1.667368231055058558e+01 1.706178679890579630e+01
2.084210289876157063e+01 2.131873319436084913e+01
2.501052348555852234e+01 2.557273006609167254e+01
2.917894406522602679e+01 2.982396524727575127e+01
3.334736465787617021e+01 3.407260927420125540e+01
3.751578529210921431e+01 3.831881752371310057e+01
4.168420590011968585e+01 4.256273189785775202e+01
4.585262650928770967e+01 4.680448225020841591e+01
5.002104714891601844e+01 5.104418790788413673e+01
5.418946773367473213e+01 5.528195867770065774e+01
5.835788836962548487e+01 5.951789560680573032e+01
6.252630902883417718e+01 6.375209233585253799e+01
6.669472961126274413e+01 6.798463541480376193e+01
