0.000000000000000000e+00 0.000000000000000000e+00
2.024581056486637110e+00 2.085261768527818749e+00
4.049162113375007976e+00 4.169134007829404354e+00
6.073743171898092541e+00 6.251677893680739118e+00
8.098324229522116724e+00 8.332950698668117440e+00
1.012290528875114148e+01 1.041300608574901432e+01
1.214748634916857739e+01 1.249189445142956956e+01
1.417206740980150315e+01 1.456966312193454627e+01
1.619664849395756789e+01 1.664635667295816290e+01
1.822122955235691677e+01 1.872201708118916486e+01
2.024581061836251905e+01 2.079668387827761933e+01
2.227039170059027029e+01 2.287039449279721737e+01
2.429497277981286985e+01 2.494318419253385244e+01
2.631955384034898771e+01 2.701508643380519104e+01
2.834413490354167919e+01 2.908613289604511110e+01
3.036871596985879052e+01 3.115635347883228334e+01
3.239329703552198225e+01 3.322577669035137404e+01
