0.000000000000000000e+00 0.000000000000000000e+00
2.068397261125847653e+00 2.129959511451622323e+00
4.136794522921698913e+00 4.258489210022638360e+00
6.205191792967378106e+00 6.385652913699852107e+00
8.273589055818154847e+00 8.511510325002923594e+00
1.034198631982910754e+01 1.063611734550998378e+01
1.241038358531260144e+01 1.275952639824553358e+01
1.447878085028126272e+01 1.488178671586737423e+01
1.654717813401281745e+01 1.700294458335823933e+01
1.861557540766811414e+01 1.912304355496916486e+01
2.068397267813210405e+01 2.124212470908828010e+01
2.275236994483566022e+01 2.336022679351971831e+01
2.482076722500966781e+01 2.547738635756335412e+01
2.688916449850952972e+01 2.759363807200420382e+01
2.895756179116964546e+01 2.970901458331542955e+01
3.102595907995153368e+01 3.182354694399210615e+01
3.309435638377281919e+01 3.393726457013853093e+01
