0.000000000000000000e+00 0.000000000000000000e+00
2.599183730228921352e+00 2.673021351617201002e+00
5.198367462082934765e+00 5.343993365904599280e+00
7.797551195646624578e+00 8.013024961621081133e+00
1.039673492954008083e+01 1.068021668714420258e+01
1.299591866666028039e+01 1.334566154965103379e+01
1.559510241789854845e+01 1.600944572149148470e+01
1.819428615763871449e+01 1.867164925066061443e+01
2.079346989336542961e+01 2.133234654693580268e+01
2.339265363934548958e+01 2.399160698860420382e+01
2.599183739313646768e+01 2.664949519856891058e+01
2.859102116143354522e+01 2.930607170262149097e+01
3.119020489788080397e+01 3.196139311472118649e+01
3.378938867106745647e+01 3.461551241576371751e+01
3.638857242407797798e+01 3.726847933398650525e+01
3.898775618338184046e+01 3.992034070240432442e+01
4.158693997878513926e+01 4.257114049955648483e+01
