0.000000000000000000e+00 0.000000000000000000e+00
4.230408389470978747e+00 4.333814110352997240e+00
8.460816782102117628e+00 8.663642276313151314e+00
1.269122517540976247e+01 1.298977616910772070e+01
1.692163358300633291e+01 1.731247685400491321e+01
2.115204198418744141e+01 2.163197889082425718e+01
2.538245039915371848e+01 2.594849379998314021e+01
2.961285879458382908e+01 3.026221295501531472e+01
3.384326719476657530e+01 3.457331004467800994e+01
3.807367564460997755e+01 3.888194315490157749e+01
4.230408406346042227e+01 4.318825670159703378e+01
4.653449248869691246e+01 4.749238274917009051e+01
5.076490091134699867e+01 5.179444244273047104e+01
5.499530936894620936e+01 5.609454729023674702e+01
5.922571782187887379e+01 6.039280005224077286e+01
6.345612623510545802e+01 6.468929564338053240e+01
6.768653464061657132e+01 6.898412195446483963e+01
