0.000000000000000000e+00 0.000000000000000000e+00
3.355611140670389236e+00 3.444179127507386973e+00
6.711222282980193299e+00 6.885422115009517618e+00
1.006683342791921199e+01 1.032391452602566950e+01
1.342244457245704403e+01 1.375982505523241173e+01
1.677805572185575400e+01 1.719330749663077640e+01
2.013366686875485101e+01 2.062450235460454806e+01
2.348927801348737887e+01 2.405353843247598178e+01
2.684488919117602279e+01 2.748053409381201462e+01
3.020050033875695661e+01 3.090559819300004918e+01
3.355611150554489086e+01 3.432883122443273294e+01
3.691172265203601199e+01 3.775032615072299791e+01
4.026733385240009966e+01 4.117016901669784090e+01
4.362294505934050903e+01 4.458843970253275302e+01
4.697855623745940079e+01 4.800521245037569429e+01
5.033416741340003142e+01 5.142055635873644093e+01
5.368977855823528955e+01 5.483453600499532143e+01
