0.000000000000000000e+00 0.000000000000000000e+00
3.421681702652821677e+00 3.511165467567291643e+00
6.843363404710947506e+00 7.019334500168497470e+00
1.026504510879101950e+01 1.052469835408980003e+01
1.368672682688851694e+01 1.402743067722034276e+01
1.710840853544057438e+01 1.752768968862265808e+01
2.053009023826182755e+01 2.102561978138094645e+01
2.395177194757157224e+01 2.452135328578791018e+01
2.737345367038060928e+01 2.801501156007823568e+01
3.079513539097443342e+01 3.150670632920601832e+01
3.421681710264609677e+01 3.499654051635718588e+01
3.763849880890794708e+01 3.848460930748818498e+01
4.106018053974325710e+01 4.197100081472559907e+01
4.448186225543992833e+01 4.545579673416503397e+01
4.790354396094843992e+01 4.893907289816261397e+01
5.132522568866143331e+01 5.242090001391511578e+01
5.474690749590418903e+01 5.590134400611101739e+01
