0.000000000000000000e+00 0.000000000000000000e+00
4.289259290265297508e+00 4.393409780437683487e+00
8.578518583984365620e+00 8.782776783080080918e+00
1.286777787722248512e+01 1.316839884743095190e+01
1.715703717404095485e+01 1.755054234640028810e+01
2.144629647737020761e+01 2.192944645381209767e+01
2.573555578067621852e+01 2.630532672278798501e+01
3.002481507727716803e+01 3.067837795720431870e+01
3.431407437730408105e+01 3.504877695810476723e+01
3.860333370974134937e+01 3.941668455160596807e+01
4.289259303436650583e+01 4.378224755061886242e+01
4.718185236184211817e+01 4.814560003733413396e+01
5.147111168000349579e+01 5.250686525770258584e+01
5.576037097093555417e+01 5.686615624122404711e+01
6.004963026229728484e+01 6.122357735937484335e+01
6.433888956303121631e+01 6.557922484277426634e+01
6.862814891125296413e+01 6.993318777960068644e+01
