0.000000000000000000e+00 0.000000000000000000e+00
2.670047184176876698e+00 2.744958760654964358e+00
5.340094374653090448e+00 5.487808778896187789e+00
8.010141559130474320e+00 8.228663687132033999e+00
1.068018874716911171e+01 1.096762832342309935e+01
1.335023594595805463e+01 1.370479938950224330e+01
1.602028313206840693e+01 1.644026655973323514e+01
1.869033032590210297e+01 1.917411299519221402e+01
2.136037754539234612e+01 2.190641593591812608e+01
2.403042475657572297e+01 2.463724730487995629e+01
2.670047198751479556e+01 2.736667412569381241e+01
2.937051917630780196e+01 3.009475903174276112e+01
3.204056637009615116e+01 3.282156052548172198e+01
3.471061356729190805e+01 3.554713351310601155e+01
3.738066079961607358e+01 3.827152930376523443e+01
4.005070799074870536e+01 4.099479616283656469e+01
4.272075519587153281e+01 4.371697959556058777e+01
