0.000000000000000000e+00 0.000000000000000000e+00
4.287559340804147467e+00 4.328246550626406730e+00
8.575118663589650581e+00 8.655734011987487264e+00
1.286267836202814863e+01 1.298249043776274192e+01
1.715023792938685787e+01 1.730854234689315518e+01
2.143779765558159056e+01 2.163391474343133325e+01
2.572535735076198549e+01 2.595863150610048109e+01
3.001291695070396415e+01 3.028271506562985138e+01
3.430047638172963786e+01 3.460618697382305697e+01
3.858803604674726273e+01 3.892906758458904903e+01
4.287559581504035577e+01 4.325137632755706818e+01
4.716315518646409544e+01 4.757313153328620103e+01
5.145071453792731120e+01 5.189435016648356225e+01
5.573827397401797157e+01 5.621504949719247435e+01
6.002583344288995448e+01 6.053524534777363897e+01
6.431339279834922706e+01 6.485495305168679181e+01
6.860095277021954985e+01 6.917418746489414616e+01
7.288851235983575805e+01 7.349296194990370168e+01
7.717607198271136326e+01 7.781128996571305834e+01
8.146363155388698374e+01 8.212918418155226163e+01
8.575119161707608839e+01 8.644665679813257952e+01
9.003875114597138918e+01 9.076372032166928250e+01
9.432631073987244008e+01 9.508038475047258942e+01
9.861387038583747255e+01 9.939666123990608071e+01
1.029014298744201881e+02 1.037125601749222596e+02
1.071889892409149212e+02 1.080280913102788389e+02
1.114765499946327054e+02 1.123432654118050635e+02
1.157641104157274299e+02 1.166580899331566172e+02
1.200516706327646546e+02 1.209725739745378519e+02
1.243392303351459276e+02 1.252867266451981152e+02
1.286267899888410682e+02 1.296005566800578208e+02
1.329143495260093175e+02 1.339140708610764818e+02
1.372019094091220666e+02 1.382272764572591086e+02
1.414894687867183052e+02 1.425401819917893818e+02
1.457770280907513438e+02 1.468527937975422333e+02
1.500645878811781984e+02 1.511651184639016492e+02
1.543521472618265307e+02 1.554771631669235603e+02
1.586397071413926483e+02 1.597889333500012867e+02
1.629272668552945902e+02 1.641004362848002529e+02
1.672148263401414283e+02 1.684116777929917248e+02
1.715023859359354788e+02 1.727226633750286169e+02
1.757899455533830064e+02 1.770333976437107140e+02
1.800775050749357717e+02 1.813438870939536116e+02
1.843650656828716592e+02 1.856541374044684858e+02
1.886526256014954299e+02 1.899641529861335130e+02
1.929401851556385736e+02 1.942739369016800879e+02
1.972277451169769336e+02 1.985834971328008578e+02
2.015153044906189734e+02 2.028928356780964464e+02
2.058028641159777408e+02 2.072019577635705900e+02
