0.000000000000000000e+00 0.000000000000000000e+00
4.288787106239033697e+00 4.328246507330871573e+00
8.577574381116003011e+00 8.655783382866545139e+00
1.286636184471486999e+01 1.298263594582621216e+01
1.715514938188711369e+01 1.730882827454285433e+01
2.144393680630455279e+01 2.163438280495377697e+01
2.573272409859782783e+01 2.595932103381596789e+01
3.002151123025392110e+01 3.028366354433123320e+01
3.431029844861566858e+01 3.460742998913170254e+01
3.859908558189837890e+01 3.893063924061846848e+01
4.288787276892825417e+01 4.325330828881695311e+01
4.717666045696618937e+01 4.757545472910811668e+01
5.146544763890859286e+01 5.189709392215911521e+01
5.575423482118945628e+01 5.621824131563940341e+01
6.004302203538738780e+01 6.053891174048573021e+01
6.433180927336242405e+01 6.485911970995940123e+01
6.862059666032237715e+01 6.917887770143755688e+01
7.290938382404975471e+01 7.349819966693925721e+01
7.719817110901355761e+01 7.781709711609263991e+01
8.148695829869794238e+01 8.213558142403095985e+01
8.577574562507142275e+01 8.645366444750669643e+01
9.006453285905233486e+01 9.077135735985700649e+01
9.435332057324166044e+01 9.508867014143251595e+01
9.864210798475394881e+01 9.940561235277317564e+01
1.029308952914288682e+02 1.037221942294771395e+02
1.072196827985038396e+02 1.080384248235190654e+02
1.115084700657008483e+02 1.123543127256840819e+02
1.157972574157603987e+02 1.166698667840871906e+02
1.200860449900336278e+02 1.209850970835944395e+02
1.243748326334660277e+02 1.253000077204986269e+02
1.286636200524289961e+02 1.296146087047459048e+02
1.329524072111781265e+02 1.339289064812710990e+02
1.372411945746941342e+02 1.382429091006965223e+02
1.415299821333813099e+02 1.425566226360083419e+02
1.458187693687062563e+02 1.468700541382802385e+02
1.501075568055559302e+02 1.511832108160241717e+02
1.543963448807122347e+02 1.554960979429848464e+02
1.586851333202462797e+02 1.598087217343225177e+02
1.629739219390892799e+02 1.641210875192135177e+02
1.672627097313232980e+02 1.684331998529068812e+02
1.715514972939214999e+02 1.727450656475463688e+02
1.758402861297488187e+02 1.770566897252316494e+02
1.801290735647933730e+02 1.813680775821062525e+02
1.844178611823481333e+02 1.856792353121706469e+02
1.887066490595735218e+02 1.899901649865697664e+02
1.929954364051124287e+02 1.943008722546371985e+02
1.972842240606417192e+02 1.986113619526507250e+02
2.015730139445149973e+02 2.029216383224942888e+02
2.058618010478640485e+02 2.072317050950416046e+02
