0.000000000000000000e+00 0.000000000000000000e+00
4.288489914672647174e+00 4.328246514695855751e+00
8.576980054731428993e+00 8.655771708638869910e+00
1.286547037485154377e+01 1.298260127977865608e+01
1.715396070994684408e+01 1.730875969077282406e+01
2.144245096511855664e+01 2.163427056596383835e+01
2.573094098283181097e+01 2.595915575246371176e+01
3.001943101402979863e+01 3.028343618209750332e+01
3.430792108089933379e+01 3.460713213202930660e+01
3.859641113180136074e+01 3.893026240749570377e+01
4.288490360305451077e+01 4.325284534046876672e+01
4.717339375624365516e+01 4.757489760582074467e+01
5.146188382266535655e+01 5.189643591167521208e+01
5.575037385156248604e+01 5.621747598666731704e+01
6.003886444374153086e+01 6.053803270013155213e+01
6.432735511433389775e+01 6.485812081960639830e+01
6.861584513013113451e+01 6.917775301837886559e+01
7.290433542260595345e+01 7.349694339056014769e+01
7.719282619054877159e+01 7.781570389100561158e+01
8.148131647171385339e+01 8.213404714623632685e+01
8.576980668230726224e+01 8.645198345533799511e+01
9.005829701230393880e+01 9.076952484148134204e+01
9.434678711042745647e+01 9.508668218739514089e+01
9.863527718012733203e+01 9.940346408594062666e+01
1.029237673916869085e+02 1.037198819711152282e+02
1.072122579124741719e+02 1.080359439630373402e+02
1.115007483345336965e+02 1.123516602717125465e+02
1.157892385010434850e+02 1.166670389845298814e+02
1.200777285137981636e+02 1.209820882536582758e+02
1.243662184803733908e+02 1.252968165171280361e+02
1.286547088790228770e+02 1.296112318476851613e+02
1.329431988867034420e+02 1.339253410195995571e+02
1.372316889610320914e+02 1.382391524196127932e+02
1.415201793912333414e+02 1.425526714109763304e+02
1.458086694863573882e+02 1.468659054277208895e+02
1.500971606710473907e+02 1.511788614779060822e+02
1.543856511393660185e+02 1.554915451911908519e+02
1.586741417600349564e+02 1.598039625915300803e+02
1.629626339774724215e+02 1.641161203685521457e+02
1.672511240083790085e+02 1.684280240681261773e+02
1.715396139990142217e+02 1.727396775710798522e+02
1.758281047279061795e+02 1.770510875522737138e+02
1.801165953038602652e+02 1.813622591076886579e+02
1.844050859838422127e+02 1.856731974484181933e+02
1.886935762844395867e+02 1.899839062562988374e+02
1.929820665817707663e+02 1.942943909384977985e+02
1.972705579468875499e+02 1.986046561417830674e+02
2.015590481469770054e+02 2.029147058819300753e+02
2.058475383826729512e+02 2.072245452884628492e+02
