0.000000000000000000e+00 0.000000000000000000e+00
4.289362677120661438e+00 4.328246564345920255e+00
8.578725389686331582e+00 8.655806123038523481e+00
1.286808843074763331e+01 1.298270259174385188e+01
1.715745159418942833e+01 1.730895907137862011e+01
2.144681464958888739e+01 2.163459712104955202e+01
2.573617775191801371e+01 2.595963719668480962e+01
3.002554063457747091e+01 3.028409926978209299e+01
3.431490373302395369e+01 3.460800159269220444e+01
3.860426682296468925e+01 3.893136171762689912e+01
4.289362950576760625e+01 4.325419688445263944e+01
4.718299218495475600e+01 4.757652317498471461e+01
5.147235537680133177e+01 5.189835600166279761e+01
5.576171824154344137e+01 5.621971047175257752e+01
6.005108096901373926e+01 6.054060002130158580e+01
6.434044402347223013e+01 6.486103858686112744e+01
6.862980679265442063e+01 6.918103880168729347e+01
7.291916954168306120e+01 7.350061296558271806e+01
7.720853246526507974e+01 7.781977288129692738e+01
8.149789541028383155e+01 8.213853034083487614e+01
8.578725852541836616e+01 8.645689618672902554e+01
9.007662148541285774e+01 9.077487968565299070e+01
9.436598448032120245e+01 9.509249185691299999e+01
9.865534744744991258e+01 9.940974305625073271e+01
1.029447104523381427e+02 1.037266405947999601e+02
1.072340738766644677e+02 1.080431950695935228e+02
1.115234368521471424e+02 1.123594142717585100e+02
1.158128000404493321e+02 1.166753062984244593e+02
1.201021630739110435e+02 1.209908803333344167e+02
1.243915260781910348e+02 1.253061425889843292e+02
1.286808889058074215e+02 1.296211017657983575e+02
1.329702517695579047e+02 1.339357644635704503e+02
1.372596149936613870e+02 1.382501370909229195e+02
1.415489777362771520e+02 1.425642258098638706e+02
1.458383408507052650e+02 1.468780384708913402e+02
1.501277044647376329e+02 1.511915802588975453e+02
1.544170675370661456e+02 1.555048579215048790e+02
1.587064302191033676e+02 1.598178761262673788e+02
1.629957930073465491e+02 1.641306423125959100e+02
1.672851566039091438e+02 1.684431607434429452e+02
1.715745211309331921e+02 1.727554366453576051e+02
1.758638840225496267e+02 1.770674745606130500e+02
1.801532469563582595e+02 1.813792802488241875e+02
1.844426100960148460e+02 1.856908580210995865e+02
1.887319728866314108e+02 1.900022141996307425e+02
1.930213359424675446e+02 1.943133510439545830e+02
1.973106994684893607e+02 1.986242735311029435e+02
2.016000632396703622e+02 2.029349868111188187e+02
2.058894266404075211e+02 2.072454940849243030e+02
