0.000000000000000000e+00 0.000000000000000000e+00
4.286904657399689178e+00 4.328246548337736144e+00
8.573809343984178710e+00 8.655707242398920087e+00
1.286071441091761436e+01 1.298241156650556860e+01
1.714761952654142618e+01 1.730838717838984309e+01
2.143452458117332426e+01 2.163366053421980695e+01
2.572142930475794032e+01 2.595825673048927484e+01
3.000833401665870070e+01 3.028219967532899659e+01
3.429523868819808285e+01 3.460551170646325403e+01
3.858214365761536158e+01 3.892821369210955140e+01
4.286904840034464570e+01 4.325032650068320095e+01
4.715595339847573086e+01 4.757186908948220605e+01
5.144285817886948564e+01 5.189286033918688190e+01
5.572976290279497391e+01 5.621331674685946922e+01
6.001666773946533340e+01 6.053325590351764163e+01
6.430357244209422163e+01 6.485269329694405371e+01
6.859047723128031748e+01 6.917164428911074481e+01
7.287738209810248691e+01 7.349012280941336428e+01
7.716428719265080360e+01 7.780814347855283586e+01
8.145119207438827402e+01 8.212571869811441161e+01
8.573809686518725925e+01 8.644286234166511917e+01
9.002500171891391290e+01 9.075958522653984062e+01
9.431190726661819212e+01 9.507589931743018496e+01
9.859881215173190583e+01 9.939181647628662120e+01
1.028857170683409663e+02 1.037073475034670906e+02
1.071726224460394690e+02 1.080225017812496731e+02
1.114595275518741317e+02 1.123372891401278508e+02
1.157464323142118019e+02 1.166517200563399683e+02
1.200333370070956960e+02 1.209658029454606947e+02
1.243202420088513520e+02 1.252795476339096012e+02
1.286071467689008045e+02 1.295929610117963762e+02
1.328940519090399732e+02 1.339060527524413544e+02
1.371809573403219815e+02 1.382188287266257305e+02
1.414678621315723888e+02 1.425312977989949559e+02
1.457547682434869500e+02 1.468434677663983052e+02
1.500416730800970697e+02 1.511553455795518062e+02
1.543285790013405858e+02 1.554669362300095941e+02
1.586154842488895724e+02 1.597782486192203919e+02
1.629023889985384699e+02 1.640892879553305193e+02
1.671892937365175840e+02 1.684000605308065701e+02
1.714761984786974267e+02 1.727105724279938670e+02
1.757631035669282369e+02 1.770208280715156945e+02
1.800500085214840169e+02 1.813308337788635356e+02
1.843369136690540699e+02 1.856405950379918295e+02
1.886238188255344994e+02 1.899501169822383417e+02
1.929107239909720306e+02 1.942594048104623994e+02
1.971976290357558810e+02 1.985684635363289203e+02
2.014845354426690562e+02 2.028772976735659199e+02
2.057714403496340196e+02 2.071859123326341887e+02
