0.000000000000000000e+00 0.000000000000000000e+00
4.289362641314649061e+00 4.328246505334207406e+00
8.578725278518561481e+00 8.655805999095971259e+00
1.286808830397919223e+01 1.298270256606155115e+01
1.715745140584748185e+01 1.730895892981457962e+01
2.144681443751096239e+01 2.163459683154615121e+01
2.573617747143407186e+01 2.595963695778148406e+01
3.002554047111997448e+01 3.028409880428247902e+01
3.431490346280066461e+01 3.460800122913386190e+01
3.860426646725252908e+01 3.893136138942509206e+01
4.289362939281502207e+01 4.325419666474800806e+01
4.718299214518734175e+01 4.757652325534373716e+01
5.147235501268267654e+01 5.189835650120436839e+01
5.576171825572151874e+01 5.621971118682640167e+01
6.005108105419063236e+01 6.054060101464432364e+01
6.434044399234980460e+01 6.486103929109029309e+01
6.862980668330965273e+01 6.918103943037185388e+01
7.291916967235641778e+01 7.350061410007955942e+01
7.720853237326451790e+01 7.781977420199517326e+01
8.149789517475508660e+01 8.213853141884283104e+01
8.578725788011672648e+01 8.645689656506212373e+01
9.007662074523139495e+01 9.077488072931186025e+01
9.436598387692228584e+01 9.509249314055747959e+01
9.865534665954476168e+01 9.940974368281331408e+01
1.029447099995610984e+02 1.037266417723894989e+02
1.072340727459884562e+02 1.080431965368662190e+02
1.115234354468560980e+02 1.123594154937786413e+02
1.158127984924490050e+02 1.166753075185284700e+02
1.201021614866635758e+02 1.209908812159810623e+02
1.243915244504512714e+02 1.253061432948205010e+02
1.286808876207680896e+02 1.296211015749584590e+02
1.329702505202477596e+02 1.339357633304510671e+02
1.372596136165220742e+02 1.382501359677313815e+02
1.415489763177983491e+02 1.425642252416255928e+02
1.458383393022141945e+02 1.468780375876284552e+02
1.501277022314170608e+02 1.511915789588491066e+02
1.544170649637333099e+02 1.555048561279352271e+02
1.587064281350759813e+02 1.598178757142148356e+02
1.629957908955937569e+02 1.641306415532006326e+02
1.672851537085794007e+02 1.684431593601787540e+02
1.715745163937456823e+02 1.727554353310242732e+02
1.758638792026245881e+02 1.770674735204044623e+02
1.801532427023985861e+02 1.813792806060155840e+02
1.844426054989454542e+02 1.856908585325533068e+02
1.887319695687643843e+02 1.900022149436834695e+02
1.930213322232680468e+02 1.943133515083663383e+02
1.973106949666137666e+02 1.986242752533810858e+02
2.016000581667722145e+02 2.029349893175044031e+02
2.058894210444103692e+02 2.072454958163999947e+02
