0.000000000000000000e+00 0.000000000000000000e+00
4.301815523573554678e+00 4.342404790116095370e+00
8.603631048294946737e+00 8.684055940746425506e+00
1.290544648190797972e+01 1.302498089724603858e+01
1.720726216787118901e+01 1.736520611357889976e+01
2.150907794634395742e+01 2.170475636834074251e+01
2.581089331633837958e+01 2.604365513972184942e+01
3.011270878572873499e+01 3.038192441597366411e+01
3.441452417256303420e+01 3.471958594220107841e+01
3.871633965298083524e+01 3.905665914713932807e+01
4.301815503581283906e+01 4.339316362511762293e+01
4.731997044830450960e+01 4.772911802891941591e+01
5.162178600673699691e+01 5.206453940332072250e+01
5.592360185922909466e+01 5.639944410893476601e+01
6.022541739404595518e+01 6.073384823271582889e+01
6.452723311499585179e+01 6.506776635331290493e+01
6.882904865590701604e+01 6.940121308649996479e+01
7.313086427443855086e+01 7.373420241845498424e+01
7.743267976655393170e+01 7.806674760084501941e+01
8.173449517564324651e+01 8.239886087832866224e+01
8.603631062710422839e+01 8.673055462399112514e+01
9.033812660005995099e+01 9.106184096699385577e+01
9.463994211851610316e+01 9.539272987423396444e+01
9.894175794083159303e+01 9.972323338345714205e+01
1.032435733516724810e+02 1.040533601901527447e+02
1.075453891217839839e+02 1.083831216228009851e+02
1.118472051608244300e+02 1.127125264545947232e+02
1.161490210923420392e+02 1.170415838663351167e+02
1.204508365271346690e+02 1.213703019263748786e+02
1.247526524816342146e+02 1.256986902015812007e+02
1.290544684543827145e+02 1.300267566431400894e+02
1.333562846489693925e+02 1.343545078979057621e+02
1.376581003729867518e+02 1.386819521529101849e+02
1.419599163690693047e+02 1.430090975729686704e+02
1.462617330012978698e+02 1.473359506873087241e+02
1.505635484126310359e+02 1.516625166408513223e+02
1.548653645431859331e+02 1.559888039731078209e+02
1.591671808139691677e+02 1.603148184642754472e+02
1.634689963818611034e+02 1.646405656780289064e+02
1.677708117555244769e+02 1.689660524146918874e+02
1.720726276497755975e+02 1.732912839437260857e+02
1.763744431572917790e+02 1.776162650962124019e+02
1.806762586470534018e+02 1.819410013989839001e+02
1.849780749250542726e+02 1.862654988562537142e+02
1.892798903760353824e+02 1.905897623436011372e+02
1.935817076623636694e+02 1.949137967302906418e+02
1.978835248514903355e+02 1.992376069240100094e+02
2.021853405928274015e+02 2.035611963653262819e+02
2.064871569724415963e+02 2.078845694945967182e+02
