0.000000000000000000e+00 0.000000000000000000e+00
4.634868763827533655e+00 4.649485038562318984e+00
9.269737527333308691e+00 9.298878453992506010e+00
1.390460629102269685e+01 1.394818140409340401e+01
1.853947505492822145e+01 1.859739501506794923e+01
2.317434381928302756e+01 2.324652040286790111e+01
2.780921258289319553e+01 2.789555866932384021e+01
3.244408136028071254e+01 3.254451086709036645e+01
3.707895013013557417e+01 3.719337806194654661e+01
4.171381889428270995e+01 4.184216127516469896e+01
4.634868766070016477e+01 4.649086153090102869e+01
5.098355642945762156e+01 5.113947983024098676e+01
5.561842521724476285e+01 5.578801712830841097e+01
6.025329400820703540e+01 6.043647440594972409e+01
6.488816277951738698e+01 6.508485259170720383e+01
6.952303156035698350e+01 6.973315261457830161e+01
7.415790035508101141e+01 7.438137539699843614e+01
7.879276912845119796e+01 7.902952181103114526e+01
8.342763790205609098e+01 8.367759276247504374e+01
8.806250670519955293e+01 8.832558908938935360e+01
9.269737547561285851e+01 9.297351165301648734e+01
9.733224426613769253e+01 9.762136130867583006e+01
1.019671130454700290e+02 1.022691388185631354e+02
1.066019818324153903e+02 1.069168450250102751e+02
1.112368506268360591e+02 1.115644807583480542e+02
1.158717194283271965e+02 1.162120467232886796e+02
1.205065882306202951e+02 1.208595437258061196e+02
1.251414570300341751e+02 1.255069725274010040e+02
1.297763258174624923e+02 1.301543338636604688e+02
1.344111946167768394e+02 1.348016284560064832e+02
1.390460634053837907e+02 1.394488570128488050e+02
1.436809322121400783e+02 1.440960202477221515e+02
1.483158010179753319e+02 1.487431188724375488e+02
1.529506698442854713e+02 1.533901535598781152e+02
1.575855386260827231e+02 1.580371249975966919e+02
1.622204073980287831e+02 1.626840338550750857e+02
1.668552761810578886e+02 1.673308807627829822e+02
1.714901449706003405e+02 1.719776663093272191e+02
1.761250138069664217e+02 1.766243911889694118e+02
1.807598825726636278e+02 1.812710560155980488e+02
1.853947513626330874e+02 1.859176613924185517e+02
1.900296201448346096e+02 1.905642079224658119e+02
1.946644889670886300e+02 1.952106962119093510e+02
1.992993577647858388e+02 1.998571268859560064e+02
2.039342265796191782e+02 2.045035004916105663e+02
2.085690953915477621e+02 2.091498175183685930e+02
2.132039641980262559e+02 2.137960786427863695e+02
2.178388330503730970e+02 2.184422843567636221e+02
2.224737018690717605e+02 2.230884351605469931e+02
2.271085706425328681e+02 2.277345316497662964e+02
2.317434394786634471e+02 2.323805743253861351e+02
2.363783082597495309e+02 2.370265637678998019e+02
2.410131771157189178e+02 2.416725004050712471e+02
2.456480459414992765e+02 2.463183847551704844e+02
2.502829147975083970e+02 2.509642173236032932e+02
2.549177836178294001e+02 2.556099986097783017e+02
2.595526523988963277e+02 2.602557291878516708e+02
2.641875212185834130e+02 2.649014094328254032e+02
2.688223900347665563e+02 2.695470397921863537e+02
2.734572588550270211e+02 2.741926207517490184e+02
2.780921276756095608e+02 2.788381528448644531e+02
2.827269965022219367e+02 2.834836363490229587e+02
2.873618652823789148e+02 2.881290718520822338e+02
2.919967340927801160e+02 2.927744597189334854e+02
2.966316029242843797e+02 2.974198004130951176e+02
3.012664717038189792e+02 3.020650944367928332e+02
3.059013404863110281e+02 3.067103421581187490e+02
3.105362093624354429e+02 3.113555439490388039e+02
3.151710782554689558e+02 3.160007002758001704e+02
3.198059470625219092e+02 3.206458115103331465e+02
3.244408159638131792e+02 3.252908780020773065e+02
3.290756848186318280e+02 3.299359001297070790e+02
3.337105536257628273e+02 3.345808783826045101e+02
3.383454224229990928e+02 3.392258131165150985e+02
3.429802911975261850e+02 3.438707046455018599e+02
3.476151600675306099e+02 3.485155534996670781e+02
3.522500289166319476e+02 3.531603599482220943e+02
3.568848978140953250e+02 3.578051242675361436e+02
3.615197667176253162e+02 3.624498468589355298e+02
3.661546355414228628e+02 3.670945281446728359e+02
3.707895044306999353e+02 3.717391685097121581e+02
3.754243733676600527e+02 3.763837681339887808e+02
3.800592421517420689e+02 3.810283274147526527e+02
3.846941109620651673e+02 3.856728467702728267e+02
3.893289797393352387e+02 3.903173265397790601e+02
3.939638486277540323e+02 3.949617669534570723e+02
3.985987174077247346e+02 3.996061683711061505e+02
4.032335862463719423e+02 4.042505311168197863e+02
4.078684550199901651e+02 4.088948555283145652e+02
4.125033238707893588e+02 4.135391418885743633e+02
4.171381926527629389e+02 4.181833905087246421e+02
4.217730614754395333e+02 4.228276017294292046e+02
4.264079302691968678e+02 4.274717758171431115e+02
4.310427990987722069e+02 4.321159131484556042e+02
4.356776679283474323e+02 4.367600138329867150e+02
4.403125367720591612e+02 4.414040782667376561e+02
4.449474055502184342e+02 4.460481067382282276e+02
4.495822744231569459e+02 4.506920995360997608e+02
4.542171432641462161e+02 4.553360570495453885e+02
4.588520120966657032e+02 4.599799795274868757e+02
4.634868809189040348e+02 4.646238670816724152e+02
4.681217497998152339e+02 4.692677200010216438e+02
4.727566185856665584e+02 4.739115386720799847e+02
4.773914873969895325e+02 4.785553233184341480e+02
4.820263563346933324e+02 4.831990740988417201e+02
4.866612251997672729e+02 4.878427915144761187e+02
4.912960940206750138e+02 4.924864755093962572e+02
4.959309627958022020e+02 4.971301266185694772e+02
5.005658317197617180e+02 5.017737449150522480e+02
5.052007005883939428e+02 5.064173306444678246e+02
5.098355693674376425e+02 5.110608841243085294e+02
5.144704382306481421e+02 5.157044056149795779e+02
5.191053070048362770e+02 5.203478952519459426e+02
5.237401758048861211e+02 5.249913534093649332e+02
5.283750445868067800e+02 5.296347801618119320e+02
5.330099133810753074e+02 5.342781757526088313e+02
5.376447821929930342e+02 5.389215404192783581e+02
5.422796509918505308e+02 5.435648744425550376e+02
5.469145199481606596e+02 5.482081781578867776e+02
5.515493887335057934e+02 5.528514517515046691e+02
5.561842576750044600e+02 5.574946952376060381e+02
5.608191266602975702e+02 5.621379088652086011e+02
5.654539956816456652e+02 5.667810929620718525e+02
5.700888645357949827e+02 5.714242476887593511e+02
5.747237333862458399e+02 5.760673734633946879e+02
5.793586021725906221e+02 5.807104702257570352e+02
5.839934709836592219e+02 5.853535383933538014e+02
5.886283398120386892e+02 5.899965779507972456e+02
5.932632088210743859e+02 5.946395890833025533e+02
5.978980776560883896e+02 5.992825722693244188e+02
6.025329465697980140e+02 6.039255274826894038e+02
6.071678154717199050e+02 6.085684549184322805e+02
6.118026844187238567e+02 6.132113547896591399e+02
6.164375532366098014e+02 6.178542273903183286e+02
6.210724220249248901e+02 6.224970728090039529e+02
6.257072908351310616e+02 6.271398910837640415e+02
6.303421598198262927e+02 6.317826826398037383e+02
6.349770287309513606e+02 6.364254475304437619e+02
6.396118975936146853e+02 6.410681859528804125e+02
6.442467665752321864e+02 6.457108981326493904e+02
6.488816353776949200e+02 6.503535841694274495e+02
6.535165041818174814e+02 6.549962443431428483e+02
6.581513730054125517e+02 6.596388789807148214e+02
6.627862418322497433e+02 6.642814879904100280e+02
6.674211108566128132e+02 6.689240716387250814e+02
