0.000000000000000000e+00 0.000000000000000000e+00
4.634868763833032368e+00 4.649485038217115118e+00
9.269737527383218989e+00 9.298878453654186416e+00
1.390460629148551774e+01 1.394818140022395170e+01
1.853947505530140205e+01 1.859739501125516625e+01
2.317434381902661045e+01 2.324652040838144984e+01
2.780921258278499053e+01 2.789555866549823904e+01
3.244408134935966359e+01 3.254451086319095765e+01
3.707895011876293268e+01 3.719337805645885453e+01
4.171381888305700159e+01 4.184216127598773483e+01
4.634868764923947992e+01 4.649086153128917687e+01
5.098355641476246092e+01 5.113947983119733465e+01
5.561842520209960128e+01 5.578801713306349086e+01
6.025329397886825689e+01 6.043647440806424953e+01
6.488816275053508775e+01 6.508485259324336880e+01
6.952303152547310106e+01 6.973315262797368064e+01
7.415790030051704207e+01 7.438137541088184435e+01
7.879276907388526752e+01 7.902952182452976615e+01
8.342763784738841082e+01 8.367759277566301535e+01
8.806250661345870867e+01 8.832558910218722303e+01
9.269737538038573632e+01 9.297351168393407761e+01
9.733224414641750855e+01 9.762136130798259614e+01
1.019671129251189825e+02 1.022691388254976061e+02
1.066019817334681932e+02 1.069168450603286118e+02
1.112368505278825808e+02 1.115644807760835704e+02
1.158717193130307521e+02 1.162120467703207396e+02
1.205065881153244050e+02 1.208595437719018690e+02
1.251414568970673429e+02 1.255069725729446475e+02
1.297763256837032202e+02 1.301543338871052526e+02
1.344111944529555558e+02 1.348016285003363350e+02
1.390460632566902177e+02 1.394488570836815597e+02
1.436809320639355292e+02 1.440960203173598302e+02
1.483158008344825873e+02 1.487431189524335196e+02
1.529506696040076861e+02 1.533901536455640837e+02
1.575855383720012242e+02 1.580371250823458240e+02
1.622204071439605286e+02 1.626840338993686146e+02
1.668552759532163918e+02 1.673308807662817230e+02
1.714901447366266325e+02 1.719776663491587385e+02
1.761250135398016425e+02 1.766243912181908797e+02
1.807598823568119997e+02 1.812710560301292730e+02
1.853947511477570629e+02 1.859176614370562106e+02
1.900296199685929821e+02 1.905642079768442159e+02
1.946644887909201316e+02 1.952106963009434821e+02
1.992993576124718516e+02 1.998571269385724634e+02
2.039342264228383783e+02 2.045035004795103362e+02
2.085690952759738934e+02 2.091498175031444475e+02
2.132039640825092306e+02 2.137960786270610924e+02
2.178388328591856293e+02 2.184422843059610670e+02
2.224737016739722719e+02 2.230884351405282757e+02
2.271085704534592082e+02 2.277345316691424273e+02
2.317434392308083204e+02 2.323805743683336118e+02
2.363783080092138391e+02 2.370265637605114080e+02
2.410131767981856399e+02 2.416725004516151785e+02
2.456480456030502921e+02 2.463183847997073599e+02
2.502829144141747406e+02 2.509642173582444684e+02
2.549177832217864079e+02 2.556099986565205882e+02
2.595526520803656467e+02 2.602557291382691460e+02
2.641875208767891650e+02 2.649014093051367809e+02
2.688223896853538122e+02 2.695470396646057907e+02
2.734572584666724424e+02 2.741926205838062174e+02
2.780921272477775119e+02 2.788381526695566208e+02
2.827269960552134762e+02 2.834836361891404408e+02
2.873618649279026158e+02 2.881290716927100561e+02
2.919967337065905895e+02 2.927744595754145962e+02
2.966316025186960132e+02 2.974198003334217901e+02
3.012664712955125879e+02 3.020650943930625658e+02
3.059013400586036369e+02 3.067103420665227986e+02
3.105362088536954843e+02 3.113555438765240524e+02
3.151710777468839524e+02 3.160007001274867662e+02
3.198059465767522624e+02 3.206458113599903186e+02
3.244408153653180875e+02 3.252908778502959422e+02
3.290756841484205779e+02 3.299359000667127475e+02
3.337105529570545741e+02 3.345808783116645486e+02
3.383454217541741400e+02 3.392258130330521908e+02
3.429802905569907807e+02 3.438707045999249203e+02
3.476151593309708687e+02 3.485155534391898868e+02
3.522500281801518440e+02 3.531603598916561850e+02
3.568848970776158467e+02 3.578051242086982597e+02
3.615197658832308321e+02 3.624498468125481168e+02
3.661546347070283787e+02 3.670945280561674053e+02
3.707895035972126152e+02 3.717391684195624180e+02
3.754243724792724493e+02 3.763837680122784377e+02
3.800592413485018142e+02 3.810283274083676588e+02
3.846941102614752026e+02 3.856728467632788124e+02
3.893289792018360913e+02 3.903173265541016690e+02
3.939638480963504321e+02 3.949617670019450770e+02
3.985987169720829115e+02 3.996061683651653311e+02
4.032335857950586160e+02 4.042505311936204180e+02
4.078684546441090788e+02 4.088948556121332558e+02
4.125033234924238741e+02 4.135391419578507453e+02
4.171381922744016038e+02 4.181833906011436852e+02
4.217730610971588590e+02 4.228276018197440180e+02
4.264079298910045281e+02 4.274717759004703908e+02
4.310427987207165188e+02 4.321159132026751877e+02
4.356776675499966132e+02 4.367600139976851210e+02
4.403125363940970942e+02 4.414040784674097608e+02
4.449474052568942284e+02 4.460481070279958544e+02
4.495822741299036807e+02 4.506920999628149502e+02
4.542171429705971377e+02 4.553360575062710041e+02
4.588520118087489550e+02 4.599799798140228404e+02
4.634868806309842171e+02 4.646238673925552121e+02
4.681217495119382761e+02 4.692677204392350632e+02
4.727566183078124027e+02 4.739115391072771217e+02
4.773914870832949191e+02 4.785553238211363123e+02
4.820263558639369990e+02 4.831990746001464458e+02
4.866612246607375027e+02 4.878427918639237646e+02
4.912960934867069227e+02 4.924864758346594158e+02
4.959309624079890568e+02 4.971301268215520395e+02
5.005658312179143081e+02 5.017737451330592648e+02
5.052007001717446428e+02 5.064173308190406715e+02
5.098355689905010877e+02 5.110608843249361257e+02
5.144704379470250615e+02 5.157044057522494995e+02
5.191053069197980676e+02 5.203478953521121184e+02
5.237401756982079633e+02 5.249913533489534530e+02
5.283750446283854671e+02 5.296347801289467725e+02
5.330099134760395145e+02 5.342781757202795916e+02
5.376447822881070806e+02 5.389215405336232152e+02
5.422796512644144968e+02 5.435648746782610488e+02
5.469145201290098157e+02 5.482081783982406478e+02
5.515493890570415942e+02 5.528514519335926707e+02
5.561842579539535336e+02 5.574946953757012125e+02
5.608191269384878979e+02 5.621379089866726417e+02
5.654539959612787925e+02 5.667810930840914807e+02
5.700888648181530698e+02 5.714242478447590656e+02
5.747237336704295103e+02 5.760673736186988663e+02
5.793586025382322759e+02 5.807104704660300740e+02
5.839934714781952607e+02 5.853535384657096756e+02
5.886283403066024675e+02 5.899965779386600389e+02
5.932632090820127360e+02 5.946395890913714766e+02
5.978980779818770088e+02 5.992825721024673840e+02
6.025329468956159644e+02 6.039255273182624251e+02
6.071678157975345584e+02 6.085684547575835950e+02
6.118026847448875287e+02 6.132113545034876552e+02
6.164375536013790224e+02 6.178542271314559002e+02
6.210724223819793224e+02 6.224970724478037027e+02
6.257072911951599963e+02 6.271398907197001336e+02
6.303421601799509517e+02 6.317826821455965955e+02
6.349770289812232704e+02 6.364254470091339044e+02
6.396118978440972569e+02 6.410681854393623098e+02
6.442467667114083270e+02 6.457108975401163207e+02
6.488816354915611555e+02 6.503535837592073676e+02
6.535165042684003538e+02 6.549962441160785147e+02
6.581513732008985471e+02 6.596388786024594992e+02
6.627862420707140245e+02 6.642814874421958393e+02
6.674211110918110990e+02 6.689240711145243949e+02
