0.000000000000000000e+00 0.000000000000000000e+00
4.634868763824544047e+00 4.649485038025652273e+00
9.269737527406093136e+00 9.298878453455175830e+00
1.390460629162559059e+01 1.394818140359604897e+01
1.853947505549184527e+01 1.859739501460909850e+01
2.317434382101135171e+01 2.324652040240395223e+01
2.780921258641875937e+01 2.789555866943153006e+01
3.244408135580269459e+01 3.254451086721700648e+01
3.707895012546653390e+01 3.719337806152184100e+01
4.171381888991525955e+01 4.184216127809420982e+01
4.634868765361525078e+01 4.649086153470400262e+01
5.098355641905953206e+01 5.113947983570931655e+01
5.561842520698051118e+01 5.578801713375488447e+01
6.025329398283422222e+01 6.043647439970983726e+01
6.488816276884786305e+01 6.508485258512362748e+01
6.952303154408321006e+01 6.973315261200630744e+01
7.415790031598135101e+01 7.438137538874232746e+01
7.879276908920115829e+01 7.902952180260128046e+01
8.342763786266792181e+01 8.367759275385600404e+01
8.806250664167852449e+01 8.832558908058673808e+01
9.269737541249540413e+01 9.297351165437494558e+01
9.733224418353482577e+01 9.762136130052786598e+01
1.019671129626950403e+02 1.022691388214466883e+02
1.066019817496282940e+02 1.069168450465901259e+02
1.112368505449250620e+02 1.115644807377023682e+02
1.158717193461196473e+02 1.162120466955274622e+02
1.205065881484219119e+02 1.208595437181147645e+02
1.251414569289264875e+02 1.255069725370954075e+02
1.297763257163028925e+02 1.301543338729651111e+02
1.344111945063597773e+02 1.348016284650213379e+02
1.390460633102078987e+02 1.394488570201253879e+02
1.436809321014782768e+02 1.440960202543417950e+02
1.483158009068471301e+02 1.487431189096951698e+02
1.529506697096213657e+02 1.533901535937774270e+02
1.575855384826170393e+02 1.580371250373343628e+02
1.622204072493640865e+02 1.626840338938610557e+02
1.668552760323792086e+02 1.673308807661432809e+02
1.714901448155202957e+02 1.719776663553373339e+02
1.761250136281975358e+02 1.766243912374283695e+02
1.807598824142139051e+02 1.812710560736400112e+02
1.853947511907317676e+02 1.859176614528272466e+02
1.900296200097775454e+02 1.905642079899409964e+02
1.946644887850239343e+02 1.952106962730828457e+02
1.992993576042521227e+02 1.998571268987544727e+02
2.039342264189883167e+02 2.045035004451283669e+02
2.085690952309462887e+02 2.091498174689078837e+02
2.132039640108744152e+02 2.137960785606060199e+02
2.178388328093195128e+02 2.184422842342523836e+02
2.224737016116644668e+02 2.230884350910774288e+02
2.271085703912104634e+02 2.277345315599213791e+02
2.317434392292376799e+02 2.323805742877214016e+02
2.363783080058797736e+02 2.370265636984127866e+02
2.410131768478539982e+02 2.416725003324474415e+02
2.456480456276348150e+02 2.463183847031445168e+02
2.502829144130097916e+02 2.509642173206179052e+02
2.549177832272194166e+02 2.556099986110925499e+02
2.595526520208325678e+02 2.602557291419201988e+02
2.641875208165699860e+02 2.649014093091852828e+02
2.688223896177565280e+02 2.695470396430991968e+02
2.734572584111658102e+02 2.741926206138003863e+02
2.780921272146964611e+02 2.788381527083659535e+02
2.827269960712041552e+02 2.834836362102027465e+02
2.873618648831128439e+02 2.881290716749575722e+02
2.919967336795311894e+02 2.927744595684013120e+02
2.966316024579695068e+02 2.974198002879601290e+02
3.012664712786805126e+02 3.020650942415975919e+02
3.059013401057104602e+02 3.067103419662763599e+02
3.105362090062577067e+02 3.113555437386073663e+02
3.151710778985025740e+02 3.160007000509202157e+02
3.198059467221526688e+02 3.206458112846327708e+02
3.244408154979554411e+02 3.252908777759208760e+02
3.290756842927469847e+02 3.299358999932638312e+02
3.337105530847209707e+02 3.345808783290199244e+02
3.383454218846437129e+02 3.392258130604818120e+02
3.429802906656391315e+02 3.438707046287041749e+02
3.476151595504362604e+02 3.485155534290428250e+02
3.522500283995286168e+02 3.531603598749028379e+02
3.568848972968631301e+02 3.578051241942247884e+02
3.615197660741458208e+02 3.624498468476747348e+02
3.661546349314669442e+02 3.670945280908258042e+02
3.707895038214953161e+02 3.717391683574028320e+02
3.754243726866843076e+02 3.763837679660871345e+02
3.800592415300768607e+02 3.810283272894617994e+02
3.846941103115843816e+02 3.856728466442762056e+02
3.893289790889955384e+02 3.903173263791666727e+02
3.939638479798372828e+02 3.949617668398390720e+02
3.985987167598018459e+02 3.996061683582805699e+02
4.032335856179422535e+02 4.042505311394760383e+02
4.078684543915311451e+02 4.088948555965746436e+02
4.125033232368487006e+02 4.135391419611589185e+02
4.171381920188108552e+02 4.181833906452798715e+02
4.217730608415664619e+02 4.228276018336371180e+02
4.264079296356636632e+02 4.274717760041982615e+02
4.310427984424246688e+02 4.321159132098956093e+02
4.356776672716013081e+02 4.367600139767442897e+02
4.403125361160044804e+02 4.414040784398765140e+02
4.449474049352384100e+02 4.460481069624315751e+02
4.495822738127176308e+02 4.506920999412899960e+02
4.542171426534036982e+02 4.553360574181753009e+02
4.588520114917544106e+02 4.599799797360585671e+02
4.634868803145870970e+02 4.646238673689979350e+02
4.681217491955293326e+02 4.692677203330023872e+02
4.727566179777917341e+02 4.739115389996909471e+02
4.773914867570056231e+02 4.785553237099993567e+02
4.820263555377021589e+02 4.831990744669155902e+02
4.866612243851564017e+02 4.878427917499301429e+02
4.912960932110385102e+02 4.924864757511107882e+02
4.959309619861320471e+02 4.971301267901397978e+02
5.005658307697269720e+02 5.017737450826762142e+02
5.052006996288191090e+02 5.064173307451524124e+02
5.098355684079834873e+02 5.110608842214440983e+02
5.144704372166779649e+02 5.157044056491959054e+02
5.191053059929995470e+02 5.203478953696401277e+02
5.237401747713979603e+02 5.249913535527082331e+02
5.283750435594338342e+02 5.296347803849314460e+02
5.330099123503711098e+02 5.342781759326926476e+02
5.376447813397967366e+02 5.389215407241349567e+02
5.422796501361088986e+02 5.435648747923107749e+02
5.469145189334785755e+02 5.482081784277449970e+02
5.515493877327688779e+02 5.528514518297172344e+02
5.561842566034795254e+02 5.574946952395073367e+02
5.608191255885751616e+02 5.621379088537754569e+02
5.654539943787164020e+02 5.667810930234441003e+02
5.700888632354069614e+02 5.714242479387164622e+02
5.747237320885338931e+02 5.760673736088466512e+02
5.793586008953895998e+02 5.807104703430630934e+02
5.839934696690820601e+02 5.853535383379171435e+02
5.886283384973557986e+02 5.899965779422697096e+02
5.932632072876804159e+02 5.946395890362210821e+02
5.978980761227292078e+02 5.992825720430757883e+02
6.025329449843228531e+02 6.039255272512541524e+02
6.071678138862421292e+02 6.085684546919916329e+02
6.118026827684102500e+02 6.132113545571714894e+02
6.164375516261935672e+02 6.178542269436447896e+02
6.210724204079047013e+02 6.224970722540173256e+02
6.257072892211585895e+02 6.271398905519173468e+02
6.303421582059288539e+02 6.317826821039964216e+02
6.349770270343093443e+02 6.364254470345321124e+02
6.396118958970654376e+02 6.410681854526908410e+02
6.442467646721835308e+02 6.457108978219982873e+02
6.488816336089018932e+02 6.503535838979857999e+02
6.535165025171650086e+02 6.549962440477984273e+02
6.581513713792271574e+02 6.596388786168643037e+02
6.627862403279711998e+02 6.642814875942940489e+02
6.674211093518769076e+02 6.689240712060218357e+02
