0.000000000000000000e+00 0.000000000000000000e+00
4.634868763828026594e+00 4.649485038489081568e+00
9.269737527324686255e+00 9.298878453919016351e+00
1.390460629291799322e+01 1.394818140401311268e+01
1.853947505666163664e+01 1.859739501495359448e+01
2.317434382019971650e+01 2.324652040262168384e+01
2.780921258533631146e+01 2.789555866705298826e+01
3.244408136218626737e+01 3.254451086477874355e+01
3.707895013192434419e+01 3.719337805888721959e+01
4.171381889668342069e+01 4.184216127465341373e+01
4.634868766308989763e+01 4.649086153487491657e+01
5.098355642692036582e+01 5.113947983396038666e+01
5.561842520627124031e+01 5.578801713192827094e+01
6.025329398283301430e+01 6.043647441463335213e+01
6.488816275445971371e+01 6.508485259414848656e+01
6.952303152965055233e+01 6.973315262181350249e+01
7.415790030444713921e+01 7.438137539965279643e+01
7.879276907780644024e+01 7.902952181338977766e+01
8.342763785117934106e+01 8.367759276454106043e+01
8.806250663619110242e+01 8.832558909148522730e+01
9.269737540462836023e+01 9.297351167073709632e+01
9.733224421075627220e+01 9.762136131874072476e+01
1.019671129898482604e+02 1.022691388433338773e+02
1.066019817767889748e+02 1.069168450530249288e+02
1.112368505712125852e+02 1.115644807635142115e+02
1.158717193727203494e+02 1.162120467446916905e+02
1.205065881750113590e+02 1.208595437463377351e+02
1.251414569639265579e+02 1.255069725344814060e+02
1.297763257513303188e+02 1.301543338553371427e+02
1.344111945414142610e+02 1.348016284474057898e+02
1.390460633452194372e+02 1.394488570033328472e+02
1.436809321520031517e+02 1.440960202379150132e+02
1.483158009578549468e+02 1.487431188738241303e+02
1.529506697752611899e+02 1.533901535495520534e+02
1.575855386016552302e+02 1.580371250011014013e+02
1.622204074051886096e+02 1.626840338587601877e+02
1.668552762384344419e+02 1.673308807179889754e+02
1.714901450228763338e+02 1.719776662901613236e+02
1.761250138316387392e+02 1.766243911542601097e+02
1.807598826487250676e+02 1.812710560324483424e+02
1.853947514613074645e+02 1.859176614101204450e+02
1.900296202593328303e+02 1.905642079458693274e+02
1.946644890853504535e+02 1.952106962818186275e+02
1.992993579047580965e+02 1.998571269732959479e+02
2.039342267193420071e+02 2.045035005169323199e+02
2.085690955629041810e+02 2.091498175448631969e+02
2.132039643695171662e+02 2.137960786182264030e+02
2.178388331680881151e+02 2.184422843331574313e+02
2.224737019600591452e+02 2.230884351691040592e+02
2.271085707398341071e+02 2.277345316684205159e+02
2.317434395382743446e+02 2.323805743456329083e+02
2.363783083667576079e+02 2.370265637917364359e+02
2.410131771601630248e+02 2.416725004669587804e+02
2.456480459888502423e+02 2.463183848270377041e+02
2.502829147707460038e+02 2.509642174333947651e+02
2.549177836314285628e+02 2.556099987251761263e+02
2.595526524059219469e+02 2.602557292401114637e+02
2.641875211842085491e+02 2.649014094738423637e+02
2.688223900285480568e+02 2.695470398395165716e+02
2.734572588718664292e+02 2.741926208315926488e+02
2.780921276529893476e+02 2.788381528498945841e+02
2.827269964421312807e+02 2.834836364309365990e+02
2.873618652226205086e+02 2.881290719370209672e+02
2.919967340895559005e+02 2.927744598020316289e+02
2.966316028650682028e+02 2.974198005562971048e+02
3.012664717484316270e+02 3.020650945782783197e+02
3.059013405260225795e+02 3.067103422858552904e+02
3.105362093478042880e+02 3.113555440864348611e+02
3.151710782405499458e+02 3.160007003986910945e+02
3.198059470681388348e+02 3.206458115599141365e+02
3.244408159082247494e+02 3.252908780515907665e+02
3.290756846913152458e+02 3.299359002692931426e+02
3.337105535003483965e+02 3.345808785193167978e+02
3.383454222975690300e+02 3.392258132225965142e+02
3.429802911794866986e+02 3.438707047910801862e+02
3.476151599535043033e+02 3.485155535612326503e+02
3.522500288025481723e+02 3.531603598783324287e+02
3.568848976999502156e+02 3.578051241981697785e+02
3.615197665019870783e+02 3.624498468316324988e+02
3.661546353257785427e+02 3.670945281418220816e+02
3.707895042160853336e+02 3.717391683943628777e+02
3.754243730591388726e+02 3.763837681087308056e+02
3.800592418738885385e+02 3.810283274636162787e+02
3.846941106915443243e+02 3.856728468229511009e+02
3.893289794689405880e+02 3.903173265566357486e+02
3.939638483600926975e+02 3.949617669693668631e+02
3.985987171400585112e+02 3.996061683853549198e+02
4.032335859324551848e+02 4.042505311735974374e+02
4.078684547846753503e+02 4.088948556122412015e+02
4.125033236333322293e+02 4.135391419639784658e+02
4.171381925132890274e+02 4.181833905887619949e+02
4.217730613360291159e+02 4.228276018360137414e+02
4.264079301479913511e+02 4.274717759173410059e+02
4.310427989774748312e+02 4.321159131253598389e+02
4.356776678068654292e+02 4.367600138633169990e+02
4.403125366511105767e+02 4.414040782967936138e+02
4.449474054310001065e+02 4.460481067676979592e+02
4.495822743041463809e+02 4.506920996286415857e+02
4.542171431448834369e+02 4.553360571502109906e+02
4.588520119830601516e+02 4.599799794600619407e+02
4.634868808055528575e+02 4.646238670115260447e+02
4.681217496864861687e+02 4.692677199294342927e+02
4.727566184916868224e+02 4.739115386001308252e+02
4.773914873743436260e+02 4.785553231506004295e+02
4.820263562237981887e+02 4.831990739663381191e+02
4.866612250206210319e+02 4.878427912914414719e+02
4.912960938465320169e+02 4.924864753153430001e+02
4.959309626433935136e+02 4.971301262862191379e+02
5.005658315042521735e+02 5.017737445829156400e+02
5.052007003714325606e+02 5.064173302489497246e+02
5.098355691493189852e+02 5.110608837570638343e+02
5.144704381441049463e+02 5.157044052645412648e+02
5.191053069341670607e+02 5.203478948987458352e+02
5.237401757125729773e+02 5.249913530578419341e+02
5.283750445117379968e+02 5.296347798060171499e+02
5.330099133367434661e+02 5.342781754733953221e+02
5.376447821492131425e+02 5.389215402509655632e+02
5.422796510739492533e+02 5.435648744144868942e+02
5.469145198539039257e+02 5.482081780857018884e+02
5.515493888182779756e+02 5.528514516598528417e+02
5.561842576107221703e+02 5.574946952272970293e+02
5.608191265265606944e+02 5.621379089132717581e+02
5.654539953087106596e+02 5.667810930092804256e+02
5.700888641658098095e+02 5.714242479264264603e+02
5.747237330392790682e+02 5.760673736980181729e+02
5.793586019068561654e+02 5.807104705141953218e+02
5.839934706795609145e+02 5.853535386330038364e+02
5.886283395077580280e+02 5.899965782323513395e+02
5.932632082877186122e+02 5.946395893566539144e+02
5.978980771412473132e+02 5.992825724810179508e+02
6.025329460550517524e+02 6.039255275795570697e+02
6.071678150274379959e+02 6.085684548799424647e+02
6.118026839747615213e+02 6.132113547076411351e+02
6.164375529718760163e+02 6.178542271891076325e+02
6.210724218112923154e+02 6.224970725031498660e+02
6.257072906987963279e+02 6.271398907894001695e+02
6.303421596837456491e+02 6.317826822133973792e+02
6.349770286825710173e+02 6.364254470316901688e+02
6.396118975451076949e+02 6.410681854554718484e+02
6.442467664868554493e+02 6.457108977272507673e+02
6.488816353210318084e+02 6.503535838441503074e+02
6.535165042259227448e+02 6.549962440266574504e+02
6.581513730006763581e+02 6.596388785769684091e+02
6.627862417866039095e+02 6.642814876479080795e+02
6.674211108097092620e+02 6.689240713223664443e+02
