0.000000000000000000e+00 0.000000000000000000e+00
4.634868763835184424e+00 4.649485038614319166e+00
9.269737527380668141e+00 9.298878454043661534e+00
1.390460629253450620e+01 1.394818140355662450e+01
1.853947505741379587e+01 1.859739501457464428e+01
2.317434382358147360e+01 2.324652041066087094e+01
2.780921259062925799e+01 2.789555867662570421e+01
3.244408135850154906e+01 3.254451087447268520e+01
3.707895012812276292e+01 3.719337806878219510e+01
4.171381889493757456e+01 4.184216128494485076e+01
4.634868767630180741e+01 4.649086154099690305e+01
5.098355644873900161e+01 5.113947984013275061e+01
5.561842523716735798e+01 5.578801713855268929e+01
6.025329400403674640e+01 6.043647440283409367e+01
6.488816276933864913e+01 6.508485258166788867e+01
6.952303154369857907e+01 6.973315262482483945e+01
7.415790033042046048e+01 7.438137540144569471e+01
7.879276910208599816e+01 7.902952181530224607e+01
8.342763787555796284e+01 8.367759276655935707e+01
8.806250664162904229e+01 8.832558909327987351e+01
9.269737542811382980e+01 9.297351165513366311e+01
9.733224419348947265e+01 9.762136127992218348e+01
1.019671129612192715e+02 1.022691388125527823e+02
1.066019817481655991e+02 1.069168450280757838e+02
1.112368505562539269e+02 1.115644807310252986e+02
1.158717193576672457e+02 1.162120466886189831e+02
1.205065881599399802e+02 1.208595436904467704e+02
1.251414569256204032e+02 1.255069725015384989e+02
1.297763257375928561e+02 1.301543338373956828e+02
1.344111945276809763e+02 1.348016284293984768e+02
1.390460633049719945e+02 1.394488569853848503e+02
1.436809321117205229e+02 1.440960202287695040e+02
1.483158009175710390e+02 1.487431188462850855e+02
1.529506697203683530e+02 1.533901535242771388e+02
1.575855384889847528e+02 1.580371249759374734e+02
1.622204072754016124e+02 1.626840338328158566e+02
1.668552760587442094e+02 1.673308807124136877e+02
1.714901448424964201e+02 1.719776662806826550e+02
1.761250136456681048e+02 1.766243911870440400e+02
1.807598824626994656e+02 1.812710560552303605e+02
1.853947512933031589e+02 1.859176614313382458e+02
1.900296201122821174e+02 1.905642079662277979e+02
1.946644889266567588e+02 1.952106963070904726e+02
1.992993577460507595e+02 1.998571269340785079e+02
2.039342265605844204e+02 2.045035004766382940e+02
2.085690953888164358e+02 2.091498175670913042e+02
2.132039642347526183e+02 2.137960786566728757e+02
2.178388330333403360e+02 2.184422843605269122e+02
2.224737018281192604e+02 2.230884351761172866e+02
2.271085706528719754e+02 2.277345317172996602e+02
2.317434394515151439e+02 2.323805744171137349e+02
2.363783082384485965e+02 2.370265638405332140e+02
2.410131770240579954e+02 2.416725004879603489e+02
2.456480458076495950e+02 2.463183848744127431e+02
2.502829146433304004e+02 2.509642174732194349e+02
2.549177834251389356e+02 2.556099988066540618e+02
2.595526522171162469e+02 2.602557292970154776e+02
2.641875210770470517e+02 2.649014094641426027e+02
2.688223898618692829e+02 2.695470398654461519e+02
2.734572586590339824e+02 2.741926208692461842e+02
2.780921274303839255e+02 2.788381528631164770e+02
2.827269962563079844e+02 2.834836363764374596e+02
2.873618650604197455e+02 2.881290718584207298e+02
2.919967339446043297e+02 2.927744597305809293e+02
2.966316027738566845e+02 2.974198004504176538e+02
3.012664715913585951e+02 3.020650944744338062e+02
3.059013404911024168e+02 3.067103421614871195e+02
3.105362093076150245e+02 3.113555439265653604e+02
3.151710782003676741e+02 3.160007002395573181e+02
3.198059469960779779e+02 3.206458114805758441e+02
3.244408157718702341e+02 3.252908779722459940e+02
3.290756845775418924e+02 3.299359001898552606e+02
3.337105533865678808e+02 3.345808784213500076e+02
3.383454222518269034e+02 3.392258131576028291e+02
3.429802910263600211e+02 3.438707047924344238e+02
3.476151598001857224e+02 3.485155535139457470e+02
3.522500286493176418e+02 3.531603599581547996e+02
3.568848975467649325e+02 3.578051242733225763e+02
3.615197664199162659e+02 3.624498469218841592e+02
3.661546352437198948e+02 3.670945282747580336e+02
3.707895041339685349e+02 3.717391686475858705e+02
3.754243729064629633e+02 3.763837683261227767e+02
3.800592417544218051e+02 3.810283276604690172e+02
3.846941105467258808e+02 3.856728470142458605e+02
3.893289794043272423e+02 3.903173266917068531e+02
3.939638482883174220e+02 3.949617671023625576e+02
3.985987170682758460e+02 3.996061686139336189e+02
4.032335858556932635e+02 4.042505314033938362e+02
4.078684547038845380e+02 4.088948558298407079e+02
4.125033235549582287e+02 4.135391421732256276e+02
4.171381923432157919e+02 4.181833907540606106e+02
4.217730611659776514e+02 4.228276019991373573e+02
4.264079299599522983e+02 4.274717761065288641e+02
4.310427987670699395e+02 4.321159133513077677e+02
4.356776675965205072e+02 4.367600141748000055e+02
4.403125364406434414e+02 4.414040786210718466e+02
4.449474052289769475e+02 4.460481072553816375e+02
4.495822741026831864e+02 4.506921000487427591e+02
4.542171429433924459e+02 4.553360575257219125e+02
4.588520117814894093e+02 4.599799798496346739e+02
4.634868806041074549e+02 4.646238674010693330e+02
4.681217494850178582e+02 4.692677203264748869e+02
4.727566184255140342e+02 4.739115389630114805e+02
4.773914872300131265e+02 4.785553234864730712e+02
4.820263560481581635e+02 4.831990743223991558e+02
4.866612250069256334e+02 4.878427917355991212e+02
4.912960938329283636e+02 4.924864757305871308e+02
4.959309626895842484e+02 4.971301266947652948e+02
5.005658316426438432e+02 5.017737449899449302e+02
5.052007004921631506e+02 5.064173306561735330e+02
5.098355692779648507e+02 5.110608841664715669e+02
5.144704382565374772e+02 5.157044055348328584e+02
5.191053070299840329e+02 5.203478951638560375e+02
5.237401759447366203e+02 5.249913532984948006e+02
5.283750449183584124e+02 5.296347800479065882e+02
5.330099137093905028e+02 5.342781757099066908e+02
5.376447825215460625e+02 5.389215404481348060e+02
5.422796513548015582e+02 5.435648745875045051e+02
5.469145201583788776e+02 5.482081782554997744e+02
5.515493890468341078e+02 5.528514518494613412e+02
5.561842579467778478e+02 5.574946954849776830e+02
5.608191269323409642e+02 5.621379091487323194e+02
5.654539957232721008e+02 5.667810932541156035e+02
5.700888645795615730e+02 5.714242481733854220e+02
5.747237334322082916e+02 5.760673738726095507e+02
5.793586022185663751e+02 5.807104707413567439e+02
5.839934709912425888e+02 5.853535387381643886e+02
5.886283398194116216e+02 5.899965782574965942e+02
5.932632087485555985e+02 5.946395893955768770e+02
5.978980775835689201e+02 5.992825724537926817e+02
6.025329464972792266e+02 6.039255276623496229e+02
6.071678153991476847e+02 6.085684550988385126e+02
6.118026843462484976e+02 6.132113548583831744e+02
6.164375533896018169e+02 6.178542274275885120e+02
6.210724223866112652e+02 6.224970727417620537e+02
6.257072913905969926e+02 6.271398910033935863e+02
6.303421603752854026e+02 6.317826826256948607e+02
6.349770292015780342e+02 6.364254475166360407e+02
6.396118980642825136e+02 6.410681859407709453e+02
6.442467669067051474e+02 6.457108980459897793e+02
6.488816356868721869e+02 6.503535841363470809e+02
6.535165044643631518e+02 6.549962443728120434e+02
6.581513732358450852e+02 6.596388788056224257e+02
6.627862421772824746e+02 6.642814877597734267e+02
6.674211112017396772e+02 6.689240712715829886e+02
