0.000000000000000000e+00 0.000000000000000000e+00
4.634868763826892391e+00 4.649485038151898841e+00
9.269737527416518574e+00 9.298878453586423731e+00
1.390460629150579663e+01 1.394818140019963160e+01
1.853947505541360385e+01 1.859739501168462539e+01
2.317434382330181819e+01 2.324652039952150062e+01
2.780921258935974549e+01 2.789555866613164170e+01
3.244408135631275059e+01 3.254451086506952606e+01
3.707895013069041568e+01 3.719337805867219515e+01
4.171381889580267455e+01 4.184216127189390022e+01
4.634868766212970570e+01 4.649086152755277368e+01
5.098355644308097112e+01 5.113947982722022800e+01
5.561842522994365368e+01 5.578801712598060192e+01
6.025329399976536138e+01 6.043647440871463772e+01
6.488816276620823942e+01 6.508485258472870782e+01
6.952303155027036041e+01 6.973315262593284558e+01
7.415790032538535570e+01 7.438137540248229129e+01
7.879276909871815349e+01 7.902952181631752637e+01
8.342763787217461413e+01 8.367759276754672726e+01
8.806250664060669919e+01 8.832558909429329219e+01
9.269737541410054860e+01 9.297351166421273660e+01
9.733224421759744871e+01 9.762136130447875360e+01
1.019671129969912329e+02 1.022691388131690360e+02
1.066019817781153023e+02 1.069168450169709672e+02
1.112368505725231671e+02 1.115644807338194653e+02
1.158717193739762479e+02 1.162120466917548072e+02
1.205065881762908191e+02 1.208595437082685038e+02
1.251414569440876079e+02 1.255069725096643367e+02
1.297763257315446026e+02 1.301543338275325254e+02
1.344111945216448021e+02 1.348016284196146728e+02
1.390460633254570837e+02 1.394488570084841683e+02
1.436809321219054993e+02 1.440960202626990849e+02
1.483158009278562304e+02 1.487431189006759951e+02
1.529506697156413679e+02 1.533901535878621871e+02
1.575855385367318036e+02 1.580371250245461852e+02
1.622204073086958260e+02 1.626840338820983334e+02
1.668552760923868163e+02 1.673308807803376226e+02
1.714901448846274548e+02 1.719776663352458854e+02
1.761250136943029929e+02 1.766243912130202602e+02
1.807598824704891740e+02 1.812710560441896348e+02
1.853947512829799962e+02 1.859176614703395671e+02
1.900296200676373815e+02 1.905642080069832218e+02
1.946644888750896598e+02 1.952106962957405472e+02
1.992993576944174379e+02 1.998571269179657293e+02
2.039342265090410820e+02 2.045035004609829912e+02
2.085690953209889074e+02 2.091498175156157515e+02
2.132039641275834470e+02 2.137960786397189850e+02
2.178388329664288392e+02 2.184422843533636183e+02
2.224737017646730521e+02 2.230884351644160688e+02
2.271085705447932241e+02 2.277345316415188563e+02
2.317434393806707362e+02 2.323805743722645332e+02
2.363783081593211364e+02 2.370265638087912521e+02
2.410131769791709644e+02 2.416725004322543100e+02
2.456480457597709801e+02 2.463183847891435505e+02
2.502829145485598588e+02 2.509642173985068894e+02
2.549177834209630191e+02 2.556099987152595361e+02
2.595526522172571049e+02 2.602557292542832670e+02
2.641875210656459103e+02 2.649014094444369221e+02
2.688223899330199629e+02 2.695470397578686743e+02
2.734572587141928466e+02 2.741926206869768521e+02
2.780921275014179059e+02 2.788381526900084282e+02
2.827269962897196365e+02 2.834836362430927466e+02
2.873618651600374960e+02 2.881290717320090380e+02
2.919967339505756172e+02 2.927744595957454976e+02
2.966316027250519483e+02 2.974198003672003665e+02
3.012664715197052487e+02 3.020650944010692456e+02
3.059013402962405053e+02 3.067103421150538907e+02
3.105362091568230198e+02 3.113555438920375309e+02
3.151710780032300363e+02 3.160007002043947750e+02
3.198059468384193451e+02 3.206458114365210577e+02
3.244408156254368123e+02 3.252908779330547304e+02
3.290756844232586218e+02 3.299359001503166837e+02
3.337105532974435391e+02 3.345808784315124171e+02
3.383454220946746318e+02 3.392258131698833949e+02
3.429802908692025767e+02 3.438707047002702097e+02
3.476151596432169981e+02 3.485155534694093831e+02
3.522500284923087861e+02 3.531603599101349573e+02
3.568848972769333159e+02 3.578051242394434439e+02
3.615197660541701907e+02 3.624498469290789444e+02
3.661546348779428399e+02 3.670945282365836420e+02
3.707895037680095811e+02 3.717391685880354544e+02
3.754243726131006156e+02 3.763837682109217440e+02
3.800592413932674845e+02 3.810283275813236514e+02
3.846941102367164831e+02 3.856728468939498953e+02
3.893289790440701381e+02 3.903173266839436337e+02
3.939638478062188938e+02 3.949617671630558107e+02
3.985987165861558879e+02 3.996061685769026894e+02
4.032335853663090006e+02 4.042505313565100096e+02
4.078684541399339878e+02 4.088948557060463713e+02
4.125033229887674793e+02 4.135391420729634433e+02
4.171381917802425505e+02 4.181833906696226677e+02
4.217730606029580258e+02 4.228276018855045777e+02
4.264079295488271555e+02 4.274717760901476140e+02
4.310427983782741990e+02 4.321159133894329329e+02
4.356776672076985051e+02 4.367600140974892611e+02
4.403125360519151172e+02 4.414040786104018252e+02
4.449474048300688764e+02 4.460481070778130288e+02
4.495822737036305625e+02 4.506920998698440144e+02
4.542171425442655845e+02 4.553360573477709750e+02
4.588520113826413080e+02 4.599799796544965034e+02
4.634868803417389245e+02 4.646238672037981132e+02
4.681217492226564900e+02 4.692677201244200091e+02
4.727566181570701929e+02 4.739115387939273774e+02
4.773914869325578252e+02 4.785553234683831079e+02
4.820263557132378764e+02 4.831990743523617198e+02
4.866612245100672567e+02 4.878427915886505843e+02
4.912960933355436737e+02 4.924864756606410765e+02
4.959309621129775678e+02 4.971301266276415163e+02
5.005658309241381403e+02 5.017737449211267062e+02
5.052006997913198347e+02 5.064173305837088606e+02
5.098355685996325519e+02 5.110608840668876383e+02
5.144704374156860922e+02 5.157044055272039031e+02
5.191053063830906922e+02 5.203478951616197037e+02
5.237401752000420174e+02 5.249913533439646471e+02
5.283750440371394461e+02 5.296347800903150755e+02
5.330099128322576689e+02 5.342781758514262265e+02
5.376447816444921273e+02 5.389215406996523825e+02
5.422796504411041951e+02 5.435648747720614438e+02
5.469145194222232931e+02 5.482081784843222749e+02
5.515493882076953014e+02 5.528514520749949952e+02
5.561842570078403014e+02 5.574946954869603815e+02
5.608191259930520118e+02 5.621379091085996151e+02
5.654539950027407258e+02 5.667810933357233125e+02
5.700888638559488300e+02 5.714242482511426715e+02
5.747237327090274448e+02 5.760673740208289928e+02
5.793586015446180681e+02 5.807104706945102635e+02
5.839934704148301989e+02 5.853535386893638588e+02
5.886283392431309949e+02 5.899965782033178812e+02
5.932632080664212708e+02 5.946395894794140986e+02
5.978980770614118683e+02 5.992825725557406713e+02
6.025329459131143039e+02 6.039255277661691252e+02
6.071678148149804883e+02 6.085684551071789201e+02
6.118026837622971925e+02 6.132113549678078925e+02
6.164375526866269865e+02 6.178542275993725070e+02
6.210724215255023637e+02 6.224970729111157652e+02
6.257072903503601538e+02 6.271398911657192912e+02
6.303421593349079330e+02 6.317826826109278500e+02
6.349770283799175559e+02 6.364254476070286728e+02
6.396118972426620530e+02 6.410681860278453996e+02
6.442467660174423827e+02 6.457108982354820910e+02
6.488816348340858440e+02 6.503535843119672109e+02
6.535165036108876393e+02 6.549962446117850732e+02
6.581513726075240811e+02 6.596388789971372262e+02
6.627862415493075332e+02 6.642814880938093438e+02
6.674211105728843449e+02 6.689240716865442664e+02
