1.088010268391072126e-06
6.797762543383684668e-07
6.797762361139312461e-07
1.088005036753150203e-06
1.088007392529408008e-06
6.797751571784150208e-07
6.797762456206472460e-07
1.088008333960259072e-06
1.088010930135657460e-06
6.797753583641828866e-07
6.797748901013099136e-07
1.088007313524369041e-06
1.088007186126063936e-06
6.797768717148636151e-07
6.797756489826815734e-07
1.088004590886713611e-06
1.088006700064926935e-06
6.797761211053062336e-07
6.797752648522995752e-07
1.088008129377054548e-06
1.088006472794434716e-06
6.797762556521025919e-07
6.797746076062258622e-07
1.088005004950809037e-06
1.088008010927533735e-06
6.797777391026134559e-07
6.797754565760240647e-07
1.088005901354549694e-06
1.088007795709698210e-06
6.797768354633283687e-07
6.797764085598085312e-07
1.088002676568021533e-06
1.831830571674686325e-07
