5.999270013198069323e-02
3.497531205614456268e-02
3.481335648809975869e-02
1.000750835129525680e-02
6.955547836634294254e-03
8.215974310646536997e-05
3.866171526645993342e-05
1.795352704020753998e-05
1.333270777601886987e-05
8.741629126074662850e-06
7.276115186435697147e-06
5.473833717345960679e-06
4.785940913503870111e-06
3.883987754663188514e-06
3.516047935308760253e-06
2.999654284874365032e-06
2.787472273301327417e-06
2.451491475469644876e-06
2.314813737317316770e-06
2.075945615976936758e-06
1.978582831890668775e-06
1.800079792774647096e-06
1.727421197078878560e-06
1.590329079604114031e-06
1.536022923227463314e-06
1.427871241802948789e-06
1.387720657807214712e-06
1.298743257426344774e-06
1.269333106209300666e-06
1.193509095779253951e-06
1.171795529341376861e-06
1.105248818803285046e-06
1.088719260116509845e-06
1.029075784076221590e-06
1.015947266936782676e-06
9.619081428443103175e-07
9.509632707559063272e-07
9.019612076197784501e-07
8.924272315739062391e-07
8.482437791991347734e-07
8.396720446874552260e-07
8.001856114901303022e-07
7.923339306314530736e-07
7.573894967511854048e-07
7.501058421195185089e-07
7.194756794091506130e-07
7.126564407117855359e-07
6.860597983488550180e-07
3.482256473072149028e+00
