5.015906150403131346e-09
5.109799997159270568e-09
5.208228423895063542e-09
5.311657292527172391e-09
5.420277552500831551e-09
5.534623044882090657e-09
5.655118379358692692e-09
5.782215803712336358e-09
5.916530621025822981e-09
6.058697537398422238e-09
6.209357251180089882e-09
6.369280798124150411e-09
6.539432400855115710e-09
6.720803110363210243e-09
6.914453277724964602e-09
7.121620335658377043e-09
7.343885708622932957e-09
7.582973753186418711e-09
7.840615032778196669e-09
8.119371041073020278e-09
8.421466488108980492e-09
8.750489476062565486e-09
9.109806704131775205e-09
9.503762923955162908e-09
9.938022770009562735e-09
1.041863722035296328e-08
1.095301546380129313e-08
1.155123868609696696e-08
1.222532576163521752e-08
1.299113114123250915e-08
1.386840576334892986e-08
1.488456750730873964e-08
1.607679017468642526e-08
1.749698574738504290e-08
1.921002428917191537e-08
2.130497698118867919e-08
2.392009722392463717e-08
2.728905325381284765e-08
3.183339574250095675e-08
3.832788539305128318e-08
4.888089034091274604e-08
5.398583279586166580e-08
4.377399629514868090e-08
4.831936030405037073e-07
6.779809416497713410e-03
3.179681387954177985e-02
5.682103504348257755e-02
8.183484605708485349e-02
1.068335770431555892e-01
1.318320153962028729e-01
1.568299106771757212e-01
1.818282060517299459e-01
2.068268205515294833e-01
2.318256115510570481e-01
2.568245994824747691e-01
2.818232380991451680e-01
3.068162300550105193e-01
3.318047769205837993e-01
3.568004525588914788e-01
3.818000421796299837e-01
4.068004592875342773e-01
4.318007653177664551e-01
4.568012148394592353e-01
4.818014764923464477e-01
5.068016743246147593e-01
5.318018612899718667e-01
5.568019907854189210e-01
5.818020698706394267e-01
6.068021069090174802e-01
6.318021996930552886e-01
6.568021419387347626e-01
6.818021831864391480e-01
7.068021387867960970e-01
7.318021103448176801e-01
7.568020299624610425e-01
7.818020040635226264e-01
8.068019449548904376e-01
8.318018945765988104e-01
8.568018089735575105e-01
8.818017463310686699e-01
1.101256972937649126e+00
