8.775893139219334849e-07
2.591210055947941585e-07
2.591210052961272708e-07
8.775893115425108922e-07
8.775893120583373341e-07
2.591210054999963486e-07
2.591210053968199006e-07
8.775893142386238572e-07
8.775893122932893447e-07
2.591210055474846685e-07
2.591210055492665081e-07
8.775893130770461779e-07
8.775893108537940144e-07
2.591210054548336107e-07
2.591210054979426643e-07
8.775893107639153484e-07
8.775893107572868921e-07
2.591210052560475246e-07
2.591210055910461436e-07
8.775893116271835879e-07
8.775893135847545502e-07
2.591210056599763084e-07
2.591210053863745550e-07
8.775893125006402573e-07
8.775893107613980723e-07
2.591210054851158856e-07
2.591210054354510087e-07
8.775893105939294943e-07
8.775893125632678618e-07
2.591210056223636515e-07
2.591210054276235243e-07
8.775893134418707857e-07
8.775893116574956148e-07
2.591210056075148463e-07
2.591210056144430465e-07
8.775893123868694388e-07
8.775893122702759889e-07
2.591210056077438629e-07
2.591210054266851176e-07
8.775893126063452046e-07
8.775893113944360864e-07
2.591210053624469859e-07
2.591210055920497188e-07
8.775893123440080894e-07
8.775893119164292458e-07
2.591210055221029556e-07
2.591210053996072213e-07
8.775893128285839918e-07
8.775893125129587634e-07
2.591210054975665817e-07
2.591210056063306413e-07
8.775893120573915159e-07
8.775893126751394206e-07
2.591210054975293122e-07
2.591210054535842900e-07
8.775893111883885457e-07
8.775893124524165541e-07
2.591210055649810869e-07
2.591210056481084239e-07
8.775893118186932903e-07
8.775893098755856274e-07
2.591210053840415615e-07
2.591210053339801144e-07
8.775893103295963459e-07
8.775893123594470648e-07
2.591210056475926338e-07
2.591210054713972870e-07
8.775893125941086490e-07
8.775893108825941934e-07
2.591210055163086679e-07
2.591210053905675798e-07
8.775893133766217202e-07
8.775893132255305242e-07
2.591210054421036584e-07
2.591210054098589140e-07
8.775893132372532484e-07
8.775893128510611757e-07
2.591210053594660652e-07
2.591210055121305191e-07
8.775893108631780807e-07
5.263110599548285196e-01
