0.000000000000000000e+00 0.000000000000000000e+00
1.874907922662679471e+00 1.873819475555376979e+00
5.337915899956236387e+00 5.337916141864213593e+00
8.803183365396218818e+00 8.803306527057545239e+00
1.226712828387065812e+01 1.226777829005900600e+01
1.573268330657905700e+01 1.573186997681071730e+01
1.919747312520633642e+01 1.919546270982816694e+01
2.266186039850183320e+01 2.266071789598835551e+01
2.612509590641231227e+01 2.612435612250340355e+01
2.958772745406899674e+01 2.958768105885648936e+01
3.305062459837536437e+01 3.305148910952139829e+01
3.651329988718632080e+01 3.651528545813614812e+01
3.997700908554098476e+01 3.997903624661239519e+01
4.344115926209104828e+01 4.344368328588140571e+01
4.690556319415605913e+01 4.690654644228452241e+01
5.036927002849161283e+01 5.037043612644814061e+01
5.383423229197907744e+01 5.383458460676632740e+01
