0.000000000000000000e+00 0.000000000000000000e+00
8.214613995281219161e-01 1.019422779236789367e+00
4.075097724761170603e+00 4.376471087663813542e+00
7.331498397631492026e+00 7.730660479995083989e+00
1.058711513505074109e+01 1.108163238189085575e+01
1.384131515747643704e+01 1.442391025835535068e+01
1.709429282533303862e+01 1.776109434830582146e+01
2.034605915447913560e+01 2.109592442032406723e+01
2.359648300011884459e+01 2.442308184119205805e+01
2.684551700090433002e+01 2.775160126145506467e+01
3.009288958662465063e+01 3.107372500821203332e+01
3.333848702059609082e+01 3.438633528281492602e+01
3.658264882065064683e+01 3.770442674807647165e+01
3.982486584021978615e+01 4.100855951392517795e+01
4.306561336096949333e+01 4.430483794736686320e+01
4.630488395029792770e+01 4.760156683009705603e+01
4.954270485569666960e+01 5.091815079074159911e+01
