0.000000000000000000e+00 0.000000000000000000e+00
1.659644507213631215e+00 1.819563415638068449e+00
5.218342096344569470e+00 5.483201915615086186e+00
8.769258965188111432e+00 9.134493271268693704e+00
1.232241406513694137e+01 1.278291512670990926e+01
1.587441928515103484e+01 1.642600709299817652e+01
1.942524684880674357e+01 2.006387511586793693e+01
2.297491727481547485e+01 2.369656805111845443e+01
2.652266506218182229e+01 2.733213020730902798e+01
3.006915615932071617e+01 3.095457432711463852e+01
3.361397032788352135e+01 3.457855490888068317e+01
3.715720003213729683e+01 3.819232049090356895e+01
4.069864948533337667e+01 4.181674739468090252e+01
4.423819676480767527e+01 4.542070471400235476e+01
4.777621800621067649e+01 4.902998422687164748e+01
5.131228044291408708e+01 5.262574301273758692e+01
5.484646896959424822e+01 5.621901005879652757e+01
