0.000000000000000000e+00 0.000000000000000000e+00
1.286595359232417302e+00 1.459800766740714018e+00
4.720929261375776065e+00 4.998643305272094217e+00
8.150741751302884808e+00 8.527985646642989082e+00
1.157883838528406173e+01 1.205239725707415843e+01
1.500590421196408286e+01 1.557181921094072763e+01
1.843134660606985875e+01 1.908409807652635948e+01
2.185559708127679812e+01 2.259406716592366848e+01
2.527875721650988794e+01 2.609983166202729166e+01
2.870034941783739413e+01 2.959693838013951250e+01
3.212047917201237368e+01 3.308967231281319243e+01
3.553882224337844775e+01 3.657789101440876323e+01
3.895586785171062161e+01 4.006988662806333679e+01
4.237106512244338319e+01 4.356680830873695243e+01
4.578408372318111930e+01 4.706117489555145994e+01
4.919475035156387577e+01 5.053064840405809122e+01
5.260396375481259668e+01 5.399646802395156442e+01
