0.000000000000000000e+00 0.000000000000000000e+00
1.881664644880258752e+00 2.034288445509752297e+00
5.509596191570983237e+00 5.767304802726849644e+00
9.137015275646655610e+00 9.494842360104094325e+00
1.276370073033631769e+01 1.321685646924181157e+01
1.638944125042343813e+01 1.693536858064730666e+01
2.001404561989605924e+01 2.064680987087749031e+01
2.363743558536685896e+01 2.435672963136949676e+01
2.725943112877665442e+01 2.805819844687139408e+01
3.088003358795812048e+01 3.175599697693156287e+01
3.449913583055302269e+01 3.545463965206122481e+01
3.811653671709534308e+01 3.914360624512733722e+01
4.173231196445404123e+01 4.283544233520145639e+01
4.534622141581686350e+01 4.651411016256875541e+01
4.895841930153669352e+01 5.019099281427779147e+01
5.256882766061598034e+01 5.387379699604558425e+01
5.617712284895560515e+01 5.755347798611057897e+01
