0.000000000000000000e+00 0.000000000000000000e+00
2.109247544631095650e+00 2.256812250000418629e+00
5.813988803172541964e+00 6.067250314271459999e+00
9.514049444115489251e+00 9.867606479891605886e+00
1.321363338628732365e+01 1.366242548065287465e+01
1.691154539750245078e+01 1.745194128441541892e+01
2.060942766256484759e+01 2.123620000935497387e+01
2.430564788025916556e+01 2.501553359665132703e+01
2.800000235268415594e+01 2.878987638115431125e+01
3.169367698882292927e+01 3.256875783309548211e+01
3.538567049048451452e+01 3.633299353885986704e+01
3.907559319669157105e+01 4.009347732265402442e+01
4.276343931019738420e+01 4.385005567494290801e+01
4.644966377759605791e+01 4.760870006264987353e+01
5.013491992223880800e+01 5.135664475877118207e+01
5.381894820134891688e+01 5.512096799015861848e+01
5.750011257128603148e+01 5.886412435940808052e+01
