0.000000000000000000e+00 0.000000000000000000e+00
1.947887543024024559e+00 2.098788134720758869e+00
5.597230818647728867e+00 5.853377798025571899e+00
9.244674833699209060e+00 9.601376675456762655e+00
1.289140265186872902e+01 1.334340301865863765e+01
1.653703566664039570e+01 1.708181907173591441e+01
2.018160386212608159e+01 2.081580689735235623e+01
2.382497778443367764e+01 2.454275266434068214e+01
2.746695165950234241e+01 2.826863973723294521e+01
3.110751329515947816e+01 3.199503062089516803e+01
3.474623702028220862e+01 3.570663111584601523e+01
3.838354067598920949e+01 3.941394865030738970e+01
4.201913809331429661e+01 4.311876985483017677e+01
4.565315047162935969e+01 4.681772528097630470e+01
4.928542387204228703e+01 5.051278550329696770e+01
5.291571158065814018e+01 5.420649793079407175e+01
5.654437073805981129e+01 5.789389522253669185e+01
