0.000000000000000000e+00 0.000000000000000000e+00
1.728517257196629409e+00 1.885628177247982151e+00
5.307767875187768603e+00 5.569931669640940441e+00
8.886254856803589064e+00 9.248280689640369090e+00
1.246370833024728952e+01 1.292206019884401691e+01
1.604002965125030045e+01 1.658919696844806069e+01
1.961518689362148393e+01 2.025108195433604408e+01
2.318910150101732270e+01 2.391094794799533929e+01
2.676166088617942052e+01 2.756289686922231752e+01
3.033281415830232319e+01 3.121016673292423604e+01
3.390239399818311483e+01 3.486437403731076046e+01
3.747020927434130044e+01 3.850206212688037510e+01
4.103637427666857462e+01 4.214381101356303816e+01
4.460067592344209686e+01 4.577275909082356264e+01
4.816331379084539321e+01 4.939909528191967070e+01
5.172420342682683270e+01 5.302170022562962970e+01
5.528330394647048251e+01 5.665001198716088027e+01
