0.000000000000000000e+00 0.000000000000000000e+00 0.000000000000000000e+00 0.000000000000000000e+00 0.000000000000000000e+00 0.000000000000000000e+00 0.000000000000000000e+00 0.000000000000000000e+00 0.000000000000000000e+00
0.000000000000000000e+00 4.162149096186601227e+00 7.159186856943076549e+00 7.159186856943076549e+00 7.159186856943076549e+00 7.159186856943078325e+00 7.159186856943076549e+00 7.159186856943078325e+00 7.159186856943078325e+00
0.000000000000000000e+00 6.818451538076097052e+00 1.199835225222003565e+01 1.356192768455393960e+01 1.431759540753584936e+01 1.431759548026519724e+01 1.431759545539759415e+01 1.431759541020286974e+01 1.431759548853440123e+01
0.000000000000000000e+00 8.739763290542915897e+00 1.559577595910916514e+01 1.881681108664105295e+01 2.069719903095387536e+01 2.126675715573291114e+01 2.147379810243322495e+01 2.147379811894276003e+01 2.147379842383863391e+01
0.000000000000000000e+00 1.023446373742219784e+01 1.843339764071514253e+01 2.312450294431685904e+01 2.619099316565652202e+01 2.765677189911403033e+01 2.837136183038153447e+01 2.857189032701893439e+01 2.862975938329329040e+01
0.000000000000000000e+00 1.145301378736638753e+01 2.076383998224203964e+01 2.671669124674748730e+01 3.090471967546769605e+01 3.336617873066860795e+01 3.479411052430272377e+01 3.543376027125103178e+01 3.570101695918235407e+01
0.000000000000000000e+00 1.247922587097170499e+01 2.273446288970869489e+01 2.977086056660218460e+01 3.497862344994035766e+01 3.841976704957045285e+01 4.065252906149885348e+01 4.190101223559940991e+01 4.255008768996714252e+01
0.000000000000000000e+00 1.336432247888829572e+01 2.443808881738253547e+01 3.241401776889068742e+01 3.853737313680555587e+01 4.289607191155300825e+01 4.594831706578624164e+01 4.789264828410688324e+01 4.905773182493484086e+01
0.000000000000000000e+00 1.414170560162565593e+01 2.593644353154620674e+01 3.473648757085624794e+01 4.168070590768108730e+01 4.688166615164895745e+01 5.072683391746600989e+01 5.339332583482671879e+01 5.515463812422576950e+01
0.000000000000000000e+00 1.483422569463500018e+01 2.727229313616638251e+01 3.680326650935013788e+01 4.448572724663168287e+01 5.045441741117755896e+01 5.504733896361270240e+01 5.842578655623520234e+01 6.081798741002624809e+01
0.000000000000000000e+00 1.545834582625652587e+01 2.847678248178751659e+01 3.866270276718360321e+01 4.701258546055011323e+01 5.368061365297182874e+01 5.897005901302628672e+01 6.303118953099977517e+01 6.605779319651915671e+01
0.000000000000000000e+00 1.602616927375143874e+01 2.957293749105860314e+01 4.035101791663395687e+01 4.930778207750184094e+01 5.661428424174075502e+01 6.254913929456911603e+01 6.725518669552539563e+01 7.090088709185633320e+01
0.000000000000000000e+00 1.654684984742470633e+01 3.057824621288609990e+01 4.189593221730058303e+01 5.140768836368928874e+01 5.929917676525059278e+01 6.583126714886429909e+01 7.114191757008759964e+01 7.538122660330573410e+01
0.000000000000000000e+00 1.702753456560873602e+01 3.150642083731066734e+01 4.331925317997884406e+01 5.334136192309112801e+01 6.177107415362870313e+01 6.885630534023766813e+01 7.473189308906356132e+01 7.953467431132492038e+01
0.000000000000000000e+00 1.747385944310861561e+01 3.236829515932663526e+01 4.463824857207399077e+01 5.513206615755553486e+01 6.405909480632948316e+01 7.165766081825572087e+01 7.806068610913321493e+01 8.339541592250702706e+01
0.000000000000000000e+00 1.789035524107320896e+01 3.317259335926087971e+01 4.586682968082902789e+01 5.679868867052181258e+01 6.618715179727655595e+01 7.426335590046519997e+01 8.115912322507361409e+01 8.699474034630542008e+01
0.000000000000000000e+00 1.828071846001339296e+01 3.392644173504986327e+01 4.701635571050948670e+01 5.835674004076192034e+01 6.817504365425787682e+01 7.669695014405222366e+01 8.405373582706441482e+01 9.036061234699127453e+01
