0.000000000000000000e+00 0.000000000000000000e+00 0.000000000000000000e+00 0.000000000000000000e+00 0.000000000000000000e+00 0.000000000000000000e+00 0.000000000000000000e+00 0.000000000000000000e+00 0.000000000000000000e+00
0.000000000000000000e+00 4.162149113761267394e+00 6.478299977740288540e+00 6.478299977740287652e+00 6.478299977740288540e+00 6.478299977740288540e+00 6.478299977740288540e+00 6.478299977740288540e+00 6.478299977740288540e+00
0.000000000000000000e+00 6.818544575677793596e+00 1.115098186558589255e+01 1.247233222655168028e+01 1.295616669477039373e+01 1.295616667210521200e+01 1.295616666881807078e+01 1.295616667857506954e+01 1.295616667260540211e+01
0.000000000000000000e+00 8.740331749425461538e+00 1.472436572700752500e+01 1.753416101045112185e+01 1.892087056592103167e+01 1.932458522971823101e+01 1.943354193490069903e+01 1.943354195628508663e+01 1.943354200714013302e+01
0.000000000000000000e+00 1.023536270535662140e+01 1.758071701805009468e+01 2.176353439450918614e+01 2.420165026144144349e+01 2.531289677611601263e+01 2.576795012798294238e+01 2.588591453039102319e+01 2.591082702098354673e+01
0.000000000000000000e+00 1.145414344792467531e+01 1.994241224768636300e+01 2.533431388039115717e+01 2.882129981750837899e+01 3.078009379200058504e+01 3.178884979632559293e+01 3.220463483527540660e+01 3.234919487872740973e+01
0.000000000000000000e+00 1.248055619057751997e+01 2.194667768728275803e+01 2.839499905974717109e+01 3.286644336122058263e+01 3.570393657186723146e+01 3.739020313041459076e+01 3.826491429189253779e+01 3.866390548290100782e+01
0.000000000000000000e+00 1.336572480424138476e+01 2.368252022147172298e+01 3.105778837030104000e+01 3.643089252110598864e+01 4.012185673351637405e+01 4.253652325523592026e+01 4.397815951751768182e+01 4.475957161410100582e+01
0.000000000000000000e+00 1.414314702866239060e+01 2.521070146215033958e+01 3.340597763308278445e+01 3.959807151151541404e+01 4.409287293867528490e+01 4.723948772268336427e+01 4.930405474583128012e+01 5.056307120689291423e+01
0.000000000000000000e+00 1.483576361853427628e+01 2.657393886426800478e+01 3.550109928686106997e+01 4.243636177355305250e+01 4.767754712685932361e+01 5.153328913246572540e+01 5.423838143466650763e+01 5.603287447812526523e+01
0.000000000000000000e+00 1.545993589645718913e+01 2.780325068378732567e+01 3.738923182952687796e+01 4.500048225564018622e+01 5.093070692829758173e+01 5.545997987435225696e+01 5.879865553463802286e+01 6.115544043758420401e+01
0.000000000000000000e+00 1.602779885961704665e+01 2.892195038683623309e+01 3.910569029070142477e+01 4.733428871947725014e+01 5.389983235285500029e+01 5.906224441170392936e+01 6.301352541756799042e+01 6.593728957298722548e+01
0.000000000000000000e+00 1.654853456141569268e+01 2.994783331579160901e+01 4.067778414700964618e+01 4.947274480656848539e+01 5.662473036868048837e+01 6.237937901540594510e+01 6.691515356265028913e+01 7.039629034295720089e+01
0.000000000000000000e+00 1.702926419088569077e+01 3.089479058958225721e+01 4.212701181628017366e+01 5.144397309981112443e+01 5.913855637480439498e+01 6.544620576657982269e+01 7.053547987092628091e+01 7.455591791663073309e+01
0.000000000000000000e+00 1.747562378351801371e+01 3.177386888020031108e+01 4.347056307564872668e+01 5.327080980957140355e+01 6.146890871871890027e+01 6.829298036277889139e+01 7.390436205870250319e+01 7.844153686667785053e+01
0.000000000000000000e+00 1.789214859615382025e+01 3.259398783470561511e+01 4.472236604567346774e+01 5.497196592312397456e+01 6.363881032037893704e+01 7.094572768476754732e+01 7.704879694721998362e+01 8.207820925277701463e+01
0.000000000000000000e+00 1.828252881606457692e+01 3.336242247476228329e+01 4.589380665108431856e+01 5.656286321606148704e+01 6.566748971868742046e+01 7.342667436261997693e+01 7.999267111228056137e+01 8.548945203539119575e+01
