0.000000000000000000e+00 0.000000000000000000e+00
1.510012066728407376e+00 1.673869519305752007e+00
5.015833630066656390e+00 5.284383686606502373e+00
8.521225106998901566e+00 8.889117217083748912e+00
1.202557207673329920e+01 1.249027457169609789e+01
1.552892778206667401e+01 1.608555346762682703e+01
1.903122041646834361e+01 1.967631353718203258e+01
2.253215864784140621e+01 2.325951818453068753e+01
2.603171780231565435e+01 2.684196343222363623e+01
2.952972370882818609e+01 3.042040703525293921e+01
3.302613210678215694e+01 3.399496571927436861e+01
3.652089404667982819e+01 3.755893645904933464e+01
4.001404475480578782e+01 4.111872756830867104e+01
4.350556663979946848e+01 4.469204574772767558e+01
4.699499788250361121e+01 4.825300891892536015e+01
5.048238224985421141e+01 5.182164106996282982e+01
5.396736710995497788e+01 5.536308013684886475e+01
