0.000000000000000000e+00 0.000000000000000000e+00
1.473255045897193583e+00 1.638114554924449351e+00
4.965112941627571885e+00 5.234521499161924218e+00
8.455937445921005491e+00 8.824567067552443689e+00
1.194559269158537518e+01 1.240995922922039796e+01
1.543421032221751865e+01 1.598869450590473384e+01
1.892183556553202095e+01 1.956460402043311575e+01
2.240741107178303082e+01 2.313584377824358995e+01
2.589177735785212775e+01 2.669896664634454453e+01
2.937461981755563301e+01 3.025753510794665502e+01
3.285574346020291614e+01 3.381134709700560137e+01
3.633530807694960885e+01 3.736057744839262540e+01
3.981310549511891850e+01 4.090574180567737983e+01
4.328942444780875576e+01 4.445541906647302710e+01
4.676390363168496833e+01 4.799208011416966713e+01
5.023631813573096849e+01 5.152472936663025393e+01
5.370727924623096783e+01 5.506508679321608923e+01
