0.000000000000000000e+00 0.000000000000000000e+00 0.000000000000000000e+00 0.000000000000000000e+00 0.000000000000000000e+00 0.000000000000000000e+00 0.000000000000000000e+00 0.000000000000000000e+00 0.000000000000000000e+00
0.000000000000000000e+00 4.162149076234754830e+00 6.759130508193366360e+00 6.759130508193367248e+00 6.759130508193367248e+00 6.759130508193365472e+00 6.759130508193367248e+00 6.759130508193366360e+00 6.759130508193367248e+00
0.000000000000000000e+00 6.818532661373925663e+00 1.149994922327539371e+01 1.292706617022595239e+01 1.351777041328454487e+01 1.351777097492078461e+01 1.351777077077945677e+01 1.351777079286108751e+01 1.351777079769848555e+01
0.000000000000000000e+00 8.740287956712974093e+00 1.508256770357445653e+01 1.807184965949645772e+01 1.965796944579420469e+01 2.013040295022463155e+01 2.027580040356913571e+01 2.027579801163720674e+01 2.027579748437957008e+01
0.000000000000000000e+00 1.023504062151089045e+01 1.792991997520492120e+01 2.233385396447700444e+01 2.502965509486774209e+01 2.628949979727479302e+01 2.684593962328593975e+01 2.699619444979347804e+01 2.703260146028561195e+01
0.000000000000000000e+00 1.145314812805429128e+01 2.027670808127231794e+01 2.591130330901799539e+01 2.968796516650334993e+01 3.185863904724826767e+01 3.303585953015711851e+01 3.354128086044762824e+01 3.373164474255376888e+01
0.000000000000000000e+00 1.247905430244652081e+01 2.226562331457216715e+01 2.896705626934866018e+01 3.374403675862984642e+01 3.683670757078025559e+01 3.874647575451331249e+01 3.977342201629443963e+01 4.026958502847845267e+01
0.000000000000000000e+00 1.336382086329261654e+01 2.398697759990801970e+01 3.161949443940422100e+01 3.730455628897684051e+01 4.127805888188630945e+01 4.395630693974955960e+01 4.560512209293251829e+01 4.653955342198518963e+01
0.000000000000000000e+00 1.414091800502533403e+01 2.550191283407085052e+01 3.395502142583769256e+01 4.046010416351083450e+01 4.525365806438132665e+01 4.869099424638811513e+01 5.100563571770958760e+01 5.246854390065082185e+01
0.000000000000000000e+00 1.483325554280864367e+01 2.685315113430985079e+01 3.603669289577678114e+01 4.328293186762712708e+01 4.883167219193757091e+01 5.299547536077076870e+01 5.598182539281675929e+01 5.802189349895324710e+01
0.000000000000000000e+00 1.545720869303895384e+01 2.807167581977543591e+01 3.791145933012494140e+01 4.583001958711547985e+01 5.207180437026387665e+01 5.691951883128352563e+01 6.056101013301069713e+01 6.319529051859616686e+01
0.000000000000000000e+00 1.602487603245572956e+01 2.918061188018230467e+01 3.961493628609534312e+01 4.814629087981276001e+01 5.502430269590467304e+01 6.051070422641358704e+01 6.477901371945893061e+01 6.800355462475920376e+01
0.000000000000000000e+00 1.654543353462371869e+01 3.019763199958788746e+01 4.117461880870162361e+01 5.026736357753349438e+01 5.773074647680306981e+01 6.381165484802048127e+01 6.867328936621095181e+01 7.247149677434755688e+01
0.000000000000000000e+00 1.702597602489391448e+01 3.113646150278118441e+01 4.261200185313713007e+01 5.222160231193683444e+01 6.022525092772259825e+01 6.685919783528520099e+01 7.227928613062661611e+01 7.662769614854232714e+01
0.000000000000000000e+00 1.747216409807867876e+01 3.200810662109798699e+01 4.394437572693319538e+01 5.403213765786877332e+01 6.253620217100531420e+01 6.968513659548212047e+01 7.562956834831381059e+01 8.050157982020618874e+01
0.000000000000000000e+00 1.788853043667890930e+01 3.282139930511050352e+01 4.518565311108373095e+01 5.571775004841698831e+01 6.468700585748031529e+01 7.231638972789157549e+01 7.875284098881675732e+01 8.412098656100761218e+01
0.000000000000000000e+00 1.827876368316132272e+01 3.358354029773172300e+01 4.634718173653709528e+01 5.729387871604667026e+01 6.669711722296790413e+01 7.477575149351940809e+01 8.167413115353035380e+01 8.751138315581926008e+01
