0.000000000000000000e+00 0.000000000000000000e+00
1.728516919711903910e+00 1.885627957594376625e+00
5.307784575392826554e+00 5.570161715724985640e+00
8.886228219090686054e+00 9.248950629111304167e+00
1.246362417667555356e+01 1.292350052595573118e+01
1.603995092627377872e+01 1.659374261417644192e+01
1.961491826068019151e+01 2.025544347359742403e+01
2.318867881848321133e+01 2.391824107325909310e+01
2.676107154480154549e+01 2.757382449826057069e+01
3.033188643938306228e+01 3.122548504435747319e+01
3.390109283208435187e+01 3.487253862588184461e+01
3.746862275467682935e+01 3.851681273465293742e+01
4.103443838414077049e+01 4.215758386252718992e+01
4.459829865494008772e+01 4.578533005071398065e+01
4.816050814028989180e+01 4.940917884670398053e+01
5.172099857534486489e+01 5.305120504180011665e+01
5.527908388439266218e+01 5.666811075010244281e+01
