0.000000000000000000e+00 0.000000000000000000e+00
1.091144086768912835e+00 1.274490692038415141e+00
4.458577941003023071e+00 4.745527416977893154e+00
7.825336758354016986e+00 8.211792568828791161e+00
1.119069573124024330e+01 1.166971085883219850e+01
1.455510557384386239e+01 1.512158565458772053e+01
1.791836559708277576e+01 1.857540234327041162e+01
2.128020572285646850e+01 2.201871685347659380e+01
2.464062920209739715e+01 2.545711306859409362e+01
2.799967618918994106e+01 2.889529059499751895e+01
3.135714204474380651e+01 3.232424192381951400e+01
3.471321130180350423e+01 3.576259926073488060e+01
3.806737243425768469e+01 3.918212100479320270e+01
4.141990204609832915e+01 4.260557896199119909e+01
4.477067130045564625e+01 4.602786818275203018e+01
4.811937055157517307e+01 4.943456131000003495e+01
5.146650701290613483e+01 5.282427669511681501e+01
