0.000000000000000000e+00 0.000000000000000000e+00
1.530086042182849049e+00 1.692951841027009685e+00
5.042270931685168378e+00 5.309563586562530801e+00
8.553745173813453562e+00 8.920395916170281936e+00
1.206439379227588127e+01 1.252570767533680396e+01
1.557408653604593773e+01 1.612571151268300440e+01
1.908268136157549222e+01 1.972299202148544595e+01
2.259000837274481199e+01 2.331268247001077754e+01
2.609602662230909687e+01 2.689771234611116668e+01
2.960066837134218076e+01 3.047796348998460303e+01
3.310384007332086043e+01 3.405963576791513958e+01
3.660539185730203826e+01 3.763734260149347222e+01
4.010517428227480252e+01 4.121185012231613598e+01
4.360315250431034428e+01 4.477384026937188821e+01
4.709946480598829055e+01 4.834201785498753168e+01
5.059378445902426336e+01 5.189634928626465182e+01
5.408637455058577359e+01 5.545860672590308127e+01
