0.000000000000000000e+00 0.000000000000000000e+00
1.475260423215787320e+00 1.641103518557416763e+00
4.972779406221642162e+00 5.243160542756630349e+00
8.469855167778575833e+00 8.840269067590689644e+00
1.196616891164249807e+01 1.243119030933110025e+01
1.546152810132853439e+01 1.601678277573974896e+01
1.895531349701983004e+01 1.959925143114153911e+01
2.244787775927143514e+01 2.317732376522400983e+01
2.593909603930220698e+01 2.674721609327245631e+01
2.942897538986609973e+01 3.031746736957722632e+01
3.291724612879776402e+01 3.388382195965836274e+01
3.640380375421271708e+01 3.743962057516425546e+01
3.988880849983634391e+01 4.098335016594885616e+01
4.337233747517156246e+01 4.453133875753301396e+01
4.685414902843513829e+01 4.809467727095687195e+01
5.033381929610717265e+01 5.163375209114057895e+01
5.381174027065698340e+01 5.516929952972549245e+01
