0.000000000000000000e+00 0.000000000000000000e+00
8.839654705795645384e-01 1.074573760092004449e+00
4.167445027438264837e+00 4.460927500023927017e+00
7.449250209462899619e+00 7.840634454101046202e+00
1.073019313017876186e+01 1.121582036136235772e+01
1.401006824309655840e+01 1.458829119117378958e+01
1.728856875727441178e+01 1.795148297776343327e+01
2.056602771128623885e+01 2.130966828557379955e+01
2.384222913456736137e+01 2.466309412529995271e+01
2.711663321586596354e+01 2.801742471889755137e+01
3.038969414188066054e+01 3.136099945392538757e+01
3.366130286947558403e+01 3.470839491945399402e+01
3.693109124009769317e+01 3.804978033050998931e+01
4.019901800378835333e+01 4.138007231616689552e+01
4.346550954032088043e+01 4.470641886628403228e+01
4.673021012968270327e+01 4.802922314203922838e+01
4.999333062460407007e+01 5.136194515505034985e+01
