0.000000000000000000e+00 0.000000000000000000e+00
1.864859485006889805e+00 2.018350237535641689e+00
5.489522308773916670e+00 5.748213152601675091e+00
9.113679956992999820e+00 9.471935620179536386e+00
1.273653942501053749e+01 1.319020425199494539e+01
1.635836750251888816e+01 1.690307640767853670e+01
1.997886339422173663e+01 2.060836571355832803e+01
2.359803552792875792e+01 2.431143804426567812e+01
2.721595240322167086e+01 2.800985131045877097e+01
3.083242410820663437e+01 3.170716354880937260e+01
3.444742185423298508e+01 3.539541099651717104e+01
3.806078365777404571e+01 3.907924232823572197e+01
4.167233706535353832e+01 4.276709891112521689e+01
4.528221156489310317e+01 4.644203591710919454e+01
4.889035794676085800e+01 5.011494189153111734e+01
5.249662147773004506e+01 5.378197832064939377e+01
5.610117963502547411e+01 5.745795273787421564e+01
