0.000000000000000000e+00 0.000000000000000000e+00
1.301834152713051473e+00 1.473973907015939666e+00
4.739942039942408591e+00 5.016219064351192358e+00
8.177348092602173324e+00 8.552711961782375027e+00
1.161397919987388505e+01 1.208366753235699775e+01
1.504962171056692455e+01 1.560926925462946713e+01
1.848416463936453624e+01 1.913202442841916806e+01
2.191714006081280175e+01 2.264690188640097546e+01
2.534872290196363664e+01 2.616121014285976543e+01
2.877887761028011582e+01 2.966631844545253216e+01
3.220737797820372350e+01 3.316682803508891197e+01
3.563442345981415116e+01 3.666300565051510318e+01
3.905986492504676733e+01 4.016305336276833771e+01
4.248347016000127496e+01 4.366806745861249794e+01
4.590495833410211901e+01 4.716090237312748457e+01
4.932445234212563889e+01 5.063892939421634765e+01
5.274219699538585360e+01 5.411335266772441344e+01
