0.000000000000000000e+00 0.000000000000000000e+00 0.000000000000000000e+00 0.000000000000000000e+00 0.000000000000000000e+00 0.000000000000000000e+00 0.000000000000000000e+00 0.000000000000000000e+00 0.000000000000000000e+00
0.000000000000000000e+00 4.162149124038171166e+00 6.402761074695665577e+00 6.402761074695664689e+00 6.402761074695666466e+00 6.402761074695666466e+00 6.402761074695664689e+00 6.402761074695664689e+00 6.402761074695664689e+00
0.000000000000000000e+00 6.818649223106788781e+00 1.105749060850143195e+01 1.234891074673031852e+01 1.280538345994598082e+01 1.280538348123104342e+01 1.280538348649944602e+01 1.280538355321315613e+01 1.280538344954045016e+01
0.000000000000000000e+00 8.740368165153869384e+00 1.462850106194161626e+01 1.738751739168293398e+01 1.872168232134363208e+01 1.910696381188020965e+01 1.920709128076233796e+01 1.920709110681149667e+01 1.920709096167431795e+01
0.000000000000000000e+00 1.023468031275658596e+01 1.748581584555069668e+01 2.160567063699548740e+01 2.397429051259076260e+01 2.504487173200210037e+01 2.547391683847044419e+01 2.558365109790923597e+01 2.560592924321389674e+01
0.000000000000000000e+00 1.145297433198460624e+01 1.985027525913443824e+01 2.517270465024364512e+01 2.858029954753629909e+01 3.048027771417228493e+01 3.144426798598036399e+01 3.183648111034604966e+01 3.196974061147017920e+01
0.000000000000000000e+00 1.247904930449229610e+01 2.185778595678166880e+01 2.823341148966276393e+01 3.262020168627368832e+01 3.538617145132495523e+01 3.701168576014497802e+01 3.784543076252070648e+01 3.821937777325709362e+01
0.000000000000000000e+00 1.336404614807554303e+01 2.359703119864905574e+01 3.089831977893002346e+01 3.618437676328948527e+01 3.979567108922482532e+01 4.213762935442760948e+01 4.352259199289547098e+01 4.426343247292469130e+01
0.000000000000000000e+00 1.414134335265201869e+01 2.512840005069690719e+01 3.324947604795920597e+01 3.935379077950551618e+01 4.376399658596078268e+01 4.682960111700644035e+01 4.882493766350445696e+01 5.002878137584619367e+01
0.000000000000000000e+00 1.483386165713250016e+01 2.649455771224937450e+01 3.534789508254440449e+01 4.219561025845760582e+01 4.734944409347338024e+01 5.111872901618305320e+01 5.374527071989602689e+01 5.547231858918419078e+01
0.000000000000000000e+00 1.545796396664557548e+01 2.772654435897163694e+01 3.723942865469747687e+01 4.476391727484208616e+01 5.060546785323767693e+01 5.504491609248783845e+01 5.829848018883878069e+01 6.057824168265972276e+01
0.000000000000000000e+00 1.602577203321037302e+01 2.884767821019660161e+01 3.895923409100499413e+01 4.710216462828205408e+01 5.357863868441924637e+01 5.864932347967412340e+01 6.251106793066450962e+01 6.535068738526791776e+01
0.000000000000000000e+00 1.654646297401400901e+01 2.987577708479525640e+01 4.053455491368479358e+01 4.924510006390237749e+01 5.630821088945096164e+01 6.197023275554880684e+01 6.641364637530202231e+01 6.980555537675613209e+01
0.000000000000000000e+00 1.702715918011130825e+01 3.082476431396811023e+01 4.198686470360732415e+01 5.122073831019660872e+01 5.882702192641375660e+01 6.504183276826891813e+01 7.003708117951035206e+01 7.396480624546470040e+01
0.000000000000000000e+00 1.747349320807371242e+01 3.170570769399525801e+01 4.333334228796290688e+01 5.305184716947782420e+01 6.116246086285151051e+01 6.789394819422518879e+01 7.341046708211273142e+01 7.785266299457387618e+01
0.000000000000000000e+00 1.788999689213192212e+01 3.252754196671412501e+01 4.458790884816949074e+01 5.475709848900757493e+01 6.333741398760768249e+01 7.055230554461104475e+01 7.656026113349450668e+01 8.149333066911286494e+01
0.000000000000000000e+00 1.828036743259189478e+01 3.329757458316770879e+01 4.576197806927997647e+01 5.635193062600380642e+01 6.537107061888985982e+01 7.303899672335879245e+01 7.951004244535674559e+01 8.490979245735833558e+01
