0.000000000000000000e+00 0.000000000000000000e+00
1.530086984803829431e+00 1.692951430985377037e+00
5.042269649015883815e+00 5.309574431572961828e+00
8.553732668766633296e+00 8.920970983512852115e+00
1.206437871275594986e+01 1.252630610496775176e+01
1.557411090347479110e+01 1.612628748556543101e+01
1.908272605149876355e+01 1.972353944569376694e+01
2.259006275502872541e+01 2.331319801502090172e+01
2.609609520052274689e+01 2.689804878050652448e+01
2.960074922434701961e+01 3.047827415318125688e+01
3.310395103273755524e+01 3.405425147509166095e+01
3.660560809684579908e+01 3.762567519675693006e+01
4.010569648498611173e+01 4.119323347175772199e+01
4.360415504562011080e+01 4.476517304301569311e+01
4.710072560196815061e+01 4.832435694391798364e+01
5.059560334399661485e+01 5.187925419253544135e+01
5.408875111995977392e+01 5.545360414254865589e+01
