0.000000000000000000e+00 0.000000000000000000e+00
1.011251668424243633e+00 1.196987142992938402e+00
4.346203846349456335e+00 4.635775006661622122e+00
7.678444356792529568e+00 8.066350463479153632e+00
1.101041919425009397e+01 1.149196928669691076e+01
1.434054953866595383e+01 1.491146628962571796e+01
1.766966014241026528e+01 1.832783418500501327e+01
2.099727794702760875e+01 2.173924806261633336e+01
2.432321802716795389e+01 2.515122482434995632e+01
2.764696268750296326e+01 2.854876051081460275e+01
3.096954477331838262e+01 3.194202574338088141e+01
3.429059880697271012e+01 3.533884578322116710e+01
3.761008044321890509e+01 3.873033058953342334e+01
4.092718460568159600e+01 4.211835548316692268e+01
4.424284555797464691e+01 4.549403373493736780e+01
4.755725479028473757e+01 4.887826032628101558e+01
5.086954407902899788e+01 5.225945071926177832e+01
