0.000000000000000000e+00 0.000000000000000000e+00 0.000000000000000000e+00 0.000000000000000000e+00 0.000000000000000000e+00 0.000000000000000000e+00 0.000000000000000000e+00 0.000000000000000000e+00 0.000000000000000000e+00
0.000000000000000000e+00 4.162149121187997736e+00 5.754059097318090288e+00 5.754059097318090288e+00 5.754059097318090288e+00 5.754059097318090288e+00 5.754059097318090288e+00 5.754059097318089400e+00 5.754059097318091176e+00
0.000000000000000000e+00 6.818589865737980205e+00 1.025591787521995002e+01 1.126022038054632546e+01 1.150785760718823525e+01 1.150785755138031874e+01 1.150785752599786349e+01 1.150785749840100891e+01 1.150785744871255645e+01
0.000000000000000000e+00 8.739797471240519755e+00 1.381184663363418608e+01 1.608511677722790623e+01 1.698728408940754520e+01 1.721849236244140258e+01 1.725944136262058137e+01 1.725944183542620891e+01 1.725944181223539431e+01
0.000000000000000000e+00 1.023448221250149537e+01 1.669572325346004504e+01 2.022256669497605230e+01 2.200010359080047095e+01 2.272082568744066577e+01 2.295405638634854739e+01 2.300418712059821047e+01 2.301102262050718394e+01
0.000000000000000000e+00 1.145300289974008479e+01 1.909643111129281223e+01 2.377408063865330945e+01 2.649441752888188972e+01 2.787891312862132409e+01 2.848329699682823701e+01 2.869412655344934393e+01 2.875095068409804355e+01
0.000000000000000000e+00 1.247923150955327998e+01 2.114052858316624040e+01 2.685027275464525331e+01 3.049791090641484104e+01 3.263026840023081832e+01 3.374784757009975067e+01 3.425157997227702822e+01 3.444142919537418379e+01
0.000000000000000000e+00 1.336435370610817941e+01 2.291380843346974672e+01 2.954467206183575811e+01 3.406756751741005473e+01 3.696873136853474762e+01 3.868696819827923861e+01 3.959963031728598537e+01 4.002424734297994036e+01
0.000000000000000000e+00 1.414175676447158381e+01 2.447595856182311991e+01 3.193091322426857914e+01 3.726479858450625215e+01 4.091901466975842538e+01 4.327834623862108288e+01 4.468265767821513634e+01 4.543821080440838500e+01
0.000000000000000000e+00 1.483436266570967454e+01 2.586969161837849640e+01 3.406584888172892533e+01 4.014565837445022822e+01 4.451861265872511098e+01 4.752659350817646811e+01 4.947124301255671242e+01 5.063368568975985795e+01
0.000000000000000000e+00 1.545855440161551009e+01 2.712639443230986558e+01 3.599336565539012867e+01 4.275808521026351627e+01 4.780771787960341612e+01 5.145157921368831211e+01 5.395784642083448546e+01 5.557874705303205332e+01
0.000000000000000000e+00 1.602643726117069534e+01 2.826970028008805969e+01 3.774761884373262433e+01 4.514198350889168410e+01 5.082444177096711257e+01 5.508010771093095315e+01 5.814988407448319663e+01 6.025865258154460946e+01
0.000000000000000000e+00 1.654719215436719182e+01 2.931777066382755237e+01 3.935546453449271098e+01 4.733020440041117638e+01 5.360289250216433032e+01 5.844082036100510891e+01 6.206345858910189861e+01 6.467206339221743860e+01
0.000000000000000000e+00 1.702794325448607538e+01 3.028483033661606072e+01 4.083827650447575763e+01 4.934975583273222099e+01 5.617275712137374910e+01 6.156148097803993124e+01 6.571888192639359261e+01 6.882676196211289721e+01
0.000000000000000000e+00 1.747432518790816758e+01 3.118220348777923334e+01 4.221326523533521424e+01 5.122290269944958396e+01 5.855951919907008119e+01 6.446769574080977350e+01 6.913778135733335262e+01 7.273598884349664218e+01
0.000000000000000000e+00 1.789087126456997368e+01 3.201904494124667622e+01 4.349445748020583835e+01 5.296810491147080313e+01 6.078493978393419184e+01 6.718246473508241934e+01 7.234144158067658736e+01 7.641578693134435696e+01
0.000000000000000000e+00 1.828127808596298109e+01 3.280284361246282288e+01 4.469339722334207465e+01 5.460074899945792026e+01 6.286755977481999480e+01 6.972610992893092430e+01 7.534988502555425782e+01 7.988317371916386378e+01
