0.000000000000000000e+00 0.000000000000000000e+00
1.864859434177847497e+00 2.018350536517345084e+00
5.489547149477176369e+00 5.748397314961231075e+00
9.113691628569522862e+00 9.472630844711442677e+00
1.273660740412140413e+01 1.319222444797884108e+01
1.635843947150741329e+01 1.690516171277991475e+01
1.997881437972841923e+01 2.061276465197467189e+01
2.359801588907953018e+01 2.431869548616277044e+01
2.721591064437404839e+01 2.802418979388087905e+01
3.083219139059502112e+01 3.171746572110833995e+01
3.444686973595263169e+01 3.540525824959681245e+01
3.806005655538027810e+01 3.908871980422308923e+01
4.167142726027227440e+01 4.276091739490806987e+01
4.528152223047283087e+01 4.643807006314882102e+01
4.888972319462103400e+01 5.011997334848797436e+01
5.249591692015222577e+01 5.378692926786546735e+01
5.610025948064304657e+01 5.746061053900989180e+01
