0.000000000000000000e+00 0.000000000000000000e+00
1.439881551759776279e+00 1.608776025114476482e+00
4.931841968772372908e+00 5.205604179798999809e+00
8.422840579963846608e+00 8.797540661818851859e+00
1.190960980234674693e+01 1.238001865444276817e+01
1.539437412192109988e+01 1.595737076168963675e+01
1.887819341441946364e+01 1.952969540778714119e+01
2.236101367804018381e+01 2.309806140781292427e+01
2.584207323819432389e+01 2.666217272199757815e+01
2.932105655568285840e+01 3.021682820047639240e+01
3.279720983098810905e+01 3.377149449242667600e+01
3.627185093845887565e+01 3.731501187200790071e+01
3.974521273541092370e+01 4.085436746646149686e+01
4.321665677026615526e+01 4.439866123586946856e+01
4.668615738592021103e+01 4.793014170346692993e+01
5.015388180714747079e+01 5.146893364943220917e+01
5.361961804484151628e+01 5.500372198734156370e+01
