0.000000000000000000e+00 0.000000000000000000e+00 0.000000000000000000e+00 0.000000000000000000e+00 0.000000000000000000e+00 0.000000000000000000e+00 0.000000000000000000e+00 0.000000000000000000e+00 0.000000000000000000e+00
0.000000000000000000e+00 4.162149127293631956e+00 5.672278618543853845e+00 5.672278618543852957e+00 5.672278618543852957e+00 5.672278618543853845e+00 5.672278618543853845e+00 5.672278618543853845e+00 5.672278618543853845e+00
0.000000000000000000e+00 6.818664279356640101e+00 1.015549527050416145e+01 1.111949018040826687e+01 1.134447503473344376e+01 1.134447503620500797e+01 1.134447503245766598e+01 1.134447503554467218e+01 1.134447503222362208e+01
0.000000000000000000e+00 8.740339640158838463e+00 1.371125055603915577e+01 1.591681224492294788e+01 1.676730410179805730e+01 1.698016921938836177e+01 1.701574329074391301e+01 1.701574178886861333e+01 1.701574179970652523e+01
0.000000000000000000e+00 1.023527352683370317e+01 1.659945339161415490e+01 2.004437622844348965e+01 2.174770920250914585e+01 2.242481317383263573e+01 2.263699001726975268e+01 2.268116638712868394e+01 2.268684030198345880e+01
0.000000000000000000e+00 1.145397803923549951e+01 1.900545598819774185e+01 2.359492717427125541e+01 2.622684532934098556e+01 2.754516435519671091e+01 2.810747465091736785e+01 2.829850729612688554e+01 2.834820232630902126e+01
0.000000000000000000e+00 1.248030073104456683e+01 2.105459646118492500e+01 2.667413909378021231e+01 3.022548056479923773e+01 3.227501336887434036e+01 3.333009219760879205e+01 3.379544762810851921e+01 3.396608954683608772e+01
0.000000000000000000e+00 1.336546227821099464e+01 2.283239870067733790e+01 2.937321787896686232e+01 3.379608229412195897e+01 3.660342375477734578e+01 3.824243606261602224e+01 3.909762866999190578e+01 3.948671091699998215e+01
0.000000000000000000e+00 1.414288405368026780e+01 2.439855644668975643e+01 3.176472644647030208e+01 3.699738600682924528e+01 4.055113724324593250e+01 4.281892744538676965e+01 4.414898994747271388e+01 4.485144558205432475e+01
0.000000000000000000e+00 1.483549442669847629e+01 2.579582426777686166e+01 3.390498118807801120e+01 3.988386708587556484e+01 4.415276628203552889e+01 4.706080354340744520e+01 4.891785809669242013e+01 5.001085039098992979e+01
0.000000000000000000e+00 1.545968367765094520e+01 2.705565448648159332e+01 3.583762775245706678e+01 4.250258217217101731e+01 4.744660755631525717e+01 5.098519359942768858e+01 5.339397847821636844e+01 5.493160220163909457e+01
0.000000000000000000e+00 1.602756204011223318e+01 2.820174531664212836e+01 3.759672741567366927e+01 4.489295363201236455e+01 5.046957740098636691e+01 5.461689577847207744e+01 5.758228140635462466e+01 5.959686038639782169e+01
0.000000000000000000e+00 1.654831114968129313e+01 2.925230857710962340e+01 3.920909925640701488e+01 4.708756261443826219e+01 5.325502776211570932e+01 5.798313228599330671e+01 6.149683904836871307e+01 6.400309025323898027e+01
0.000000000000000000e+00 1.702905557204209686e+01 3.022161143823448626e+01 4.069611517141182588e+01 4.911327626781706357e+01 5.583218466504423105e+01 6.111071011847224099e+01 6.515642915648206213e+01 6.815613714386502409e+01
0.000000000000000000e+00 1.747543087982619880e+01 3.112101620524339651e+01 4.207500458708205571e+01 5.099229557753702125e+01 5.822625809070119374e+01 6.402460756454595980e+01 6.858157657581978128e+01 7.206768144443174151e+01
0.000000000000000000e+00 1.789196688645373001e+01 3.195969865918681663e+01 4.335980443449642507e+01 5.274303880109483345e+01 6.045882790945758956e+01 6.674738586472497559e+01 7.179275860696452582e+01 7.575252939193551072e+01
0.000000000000000000e+00 1.828236435466765286e+01 3.274518173161310841e+01 4.456209433930461472e+01 5.438090612906080423e+01 6.254836178282547365e+01 6.929912592650894965e+01 7.480947808304421187e+01 7.922682804862199646e+01
