0.000000000000000000e+00 0.000000000000000000e+00 0.000000000000000000e+00 0.000000000000000000e+00 0.000000000000000000e+00 0.000000000000000000e+00 0.000000000000000000e+00 0.000000000000000000e+00 0.000000000000000000e+00
0.000000000000000000e+00 4.162149125251104032e+00 5.810698741649688692e+00 5.810698741649687804e+00 5.810698741649687804e+00 5.810698741649688692e+00 5.810698741649687804e+00 5.810698741649688692e+00 5.810698741649687804e+00
0.000000000000000000e+00 6.818591083976038192e+00 1.032563380685455279e+01 1.135728930107093859e+01 1.162113499176427212e+01 1.162113498854113303e+01 1.162113497500540760e+01 1.162113497535493067e+01 1.162113498763782893e+01
0.000000000000000000e+00 8.740537459253229002e+00 1.388385366137402954e+01 1.620366811098715942e+01 1.714234953796368899e+01 1.738657570955407294e+01 1.743154647055889228e+01 1.743154645356850807e+01 1.743154646451765544e+01
0.000000000000000000e+00 1.023568832216673563e+01 1.676612750159963383e+01 2.034986506786933091e+01 2.217963462287271881e+01 2.293115952169129912e+01 2.317967705268558376e+01 2.323420745483906558e+01 2.324194887281383615e+01
0.000000000000000000e+00 1.145454130178034546e+01 1.916418358152558454e+01 2.390362915154053169e+01 2.668623183847431335e+01 2.811735949889183672e+01 2.875188976796107454e+01 2.897712845115776759e+01 2.903929854117573939e+01
0.000000000000000000e+00 1.248100902277234070e+01 2.120546610839904389e+01 2.697890119384117469e+01 3.069448793229058126e+01 3.288517936437612832e+01 3.404721906963227696e+01 3.457858607432034148e+01 3.478255675640505729e+01
0.000000000000000000e+00 1.336631014420235530e+01 2.297607189185120902e+01 2.967091730956051521e+01 3.426458607243350940e+01 3.723187028125788345e+01 3.900623977813383902e+01 3.995997302697296050e+01 4.041038054603873064e+01
0.000000000000000000e+00 1.414384765573606018e+01 2.453576819511212648e+01 3.205415300995601058e+01 3.745986514828027225e+01 4.118497778434499423e+01 4.360904251343556837e+01 4.506615429693837171e+01 4.585988964584650773e+01
0.000000000000000000e+00 1.483656200629214972e+01 2.592729298595063270e+01 3.418590508693570484e+01 4.033754112703604733e+01 4.478405923480552531e+01 4.786267234509946888e+01 4.986942092355246814e+01 5.108148463869052591e+01
0.000000000000000000e+00 1.546084633382712070e+01 2.718201970645030485e+01 3.611027270338289696e+01 4.294620716612323719e+01 4.807065818784988664e+01 5.178894275379843037e+01 5.436420285128104979e+01 5.604434617506019833e+01
0.000000000000000000e+00 1.602880667273468873e+01 2.832354844591364440e+01 3.786149909791471657e+01 4.532612029476705118e+01 5.108372597033218199e+01 5.541605863900662143e+01 5.855966546708834386e+01 6.073525403849150450e+01
0.000000000000000000e+00 1.654962731766066852e+01 2.937001530453091291e+01 3.946648145602213731e+01 4.751033598485311416e+01 5.385790667801093434e+01 5.877364552371751927e+01 6.247332969749102460e+01 6.515442622637417003e+01
0.000000000000000000e+00 1.703043651069683051e+01 3.033562468123401601e+01 4.094661036059022763e+01 4.952597984891043126e+01 5.642322675888728867e+01 6.189014581219455380e+01 6.612657937152171428e+01 6.931101135136401581e+01
0.000000000000000000e+00 1.747686992515948035e+01 3.123168050169080345e+01 4.231909529943507664e+01 5.139537424669691035e+01 5.880537292834222285e+01 6.479161204720405465e+01 6.954181486317239091e+01 7.321934355713483455e+01
0.000000000000000000e+00 1.789346145848438852e+01 3.206731782725344715e+01 4.359795140879808173e+01 5.313700141647996844e+01 6.102622355635719487e+01 6.750132967397529171e+01 7.274085923543448473e+01 7.689629435853559869e+01
0.000000000000000000e+00 1.828390985713784289e+01 3.285001372837650990e+01 4.479471394952410179e+01 5.476626133440359467e+01 6.310439560891242650e+01 7.003982004726996990e+01 7.574411998864883344e+01 8.035951259367743660e+01
