0.000000000000000000e+00 0.000000000000000000e+00
1.375499664482022766e+00 1.546515748068845397e+00
4.844448194495546645e+00 5.120116841994336809e+00
8.312865748915829300e+00 8.687998652855434045e+00
1.178049909735189438e+01 1.225027947082383051e+01
1.524717804132411203e+01 1.580716871460373341e+01
1.871278823248447765e+01 1.936125646726153349e+01
2.217713727569186233e+01 2.290777385123159249e+01
2.564022582997127842e+01 2.645378553128986709e+01
2.910186546146823972e+01 2.999053047791257143e+01
3.256202159420411135e+01 3.352277250020416943e+01
3.602069294353432127e+01 3.705730351731859429e+01
3.947766567308381980e+01 4.059646144898543696e+01
4.293261385718392376e+01 4.412351336812781000e+01
4.638571465586743159e+01 4.763740845463667029e+01
4.983714506545194922e+01 5.116983284509818475e+01
5.328619235651999730e+01 5.467499030307956076e+01
