0.000000000000000000e+00 0.000000000000000000e+00
1.943347251945608978e+00 2.093424415456679899e+00
5.586291962101199715e+00 5.841275626714134361e+00
9.228706096387966795e+00 9.583714111551675074e+00
1.286964220437106832e+01 1.332082916023013652e+01
1.650932207068139945e+01 1.705331909644859678e+01
2.014768042204630660e+01 2.077921708619130925e+01
2.378208611862663346e+01 2.449607140167592334e+01
2.741478513731178523e+01 2.820816494067774016e+01
3.104564061948202180e+01 3.192119917711238486e+01
3.467565897347251536e+01 3.562537732924171507e+01
3.830403874345807935e+01 3.932916029870325758e+01
4.193068816518159281e+01 4.302318886566477119e+01
4.555570003869415530e+01 4.671383387747439997e+01
4.917900702072385144e+01 5.039985631715439496e+01
5.280052273186470302e+01 5.408498712158905164e+01
5.642021913337862316e+01 5.776591332259670253e+01
