7.882361731097614665e+01
7.907290877714274302e+01
7.925987808757599851e+01
7.955423937547328705e+01
7.973972927870939031e+01
7.992509543567577168e+01
8.014723840365431329e+01
8.036958424267928081e+01
8.061320401555435922e+01
8.083959326237810217e+01
8.108688915389284091e+01
8.132298354279194541e+01
8.156308033008826897e+01
8.181467003136806682e+01
8.207024724543171601e+01
8.231872623659484134e+01
8.255609854659205382e+01
8.281736627453646804e+01
8.306775997492215424e+01
8.333521287022072954e+01
8.362017038533848279e+01
8.386332373073751967e+01
8.414447703773208787e+01
8.455229868729698239e+01
8.473584669061045815e+01
8.496604851945799908e+01
8.522714818669528825e+01
8.552390132243031928e+01
8.583643098925315940e+01
8.609104071519789159e+01
8.637503997901359298e+01
8.668169346934278963e+01
8.698372490037618832e+01
8.726368529973726140e+01
8.760468506761006324e+01
8.787130647827129337e+01
8.818892677400236835e+01
8.849756596232901984e+01
8.881246286409695756e+01
8.914208415625184045e+01
8.944968424924184092e+01
8.976368710213291990e+01
9.008624999393205712e+01
9.041452931002496030e+01
9.076688796519502489e+01
9.108414836298463513e+01
9.140524358896993817e+01
9.174025637695017110e+01
9.207541385251700206e+01
9.242428606738072006e+01
9.276403535187743898e+01
