0.000000000000000000e+00 0.000000000000000000e+00
4.522554893935204490e+00 4.536260246600641644e+00
9.045109788956381180e+00 9.072435490296836491e+00
1.356766468262831005e+01 1.360852679040067770e+01
1.809021958346363590e+01 1.814453519104570489e+01
2.261277448337608931e+01 2.268046172190240384e+01
2.713532937794830957e+01 2.721630738462861387e+01
3.165788427214572565e+01 3.175207316631252041e+01
3.618043916957464745e+01 3.628776003372058767e+01
4.070299407452782248e+01 4.082336895009402866e+01
4.522554896891436016e+01 4.535890084943919476e+01
4.974810387610762064e+01 4.989435662873620458e+01
5.427065877386502279e+01 5.442973720375940161e+01
5.879321367007115384e+01 5.896504346752382730e+01
6.331576859118948164e+01 6.350027628266975910e+01
6.783832351434355701e+01 6.803543650766602013e+01
7.236087841219148231e+01 7.257052498426784837e+01
7.688343333008772618e+01 7.710554253218995768e+01
8.140598824026100999e+01 8.164048994675108872e+01
8.592854313612139094e+01 8.617536804003066209e+01
9.045109805494848842e+01 9.071017759823092774e+01
9.497365296132309709e+01 9.524491940798694145e+01
9.949620788295587204e+01 9.977959420138832058e+01
1.040187627806322013e+02 1.043142027194829922e+02
1.085413177042459552e+02 1.088487456961096882e+02
1.130638726114012513e+02 1.133832238795697975e+02
1.175864275169037967e+02 1.179176379600080224e+02
1.221089824160817301e+02 1.224519886270479958e+02
1.266315373126253974e+02 1.269862765759696828e+02
1.311540922315505213e+02 1.315205025184616261e+02
1.356766471705469144e+02 1.360546670060005567e+02
1.401992020969761654e+02 1.405887708260545139e+02
1.447217570113922420e+02 1.451228145032389421e+02
1.492443119772613613e+02 1.496567987228249876e+02
1.537668669040202190e+02 1.541907240927650946e+02
1.582894218262867412e+02 1.587245912362731701e+02
1.628119767266890108e+02 1.632584007830475343e+02
1.673345316583830709e+02 1.677921533387605280e+02
1.718570865944644765e+02 1.723258494636424984e+02
1.763796415269187037e+02 1.768594897097967191e+02
1.809021964936215170e+02 1.813930746082741621e+02
1.854247514665002541e+02 1.859266047359485867e+02
1.899473064230152772e+02 1.904600807500513042e+02
1.944698613956581994e+02 1.949935030795976445e+02
1.989924163869642939e+02 1.995268722742391674e+02
2.035149713064032824e+02 2.040601888797162360e+02
2.080375262987984968e+02 2.085934534140967003e+02
2.125600812849625640e+02 2.131266664018097288e+02
2.170826362635050373e+02 2.176598283386813932e+02
2.216051912260561210e+02 2.221929396960011331e+02
2.261277461796345847e+02 2.267260009557806200e+02
2.306503011298698311e+02 2.312590126224015421e+02
2.351728560810543627e+02 2.357919751382123934e+02
2.396954110292158475e+02 2.403248889709036575e+02
2.442179659744074058e+02 2.448577545970619838e+02
2.487405208892618589e+02 2.493905725527905872e+02
2.532630758683937984e+02 2.539233431495977698e+02
2.577856308097326519e+02 2.584560668690904777e+02
2.623081857514522426e+02 2.629887442623799529e+02
2.668307407151390862e+02 2.675213756377580694e+02
2.713532957382300879e+02 2.720539613799013523e+02
2.758758507343968063e+02 2.765865020293547332e+02
2.803984057330454789e+02 2.811189978886014842e+02
2.849209606376301736e+02 2.856514493372941388e+02
2.894435156227921198e+02 2.901838568409285699e+02
2.939660706058660935e+02 2.947162208116462807e+02
2.984886255911541753e+02 2.992485416816036832e+02
3.030111805765809549e+02 3.037808197507786190e+02
3.075337355488700268e+02 3.083130554669174899e+02
3.120562904959691082e+02 3.128452491656106531e+02
3.165788454509256553e+02 3.173774012094424393e+02
3.211014004131799311e+02 3.219095120129534280e+02
3.256239553697283782e+02 3.264415819142084842e+02
3.301465103539835582e+02 3.309736111401323342e+02
3.346690653104926696e+02 3.355056002215158060e+02
3.391916202621302432e+02 3.400375494128508080e+02
3.437141753212664526e+02 3.445694589905486964e+02
3.482367303753948136e+02 3.491013294941263894e+02
3.527592853469754459e+02 3.536331611099496968e+02
3.572818402951279495e+02 3.581649541219699131e+02
3.618043952432886954e+02 3.626967088922527864e+02
3.663269502113266753e+02 3.672284258579758216e+02
3.708495051653899282e+02 3.717601052438260467e+02
3.753720602460966802e+02 3.762917472576245927e+02
3.798946152994487875e+02 3.808233523714036437e+02
3.844171702072952712e+02 3.853549209406334057e+02
3.889397251773193602e+02 3.898864530347516961e+02
3.934622802469054932e+02 3.944179490802370651e+02
3.979848351667102406e+02 3.989494093282052063e+02
4.025073901709328084e+02 4.034808342187785684e+02
4.070299452274840064e+02 4.080122237625600974e+02
4.115525003409064766e+02 4.125435784886658439e+02
4.160750554315386580e+02 4.170748986582360658e+02
4.205976104686003509e+02 4.216061844768540254e+02
4.251201654173239035e+02 4.261374361313187364e+02
4.296427203224302502e+02 4.306686540351914800e+02
4.341652754438141528e+02 4.351998384845231840e+02
4.386878303864326085e+02 4.397309896059290395e+02
4.432103855244878332e+02 4.442621077533768812e+02
4.477329405464683987e+02 4.487931929542826879e+02
4.522554955092435875e+02 4.533242456429185268e+02
4.567780505629281151e+02 4.578552662276883325e+02
4.613006055679417159e+02 4.623862547332693680e+02
4.658231605278996312e+02 4.669172114157134956e+02
4.703457155626534814e+02 4.714481366161241453e+02
4.748682705517626914e+02 4.759790305400874217e+02
4.793908256057929975e+02 4.805098934380083620e+02
4.839133805934259271e+02 4.850407254427784096e+02
4.884359356656301543e+02 4.895715268755768648e+02
4.929584905788151445e+02 4.941022979027973179e+02
4.974810456990844045e+02 4.986330388729896868e+02
5.020036007653483807e+02 5.031637499582170676e+02
5.065261557015115841e+02 5.076944314552673063e+02
5.110487106602281528e+02 5.122250835449480064e+02
5.155712655687264032e+02 5.167557062014664098e+02
5.200938207182483666e+02 5.212862997722651244e+02
5.246163757935624972e+02 5.258168645425927252e+02
5.291389309134433461e+02 5.303474008311139869e+02
5.336614858265761541e+02 5.348779088043773982e+02
5.381840409037334894e+02 5.394083883905905168e+02
5.427065958318357843e+02 5.439388401946263230e+02
5.472291507786171678e+02 5.484692639744852158e+02
5.517517059268751609e+02 5.529996601217919761e+02
5.562742611016979026e+02 5.575300290431722487e+02
5.607968163011079241e+02 5.620603706152944596e+02
5.653193713052197609e+02 5.665906851214504059e+02
5.698419262683628403e+02 5.711209728656358493e+02
5.743644811990710650e+02 5.756512340894461204e+02
5.788870361588650439e+02 5.801814689168866153e+02
5.834095911996565746e+02 5.847116772820355663e+02
5.879321462342793438e+02 5.892418595075297389e+02
5.924547012040710570e+02 5.937720157980054410e+02
5.969772561858299014e+02 5.983021465695730967e+02
6.014998112290344352e+02 6.028322516384728260e+02
6.060223661311525802e+02 6.073623313595363697e+02
6.105449212775745309e+02 6.118923860972359989e+02
6.150674763266816854e+02 6.164224155783977039e+02
6.195900313086542610e+02 6.209524202888841273e+02
6.241125862549397425e+02 6.254824001024906011e+02
6.286351413274597917e+02 6.300123553810941530e+02
6.331576963145521404e+02 6.345422865000700767e+02
6.376802513609113703e+02 6.390721933632717082e+02
6.422028062706087894e+02 6.436020760655328559e+02
6.467253614204928454e+02 6.481319349768915572e+02
6.512479164056409218e+02 6.526617702166929575e+02
