0.000000000000000000e+00 0.000000000000000000e+00
4.521415450084409926e+00 4.536805622593448106e+00
9.042830900417531126e+00 9.073500746889090252e+00
1.356424635351154606e+01 1.361008696885550684e+01
1.808566180747893171e+01 1.814656585356347307e+01
2.260707725762222964e+01 2.268293893250019266e+01
2.712849270717536143e+01 2.721920770774934795e+01
3.164990815723086826e+01 3.175537363606795793e+01
3.617132361655764328e+01 3.629143815891059432e+01
4.069273907145819891e+01 4.082740269438916414e+01
4.521415452128328383e+01 4.536326861259945531e+01
4.973556997155077397e+01 4.989903724311064082e+01
5.425698542268447966e+01 5.443470991978534812e+01
5.877840090066159462e+01 5.897028793965326088e+01
6.329981636444215098e+01 6.350577257248140484e+01
6.782123182294304797e+01 6.804116506438842293e+01
7.234264730099548046e+01 7.257646663262636366e+01
7.686406275377530051e+01 7.711167846677453497e+01
8.138547822084001382e+01 8.164680175092343006e+01
8.590689367485057915e+01 8.618183760096334822e+01
9.042830913320202058e+01 9.071678714741463523e+01
9.494972458398052595e+01 9.525165151931673790e+01
9.947114007705346239e+01 9.978643178351491372e+01
1.039925555374598360e+02 1.043211289930839456e+02
1.085139709911397858e+02 1.088557442001912534e+02
1.130353864900572205e+02 1.133902784241110737e+02
1.175568019530426795e+02 1.179247326737465187e+02
1.220782174087852638e+02 1.224591079602393791e+02
1.265996328638981225e+02 1.269934052062954208e+02
1.311210483744983435e+02 1.315276253611148718e+02
1.356424638329522168e+02 1.360617693804247494e+02
1.401638792988698299e+02 1.405958381818176690e+02
1.446852947817448580e+02 1.451298326339863820e+02
1.492067102497090900e+02 1.496637536927846952e+02
1.537281257382445006e+02 1.541976021134031498e+02
1.582495411975031629e+02 1.587313788212789234e+02
1.627709567272576692e+02 1.632650846412437033e+02
1.672923722574817873e+02 1.677987204085433746e+02
1.718137877538311500e+02 1.723322868650166697e+02
1.763352032488731993e+02 1.768657849051776907e+02
1.808566187070372280e+02 1.813992152491401271e+02
1.853780341705100057e+02 1.859325786943664411e+02
1.898994496270310606e+02 1.904658758810406312e+02
1.944208651304679449e+02 1.949991076794270271e+02
1.989422805887895151e+02 1.995322747707884332e+02
2.034636961054669939e+02 2.040653779319351315e+02
2.079851115632823735e+02 2.085984177538190067e+02
2.125065270239803112e+02 2.131313949432661161e+02
2.170279425572204843e+02 2.176643102761387354e+02
2.215493580769255573e+02 2.221971643698080356e+02
2.260707735875015487e+02 2.267299578881324464e+02
2.305921890587741245e+02 2.312626914753393521e+02
2.351136045382804127e+02 2.357953657964388867e+02
2.396350200353862476e+02 2.403279813714888178e+02
2.441564355380217819e+02 2.448605389031994264e+02
2.486778510805994529e+02 2.493930390253168810e+02
2.531992665783255347e+02 2.539254823906831007e+02
2.577206820744774518e+02 2.584578694920782596e+02
2.622420975900235476e+02 2.629902008809747258e+02
2.667635131094801864e+02 2.675224772292480111e+02
2.712849286360919905e+02 2.720546989740327035e+02
2.758063441872383805e+02 2.765868667378580312e+02
2.803277597397935210e+02 2.811189811138400501e+02
2.848491752938937225e+02 2.856510425146816488e+02
2.893705908624210110e+02 2.901830516414368617e+02
2.938920064010544024e+02 2.947150089407418818e+02
2.984134219262683700e+02 2.992469148725876948e+02
3.029348374682002714e+02 3.037787699349102013e+02
3.074562529594597891e+02 3.083105747110617472e+02
3.119776684626078236e+02 3.128423296096466402e+02
3.164990839743978199e+02 3.173740351866324545e+02
3.210204994948054491e+02 3.219056919390395706e+02
3.255419150170877742e+02 3.264373002991208637e+02
3.300633305311721983e+02 3.309688606219559688e+02
3.345847460433626566e+02 3.355003734214163842e+02
3.391061615568569323e+02 3.400318393129700780e+02
3.436275770189295145e+02 3.445632586175612460e+02
3.481489925502343112e+02 3.490946317379620041e+02
3.526704081798358743e+02 3.536259591735630465e+02
3.571918236569692908e+02 3.581572411771563793e+02
3.617132391630161123e+02 3.626884782964082774e+02
3.662346546864569063e+02 3.672196710129085204e+02
3.707560701982816340e+02 3.717508197241900234e+02
3.752774857113430471e+02 3.762819247564065108e+02
3.797989013044021931e+02 3.808129864887731628e+02
3.843203167718458531e+02 3.853440052724187694e+02
3.888417322734233039e+02 3.898749815387594708e+02
3.933631477731519226e+02 3.944059158955600424e+02
3.978845632574414140e+02 3.989368083612970395e+02
4.024059788128142827e+02 4.034676595000504449e+02
4.069273944422560021e+02 4.079984696238907418e+02
4.114488099765823677e+02 4.125292390752455276e+02
4.159702254340713807e+02 4.170599683697618048e+02
4.204916409948523324e+02 4.215906576218661712e+02
4.250130566455375174e+02 4.261213073596982213e+02
4.295344721101506593e+02 4.306519179404784836e+02
4.340558876106929915e+02 4.351824896216751313e+02
4.385773031014839489e+02 4.397130226397351862e+02
4.430987187126680737e+02 4.442435174757459890e+02
4.476201342989484147e+02 4.487739742824944642e+02
4.521415497847965526e+02 4.533043935366316646e+02
4.566629652684966914e+02 4.578347754963626812e+02
4.611843807332705865e+02 4.623651206808705183e+02
4.657057961912766473e+02 4.668954290925370287e+02
4.702272116471031040e+02 4.714257010757588660e+02
4.747486271555764006e+02 4.759559372283163157e+02
4.792700428523185678e+02 4.804861376274565146e+02
4.837914584435573033e+02 4.850163023922207230e+02
4.883128739654526953e+02 4.895464319839865084e+02
4.928342895078940842e+02 4.940765268804230459e+02
4.973557051884541238e+02 4.986065870151062995e+02
5.018771209050856328e+02 5.031366127843496088e+02
5.063985363874416521e+02 5.076666046390943166e+02
5.109199519844828501e+02 5.121965627136169132e+02
5.154413676235679986e+02 5.167264872559773039e+02
5.199627831516534116e+02 5.212563786432810957e+02
5.244841987010204321e+02 5.257862369152138626e+02
5.290056142694646724e+02 5.303160624922380748e+02
5.335270298974570551e+02 5.348458558338508055e+02
5.380484455681931877e+02 5.393756169117521040e+02
5.425698612081091596e+02 5.439053461156984213e+02
5.470912766830526834e+02 5.484350435686325227e+02
5.516126923528720454e+02 5.529647093775645317e+02
5.561341080825651488e+02 5.574943440446737668e+02
5.606555238388933731e+02 5.620239477309339691e+02
5.651769394540660869e+02 5.665535208319557796e+02
5.696983551956521978e+02 5.710830634120270588e+02
5.742197709240949735e+02 5.756125755864479743e+02
5.787411865688118269e+02 5.801420577214347531e+02
5.832626021773892262e+02 5.846715101080909562e+02
5.877840177911045885e+02 5.892009328808180726e+02
5.923054333917584700e+02 5.937303261002145973e+02
5.968268490253045684e+02 5.982596902685620535e+02
6.013482647245825774e+02 6.027890255650994504e+02
6.058696804579599302e+02 6.073183320806956544e+02
6.103910959712202384e+02 6.118476100104536499e+02
6.149125116471807360e+02 6.163768597009694759e+02
6.194339273204643632e+02 6.209060813012305289e+02
6.239553430634682627e+02 6.254352748970127323e+02
6.284767586898094578e+02 6.299644410871899254e+02
6.329981743710861792e+02 6.344935798103200568e+02
6.375195899396624100e+02 6.390226909781946460e+02
6.420410057347673956e+02 6.435517750226413227e+02
6.465624214790922224e+02 6.480808321324229837e+02
6.510838369715881981e+02 6.526098626354714725e+02
