0.000000000000000000e+00 0.000000000000000000e+00
4.521863130207107062e+00 4.536260247903860510e+00
9.043726261698630253e+00 9.072425409734570678e+00
1.356558939204749947e+01 1.360849674987554359e+01
1.808745252906460621e+01 1.814447551031357619e+01
2.260931566029573503e+01 2.268036290841401126e+01
2.713117879089013940e+01 2.721616014023057417e+01
3.165304192956274676e+01 3.175186836964105908e+01
3.617490507021680912e+01 3.628748875330363433e+01
4.069676821545201051e+01 4.082302241679816746e+01
4.521863134690526209e+01 4.535847046160870377e+01
4.974049449554094338e+01 4.989383395429021562e+01
5.426235763084535790e+01 5.442911397480105506e+01
5.878422076892748294e+01 5.896431155700791749e+01
6.330608392739478063e+01 6.349942772756401155e+01
6.782794707839416049e+01 6.803446349540381277e+01
7.234981022129619532e+01 7.256941985577779519e+01
7.687167336975768706e+01 7.710429776184716388e+01
8.139353651780088228e+01 8.163909815579484075e+01
8.591539965237491572e+01 8.617382198393860904e+01
9.043726279075158914e+01 9.070847013984439400e+01
9.495912593846682626e+01 9.524304355325389793e+01
9.948098910146001117e+01 9.977754308829327101e+01
1.040028522856177631e+02 1.043119696282322479e+02
1.085247154478599896e+02 1.088463239943556573e+02
1.130465785983063540e+02 1.133806070391917729e+02
1.175684417646322970e+02 1.179148196021488388e+02
1.220903049131885609e+02 1.224489624805023027e+02
1.266121680494028539e+02 1.269830364613390259e+02
1.311340312079357773e+02 1.315170423413537435e+02
1.356558943477932928e+02 1.360509808980336857e+02
1.401777575020977338e+02 1.405848528507545439e+02
1.446996206523011779e+02 1.451186589432492156e+02
1.492214837909612584e+02 1.496523999349311111e+02
1.537433469822685765e+02 1.541860765162292068e+02
1.582652101359925894e+02 1.587196894273688201e+02
1.627870733478433181e+02 1.632532393618083120e+02
1.673089364818098375e+02 1.677867269490188562e+02
1.718307996204976007e+02 1.723201528747789837e+02
1.763526627908628939e+02 1.768535178742623941e+02
1.808745259427787460e+02 1.813868225386228232e+02
1.853963891161920401e+02 1.859200675173314039e+02
1.899182522674468885e+02 1.904532534536130584e+02
1.944401154074542717e+02 1.949863809093922669e+02
1.989619786135824029e+02 1.995194504802173583e+02
2.034838417518251674e+02 2.040524629168909314e+02
2.080057049003514464e+02 2.085854186948744768e+02
2.125275681308796152e+02 2.131183183868406559e+02
2.170494312911503698e+02 2.176511625885490275e+02
2.215712944645266305e+02 2.221839518771459439e+02
2.260931576561375778e+02 2.267166868022840731e+02
2.306150208588376529e+02 2.312493678826084533e+02
2.351368840235373341e+02 2.357819956631439027e+02
2.396587472079348515e+02 2.403145707722972020e+02
2.441806103912340404e+02 2.448470935819826479e+02
2.487024735713241910e+02 2.493795647043421013e+02
2.532243367514577699e+02 2.539119846688652160e+02
2.577461999292069095e+02 2.584443539672598149e+02
2.622680631086749941e+02 2.629766730644123527e+02
2.667899263456877748e+02 2.675089423674413638e+02
2.713117895627070766e+02 2.720411624260243570e+02
2.758336527953793507e+02 2.765733337466928106e+02
2.803555160292918345e+02 2.811054567689604369e+02
2.848773792580607278e+02 2.856375318781225019e+02
2.893992424801380139e+02 2.901695595957099272e+02
2.939211056997235119e+02 2.947015403426401008e+02
2.984429689215418193e+02 2.992334746471712492e+02
3.029648321439477741e+02 3.037653628528251488e+02
3.074866953541557564e+02 3.082972053734386577e+02
3.120085585387275842e+02 3.128290026824057577e+02
3.165304217393274939e+02 3.173607552038039330e+02
3.210522849349191574e+02 3.218924633068986623e+02
3.255741481191467983e+02 3.264241274234071852e+02
3.300960113209490601e+02 3.309557478432496964e+02
3.346178745153258092e+02 3.354873250681727654e+02
3.391397377085727385e+02 3.400188594082688951e+02
3.436616009200582766e+02 3.445503514281285788e+02
3.481834641312244685e+02 3.490818012352401638e+02
3.527053273395544011e+02 3.536132093335819491e+02
3.572271905250370310e+02 3.581445761495300530e+02
3.617490537124432990e+02 3.626759021233660860e+02
3.662709169403549367e+02 3.672071874222116890e+02
3.707927801326139843e+02 3.717384324980677661e+02
3.753146433262179471e+02 3.762696376706364276e+02
3.798365064911126865e+02 3.808008031159176880e+02
3.843583696398777647e+02 3.853319293312451350e+02
3.888802329743804762e+02 3.898630167027343987e+02
3.934020963136507021e+02 3.943940656632234436e+02
3.979239595880779916e+02 3.989250763433673228e+02
4.024458228381464551e+02 4.034560491759310707e+02
4.069676861516206827e+02 4.079869842691117583e+02
4.114895494184841596e+02 4.125178820184907522e+02
4.160114127267111144e+02 4.170487429461470015e+02
4.205332760516658936e+02 4.215795671340351873e+02
4.250551392021714037e+02 4.261103549540374047e+02
4.295770024266333849e+02 4.306411067731966114e+02
4.340988656638820657e+02 4.351718227630648244e+02
4.386207288248817804e+02 4.397025034036668103e+02
4.431425921062067346e+02 4.442331486782482557e+02
4.476644552503814225e+02 4.487637590304270248e+02
4.521863184527877593e+02 4.532943349553255530e+02
4.567081816043074696e+02 4.578248763875869827e+02
4.612300449409966632e+02 4.623553838233005990e+02
4.657519083182576765e+02 4.668858574935001116e+02
4.702737714709479064e+02 4.714162975472235075e+02
4.747956348649751135e+02 4.759467043494622658e+02
4.793174981168178874e+02 4.804770782799544122e+02
4.838393613717000790e+02 4.850074192601151708e+02
4.883612247153253634e+02 4.895377277528360196e+02
4.928830878878318345e+02 4.940680039883827703e+02
4.974049512763993448e+02 4.985982482890925098e+02
5.019268145024290106e+02 5.031284609797525604e+02
5.064486779150547591e+02 5.076586421301058181e+02
5.109705411790793050e+02 5.121887920704499493e+02
5.154924043271607843e+02 5.167189108273325928e+02
5.200142676717733821e+02 5.212489987975820895e+02
5.245361308597188099e+02 5.257790562456918906e+02
5.290579941092553327e+02 5.303090832924085589e+02
5.335798573450696267e+02 5.348390804898485840e+02
5.381017206254217626e+02 5.393690475748244353e+02
5.426235839440405471e+02 5.438989852735952581e+02
5.471454470828343801e+02 5.484288934063380339e+02
5.516673104331437116e+02 5.529587723652239220e+02
5.561891738442928954e+02 5.574886221659779721e+02
5.607110372820427528e+02 5.620184433300994442e+02
5.652329005386613971e+02 5.665482357622249765e+02
5.697547637453865264e+02 5.710779998438267739e+02
5.742766270781474987e+02 5.756077358303226674e+02
5.787984903565190962e+02 5.801374440348291728e+02
5.833203536352336869e+02 5.846671242558996937e+02
5.878422169240469657e+02 5.891967768740787506e+02
5.923640800755144937e+02 5.937264023914904101e+02
5.968859434062254650e+02 5.982560007455855384e+02
6.014078068010612697e+02 6.027855718859494800e+02
6.059296699540392410e+02 6.073151163664858814e+02
6.104515332273215336e+02 6.118446340827300673e+02
6.149733966124654216e+02 6.163741256802406951e+02
6.194952599717074690e+02 6.209035908693497277e+02
6.240171232999576887e+02 6.254330299126236241e+02
6.285389866081743548e+02 6.299624434134923376e+02
6.330608497829208545e+02 6.344918312465247254e+02
6.375827130283701081e+02 6.390211933264081381e+02
6.421045762375370032e+02 6.435505300244503815e+02
6.466264396795490939e+02 6.480798417715034248e+02
6.511483030077199601e+02 6.526091284376846033e+02
