0.000000000000000000e+00 0.000000000000000000e+00
4.521386339555390599e+00 4.536635143648162227e+00
9.042772678612195136e+00 9.073162051261718375e+00
1.356415901753252129e+01 1.360958226847037267e+01
1.808554536322411366e+01 1.814589731197473554e+01
2.260693170828673004e+01 2.268210866830467509e+01
2.712831805029284737e+01 2.721821778521486834e+01
3.164970439247026945e+01 3.175422608303675531e+01
3.617109073809324116e+01 3.629013496249919513e+01
4.069247709319838435e+01 4.082594578749862535e+01
4.521386343291533905e+01 4.536165988002410643e+01
4.973524977340201758e+01 4.989727855881391605e+01
5.425663611363974326e+01 5.443280310104319142e+01
5.877802245391103497e+01 5.896823477115555079e+01
6.329940879528247422e+01 6.350357479353822043e+01
6.782079516829634258e+01 6.803882437914924708e+01
7.234218151383528550e+01 7.257398471433418763e+01
7.686356787983426386e+01 7.710905694565246904e+01
8.138495423905584403e+01 8.164404221739076206e+01
8.590634061996490800e+01 8.617894166287166513e+01
9.042772700499008920e+01 9.071375635287549244e+01
9.494911337887901936e+01 9.524848739207470771e+01
9.947049974537499395e+01 9.978313579841562841e+01
1.039918861133897821e+02 1.043177025984990109e+02
1.085132724637675210e+02 1.088521888477830259e+02
1.130346588210767180e+02 1.133865955353697643e+02
1.175560452056244287e+02 1.179209235829727760e+02
1.220774315917706048e+02 1.224551739856592576e+02
1.265988179756487284e+02 1.269893476778025985e+02
1.311202043382658076e+02 1.315234456136213623e+02
1.356415906934437317e+02 1.360574686510484241e+02
1.401629770707332625e+02 1.405914177368457558e+02
1.446843634344205327e+02 1.451252937098335565e+02
1.492057497940454596e+02 1.496590974045788016e+02
1.537271361896258099e+02 1.541928297429795975e+02
1.582485226129097668e+02 1.587264914913185123e+02
1.627699090317957769e+02 1.632600834485100165e+02
1.672912953857935463e+02 1.677936065118618671e+02
1.718126817307312137e+02 1.723270613375793516e+02
1.763340681303663757e+02 1.768604488188571509e+02
1.808554544761584850e+02 1.813937696851687633e+02
1.853768409063500258e+02 1.859270246726233040e+02
1.898982272709390031e+02 1.904602144940514847e+02
1.944196136175318657e+02 1.949933398047870128e+02
1.989409999835115173e+02 1.995264014377870012e+02
2.034623863466534601e+02 2.040594000870815137e+02
2.079837727875474229e+02 2.085923363270753725e+02
2.125051591487214182e+02 2.131252109359722908e+02
2.170265455717834300e+02 2.176580245964912592e+02
2.215479319799767381e+02 2.221907779218133783e+02
2.260693183509834512e+02 2.267234715600481536e+02
2.305907047489228603e+02 2.312561061407945999e+02
2.351120911445223669e+02 2.357886823143822994e+02
2.396334775390744198e+02 2.403212006847415410e+02
2.441548639884538829e+02 2.448536617462468143e+02
2.486762503443110575e+02 2.493860662721778851e+02
2.531976367309847546e+02 2.539184147070365043e+02
2.577190231169126946e+02 2.584507077742581487e+02
2.622404095101479129e+02 2.629829458758399596e+02
2.667617959195554249e+02 2.675151296764304334e+02
2.712831823447334045e+02 2.720472597325953643e+02
2.758045687859289501e+02 2.765793365802635435e+02
2.803259551315877047e+02 2.811113606631117250e+02
2.848473415691133255e+02 2.856433325125114493e+02
2.893687279993437187e+02 2.901752527940436153e+02
2.938901144276894115e+02 2.947071218377477635e+02
2.984115008567929408e+02 2.992389402937722593e+02
3.029328872871492990e+02 3.037707085550526926e+02
3.074542737052555594e+02 3.083024271417579030e+02
3.119756600986971193e+02 3.128340965681521766e+02
3.164970465013651619e+02 3.173657172703365177e+02
3.210184329999076454e+02 3.218972898079024390e+02
3.255398194082713417e+02 3.264288145780806190e+02
3.300612058194690235e+02 3.309602918956289273e+02
3.345825922211588477e+02 3.354917224044531849e+02
3.391039786211778164e+02 3.400231065212277031e+02
3.436253650197037359e+02 3.445544446404938981e+02
3.481467514381156434e+02 3.490857371726054907e+02
3.526681378563267799e+02 3.536169845552195738e+02
3.571895242507598596e+02 3.581481870659766855e+02
3.617109106453943923e+02 3.626793453170913608e+02
3.662322970590277009e+02 3.672104596872973730e+02
3.707536834612611756e+02 3.717415304777308620e+02
3.752750698640489304e+02 3.762725581293816504e+02
3.797964563552212667e+02 3.808035430377882449e+02
3.843178427048766252e+02 3.853344855801925632e+02
3.888392291076669380e+02 3.898653861650494719e+02
3.933606155076638515e+02 3.943962451634042736e+02
3.978820019196859903e+02 3.989270628730131989e+02
4.024033883684310240e+02 4.034578398251501881e+02
4.069247748895311361e+02 4.079885761147638163e+02
4.114461612382349358e+02 4.125192722411119348e+02
4.159675477907237564e+02 4.170499286891548536e+02
4.204889342363263154e+02 4.215805456452445128e+02
4.250103206250408903e+02 4.261111234272524939e+02
4.295317070277881726e+02 4.306416624968048836e+02
4.340530934175726543e+02 4.351721630042923152e+02
4.385744797989785297e+02 4.397026253664911337e+02
4.430958661532594078e+02 4.442330500213006417e+02
4.476172525308750210e+02 4.487634371742325357e+02
4.521386388858494456e+02 4.532937871967625938e+02
4.566600253266029199e+02 4.578241003213803992e+02
4.611814116832636046e+02 4.623543769850975877e+02
4.657027982446641090e+02 4.668846172880718086e+02
4.702241848294226543e+02 4.714148216710008796e+02
4.747455712785416608e+02 4.759449902567998834e+02
4.792669577133799521e+02 4.804751237292255155e+02
4.837883441107460385e+02 4.850052219250430880e+02
4.883097305496698937e+02 4.895352853425887929e+02
4.928311170889146524e+02 4.940653143737522441e+02
4.973525034773260245e+02 4.985953092371912589e+02
5.018738899305121777e+02 5.031252699569346305e+02
5.063952763007916928e+02 5.076551970955464412e+02
5.109166627881572822e+02 5.121850906639303957e+02
5.154380493126622014e+02 5.167149511670205584e+02
5.199594357297291936e+02 5.212447788838760516e+02
5.244808222925864811e+02 5.257745738169423930e+02
5.290022087507767310e+02 5.303043365856326545e+02
5.335235953806478619e+02 5.348340672240537970e+02
5.380449818571635205e+02 5.393637659910291404e+02
5.425663682286112817e+02 5.438934331517489227e+02
5.470877546292373381e+02 5.484230686786069100e+02
5.516091411892335827e+02 5.529526733052443888e+02
5.561305278083877965e+02 5.574822468587651656e+02
5.606519144510497199e+02 5.620117896870754066e+02
5.651733009600811783e+02 5.665413021811787075e+02
5.696946874369425586e+02 5.710707843722811958e+02
5.742160737901040193e+02 5.756002366343066114e+02
5.787374601463319550e+02 5.801296591534503477e+02
5.832588466450775968e+02 5.846590522503017837e+02
5.877802331487240508e+02 5.891884161173348957e+02
5.923016195538601778e+02 5.937177505857155211e+02
5.968230059253141917e+02 5.982470564165269025e+02
6.013443925614888030e+02 6.027763335182405626e+02
6.058657791815656992e+02 6.073055820931157314e+02
6.103871656907751913e+02 6.118348023015985291e+02
6.149085520542131462e+02 6.163639947926776586e+02
6.194299384324272069e+02 6.208931593241836708e+02
6.239513248525258859e+02 6.254222961259565636e+02
6.284727113691373006e+02 6.299514056051756370e+02
6.329940979879518181e+02 6.344804876254534065e+02
6.375154845240017494e+02 6.390095428376475866e+02
6.420368709848975186e+02 6.435385709880206377e+02
6.465582574603388366e+02 6.480675724513395153e+02
6.510796439318863804e+02 6.525965476876497178e+02
