0.000000000000000000e+00 0.000000000000000000e+00
4.521369630728679034e+00 4.536260332237322501e+00
9.042739261550654106e+00 9.072418056957470611e+00
1.356410889136909148e+01 1.360847459909465584e+01
1.808547852107188803e+01 1.814443135648787120e+01
2.260684815674191839e+01 2.268028969783318871e+01
2.712821778677125906e+01 2.721605096114361544e+01
3.164958741773514816e+01 3.175171646191196828e+01
3.617095704811500667e+01 3.628728747963211276e+01
4.069232668485560112e+01 4.082276528733228815e+01
4.521369633690771650e+01 4.535815109843341020e+01
4.973506598813131063e+01 4.989344613445084775e+01
5.425643562805912268e+01 5.442865158309518847e+01
5.877780526761347346e+01 5.896376860762734395e+01
6.329917492936277768e+01 6.349879837577951491e+01
6.782054456826040223e+01 6.803374195958988935e+01
7.234191419986507299e+01 7.256860048909638294e+01
7.686328384785230128e+01 7.710337501264847049e+01
8.138465349531844595e+01 8.163806663674245101e+01
8.590602316938644378e+01 8.617267636127333219e+01
9.042739280114365386e+01 9.070720517222775925e+01
9.494876243192425136e+01 9.524165409603955368e+01
9.947013208936448336e+01 9.977602412796467490e+01
1.039915017456578141e+02 1.043103162176297047e+02
1.085128714153460407e+02 1.088445312928843123e+02
1.130342410563551994e+02 1.133786702982920929e+02
1.175556106995269374e+02 1.179127341607409960e+02
1.220769803708571146e+02 1.224467237741503851e+02
1.265983500399451032e+02 1.269806399972168265e+02
1.311197197349672763e+02 1.315144836541881830e+02
1.356410893846842498e+02 1.360482556471787916e+02
1.401624590276163076e+02 1.405819568038392617e+02
1.446838286618820746e+02 1.451155879614543096e+02
1.492051983627968923e+02 1.496491498662200570e+02
1.537265680306265381e+02 1.541826433085142583e+02
1.582479377421509525e+02 1.587160690896342601e+02
1.627693074526823125e+02 1.632494280444992114e+02
1.672906771056745470e+02 1.677827207740282347e+02
1.718120467839615628e+02 1.723159481059237237e+02
1.763334164208347090e+02 1.768491107481549989e+02
1.808547860546150332e+02 1.813822094799290880e+02
1.853761557282595618e+02 1.859152448872119692e+02
1.898975254538190995e+02 1.904482177850548510e+02
1.944188951747044030e+02 1.949811288058966170e+02
1.989402648464534309e+02 1.995139785890391977e+02
2.034616344853818930e+02 2.040467677709843883e+02
2.079830041236558316e+02 2.085794970303479943e+02
2.125043737751583990e+02 2.131121669524259232e+02
2.170257434904538059e+02 2.176447782011565550e+02
2.215471131890226957e+02 2.221773314700964193e+02
2.260684828792375072e+02 2.267098272595362118e+02
2.305898525276541591e+02 2.312422662009708745e+02
2.351112221799833719e+02 2.357746488606784681e+02
2.396325918639556107e+02 2.403069758636096935e+02
2.441539615456511569e+02 2.448392477311710422e+02
2.486753311859080782e+02 2.493714650365884324e+02
2.531967008676012654e+02 2.539036283970157228e+02
2.577180705450333562e+02 2.584357382655917945e+02
2.622394402286279274e+02 2.629677951880422597e+02
2.667608099843288301e+02 2.674997997728175960e+02
2.712821797005984763e+02 2.720317524820650306e+02
2.758035494589453265e+02 2.765636537607800847e+02
2.803249191135330420e+02 2.810955041817883284e+02
2.848462888405428544e+02 2.856273042457219162e+02
2.893676585611190148e+02 2.901590545735053865e+02
2.938890282800390423e+02 2.946907554911834382e+02
2.984103980009376187e+02 2.992224074761992938e+02
3.029317677224547651e+02 3.037540110804416145e+02
3.074531374300571542e+02 3.082855666240966457e+02
3.119745070743276756e+02 3.128170746563480975e+02
3.164958767609527968e+02 3.173485356228655974e+02
3.210172464283680256e+02 3.218799499862738003e+02
3.255386161192096779e+02 3.264113181702073803e+02
3.300599858147280656e+02 3.309426405317426543e+02
3.345813555243977362e+02 3.354739174732208085e+02
3.391027252149546030e+02 3.400051496158532700e+02
3.436240949536033895e+02 3.445363372542565230e+02
3.481454646642412740e+02 3.490674807367226435e+02
3.526668343727426418e+02 3.535985804597119113e+02
3.571882040576733743e+02 3.581296368383220852e+02
3.617095737421448121e+02 3.626606503384338680e+02
3.662309434461815272e+02 3.671916213511912019e+02
3.707523131385694342e+02 3.717225501190281420e+02
3.752736828321009170e+02 3.762534371537002471e+02
3.797950526352177576e+02 3.807842827424253755e+02
3.843164223639913644e+02 3.853150872641358546e+02
3.888377920479223917e+02 3.898458510955814518e+02
3.933591617331954922e+02 3.943765747086051761e+02
3.978805314856863333e+02 3.989072583825697507e+02
4.024019012307868479e+02 4.034379023412329843e+02
4.069232710095401444e+02 4.079685071055376966e+02
4.114446406691773745e+02 4.124990727889723416e+02
4.159660104921635480e+02 4.170295999556614106e+02
4.204873802508801646e+02 4.215600887259831779e+02
4.250087499332901189e+02 4.260905395393132267e+02
4.295301196137518218e+02 4.306209528178187611e+02
4.340514894838414648e+02 4.351513286318618157e+02
4.385728591506952512e+02 4.396816673746109245e+02
4.430942287900989527e+02 4.442119694791143729e+02
4.476155984316035301e+02 4.487422353123331504e+02
4.521369680771500725e+02 4.532724650349600779e+02
4.566583377231440295e+02 4.578026588079214889e+02
4.611797075915868618e+02 4.623328171151995321e+02
4.657010773640839716e+02 4.668629401397947731e+02
4.702224472341122805e+02 4.713930282615248188e+02
4.747438171129612670e+02 4.759230816384722402e+02
4.792651868818921344e+02 4.804531007587580689e+02
4.837865566661986918e+02 4.849830856888507924e+02
4.883079263997769317e+02 4.895130367506556581e+02
4.928292960448395661e+02 4.940429542403931009e+02
4.973506659373263119e+02 4.985728384936614930e+02
5.018720356378193515e+02 5.031026897520777084e+02
5.063934052940699075e+02 5.076325082801645294e+02
5.109147751501624271e+02 5.121622942912421195e+02
5.154361448702901498e+02 5.166920480658243378e+02
5.199575145788637656e+02 5.212217697796104403e+02
5.244788843913115670e+02 5.257514596314046003e+02
5.290002541659464441e+02 5.302811179346125527e+02
5.335216239080392597e+02 5.348107452049073345e+02
5.380429936741145411e+02 5.393403414280580819e+02
5.425643633351339759e+02 5.438699068741971132e+02
5.470857330371795797e+02 5.483994415004175380e+02
5.516071028873881232e+02 5.529289458920829929e+02
5.561284727975803435e+02 5.574584201035593196e+02
5.606498424723540666e+02 5.619878643616917770e+02
5.651712122684409678e+02 5.665172789763973924e+02
5.696925819089832430e+02 5.710466642168116778e+02
5.742139516300903779e+02 5.755760202835834889e+02
5.787353214688619119e+02 5.801053473233487239e+02
5.832566912555462295e+02 5.846346455467001988e+02
5.877780610499216891e+02 5.891639152263370534e+02
5.922994307019106373e+02 5.936931565124108374e+02
5.968208003962585053e+02 5.982223697712673811e+02
6.013421702266596185e+02 6.027515550346911368e+02
6.058635401605341713e+02 6.072807124540094037e+02
6.103849098481596229e+02 6.118098422024816045e+02
6.149062795421135661e+02 6.163389448129694301e+02
6.194276493952181681e+02 6.208680201836530159e+02
6.239490190668816467e+02 6.253970683946081408e+02
6.284703888741910305e+02 6.299260898693883064e+02
6.329917585978460011e+02 6.344550848432365910e+02
6.375131284133160534e+02 6.389840536052900006e+02
6.420344980685471228e+02 6.435129959355351730e+02
6.465558679274456608e+02 6.480419121958208279e+02
6.510772378368544651e+02 6.525708027106677491e+02
