0.000000000000000000e+00 0.000000000000000000e+00
4.522474485592197446e+00 4.536260249999314986e+00
9.044948972184389646e+00 9.072434347935864452e+00
1.356742345751610124e+01 1.360852338064731981e+01
1.808989794723856193e+01 1.814452841476227718e+01
2.261237243379886053e+01 2.268045049702736193e+01
2.713484691988691822e+01 2.721629065695845284e+01
3.165732140639381953e+01 3.175204989383774290e+01
3.617979589373189242e+01 3.628772920258622037e+01
4.070227039034183747e+01 4.082332956107124033e+01
4.522474487763710727e+01 4.535885191901613211e+01
4.974721936375768649e+01 4.989429720355072106e+01
5.426969386454290856e+01 5.442966633755249717e+01
5.879216836541115754e+01 5.896496023415200227e+01
6.331464288121987494e+01 6.350017978937155050e+01
6.783711736734620956e+01 6.803532584291868091e+01
7.235959186708214474e+01 7.257039926131048446e+01
7.688206635995273075e+01 7.710540089917677165e+01
8.140454085228878967e+01 8.164033156934104341e+01
8.592701534845193123e+01 8.617519210098478766e+01
9.044948987238552718e+01 9.070998326350004959e+01
9.497196437032289396e+01 9.524470588851875164e+01
9.949443888352189447e+01 9.977936070268366109e+01
1.040169133892195248e+02 1.043139484629764553e+02
1.085393878872843629e+02 1.088484699256147934e+02
1.130618624059696486e+02 1.133829258336169801e+02
1.175843368967905889e+02 1.179173169092582754e+02
1.221068113933681900e+02 1.224516438585615958e+02
1.266292859088340776e+02 1.269859073773181422e+02
1.311517604286328549e+02 1.315201081563107834e+02
1.356742349245620574e+02 1.360542468925343940e+02
1.401967094558112876e+02 1.405883241801820418e+02
1.447191839968920988e+02 1.451223407010943447e+02
1.492416584919405693e+02 1.496562971898198100e+02
1.537641329840855065e+02 1.541901941318562308e+02
1.582866074929720526e+02 1.587240322080779720e+02
1.628090820591426109e+02 1.632578120751539927e+02
1.673315565471935429e+02 1.677915342827695895e+02
1.718540310467143399e+02 1.723251994531134415e+02
1.763765055626249136e+02 1.768588082075411307e+02
1.808989800592685810e+02 1.813923610711109120e+02
1.854214546331335214e+02 1.859258586469999841e+02
1.899439291396269596e+02 1.904593014683629519e+02
1.944664036835282843e+02 1.949926900493186679e+02
1.989888781760027427e+02 1.995260249845308351e+02
2.035113527582616371e+02 2.040593067224364177e+02
2.080338273180400392e+02 2.085925358624863861e+02
2.125563019035525372e+02 2.131257129166733932e+02
2.170787764733089773e+02 2.176588384156404175e+02
2.216012510271812062e+02 2.221919128682839073e+02
2.261237255733994402e+02 2.267249367526872561e+02
2.306462001164648541e+02 2.312579105946149696e+02
2.351686746563834731e+02 2.357908347607945529e+02
2.396911491964484640e+02 2.403237097345840141e+02
2.442136238043372600e+02 2.448565360802061832e+02
2.487360983402159036e+02 2.493893142681965287e+02
2.532585728745409028e+02 2.539220446413480659e+02
2.577810474070282112e+02 2.584547278006962756e+02
2.623035219076228373e+02 2.629873640576125808e+02
2.668259964633924710e+02 2.675199538515943232e+02
2.713484710366251420e+02 2.720524976336428153e+02
2.758709456238154871e+02 2.765849958066689851e+02
2.803934202133443137e+02 2.811174489469499349e+02
2.849158948087971339e+02 2.856498572120036101e+02
2.894383693850122086e+02 2.901822211299580658e+02
2.939608439598998757e+02 2.947145411822920096e+02
2.984833185790944299e+02 2.992468177295467626e+02
3.030057931558558266e+02 3.037790511084085665e+02
3.075282677192334404e+02 3.083112417037388582e+02
3.120507423329669336e+02 3.128433898504324588e+02
3.165732169533451952e+02 3.173754959846164070e+02
3.210956915077142639e+02 3.219075605451868114e+02
3.256181661182417884e+02 3.264395838453801844e+02
3.301406406692496489e+02 3.309715661594487983e+02
3.346631152180370918e+02 3.355035079498447885e+02
3.391855898739589747e+02 3.400354094195718062e+02
3.437080644342335063e+02 3.445672711373853190e+02
3.482305390010902784e+02 3.490990932581134985e+02
3.527530135637814510e+02 3.536308761104692167e+02
3.572754881038408712e+02 3.581626200935727411e+02
3.617979626462753231e+02 3.626943257124626143e+02
3.663204372072250408e+02 3.672259929887859471e+02
3.708429117517296163e+02 3.717576225024910173e+02
3.753653863003977449e+02 3.762892142696984479e+02
3.798878609457642597e+02 3.808207688323271896e+02
3.844103355204456420e+02 3.853522865500343642e+02
3.889328101644890694e+02 3.898837675916716989e+02
3.934552847459802933e+02 3.944152122839249728e+02
3.979777592427219588e+02 3.989466208181129332e+02
4.025002338175434033e+02 4.034779937404709926e+02
4.070227084875071455e+02 4.080093310373326858e+02
4.115451830894700151e+02 4.125406331118477965e+02
4.160676577914532572e+02 4.170719004207716125e+02
4.205901324180352958e+02 4.216031330914638602e+02
4.251126069934934435e+02 4.261343313696721680e+02
4.296350815596639450e+02 4.306654956268947672e+02
4.341575560579583453e+02 4.351966260798216126e+02
4.386800305911372106e+02 4.397277230280534468e+02
4.432025050864486388e+02 4.442587866266933361e+02
4.477249796556690171e+02 4.487898171739285544e+02
4.522474541569725943e+02 4.533208150031591686e+02
4.567699286593812076e+02 4.578517803063554084e+02
4.612924032230016564e+02 4.623827133740007298e+02
4.658148777181138485e+02 4.669136145007438472e+02
4.703373522464482335e+02 4.714444839018261746e+02
4.748598268146060946e+02 4.759753215969915345e+02
4.793823014249818470e+02 4.805061280820278853e+02
4.839047759265984041e+02 4.850369035279438208e+02
4.884272504803618631e+02 4.895676481679084873e+02
4.929497252392839073e+02 4.940983621864002089e+02
4.974721999525436331e+02 4.986290461162126348e+02
5.019946746000005078e+02 5.031596997239364555e+02
5.065171491624857367e+02 5.076903235402719474e+02
5.110396237996891955e+02 5.122209175191061377e+02
5.155620985289278906e+02 5.167514821815890400e+02
5.200845730239786917e+02 5.212820175496678985e+02
5.246070475671706390e+02 5.258125238633754179e+02
5.291295222366852613e+02 5.303430013821268858e+02
5.336519967577437455e+02 5.348734504706289954e+02
5.381744714234644107e+02 5.394038709360514758e+02
5.426969461871834710e+02 5.439342634619146111e+02
5.472194208074554354e+02 5.484646277498300151e+02
5.517418955121897852e+02 5.529949644205992172e+02
5.562643702782497712e+02 5.575252732953157420e+02
5.607868450687043378e+02 5.620555547875346747e+02
5.653093197671835242e+02 5.665858090979572808e+02
5.698317942730020604e+02 5.711160366672631881e+02
5.743542690728559137e+02 5.756462372682510704e+02
5.788767436594091578e+02 5.801764112733627599e+02
5.833992182639797193e+02 5.847065587207649742e+02
5.879216928388756287e+02 5.892366801159746501e+02
5.924441675948506827e+02 5.937667753725035027e+02
5.969666421644212733e+02 5.982968446533718634e+02
6.014891167497696642e+02 6.028268880993934999e+02
6.060115915381336436e+02 6.073569059984841942e+02
6.105340660441213458e+02 6.118868985160166858e+02
6.150565407627443619e+02 6.164168661351480978e+02
6.195790154820087992e+02 6.209468085107766910e+02
6.241014901230507803e+02 6.254767262236812257e+02
6.286239646504951679e+02 6.300066189650054866e+02
6.331464391636295659e+02 6.345364874438396328e+02
6.376689137231969653e+02 6.390663313676652706e+02
6.421913884931868779e+02 6.435961510379490846e+02
6.467138631105815421e+02 6.481259467517917301e+02
6.512363376696305295e+02 6.526557187146386241e+02
