0.000000000000000000e+00 0.000000000000000000e+00
4.521459129876104654e+00 4.537067192971277585e+00
9.042918260807017106e+00 9.074020357419906091e+00
1.356437739068166337e+01 1.361086116926705358e+01
1.808583652041524203e+01 1.814759127055171106e+01
2.260729565617720027e+01 2.268421226970214732e+01
2.712875478637864290e+01 2.722072573585252542e+01
3.165021391693861830e+01 3.175713320112782867e+01
3.617167304943303918e+01 3.629343617933461275e+01
4.069313219315696983e+01 4.082963614196761171e+01
4.521459134315877293e+01 4.536573453262401756e+01
4.973605047371552246e+01 4.990173274620924815e+01
5.425750961250634674e+01 5.443763217696075429e+01
5.877896874307916164e+01 5.897343417935273635e+01
6.330042790412816345e+01 6.350914008742353900e+01
6.782188704337643514e+01 6.804475118875737394e+01
7.234334618310779774e+01 7.258026876669200078e+01
7.686480534396159214e+01 7.711569407079221605e+01
8.138626449424953080e+01 8.165102832055644910e+01
8.590772362815214080e+01 8.618627269232311505e+01
9.042918276020111534e+01 9.072142836441321379e+01
9.495064190922953173e+01 9.525649652730393768e+01
9.947210106663291640e+01 9.979147828230611594e+01
1.039935601977017114e+02 1.043263747333182181e+02
1.085150193587891181e+02 1.088611869411889188e+02
1.130364784992859342e+02 1.133959160180268952e+02
1.175579376756320471e+02 1.179305630007749812e+02
1.220793968245312584e+02 1.224651288869402492e+02
1.266008559583588067e+02 1.269996147227263634e+02
1.311223151522915771e+02 1.315340214640209808e+02
1.356437742935560777e+02 1.360683501271679461e+02
1.401652334400151290e+02 1.406026015879976399e+02
1.446866925899544185e+02 1.451367768520092625e+02
1.492081517316708243e+02 1.496708767973885870e+02
1.537296108876180654e+02 1.542049023044429816e+02
1.582510700990860926e+02 1.587388543558217293e+02
1.627725292915305886e+02 1.632727337600462647e+02
1.672939884949382758e+02 1.678065413255127680e+02
1.718154476672272040e+02 1.723402779702313126e+02
1.763369068038915088e+02 1.768739444660484992e+02
1.808583659858564658e+02 1.814075416315294831e+02
1.853798251763113569e+02 1.859410702322850852e+02
1.899012843168917470e+02 1.904745311276922735e+02
1.944227435455176192e+02 1.950079249689055416e+02
1.989442026844707812e+02 1.995412526008307168e+02
2.034656618429889932e+02 2.040745148156574942e+02
2.079871210008506068e+02 2.086077122499933694e+02
2.125085802314845864e+02 2.131408456006476797e+02
2.170300394460657571e+02 2.176739156509744362e+02
2.215514986622447964e+02 2.222069230852735586e+02
2.260729578521697363e+02 2.267398685720096978e+02
2.305944170403863041e+02 2.312727528392750003e+02
2.351158762267442341e+02 2.358055764228867019e+02
2.396373354108580145e+02 2.403383400258967129e+02
2.441587945838540179e+02 2.448710443459786461e+02
2.486802537638877197e+02 2.494036899820642645e+02
2.532017129422291646e+02 2.539362775667516985e+02
2.577231721197899788e+02 2.584688075653256760e+02
2.622446312984370707e+02 2.630012808172878067e+02
2.667660904954649936e+02 2.675336976663661517e+02
2.712875497129268751e+02 2.720660588682834486e+02
2.758090089442705448e+02 2.765983648895948477e+02
2.803304681784506442e+02 2.811306163650720009e+02
2.848519273301876638e+02 2.856628139617683360e+02
2.893733865513856358e+02 2.901949581053160045e+02
2.938948457780321633e+02 2.947270492433539175e+02
2.984163050620002764e+02 2.992590880371237745e+02
3.029377642827534487e+02 3.037910749441933831e+02
3.074592235480246245e+02 3.083230105163116264e+02
3.119806827314371276e+02 3.128548952181175764e+02
3.165021419234311679e+02 3.173867295747555772e+02
3.210236011326674657e+02 3.219185141522082176e+02
3.255450602805211702e+02 3.264502493762713016e+02
3.300665194750165483e+02 3.309819355881973024e+02
3.345879786699090346e+02 3.355135734141543367e+02
3.391094379064554687e+02 3.400451633702228946e+02
3.436308970622649213e+02 3.445767058400052747e+02
3.481523562724265730e+02 3.491082011577267394e+02
3.526738154811326922e+02 3.536396499203711983e+02
3.571952746659413833e+02 3.581710524475535635e+02
3.617167338524283196e+02 3.627024092641358948e+02
3.662381930564890240e+02 3.672337207700526278e+02
3.707596522500692799e+02 3.717649875004873365e+02
3.752811114439197695e+02 3.762962096101840643e+02
3.798025707137010727e+02 3.808273877064199837e+02
3.843240299242125388e+02 3.853585221375134324e+02
3.888454890891740661e+02 3.898896132579902769e+02
3.933669482815936362e+02 3.944206615286769306e+02
3.978884074676029172e+02 3.989516673073956667e+02
4.024098666249220742e+02 4.034826310364320534e+02
4.069313259344697826e+02 4.080135529368112088e+02
4.114527851003184651e+02 4.125444335027088414e+02
4.159742444288271486e+02 4.170752732193671477e+02
4.204957036509939599e+02 4.216060721605961703e+02
4.250171629748851956e+02 4.261368308777200582e+02
4.295386221151702557e+02 4.306675497760978715e+02
4.340600812939787829e+02 4.351982290147884100e+02
4.385815404523466441e+02 4.397288690230659540e+02
4.431029995918953546e+02 4.442594701570801590e+02
4.476244587938537052e+02 4.487900326207196144e+02
4.521459180284108470e+02 4.533205570407102982e+02
4.566673772272409337e+02 4.578510434251677452e+02
4.611888363668593911e+02 4.623814922066468966e+02
4.657102957297348667e+02 4.669119037282229101e+02
4.702317550992315773e+02 4.714422783126460104e+02
4.747532142895819334e+02 4.759726162975643433e+02
4.792746735770386408e+02 4.805029178626714383e+02
4.837961327482594243e+02 4.850331833593390343e+02
4.883175919698151688e+02 4.895634130981785006e+02
4.928390512194750386e+02 4.940936073861273599e+02
4.973605105799143757e+02 4.986237665050251735e+02
5.018819698057962455e+02 5.031538908121859777e+02
5.064034289626361556e+02 5.076839806376091246e+02
5.109248881950177292e+02 5.122140360971840209e+02
5.154463473662660817e+02 5.167440575124878706e+02
5.199678066054741521e+02 5.212740451392927525e+02
5.244892657696960896e+02 5.258039992902570248e+02
5.290107251434482123e+02 5.303339204046794748e+02
5.335321845689469455e+02 5.348638084655995044e+02
5.380536438592407649e+02 5.393936639188534627e+02
5.425751030529811487e+02 5.439234866860207376e+02
5.470965622549603040e+02 5.484532772988784473e+02
5.516180216055935261e+02 5.529830361840198520e+02
5.561394810158955124e+02 5.575127632018093209e+02
5.606609401719804282e+02 5.620424588370764241e+02
5.651823994470216803e+02 5.665721231599044359e+02
5.697038586307063497e+02 5.711017566303434023e+02
5.742253177758000220e+02 5.756313594204253832e+02
5.787467769778368165e+02 5.801609317941274639e+02
5.832682362414427644e+02 5.846904737137969050e+02
5.877896955352084660e+02 5.892199856634465505e+02
5.923111547021417209e+02 5.937494676625414058e+02
5.968326139023783981e+02 5.982789202488932006e+02
6.013540731507846431e+02 6.028083434922364177e+02
6.058755325649642600e+02 6.073377376873889943e+02
6.103969917583615370e+02 6.118671027578218400e+02
6.149184509531644380e+02 6.163964392766748688e+02
6.194399103074564437e+02 6.209257471020827097e+02
6.239613694676758087e+02 6.254550267103406895e+02
6.284828287747243394e+02 6.299842781373912430e+02
6.330042880204391622e+02 6.345135018386818047e+02
6.375257472787650386e+02 6.390426977926915697e+02
6.420472065818603369e+02 6.435718661882601737e+02
6.465686659734230943e+02 6.481010073031786760e+02
6.510901254313051822e+02 6.526301213900991343e+02
