0.000000000000000000e+00 0.000000000000000000e+00
1.859973446356149474e+00 1.859973446356149029e+00
5.306686263305364193e+00 5.307030529632854154e+00
8.219126473098356200e+00 8.220219123157844976e+00
1.165853112745206666e+01 1.165880339346083616e+01
1.509552647779640822e+01 1.509579492798870959e+01
1.853220130497904350e+01 1.853343541359716440e+01
2.196955987523816134e+01 2.196988871542027510e+01
2.540815688047378984e+01 2.540680421140257295e+01
2.884542088423589945e+01 2.884443127919567473e+01
3.228277529757195197e+01 3.228128218916467063e+01
3.571823276626864896e+01 3.571809848541106192e+01
3.915509589149718295e+01 3.915500369168090344e+01
4.259324417667244234e+01 4.259196341232241423e+01
4.603122375150601897e+01 4.602930614422545119e+01
4.946805317926703083e+01 4.946796231271557787e+01
5.290486132103470851e+01 5.290454106132418133e+01
