4.970499026662887445e+02
5.766090786563111124e+02
4.833317351211115920e+02
5.451357687938867684e+02
4.642921979093630398e+02
4.515269210132065609e+02
4.661598467661290215e+02
4.605568272864103392e+02
4.617372880141067526e+02
5.460173253629913006e+02
4.409967264491014589e+02
4.735929295149576319e+02
5.206362960551754213e+02
5.568318932803657617e+02
5.157596005299542412e+02
5.154624569016818896e+02
4.261605998873031922e+02
3.963472264437257309e+02
5.121528157552073708e+02
4.708358141534650372e+02
4.866806192735452896e+02
4.916900330243386179e+02
4.303913796182771989e+02
4.476773474271300870e+02
5.090658042633591549e+02
4.691445563270290222e+02
4.894965297290233366e+02
4.106577134707923165e+02
5.257119631765301619e+02
5.071874557618475023e+02
4.667172054321463861e+02
4.677706007869682026e+02
4.631051284580266270e+02
4.663409107965309772e+02
4.691117180812528318e+02
4.093749855526367583e+02
5.705020788576774748e+02
5.240074236899403104e+02
4.750438429213858171e+02
4.802241402475466430e+02
4.128354754716870048e+02
3.526872491014479465e+02
4.657496796508414150e+02
4.330071711154340051e+02
4.649918141091695816e+02
4.426541768587316028e+02
5.334689509440612483e+02
5.636795145439402859e+02
4.113203822939144061e+02
4.914154259893756489e+02
4.817481302688465803e+02
4.977738311618428497e+02
3.656554231341758054e+02
4.863669944847023885e+02
3.717646152889969358e+02
4.833587402263286208e+02
4.723742917660491116e+02
5.459509234430279321e+02
4.042853625448659045e+02
4.931103686944936726e+02
4.707978714346571110e+02
4.515911232040596133e+02
4.803323185430487001e+02
5.062080682081111718e+02
4.266514424009081381e+02
4.569112589488585741e+02
5.515725999373865989e+02
4.704494244337653299e+02
5.043518983556933222e+02
4.154317992401473134e+02
4.424004320850030467e+02
4.996117795181714882e+02
5.065670364311334879e+02
5.244939215526600265e+02
4.289327056521281065e+02
5.194718635078260149e+02
4.774060272677288594e+02
5.386585565338767765e+02
5.430375707206254674e+02
4.210183644690374649e+02
4.349788996451131311e+02
4.452050859041523267e+02
5.355691029529739353e+02
4.811901035162914013e+02
5.417677547467071690e+02
5.962553227378267593e+02
4.705832834706473022e+02
4.743028432871199698e+02
3.970605927244386635e+02
4.253339703304992554e+02
4.433794609571581873e+02
4.609075613538460061e+02
5.004344696527881524e+02
4.358872811451004168e+02
5.074152611921238076e+02
3.798259227602297869e+02
4.354692870390039730e+02
4.894483882783029003e+02
4.772910270706897222e+02
4.472653466798413433e+02
