1.065956104256558319e+03
1.035864844706559552e+03
1.073287661973044123e+03
9.624344571301783162e+02
1.054308217694422183e+03
1.012978340876914785e+03
9.578211617869335441e+02
9.973603783345606644e+02
1.018010492600393718e+03
1.080766851905150361e+03
1.039792809406543711e+03
1.091284754585936071e+03
1.137703285437659588e+03
1.036513299546997132e+03
1.117002060607639123e+03
1.024055895822660887e+03
9.984417488835659924e+02
9.506925920662230283e+02
1.106731142000558975e+03
1.033392306104865838e+03
1.021780534731902776e+03
1.059132030557828784e+03
1.002839558709738299e+03
9.830665794424522801e+02
1.052928868506684921e+03
9.908593749825663508e+02
1.103381948493239179e+03
9.519151782608714711e+02
1.089510410892547952e+03
1.008390343541984294e+03
1.067639943187369454e+03
9.927013422738957615e+02
1.061168140188953203e+03
1.010398597653507636e+03
1.133748701828199273e+03
9.931569857122084386e+02
1.171206106063591051e+03
1.028651497823811269e+03
1.047533407952903644e+03
1.034386224272240270e+03
9.744707975475117792e+02
9.052304553668215021e+02
1.038353303745918538e+03
9.224720342756552327e+02
1.014188544059064952e+03
9.988749989931191067e+02
1.187003195324248736e+03
1.089361077214109400e+03
9.948214996358475446e+02
9.139520346385008907e+02
1.015321530229190103e+03
1.032022672054933764e+03
9.209090933965959493e+02
9.590655584343127202e+02
1.022075076862827473e+03
1.026797541099527280e+03
1.095625658266081246e+03
1.112782179930115717e+03
9.622134828439760668e+02
1.096065458850063806e+03
1.065409413699722109e+03
9.638234127368245936e+02
1.027786429955175208e+03
1.073052327058234823e+03
9.590635169177429589e+02
1.031722814846429401e+03
1.119982140696603892e+03
1.061102225136892685e+03
1.102192456142221772e+03
1.015647288542240062e+03
9.579208521289650662e+02
1.017693433005697216e+03
1.129306850350069908e+03
1.081673884717953342e+03
9.621434856425552198e+02
1.107684981986082903e+03
1.037916148239730092e+03
1.136131786303545823e+03
1.144944309233866079e+03
9.713582350277274600e+02
9.801815114444831352e+02
1.010566104179587114e+03
1.083877460081945856e+03
1.071253381990179605e+03
1.045662244935060244e+03
1.154441300225065561e+03
1.007431108736110332e+03
1.059865239979228136e+03
9.060713158762107469e+02
1.019435082439613211e+03
1.052547088239673485e+03
1.115489820891714999e+03
9.784762004325342559e+02
1.021967026676627484e+03
1.030493771358284221e+03
9.197851942794681008e+02
9.985861363534233988e+02
1.120005463881573178e+03
1.009770215196282493e+03
1.040617035673924420e+03
