7.618532181527949376e+01
9.546916460738341925e+01
4.997737633939647850e+01
7.487036513631369417e+01
9.751213712420528168e+01
6.673371065074474018e+01
6.547054711615335520e+01
6.108091172792188672e+01
5.919689780225874642e+01
8.948712550384473730e+01
9.108292956900989168e+01
8.211065899058714024e+01
5.306821949556520224e+01
1.027206755060017258e+02
8.078117128681711279e+01
9.145438816673741655e+01
9.763292810514241182e+01
5.473428944207384461e+01
9.600080947799943942e+01
9.212051688444432784e+01
7.553815412797655426e+01
8.295492707205247029e+01
2.779687580951403802e+01
9.050443429987342370e+01
6.325404673304611691e+01
8.876799382115464709e+01
9.460680875621153518e+01
9.198797519191067806e+01
7.021146634761366556e+01
9.988357630537802834e+01
9.103086403004355986e+01
8.270671678610224831e+01
7.614960054432414438e+01
7.240745793531959862e+01
5.814109806637741684e+01
7.076157410516753998e+01
8.655602457650014969e+01
5.431876079536143465e+01
5.965441423309572855e+01
7.375739784864776993e+01
4.859476069096863426e+01
7.651130393532123719e+01
8.030281778930435621e+01
6.207058096520903945e+01
3.936465929955971177e+01
6.106531382556431709e+01
1.108920223095967827e+02
7.568148915163925494e+01
4.132378094052238993e+01
1.000398099375050407e+02
6.943850111934375491e+01
4.574904923011077074e+01
6.030255154557761443e+01
6.849622517490965379e+01
2.607969564572258747e+01
5.458252670431316744e+01
4.670811217206655641e+01
9.947110891739581007e+01
7.490441636320771579e+01
6.804357941760503081e+01
7.125348705529106041e+01
9.905033149728706121e+01
2.759371272076998594e+01
7.772380827641725887e+01
8.681056627101078504e+01
5.866860840550129552e+01
1.049986958350131800e+02
7.959396155757204383e+01
8.198864060752939054e+01
8.369390145660726432e+01
5.908667596508377073e+01
6.668210976315512539e+01
9.275707921933567945e+01
9.761869123949951188e+01
5.126363787181204401e+01
6.178278989090571827e+01
6.953211867454126605e+01
9.899552855898667758e+01
8.924087105704137457e+01
5.068130003634088609e+01
7.914719846093851174e+01
9.305350444090770168e+01
7.913213967233794222e+01
8.866755300150133223e+01
1.055396480622320894e+02
1.007401673703526654e+02
5.735323405994760293e+01
8.220484704582204927e+01
5.622443527036015354e+01
9.828476690231744328e+01
1.098822906796315806e+02
8.709337620078566999e+01
6.892770247883666457e+01
5.810017699748168951e+01
8.197842481892735123e+01
4.418988913778544259e+01
1.026466356333853014e+02
1.012803752532002761e+02
9.481355614040440116e+01
8.031866248813128095e+01
