5.056589623382184300e+02
5.702669440901925100e+02
4.916687826828880929e+02
5.446281791725394896e+02
4.630150653223139443e+02
4.595349481137992598e+02
4.752686029060657802e+02
4.720095063151259751e+02
4.690725412673028245e+02
5.578071097917716088e+02
4.477013868731878006e+02
4.623878054902509689e+02
5.312715160005069492e+02
5.677115808623839257e+02
5.423836765504281630e+02
5.280775957033678196e+02
4.563480645631725565e+02
4.212044706091884336e+02
5.196789073583299796e+02
4.785216550024583171e+02
4.862412785129275221e+02
5.032360383628538898e+02
4.381456514659529944e+02
4.562485471195618629e+02
5.032275272737125533e+02
4.802982545059954873e+02
4.986570680302207279e+02
4.141546354603256646e+02
5.367457777903370015e+02
4.802418142504598109e+02
4.713904305267838595e+02
4.807039702720560399e+02
4.719415316380951140e+02
4.753753927458537305e+02
4.953639249206060526e+02
4.401164564755122228e+02
5.815231712963279733e+02
5.639142718064450719e+02
4.837908488850461026e+02
4.922146183894817568e+02
4.131941118842366905e+02
3.824859080286811377e+02
4.902449605505591990e+02
4.450141096456558216e+02
4.704691555409714283e+02
4.538385273818392989e+02
5.447326296534040466e+02
5.736290850140568409e+02
4.377146183963777162e+02
4.877928168313763422e+02
4.906317935609253027e+02
4.815820674910038406e+02
3.721721742616113602e+02
4.793332624342852455e+02
3.769625004375168942e+02
4.740030529436039615e+02
4.815137490486737875e+02
5.663245084844644452e+02
4.309398109313216310e+02
4.922657080954639355e+02
4.756859341126018421e+02
4.591395024792123536e+02
4.898618331727896020e+02
5.058311019990385944e+02
4.326979402856311481e+02
4.548056011997740598e+02
5.584937281732309202e+02
4.858268356735917450e+02
5.087705416429172942e+02
4.495874770282831605e+02
4.782216774689633780e+02
5.079280982651205250e+02
5.280428278474358876e+02
5.296021902025931922e+02
4.395801757905131240e+02
5.069795260241456276e+02
4.842516290687401579e+02
5.508984055319492654e+02
5.349670588153219342e+02
4.458728965712160743e+02
4.431287756876218396e+02
4.661970281651895789e+02
5.457624057515341747e+02
4.940165434698679974e+02
5.659981210916416785e+02
5.880522205404015494e+02
4.752566602105334823e+02
4.817499296669475370e+02
3.815418652903026668e+02
4.332351634545748311e+02
4.483319965261886182e+02
4.609621607631553957e+02
4.888458339832004071e+02
4.422747532119904577e+02
5.088269105886431021e+02
4.005227032521770525e+02
4.444104710755681253e+02
4.903718210765296703e+02
4.867009099258258402e+02
4.536018704844479430e+02
