8.552403373006192169e+02
8.392981947869615169e+02
8.140429677236624002e+02
8.048165307948841019e+02
8.172997839577708419e+02
7.809968632077368511e+02
7.892786570805128576e+02
7.746452776026557103e+02
8.101585936735465339e+02
8.669147093263378565e+02
8.353449563244735145e+02
8.308470632940211544e+02
8.616294363470108237e+02
8.187738614954835157e+02
9.047617405112930555e+02
8.332164834022985360e+02
7.896654762970174488e+02
7.468287779668227131e+02
8.873663412066620140e+02
8.261266992298677678e+02
8.165120078460743116e+02
8.616963130369166493e+02
7.897355725636850821e+02
7.805862611315500317e+02
8.300842534161539561e+02
7.689921159008816858e+02
7.923461717623505365e+02
7.437498670617927701e+02
8.581404800709176470e+02
7.638417238445115345e+02
7.927418758441170894e+02
7.952567928916522533e+02
7.590972265844417279e+02
7.885397154920160574e+02
8.360989625545203126e+02
8.024395715268312870e+02
9.346872378062666940e+02
8.061692519238083605e+02
7.866127966184874367e+02
8.359588675500423278e+02
7.426778723562972573e+02
6.419505710545232660e+02
8.152387304989787253e+02
7.279679714170732723e+02
7.966642378151852881e+02
7.826961994656044226e+02
9.388871621364038447e+02
8.239216660678695234e+02
7.704559877364021077e+02
7.402241802902287873e+02
7.942924148633828736e+02
7.875339796054561248e+02
6.811576382513129602e+02
8.705749205447967825e+02
8.580293081677859846e+02
8.430406168189259688e+02
8.251381941195331819e+02
9.150195549366737851e+02
7.916140151655868067e+02
8.580786350013902393e+02
8.108590353331478582e+02
7.679785304651766182e+02
7.970975219675235621e+02
8.820740597803450100e+02
7.387405835605462698e+02
7.926877109316701535e+02
8.839226841866476434e+02
8.333681703059810388e+02
8.387525484165802254e+02
7.398770500969454815e+02
7.649852871928230797e+02
8.157442776808759390e+02
8.113703643232348668e+02
8.586219608075053884e+02
7.368309659265453320e+02
9.044444680470529647e+02
8.248388650598483309e+02
9.114478035817194268e+02
9.027059124593786237e+02
7.397843437488608060e+02
7.807984576118470841e+02
7.724882917170189103e+02
8.893185323127022457e+02
8.446278970469193155e+02
7.542144129070707095e+02
9.327064604576936517e+02
8.267362257323547965e+02
8.186851553935626953e+02
7.124443941088263728e+02
7.633413312020352350e+02
8.424287778117113703e+02
8.239861595774806347e+02
7.976819725492508724e+02
8.081586349576801922e+02
8.410683702081345245e+02
6.578208472102893438e+02
8.500555349897987298e+02
8.666459014057746799e+02
7.870369707502323990e+02
7.732893333475279860e+02
