3.111671261751716884e+02
3.060751677428260109e+02
3.090701158679481750e+02
3.090480316576869768e+02
3.048011898490896670e+02
2.868129316220415035e+02
2.864027987831810265e+02
2.882987586164503000e+02
2.905772523569939381e+02
2.866637960924796857e+02
2.874827162523962443e+02
2.886867106792897744e+02
2.882854033629734545e+02
2.889609030425887681e+02
2.888086108681735595e+02
2.907158914996692829e+02
2.883242339654991042e+02
2.812150160708079625e+02
2.752235899470068148e+02
2.716996363158892223e+02
2.620312824736651010e+02
2.584125533009560058e+02
2.573303828297684390e+02
2.592273422788027801e+02
2.487373984796599302e+02
2.439583676144401068e+02
2.427385852518274874e+02
2.446162112273469802e+02
2.433413136625962920e+02
2.255573529854360402e+02
2.213158516211596805e+02
2.232209186416360467e+02
2.218437090054265752e+02
2.223841381947866864e+02
2.318059983748071602e+02
2.144076931864145479e+02
2.152796045815835555e+02
2.194929655183069315e+02
2.272057089956971083e+02
2.266505758548181291e+02
2.259498307625577525e+02
2.280742052998920428e+02
2.334814655503596725e+02
2.299274370634165052e+02
2.239685603707501969e+02
2.258479498238026224e+02
2.257328088419133678e+02
2.251587428497918211e+02
2.346030973306840792e+02
2.326741440055079408e+02
2.355766924664035855e+02
