0.000000000000000000e+00 0.000000000000000000e+00
3.417611194755509452e+00 3.536235656424802087e+00
6.835222393926036588e+00 7.066425274258254952e+00
1.025283359679748330e+01 1.059115383991436943e+01
1.367044480234937609e+01 1.411092596502374796e+01
1.708805601002034891e+01 1.762617984214862332e+01
2.050566722062050218e+01 2.113729835904861432e+01
2.392327843258708597e+01 2.464461794245507775e+01
2.734088964476628547e+01 2.814843584915671215e+01
3.075850084967982667e+01 3.164901584560213976e+01
3.417611206000824353e+01 3.514659308054301334e+01
3.759372326226952765e+01 3.864137812637016367e+01
4.101133446983061503e+01 4.213356021159229670e+01
4.442894570699013457e+01 4.562331007038034869e+01
4.784655693887540195e+01 4.911078214140932374e+01
5.126416814480461426e+01 5.259611662852102398e+01
5.468177935057371997e+01 5.607944119412397299e+01
