0.000000000000000000e+00 0.000000000000000000e+00
3.368291138614567082e+00 3.486939472765436587e+00
6.736582281721833709e+00 6.967810173370513560e+00
1.010487342847227765e+01 1.044320125178126091e+01
1.347316457896336672e+01 1.391362064846822477e+01
1.684145573075337410e+01 1.737950926409392594e+01
2.020974688496343319e+01 2.084125215192673153e+01
2.357803804061138564e+01 2.429918762705855073e+01
2.694632919354774003e+01 2.775361429946929803e+01
3.031462036981371710e+01 3.120479723827030938e+01
3.368291150970288328e+01 3.465297267815206084e+01
3.705120267642424636e+01 3.809835199839285735e+01
4.041949382893920273e+01 4.154112514666503841e+01
4.378778497734776209e+01 4.498146338890930451e+01
4.715607612445278818e+01 4.841952174650229779e+01
5.052436727377820347e+01 5.185544087668088764e+01
5.389265848921216673e+01 5.528934877112919821e+01
