0.000000000000000000e+00 0.000000000000000000e+00 0.000000000000000000e+00 0.000000000000000000e+00 0.000000000000000000e+00 0.000000000000000000e+00 0.000000000000000000e+00 0.000000000000000000e+00 0.000000000000000000e+00
0.000000000000000000e+00 4.162149126215641814e+00 6.774471284644983271e+00 6.774471284644983271e+00 6.774471284644983271e+00 6.774471284644983271e+00 6.774471284644983271e+00 6.774471284644983271e+00 6.774471284644983271e+00
0.000000000000000000e+00 6.818699610541569811e+00 1.062228780961343411e+01 1.241805137425783734e+01 1.354894256215797199e+01 1.354894256215797199e+01 1.354894256215797199e+01 1.354894256215797199e+01 1.354894256215797199e+01
0.000000000000000000e+00 8.740715036560198214e+00 1.362967216123135827e+01 1.673404443134456443e+01 1.883440614834238147e+01 1.978716143452392018e+01 2.032341385935299982e+01 2.032341385935299982e+01 2.032341385935299982e+01
0.000000000000000000e+00 1.023591239151599552e+01 1.616696884989042005e+01 2.023629231430676612e+01 2.317603896575456446e+01 2.506324500333539618e+01 2.630610434512160367e+01 2.683505859371827285e+01 2.709788519522945549e+01
0.000000000000000000e+00 1.145482425619847433e+01 1.836168989723766032e+01 2.322514943344736338e+01 2.689365729351482059e+01 2.955943255791279256e+01 3.149372332003017760e+01 3.269742798629813763e+01 3.344457202678528063e+01
0.000000000000000000e+00 1.248135396541336206e+01 2.028624421685122670e+01 2.585793575813963940e+01 3.016612394161477795e+01 3.348680257931813031e+01 3.604523349617358008e+01 3.789025210204606964e+01 3.919082790322273979e+01
0.000000000000000000e+00 1.336670878702238596e+01 2.199209232839397998e+01 2.822141319981406582e+01 3.310355843669644571e+01 3.699267334770834026e+01 4.010492836035466979e+01 4.252132452657293982e+01 4.436094048943904511e+01
0.000000000000000000e+00 1.414429632992387198e+01 2.351843645268547078e+01 3.036817554658134455e+01 3.577786909400522575e+01 4.017408839862599734e+01 4.378076496088604586e+01 4.670289184495847223e+01 4.903910289081629514e+01
0.000000000000000000e+00 1.483705319189398608e+01 2.489580338041994878e+01 3.233357538885017846e+01 3.823788553761346520e+01 4.309646463989375320e+01 4.715046117628948252e+01 5.052440233648859191e+01 5.331114540732052376e+01
0.000000000000000000e+00 1.546137446534382320e+01 2.614822843974113908e+01 3.414357787039229919e+01 4.051798293309701648e+01 4.580559864611625187e+01 5.027008355119198768e+01 5.405299846327960722e+01 5.724880164694918960e+01
0.000000000000000000e+00 1.602936772873236393e+01 2.729481403942666162e+01 3.581850245250367948e+01 4.264331174705925775e+01 4.833471056778061836e+01 5.318076179521411007e+01 5.733877216560490808e+01 6.090855121311955145e+01
0.000000000000000000e+00 1.655021825725219031e+01 2.835088693509047886e+01 3.737490473188073281e+01 4.463302880944295481e+01 5.070864886104887148e+01 5.591333058907457598e+01 6.041950147052943976e+01 6.433420845963844670e+01
0.000000000000000000e+00 1.703105346024608835e+01 2.932886435922336332e+01 3.882660465180458687e+01 4.650230018413797239e+01 5.294651444981434452e+01 5.849142848797602312e+01 6.332414212939858089e+01 6.755985495464300072e+01
0.000000000000000000e+00 1.747751118036307716e+01 3.023890392093554880e+01 4.018530774893112323e+01 4.826354424949677480e+01 5.506336866578476474e+01 6.093356575672836328e+01 6.607527869559110911e+01 7.061226304635752626e+01
0.000000000000000000e+00 1.789412538168956956e+01 3.108939284030762451e+01 4.146102147664296922e+01 4.992720901647573584e+01 5.707137991550969502e+01 6.325452192356868863e+01 6.869083266317542780e+01 7.351272676363997505e+01
0.000000000000000000e+00 1.828459508297942193e+01 3.188731881733649587e+01 4.266235763471257769e+01 5.150226682257704169e+01 5.898060813100130417e+01 6.546631347645563892e+01 7.118525934126985533e+01 7.627840672138816558e+01
