0.000000000000000000e+00 0.000000000000000000e+00
3.696919206046788364e+00 3.815395356843720442e+00
7.393838415651235785e+00 7.624871053290794620e+00
1.109075762929934861e+01 1.142898915442648899e+01
1.478767684530557958e+01 1.522823580243510655e+01
1.848459606551269019e+01 1.902303427648263323e+01
2.218151528671310047e+01 2.281375526457686220e+01
2.587843450968716041e+01 2.660072525625125905e+01
2.957535373848370597e+01 3.038423316121252782e+01
3.327227295940233631e+01 3.416453592067276190e+01
3.696919218189407275e+01 3.794186295610805360e+01
4.066611140660564416e+01 4.171642004110353241e+01
4.436303061659825175e+01 4.548839237832837057e+01
4.805994983832204070e+01 4.925794730480598815e+01
5.175686906130918885e+01 5.302523635788159595e+01
5.545378826701121966e+01 5.679039722257999045e+01
5.915070750143305389e+01 6.055355560928315128e+01
