0.000000000000000000e+00 0.000000000000000000e+00
3.223081091093499939e+00 3.341780959818432262e+00
6.446162186621696932e+00 6.677427217197889675e+00
9.669243285713317704e+00 1.000754009735411465e+01
1.289232438846265794e+01 1.333263731397538621e+01
1.611540549218155149e+01 1.665316760570375720e+01
1.933848659778261947e+01 1.996952246901135908e+01
2.256156770218213836e+01 2.328204545162433448e+01
2.578464881261837860e+01 2.659103950308464448e+01
2.900772990778730076e+01 2.989677320267438532e+01
3.223081103999241748e+01 3.319948576813423813e+01
3.545389215673086625e+01 3.649939111761088384e+01
3.867697325384361307e+01 3.979668127207187922e+01
4.190005435368785669e+01 4.309152929698541357e+01
4.512313546462226554e+01 4.638409159837951279e+01
4.834621658603732897e+01 4.967451017838091332e+01
5.156929775011271033e+01 5.296291414947049248e+01
