0.000000000000000000e+00 0.000000000000000000e+00
2.925229074602699431e+00 3.043983278628861200e+00
5.850458151359644532e+00 6.081696684285995858e+00
8.775687232823177197e+00 9.113766925909166261e+00
1.170091631758661777e+01 1.214073193247420690e+01
1.462614540456428536e+01 1.516305681535422423e+01
1.755137449350340617e+01 1.818114623767724680e+01
2.047660358152455018e+01 2.119535452781240537e+01
2.340183266687022723e+01 2.420599354517375446e+01
2.632706175837466844e+01 2.721333925876024296e+01
2.925229083784854822e+01 3.021763687786181407e+01
3.217751995309168223e+01 3.321910538419128756e+01
3.510274906671061501e+01 3.621794109077276858e+01
3.802797816051693047e+01 3.921432061463565333e+01
4.095320724136499990e+01 4.220840340260316736e+01
4.387843634421898287e+01 4.520033395201440385e+01
4.680366544679826291e+01 4.819024349214448932e+01
