0.000000000000000000e+00 0.000000000000000000e+00
2.947279583287262916e+00 3.066032578142762421e+00
5.894559169576337965e+00 6.125805243239578424e+00
8.841838760823316434e+00 9.179942816335943334e+00
1.178911835512364448e+01 1.222898172151401397e+01
1.473639795162310762e+01 1.527338583991143039e+01
1.768367754961415983e+01 1.831355888459172832e+01
2.063095714800923730e+01 2.134985438352386566e+01
2.357823676138464464e+01 2.438258352654704098e+01
2.652551637985613553e+01 2.741202175064157132e+01
2.947279600833656232e+01 3.043841379614976717e+01
3.242007560903392971e+01 3.346197836392243374e+01
3.536735523740309617e+01 3.648291132073237009e+01
3.831463483712097684e+01 3.950138906256915305e+01
4.126191442652427810e+01 4.251757084923447394e+01
4.420919405367948229e+01 4.553160095707836774e+01
4.715647364182660084e+01 4.854361051802212756e+01
