0.000000000000000000e+00 0.000000000000000000e+00 0.000000000000000000e+00 0.000000000000000000e+00 0.000000000000000000e+00 0.000000000000000000e+00 0.000000000000000000e+00 0.000000000000000000e+00 0.000000000000000000e+00
0.000000000000000000e+00 4.162149134605071410e+00 4.912623256494249802e+00 4.912623256494249802e+00 4.912623256494249802e+00 4.912623256494249802e+00 4.912623256494249802e+00 4.912623256494249802e+00 4.912623256494249802e+00
0.000000000000000000e+00 6.818699620601745615e+00 8.948805546899361474e+00 9.676145315908664557e+00 9.825246521774294806e+00 9.825246521774294806e+00 9.825246521774294806e+00 9.825246521774294806e+00 9.825246521774294806e+00
0.000000000000000000e+00 8.740715046380149289e+00 1.234120267429040751e+01 1.389403235642004120e+01 1.451876217197559171e+01 1.470607459756738855e+01 1.473786977847150936e+01 1.473786977847150936e+01 1.473786977847150936e+01
0.000000000000000000e+00 1.023591240360285859e+01 1.519632647012417337e+01 1.763096241215862392e+01 1.885511096768475880e+01 1.939917836911991600e+01 1.959445646258829399e+01 1.964361971228743187e+01 1.965049305178513706e+01
0.000000000000000000e+00 1.145482426954361266e+01 1.762299752508122097e+01 2.095953006347668435e+01 2.282180538944376025e+01 2.382006159030348869e+01 2.429847018356315047e+01 2.448968816687216687e+01 2.454896732734798803e+01
0.000000000000000000e+00 1.248135397849171468e+01 1.971342135034625542e+01 2.393498157577008811e+01 2.645051936808471993e+01 2.794702735095141577e+01 2.878556706912446117e+01 2.920805176688286764e+01 2.939070900113089380e+01
0.000000000000000000e+00 1.336670879787751076e+01 2.153888983042804384e+01 2.660455319935267937e+01 2.977786902821431880e+01 3.178981783959267560e+01 3.303074456963616967e+01 3.374830420497639238e+01 3.412402060729878883e+01
0.000000000000000000e+00 1.414429634267933977e+01 2.315301929350863475e+01 2.901045549432152271e+01 3.283623202229981075e+01 3.536944779385532200e+01 3.703333846051660316e+01 3.808510880609188121e+01 3.870774095193382891e+01
0.000000000000000000e+00 1.483705320586714826e+01 2.459608766939394187e+01 3.118988792500352503e+01 3.565374692187944561e+01 3.870869333961410064e+01 4.080424910844472208e+01 4.221195135649774244e+01 4.311762350147101586e+01
0.000000000000000000e+00 1.546137448353407962e+01 2.589864437347933190e+01 3.317488455452988205e+01 3.825547708587578910e+01 4.182875061091549185e+01 4.435862127174830505e+01 4.613318058399075738e+01 4.734392087295618978e+01
0.000000000000000000e+00 1.602936774613573334e+01 2.708417683442547741e+01 3.499256822419788193e+01 4.066406667753789606e+01 4.474862888307443143e+01 4.771227127617298436e+01 4.985835803370439123e+01 5.138654811745041684e+01
0.000000000000000000e+00 1.655021827458034167e+01 2.817100889016035126e+01 3.666568998159960557e+01 4.289997542768365690e+01 4.748541504845478300e+01 5.088020698906009898e+01 5.339898810126105388e+01 5.525090685951927583e+01
0.000000000000000000e+00 1.703105347721851004e+01 2.917364298259307986e+01 3.821326662603235036e+01 4.498156334017784985e+01 5.005463912811209326e+01 5.387619529851650668e+01 5.676683520027037844e+01 5.894506850924504704e+01
0.000000000000000000e+00 1.747751119558395771e+01 3.010371391413721653e+01 3.965119944747983993e+01 4.692517363337746161e+01 5.247052787934113383e+01 5.671278031657169549e+01 5.997315719149902691e+01 6.247810112275737993e+01
0.000000000000000000e+00 1.789412540217354319e+01 3.097067414523205642e+01 4.099282229836289559e+01 4.874525615266002632e+01 5.474614632940176762e+01 5.940144234484694152e+01 6.302842885693335973e+01 6.585916321400968343e+01
0.000000000000000000e+00 1.828459510333126659e+01 3.178229231422911738e+01 4.224936434185673306e+01 5.045452674881021693e+01 5.689347298288470256e+01 6.195276171669705434e+01 6.594230774911305559e+01 6.909705992736463998e+01
