0.000000000000000000e+00 0.000000000000000000e+00
2.947279583282034210e+00 3.066032578191921765e+00
5.894559171178789470e+00 6.125805243659852906e+00
8.841838762402385754e+00 9.179942816102659719e+00
1.178911835696883514e+01 1.222898173337819117e+01
1.473639795340255354e+01 1.527338585129227511e+01
1.768367755056977941e+01 1.831355889076578336e+01
2.063095714858975072e+01 2.134985440377425903e+01
2.357823674858671126e+01 2.438258356817036798e+01
2.652551634955376869e+01 2.741202175307153510e+01
2.947279597590701883e+01 3.043841384581548937e+01
3.242007560055348847e+01 3.346197840037213211e+01
3.536735523719443819e+01 3.648291136958019365e+01
3.831463483691265992e+01 3.950138913839626298e+01
4.126191442630141637e+01 4.251757091035437952e+01
4.420919401652999170e+01 4.553160100989252612e+01
4.715647365714227135e+01 4.854361058861073275e+01
