0.000000000000000000e+00 0.000000000000000000e+00
3.059733077567158510e+00 3.178472945883942913e+00
6.119466159397194183e+00 6.350736873802779847e+00
9.179199245039436406e+00 9.517406998966109200e+00
1.223893233409433634e+01 1.267901209152572406e+01
1.529866542545351216e+01 1.583600985562193841e+01
1.835839851657144450e+01 1.898879902759702887e+01
2.141813160865156007e+01 2.213772904538708275e+01
2.447786470265518588e+01 2.528310776513414737e+01
2.753759778949800108e+01 2.842520783664037154e+01
3.059733089669216710e+01 3.156427179035799213e+01
3.365706402226170013e+01 3.470051634384337547e+01
3.671679711411291436e+01 3.783413580846614366e+01
3.977653021108954334e+01 4.096530523266621771e+01
4.283626330566202967e+01 4.409418280052445027e+01
4.589599643160019582e+01 4.722091168446685572e+01
4.895572953813734784e+01 5.034562231623989703e+01
