0.000000000000000000e+00 0.000000000000000000e+00
2.838541542099556558e+00 2.957296824253266454e+00
5.677083084988341355e+00 5.908284591999095170e+00
8.515624635111880281e+00 8.853597472017391112e+00
1.135416618801941269e+01 1.179377934522405802e+01
1.419270774353521958e+01 1.472930005246951879e+01
1.703124930238882939e+01 1.766056817454289529e+01
1.986979085878884632e+01 2.058794117701962989e+01
2.270833241882965581e+01 2.351173349196521656e+01
2.554687397663791160e+01 2.643222316380928305e+01
2.838541553142762552e+01 2.934965720921574217e+01
3.122395712099307730e+01 3.226425606340112040e+01
3.406249871086734515e+01 3.517621724765712798e+01
3.690104030405898783e+01 3.808571840659296015e+01
3.973958185625990325e+01 4.099291988158599054e+01
4.257812344169860808e+01 4.389796687436955835e+01
4.541666499164272608e+01 4.680099126541125543e+01
