0.000000000000000000e+00 0.000000000000000000e+00
2.733573285399505171e+00 2.852317929201670932e+00
5.467146572089157885e+00 5.698279784056364150e+00
8.200719865742467363e+00 8.538528768085775766e+00
1.093429316188335498e+01 1.137361594213257554e+01
1.366786646035811970e+01 1.420401692373467029e+01
1.640143976088028666e+01 1.703014490420668281e+01
1.913501306250304879e+01 1.985236114230029614e+01
2.186858636023364966e+01 2.267098317786922124e+01
2.460215966086730077e+01 2.548629158703466402e+01
2.733573296375139705e+01 2.829853553416327117e+01
3.006930625684963587e+01 3.110793720977821408e+01
3.280287958497327594e+01 3.391469557734741613e+01
3.553645290392742595e+01 3.671898951964408297e+01
3.827002621426895956e+01 3.952098032887830925e+01
4.100359950733108860e+01 4.232081416729668888e+01
4.373717285821483358e+01 4.511862362342247934e+01
