0.000000000000000000e+00 0.000000000000000000e+00
3.105718143190042912e+00 3.224449292614750995e+00
6.211436290590405029e+00 6.442710433825620697e+00
9.317154441768540352e+00 9.655394716030006208e+00
1.242287259654390752e+01 1.286302780284023584e+01
1.552859075287059021e+01 1.606606485640458359e+01
1.863430890837572917e+01 1.926490261488622835e+01
2.174002706614054148e+01 2.245988881948296978e+01
2.484574524383133820e+01 2.565132996309111491e+01
2.795146341618095676e+01 2.883949756597369429e+01
3.105718160098331992e+01 3.202463320934546687e+01
3.416289976634141112e+01 3.520695280156672879e+01
3.726861793469087303e+01 3.838665005976134381e+01
4.037433608962493281e+01 4.156389942656156933e+01
4.348005428932094674e+01 4.473885858602653087e+01
4.658577250960856730e+01 4.791167046170590282e+01
4.969149073374801162e+01 5.108246506226215899e+01
