0.000000000000000000e+00 0.000000000000000000e+00 0.000000000000000000e+00 0.000000000000000000e+00 0.000000000000000000e+00 0.000000000000000000e+00 0.000000000000000000e+00 0.000000000000000000e+00 0.000000000000000000e+00
0.000000000000000000e+00 4.162107507126509454e+00 4.987777682420841074e+00 4.987777682420841074e+00 4.987777682420841074e+00 4.987777682420841074e+00 4.987777682420841074e+00 4.987777682420841074e+00 4.987777682420841074e+00
0.000000000000000000e+00 6.818602699655070154e+00 9.013086891226611996e+00 9.799552839433353313e+00 9.975555372737215265e+00 9.975555372737215265e+00 9.975555372737215265e+00 9.975555372737215265e+00 9.975555372737215265e+00
0.000000000000000000e+00 8.740554409115180334e+00 1.238845807462514159e+01 1.402215477177411884e+01 1.470633333279289090e+01 1.492294161469779468e+01 1.496333306194198443e+01 1.496333306194198443e+01 1.496333306194198443e+01
0.000000000000000000e+00 1.023568162582756003e+01 1.523067771052181563e+01 1.774495459480100834e+01 1.905015764317185401e+01 1.965308052182912490e+01 1.988066672098342735e+01 1.994169940516552586e+01 1.995111078197281529e+01
0.000000000000000000e+00 1.145451806756003954e+01 1.764843650950711762e+01 2.105478779251725641e+01 2.300693686874066302e+01 2.408484903414264977e+01 2.462125544809775590e+01 2.484591362000168502e+01 2.491977593520916656e+01
0.000000000000000000e+00 1.248096784467921694e+01 1.973272003830032517e+01 2.401269525318808817e+01 2.661742762575025978e+01 2.820552499634531785e+01 2.912222702078155478e+01 2.960127893162591661e+01 2.981800023726986737e+01
0.000000000000000000e+00 1.336623875429329544e+01 2.155386958605652481e+01 2.666759889450454679e+01 2.992390703016602771e+01 3.203216990663300834e+01 3.336456876198936072e+01 3.415814019700286508e+01 3.458902765281710856e+01
0.000000000000000000e+00 1.414373883925069464e+01 2.316488015077855067e+01 2.906177165855417144e+01 3.296188518706466652e+01 3.559076310856977443e+01 3.735350693447281856e+01 3.849543582561861399e+01 3.919185229875450460e+01
0.000000000000000000e+00 1.483640504016758221e+01 2.460563574602435111e+01 3.123197018436932737e+01 3.576097511522141303e+01 3.890727947191677316e+01 4.110441637310436391e+01 4.261139200362352142e+01 4.360533223529459690e+01
0.000000000000000000e+00 1.546063272283566725e+01 2.590643427283875866e+01 3.320971167077698283e+01 3.834673893078155515e+01 4.200489009092773074e+01 4.463555411848712140e+01 4.651432923391956820e+01 4.782357563585652827e+01
0.000000000000000000e+00 1.602852974153651289e+01 2.709059940368954145e+01 3.502166714322550689e+01 4.074180986381041691e+01 4.490373431701739548e+01 4.796483047372672104e+01 5.021679148326646924e+01 5.184999509423926867e+01
0.000000000000000000e+00 1.654928157497730012e+01 2.817634573036993828e+01 3.669022889817949817e+01 4.296640867825537669e+01 4.762145622325476779e+01 5.110862891507686356e+01 5.373241693665210050e+01 5.569279327451933170e+01
0.000000000000000000e+00 1.703001579268220667e+01 2.917810132470419049e+01 3.823413983264576643e+01 4.503858239808699437e+01 5.017377323436328851e+01 5.408158360873169812e+01 5.707446202464392826e+01 5.936215662644107738e+01
0.000000000000000000e+00 1.747637048572551777e+01 3.010744912395760764e+01 3.966909540715252547e+01 4.697436195348913657e+01 5.257487820423860825e+01 5.689674369403742560e+01 6.025520954876936486e+01 6.286870472278768318e+01
0.000000000000000000e+00 1.789287963412160920e+01 3.097380463401142237e+01 4.100827511837329098e+01 4.878791763158685058e+01 5.483768225157226794e+01 5.956583835518006964e+01 6.328582086688106756e+01 6.622271571582651006e+01
0.000000000000000000e+00 1.828324236647305767e+01 3.178490969106776376e+01 4.226279203273637819e+01 5.049172787728795697e+01 5.697395690989067418e+01 6.209952088248613222e+01 6.617639121275547609e+01 6.943379211876245449e+01
