0.000000000000000000e+00 0.000000000000000000e+00
3.036952813041468247e+00 3.155696274553728919e+00
6.073905630360759922e+00 6.305173207199468166e+00
9.110858451556628879e+00 9.449047942758792118e+00
1.214781127607600730e+01 1.258785082213179685e+01
1.518476410313886049e+01 1.572204078872157673e+01
1.822171692977299529e+01 1.885201760670540949e+01
2.125866975764248679e+01 2.197813151237004092e+01
2.429562258693680832e+01 2.510069106838132313e+01
2.733257544005063266e+01 2.821996945382767308e+01
3.036952826669721617e+01 3.133620964843926515e+01
3.340648109465608684e+01 3.444962877357603759e+01
3.644343393920284768e+01 3.756042151765925041e+01
3.948038679398584350e+01 4.066876312139578431e+01
4.251733961697635777e+01 4.377481200646203519e+01
4.555429247084601485e+01 4.687871162454167262e+01
4.859124529248568081e+01 4.998059257806847455e+01
