0.000000000000000000e+00 0.000000000000000000e+00
2.947279583283252347e+00 3.066032579987136408e+00
5.894559171170454803e+00 6.125805245197030402e+00
8.841838762176541522e+00 9.179942814898256032e+00
1.178911835653051199e+01 1.222898172018851071e+01
1.473639795291360421e+01 1.527338584015173950e+01
1.768367755112901207e+01 1.831355888571353319e+01
2.063095714958171456e+01 2.134985436867225062e+01
2.357823674624242472e+01 2.438258351572576288e+01
2.652551634828524385e+01 2.741202169022029977e+01
2.947279597181969280e+01 3.043841374921530729e+01
3.242007559647319681e+01 3.346197827993870533e+01
3.536735521368943580e+01 3.648291128697321284e+01
3.831463481344792399e+01 3.950138905762069896e+01
4.126191442606099002e+01 4.251757086223170035e+01
4.420919402012981436e+01 4.553160101185540043e+01
4.715647361028092632e+01 4.854361062408317196e+01
