0.000000000000000000e+00 0.000000000000000000e+00 0.000000000000000000e+00 0.000000000000000000e+00 0.000000000000000000e+00 0.000000000000000000e+00 0.000000000000000000e+00 0.000000000000000000e+00 0.000000000000000000e+00
0.000000000000000000e+00 4.162107502755842070e+00 6.691174006258999718e+00 6.691174006258999718e+00 6.691174006258999718e+00 6.691174006258999718e+00 6.691174006258999718e+00 6.691174006258999718e+00 6.691174006258999718e+00
0.000000000000000000e+00 6.818602697478760355e+00 1.054420988834210071e+01 1.230503683822648675e+01 1.338234802289141356e+01 1.338234802289141356e+01 1.338234802289141356e+01 1.338234802289141356e+01 1.338234802289141356e+01
0.000000000000000000e+00 8.740554409203751263e+00 1.356703318279179804e+01 1.661716240970918790e+01 1.864991261094410646e+01 1.957077212483368100e+01 2.007352204689476238e+01 2.007352204689476238e+01 2.007352204689476238e+01
0.000000000000000000e+00 1.023568162604313869e+01 1.611824086082857832e+01 2.012631553236059290e+01 2.299566307128224452e+01 2.482960694709470317e+01 2.601825864000772981e+01 2.652226284025024228e+01 2.676469611501953949e+01
0.000000000000000000e+00 1.145451806427778507e+01 1.832369155598145838e+01 2.312626069556257136e+01 2.672442627216002364e+01 2.932611598944009046e+01 3.119571596845445072e+01 3.235266290395236410e+01 3.305836457242389059e+01
0.000000000000000000e+00 1.248096783929244324e+01 2.025621164825754761e+01 2.577113258704614651e+01 3.001031046464053986e+01 3.326225133877570528e+01 3.575068278841075653e+01 3.753534501800637457e+01 3.877985779816899736e+01
0.000000000000000000e+00 1.336623875383550697e+01 2.196795379308992935e+01 2.814615171535710658e+01 3.296169538468883786e+01 3.678071403793958893e+01 3.982046477089153313e+01 4.216887585745797651e+01 4.394331236714384659e+01
0.000000000000000000e+00 1.414373884251525837e+01 2.349869913469280291e+01 3.030325539315918348e+01 3.564969087001904313e+01 3.997625952094168156e+01 4.350963612043957340e+01 4.635977459642172960e+01 4.862535710354057983e+01
0.000000000000000000e+00 1.483640504047148667e+01 2.487939738019498392e+01 3.227760999555697197e+01 3.812268769602906815e+01 4.291315119866649752e+01 4.689416901798620074e+01 5.019428010998438339e+01 5.290729414433436517e+01
0.000000000000000000e+00 1.546063275773987833e+01 2.613438075381432668e+01 3.409522499475206558e+01 4.041481163631045348e+01 4.563658171302864730e+01 5.002916986952807576e+01 5.373774878829528490e+01 5.685824451215769670e+01
0.000000000000000000e+00 1.602852977289703773e+01 2.728295876922822671e+01 3.577656152695958269e+01 4.255109037666471750e+01 4.817943942289083736e+01 5.295521519564666590e+01 5.703925370743060341e+01 6.053316025905713360e+01
0.000000000000000000e+00 1.654928160268568149e+01 2.834060361077774459e+01 3.733834492840431096e+01 4.455064838021247908e+01 5.056638457198606318e+01 5.570281158872901983e+01 6.013597055079993936e+01 6.397493929186640571e+01
0.000000000000000000e+00 1.703001581746821813e+01 2.931983572324755016e+01 3.879456005271288177e+01 4.642868060513364981e+01 5.281641345895641138e+01 5.829539965914350574e+01 6.305648757413730010e+01 6.721709710970233687e+01
0.000000000000000000e+00 1.747637051446871581e+01 3.023088704163443197e+01 4.015705927082126436e+01 4.819767255103779746e+01 5.494453698710458411e+01 6.075136904394091175e+01 6.582315910923006186e+01 7.028604700275076311e+01
0.000000000000000000e+00 1.789287965048354323e+01 3.108219910259787255e+01 4.143597500444780479e+01 4.986815986155924918e+01 5.696291158919386532e+01 6.308542796768605854e+01 6.845376051546202234e+01 7.320284973086319269e+01
0.000000000000000000e+00 1.828324236391400603e+01 3.188079985936717975e+01 4.264002289560769299e+01 5.144921018258275325e+01 5.888161282444046662e+01 6.530955396496679555e+01 7.096265403217121559e+01 7.598451175253065060e+01
