0.000000000000000000e+00 0.000000000000000000e+00
2.859992683238935740e+00 2.978748674941193109e+00
5.719985367587817393e+00 5.951197943490032394e+00
8.579978058909572880e+00 8.917980127422371339e+00
1.143997075281969700e+01 1.187963763435826081e+01
1.429996344991237933e+01 1.483663914239381043e+01
1.715995614972936778e+01 1.778939227499189002e+01
2.001994885459734164e+01 2.073825369424213250e+01
2.287994155019199383e+01 2.368353722314828502e+01
2.573993424881500403e+01 2.662552039575569296e+01
2.859992694028120752e+01 2.956444981169443054e+01
3.145991965922970479e+01 3.250054550104412243e+01
3.431991239525132187e+01 3.543400470299019389e+01
3.717990509526129017e+01 3.836500480382866130e+01
4.003989779086454348e+01 4.129370594817766715e+01
4.289989048074796330e+01 4.422025315843066551e+01
4.575988317104332737e+01 4.714477813851141264e+01
