0.000000000000000000e+00 0.000000000000000000e+00
3.748800930457435676e+00 3.867240468492105787e+00
7.497601864529094939e+00 7.728585125803329348e+00
1.124640280208930854e+01 1.158459175947992748e+01
1.499520374290834468e+01 1.543574309015906998e+01
1.874400468743753834e+01 1.928245960915297985e+01
2.249280563380575870e+01 2.312510971285756511e+01
2.624160656982531137e+01 2.696401799219307449e+01
2.999040752947497879e+01 3.079947181040240167e+01
3.373920846964385589e+01 3.463172685108450821e+01
3.748800941392883601e+01 3.846101145559348566e+01
4.123681036439415948e+01 4.228753049094957817e+01
4.498561131228521504e+01 4.611146831370012933e+01
4.873441226222148259e+01 4.993299161848545253e+01
5.248321320512867061e+01 5.375225145231061674e+01
5.623201417784046185e+01 5.756938515088950226e+01
5.998081514257351898e+01 6.138451783406026152e+01
