0.000000000000000000e+00 0.000000000000000000e+00
3.014316412289174352e+00 3.133062992990804485e+00
6.028632828841549163e+00 6.259896388794528477e+00
9.042949249122164801e+00 9.381119267058966926e+00
1.205726567281036843e+01 1.249726350560414367e+01
1.507158209925851722e+01 1.560878928836739732e+01
1.808589852208112347e+01 1.871609736838590621e+01
2.110021494918901652e+01 2.181953883552792917e+01
2.411453137696067728e+01 2.491942292815131310e+01
2.712884780501836701e+01 2.801602332403679441e+01
3.014316425496935636e+01 3.110958353772752716e+01
3.315748071105821282e+01 3.420032101548454762e+01
3.617179715545255192e+01 3.728843079949021444e+01
3.918611357431606734e+01 4.037408843265953351e+01
4.220043001904852531e+01 4.345745250979244645e+01
4.521474644082380223e+01 4.653866669642825826e+01
4.822906287137078607e+01 4.961786169745007413e+01
