0.000000000000000000e+00 0.000000000000000000e+00
2.991824423724759541e+00 3.110573616646386430e+00
5.983648851610662511e+00 6.214907459213017127e+00
8.975473282882663995e+00 9.313622528047252658e+00
1.196729771755111216e+01 1.240725222900398528e+01
1.495912215451322425e+01 1.549625797741370548e+01
1.795094659087212108e+01 1.858104155057658247e+01
2.094277102936921509e+01 2.166195482188664911e+01
2.393459546698504425e+01 2.473930768892850551e+01
2.692641990836195731e+01 2.781337442161839135e+01
2.991824436364838391e+01 3.088439895148815850e+01
3.291006883066417288e+01 3.395259917990093612e+01
3.590189327062932989e+01 3.701817037470493688e+01
3.889371770750584290e+01 4.008128837518869858e+01
4.188554214767060557e+01 4.314211197062547853e+01
4.487736660937238753e+01 4.620078515686200404e+01
4.786919106037370852e+01 4.925743862795378902e+01
