0.000000000000000000e+00 0.000000000000000000e+00
3.517742139558348580e+00 3.636318690861269243e+00
7.035484282682333834e+00 7.266636778330878954e+00
1.055322642920704723e+01 1.089153095543471572e+01
1.407096857816511815e+01 1.451149916055536693e+01
1.758871072996960194e+01 1.812697422156886518e+01
2.110645288339315329e+01 2.173833461450005444e+01
2.462419504021801231e+01 2.534591320039232443e+01
2.814193719799429871e+01 2.895000421062613682e+01
3.165967937375757657e+01 3.255086900470987388e+01
3.517742155197097276e+01 3.614874067999714669e+01
3.869516370075578493e+01 3.974382801977749580e+01
4.221290585732175771e+01 4.333631889276842486e+01
4.573064800756984027e+01 4.692638269593692257e+01
4.924839017291244403e+01 5.051417283725177754e+01
5.276613232615699189e+01 5.409982877497124321e+01
5.628387448525538872e+01 5.768347740698912673e+01
