0.000000000000000000e+00 0.000000000000000000e+00
3.696919206141175973e+00 3.815395356848084507e+00
7.393838416016363269e+00 7.624871053289348666e+00
1.109075762980324953e+01 1.142898915782890512e+01
1.478767684607059429e+01 1.522823579801927885e+01
1.848459606603691796e+01 1.902303427041118056e+01
2.218151528728699873e+01 2.281375525872757493e+01
2.587843450965871028e+01 2.660072522890069990e+01
2.957535373603274920e+01 3.038423313222121891e+01
3.327227294748848152e+01 3.416453589724001461e+01
3.696919219811627499e+01 3.794186297417894593e+01
4.066611143763699943e+01 4.171642010392712052e+01
4.436303068888001633e+01 4.548839247535810415e+01
4.805994990739603168e+01 4.925794739896781493e+01
5.175686917691729860e+01 5.302523645690880016e+01
5.545378839956914874e+01 5.679039738579771779e+01
5.915070763652857977e+01 6.055355583865318891e+01
