0.000000000000000000e+00 0.000000000000000000e+00
2.672445528845399210e+00 2.791178529135748931e+00
5.344891061532825560e+00 5.575973738633426713e+00
8.017336598652326174e+00 8.355034100213673653e+00
1.068978213831508484e+01 1.112891486269181485e+01
1.336222768004402361e+01 1.389809497903652691e+01
1.603467322296735631e+01 1.666299037533476479e+01
1.870711877177133431e+01 1.942396447745203503e+01
2.137956431559268111e+01 2.218133666445567798e+01
2.405200986587179557e+01 2.493538898046596586e+01
2.672445541040390893e+01 2.768637175430132658e+01
2.939690096365144711e+01 3.043450820933879442e+01
3.206934650898332961e+01 3.317999821907353208e+01
3.474179204441517044e+01 3.592302130084136991e+01
3.741423762544018672e+01 3.866373942624326077e+01
4.008668318841587563e+01 4.140229915890091661e+01
4.275912872388769159e+01 4.413883354859906660e+01
