0.000000000000000000e+00 0.000000000000000000e+00
3.543023441572151544e+00 3.661586020409625775e+00
7.086046886641004683e+00 7.317182998664266691e+00
1.062907033548167846e+01 1.096736552900345529e+01
1.417209378640697892e+01 1.461262987073336816e+01
1.771511724032433932e+01 1.825340747746533765e+01
2.125814069609320711e+01 2.189007570973375039e+01
2.480116413985707169e+01 2.552296651762749136e+01
2.834418759653384967e+01 2.915237337723091215e+01
3.188721107617824657e+01 3.277855702711069341e+01
3.543023454306380415e+01 3.640175003023057343e+01
3.897325800562367704e+01 4.002216075624885150e+01
4.251628145896439293e+01 4.363997662141051137e+01
4.605930493036888151e+01 4.725536682829327617e+01
4.960232838878099670e+01 5.086848451388520687e+01
5.314535184018208014e+01 5.447946883269769103e+01
5.668837532325650130e+01 5.808844650466347304e+01
