0.000000000000000000e+00 0.000000000000000000e+00
2.775100508385018205e+00 2.893850797116063411e+00
5.550201017213316490e+00 5.781364078343860236e+00
8.325301533734174697e+00 8.663179476828664960e+00
1.110040205283989678e+01 1.153984520850175599e+01
1.387550257453997737e+01 1.441183460269039962e+01
1.665060309984994547e+01 1.727955904356781502e+01
1.942570362419416696e+01 2.014337826480425520e+01
2.220080415219631931e+01 2.300360862341177892e+01
2.497590467555250626e+01 2.586052966021035715e+01
2.775100520136395232e+01 2.871438969139469322e+01
3.052610575424505157e+01 3.156541019679150750e+01
3.330120630504241319e+01 3.441378966171032516e+01
3.607630682918673415e+01 3.725970636135762959e+01
3.885140740359945255e+01 4.010332131507365716e+01
4.162650791820824736e+01 4.294478022892067770e+01
4.440160848993580345e+01 4.578421540489897978e+01
