0.000000000000000000e+00 0.000000000000000000e+00
2.881594695376595183e+00 3.000350910196616816e+00
5.763189391005610673e+00 5.994412144116981978e+00
8.644784094337079949e+00 8.982814164230573439e+00
1.152637880064127529e+01 1.196609790989491628e+01
1.440797350949548417e+01 1.494473088379249148e+01
1.728956822068701626e+01 1.791911971331613529e+01
2.017116293772894409e+01 2.088962031391506002e+01
2.305275764698508567e+01 2.385654582662049705e+01
2.593435236022399693e+01 2.682017331876634358e+01
2.881594706823858942e+01 2.978074886538718147e+01
3.169754180872357807e+01 3.273849225587702705e+01
3.457913655685288035e+01 3.569360031649397058e+01
3.746073127530221569e+01 3.864625021031729091e+01
4.034232603208494083e+01 4.159660183572775338e+01
4.322392075406330747e+01 4.454480005688809285e+01
4.610551550597039494e+01 4.749097651375258522e+01
