0.000000000000000000e+00 0.000000000000000000e+00
3.105718143424073929e+00 3.224449292363910313e+00
6.211436290926677373e+00 6.442710433582945484e+00
9.317154442230341616e+00 9.655394724029342512e+00
1.242287259706098013e+01 1.286302780759191933e+01
1.552859075358004048e+01 1.606606486068721651e+01
1.863430891058999350e+01 1.926490260662667708e+01
2.174002706861827505e+01 2.245988880018075662e+01
2.484574523301592563e+01 2.565132992603762574e+01
2.795146339107179401e+01 2.883949752779767550e+01
3.105718154894799810e+01 3.202463317163420697e+01
3.416289969584681785e+01 3.520695276335089829e+01
3.726861786421221723e+01 3.838665001812907462e+01
4.037433601969159724e+01 4.156389940497999191e+01
4.348005416971074055e+01 4.473885856892383117e+01
4.658577231965482213e+01 4.791167046207249314e+01
4.969149054182520331e+01 5.108246507521774760e+01
