0.000000000000000000e+00 0.000000000000000000e+00
2.817241985636253609e+00 2.935996070692247883e+00
5.634483971001819747e+00 5.865673519705208783e+00
8.451725964268279156e+00 8.789668349679114812e+00
1.126896796019716263e+01 1.170852589305827429e+01
1.408620995857249802e+01 1.462271717129292270e+01
1.690345196108625458e+01 1.753265169299243098e+01
1.972069396043541190e+01 2.043868767424790889e+01
2.253793595738963518e+01 2.334114021266367445e+01
2.535517795799882634e+01 2.624028784135405346e+01
2.817241995664231169e+01 2.913637807991658235e+01
3.098966198047681075e+01 3.202963165648870358e+01
3.380690401090571129e+01 3.492024639393407170e+01
3.662414602412542308e+01 3.780840018893952958e+01
3.944138806900613758e+01 4.069425360247470991e+01
4.225863006060254179e+01 4.357795200129811519e+01
4.507587209515621396e+01 4.645962735421162648e+01
