0.000000000000000000e+00 0.000000000000000000e+00
3.014316412285718005e+00 3.133062991646539786e+00
6.028632829008174099e+00 6.259896387573997245e+00
9.042949249355254793e+00 9.381119266424782666e+00
1.205726567272896688e+01 1.249726349859792940e+01
1.507158209881949773e+01 1.560878928164776269e+01
1.808589852477622983e+01 1.871609737957686548e+01
2.110021495195303487e+01 2.181953884192772364e+01
2.411453137912963030e+01 2.491942293518307139e+01
2.712884780830491138e+01 2.801602332807746620e+01
3.014316423480942575e+01 3.110958357277354480e+01
3.315748068061219556e+01 3.420032104752510094e+01
3.617179712345561882e+01 3.728843083151372184e+01
3.918611355707714949e+01 4.037408846260808559e+01
4.220043003199529608e+01 4.345745255351314995e+01
4.521474650511026994e+01 4.653866672307752594e+01
4.822906296263480641e+01 4.961786169112978229e+01
