0.000000000000000000e+00 0.000000000000000000e+00
3.392860402091783634e+00 3.511495647775304096e+00
6.785720807711784985e+00 7.016934020077874479e+00
1.017858121674872507e+01 1.051690216803001654e+01
1.357144162907655272e+01 1.401190634326326645e+01
1.696430204424633814e+01 1.750238607776567790e+01
2.035716246072587410e+01 2.098872537146930384e+01
2.375002287910630372e+01 2.447126154544262633e+01
2.714288330951082884e+01 2.795029250100456863e+01
3.053574374649170409e+01 3.142608271610594883e+01
3.392860415428691567e+01 3.489886779968276187e+01
3.732146459839249530e+01 3.836885879660569287e+01
4.071432500291531653e+01 4.183624524402829081e+01
4.410718541302708218e+01 4.530119817966274098e+01
4.750004582281548693e+01 4.876387221695221541e+01
5.089290623480614073e+01 5.222440789428558361e+01
5.428576664873253321e+01 5.568293304877890648e+01
