0.000000000000000000e+00 0.000000000000000000e+00
3.671014439742930513e+00 3.789505003279374673e+00
7.342028883135596651e+00 7.573078820441345727e+00
1.101304333044343231e+01 1.135128559276440363e+01
1.468405778044799348e+01 1.512461313981472522e+01
1.835507223358667517e+01 1.889348610164862663e+01
2.202608668817042314e+01 2.265827628622324141e+01
2.569710114541859269e+01 2.641931107381615362e+01
2.936811561654983649e+01 3.017688013647401846e+01
3.303913008220673220e+01 3.393124104007419817e+01
3.671014456446475549e+01 3.768262373692476075e+01
4.038115902191651685e+01 4.143123446244268138e+01
4.405217348251353116e+01 4.517725878185001420e+01
4.772318793479291799e+01 4.892086426131631782e+01
5.139420242792097326e+01 5.266220268894591072e+01
5.506521688336650300e+01 5.640141218049274130e+01
5.873623134442209448e+01 6.013861851344466913e+01
