0.000000000000000000e+00 0.000000000000000000e+00
3.543023441451604860e+00 3.661586020631370175e+00
7.086046886566964353e+00 7.317182998876593736e+00
1.062907033544743740e+01 1.096736553412659987e+01
1.417209378666309938e+01 1.461262988118506811e+01
1.771511724106471064e+01 1.825340748532572377e+01
2.125814069711021759e+01 2.189007571731741564e+01
2.480116415649480643e+01 2.552296652796690779e+01
2.834418762102902178e+01 2.915237340943443911e+01
3.188721110060275521e+01 3.277855702140149674e+01
3.543023455781795406e+01 3.640174998919604832e+01
3.897325801589337857e+01 4.002216075212217561e+01
4.251628146909912687e+01 4.363997666336369718e+01
4.605930492682472277e+01 4.725536686541750697e+01
4.960232843438463135e+01 5.086848451089056766e+01
5.314535188618051365e+01 5.447946885587612087e+01
5.668837536670263688e+01 5.808844649819143768e+01
