0.000000000000000000e+00 0.000000000000000000e+00
3.543023441576892640e+00 3.661586021020863946e+00
7.086046886522471944e+00 7.317182999240607444e+00
1.062907033535397261e+01 1.096736554078082904e+01
1.417209378664666453e+01 1.461262987710081873e+01
1.771511724062989401e+01 1.825340747387707196e+01
2.125814069694537523e+01 2.189007571121381446e+01
2.480116415498589078e+01 2.552296654569794043e+01
2.834418759862870019e+01 2.915237340871709648e+01
3.188721107824009948e+01 3.277855701805100352e+01
3.543023452418965036e+01 3.640175000964782015e+01
3.897325797712090178e+01 4.002216072798541546e+01
4.251628143070153953e+01 4.363997664165042067e+01
4.605930492292893064e+01 4.725536686434263345e+01
4.960232837804552730e+01 5.086848453574769735e+01
5.314535185911059756e+01 5.447946885240320114e+01
5.668837534135221290e+01 5.808844649433149243e+01
