0.000000000000000000e+00 0.000000000000000000e+00
3.036952814034205694e+00 3.155696274644181898e+00
6.073905631361228963e+00 6.305173207334281216e+00
9.110858452323922663e+00 9.449047943002048200e+00
1.214781127651438197e+01 1.258785081255433980e+01
1.518476410333227200e+01 1.572204077967719726e+01
1.822171693018330885e+01 1.885201758300869912e+01
2.125866975887839772e+01 2.197813149081927975e+01
2.429562258833998811e+01 2.510069106226579549e+01
2.733257541503101251e+01 2.821996944090593473e+01
3.036952825583399473e+01 3.133620963935851478e+01
3.340648111472721382e+01 3.444962873745802767e+01
3.644343396891876807e+01 3.756042145095335627e+01
3.948038681033250441e+01 4.066876307264138291e+01
4.251733966673526766e+01 4.377481195985723161e+01
4.555429248672356835e+01 4.687871164157917292e+01
4.859124530838118972e+01 4.998059252720302936e+01
