0.000000000000000000e+00 0.000000000000000000e+00
3.492569145712174805e+00 3.611159367845015122e+00
6.985138294932511371e+00 7.216306592679837983e+00
1.047770744773378837e+01 1.081602047027683611e+01
1.397027660290717321e+01 1.441080062715691312e+01
1.746284576067831296e+01 1.800108123677099314e+01
2.095541493010061629e+01 2.158724189951749040e+01
2.444798409224570435e+01 2.516961640535726730e+01
2.794055324701917442e+01 2.874849972627003325e+01
3.143312242827934000e+01 3.232415380967641738e+01
3.492569158715218691e+01 3.589681231378078508e+01
3.841826074670635194e+01 3.946668451719136783e+01
4.191082993399933088e+01 4.303395848738777829e+01
4.540339910870766715e+01 4.659880409435599802e+01
4.889596827034107918e+01 5.016137496826817710e+01
5.238853742788926127e+01 5.372181074259428613e+01
5.588110659626823207e+01 5.728023856332342945e+01
