0.000000000000000000e+00 0.000000000000000000e+00
2.991824423355487372e+00 3.110573616160330346e+00
5.983648851226590182e+00 6.214907458915926775e+00
8.975473282484527360e+00 9.313622528183252314e+00
1.196729771711103218e+01 1.240725222704760000e+01
1.495912215421541092e+01 1.549625797552632633e+01
1.795094659071372689e+01 1.858104154873085179e+01
2.094277102921826383e+01 2.166195481817754853e+01
2.393459546711493147e+01 2.473930769552850961e+01
2.692641989743749775e+01 2.781337446172856431e+01
2.991824433453602694e+01 3.088439898921719262e+01
3.291006880168150417e+01 3.395259916858415039e+01
3.590189327743396319e+01 3.701817032409702790e+01
3.889371770570460285e+01 4.008128832647581419e+01
4.188554213556072625e+01 4.314211193019812640e+01
4.487736656587384232e+01 4.620078506205260283e+01
4.786919099647397502e+01 4.925743853509172254e+01
