0.000000000000000000e+00 0.000000000000000000e+00
3.801084468225848223e+00 3.919489544892410748e+00
7.602168939850941776e+00 7.833106799003335396e+00
1.140325341550096638e+01 1.174140533757063665e+01
1.520433789368309085e+01 1.564486450170146092e+01
1.900542237568156878e+01 1.954390200228411345e+01
2.280650686016198136e+01 2.343888401085717632e+01
2.660759133859060555e+01 2.733013324572588232e+01
3.040867583691592202e+01 3.121793557663598762e+01
3.420976032400274391e+01 3.510254531118531673e+01
3.801084480814449762e+01 3.898418980405101308e+01
4.181192931758509701e+01 4.286307298132655319e+01
4.561301384067890297e+01 4.673937854992887253e+01
4.941409832618260367e+01 5.061327241795606824e+01
5.321518282703749492e+01 5.448490514144559427e+01
5.701626733355352883e+01 5.835441359859699162e+01
6.081735183965159308e+01 6.222192255158543617e+01
