0.000000000000000000e+00 0.000000000000000000e+00
3.492569145739834457e+00 3.611159367980024459e+00
6.985138294847659246e+00 7.216306592810912690e+00
1.047770744769844597e+01 1.081602047412846446e+01
1.397027660266711990e+01 1.441080062144305352e+01
1.746284576028279645e+01 1.800108122761220386e+01
2.095541492014397633e+01 2.158724189069699406e+01
2.444798408275748614e+01 2.516961639211972823e+01
2.794055324952971375e+01 2.874849971650017721e+01
3.143312243107995130e+01 3.232415378732012812e+01
3.492569157719960060e+01 3.589681224539552318e+01
3.841826073516334361e+01 3.946668439414865759e+01
4.191082989532098679e+01 4.303395838379643834e+01
4.540339910465395690e+01 4.659880397848466771e+01
4.889596828102466475e+01 5.016137486736111128e+01
5.238853742957216753e+01 5.372181064125836514e+01
5.588110662535801509e+01 5.728023841794438908e+01
