0.000000000000000000e+00 0.000000000000000000e+00 0.000000000000000000e+00 0.000000000000000000e+00 0.000000000000000000e+00 0.000000000000000000e+00 0.000000000000000000e+00 0.000000000000000000e+00 0.000000000000000000e+00
0.000000000000000000e+00 4.162107474570630572e+00 5.027515248315387097e+00 5.027515248315387097e+00 5.027515248315387097e+00 5.027515248315387097e+00 5.027515248315387097e+00 5.027515248315387097e+00 5.027515248315387097e+00
0.000000000000000000e+00 6.818602649860544318e+00 9.047206560384946528e+00 9.864163948125996839e+00 1.005503050225710560e+01 1.005503050225710560e+01 1.005503050225710560e+01 1.005503050225710560e+01 1.005503050225710560e+01
0.000000000000000000e+00 8.740554352027231744e+00 1.241363362269791182e+01 1.408922326782955814e+01 1.480474290833351247e+01 1.503715925693999367e+01 1.508254575411557497e+01 1.508254575411557497e+01 1.508254575411557497e+01
0.000000000000000000e+00 1.023568156722219591e+01 1.524904365627361003e+01 1.780479238429668598e+01 1.915208183045719181e+01 1.978610418512957025e+01 2.003132865644423788e+01 2.009909480549420380e+01 2.011006101641228838e+01
0.000000000000000000e+00 1.145451800418921628e+01 1.766209167949909187e+01 2.110496745918781869e+01 2.310361441827081563e+01 2.422306350598864100e+01 2.479031606249460040e+01 2.503327731567493686e+01 2.511546086033165182e+01
0.000000000000000000e+00 1.248096777799907997e+01 1.974313108266053618e+01 2.405377643787304720e+01 2.670470248945864356e+01 2.834021732142057459e+01 2.929788029865293453e+01 2.980717433688552020e+01 3.004265255947391822e+01
0.000000000000000000e+00 1.336623868540430138e+01 2.156200409094881110e+01 2.670103661432991515e+01 3.000044466027299706e+01 3.215842688769422608e+01 3.353833692501942210e+01 3.437192585375370868e+01 3.483248543729371249e+01
0.000000000000000000e+00 1.414373876820331688e+01 2.317137749371670452e+01 2.908907506266208998e+01 3.302791704968057473e+01 3.570617183308775822e+01 3.751999686621824992e+01 3.870891718903174450e+01 3.944437927259841103e+01
0.000000000000000000e+00 1.483640496748280668e+01 2.461092643383257439e+01 3.125443230134864692e+01 3.581748135602583716e+01 3.901101187467683928e+01 4.126050789686951958e+01 4.281889311288740174e+01 4.385902577107417244e+01
0.000000000000000000e+00 1.546063264910518420e+01 2.591081514341949443e+01 3.322836429355793086e+01 3.839496256902030780e+01 4.209709273984110212e+01 4.477967746707464869e+01 4.671220894907108345e+01 4.807261490231597634e+01
0.000000000000000000e+00 1.602852966623002118e+01 2.709428002781499245e+01 3.503731015657906056e+01 4.078299845092227827e+01 4.498511485724442593e+01 4.809644607762190560e+01 5.040290270475924217e+01 5.209036922161864425e+01
0.000000000000000000e+00 1.654928149862285380e+01 2.817947746716919610e+01 3.670347661213802581e+01 4.300169567135530713e+01 4.769300372601247773e+01 5.122787015443542202e+01 5.390566598823416911e+01 5.592190350646317398e+01
0.000000000000000000e+00 1.703001571528542613e+01 2.918079575950853055e+01 3.824546416198256793e+01 4.506894599586604500e+01 5.023657619798025564e+01 5.418900879175674845e+01 5.723448456731756551e+01 5.957845241208916320e+01
0.000000000000000000e+00 1.747637040749140525e+01 3.010979005831854849e+01 3.967886040165801376e+01 4.700062324399811331e+01 5.263001355059459030e+01 5.699316051603053523e+01 6.040213957264826661e+01 6.307139507702589754e+01
0.000000000000000000e+00 1.789287955480267200e+01 3.097585610465388939e+01 4.101676392649899583e+01 4.881075564232374120e+01 5.488615397692402098e+01 5.965217971180108236e+01 6.342012566739040835e+01 6.641155344812878525e+01
0.000000000000000000e+00 1.828324228575459642e+01 3.178672139027027299e+01 4.227022662660245089e+01 5.051169985949644570e+01 5.701666812371248483e+01 6.217675915853365609e+01 6.629875154364516732e+01 6.960891539526301131e+01
