0.000000000000000000e+00 0.000000000000000000e+00
2.969478381508010578e+00 3.088229706772646743e+00
5.938956766463009629e+00 6.170209533816643166e+00
8.908435154919018828e+00 9.246562387801814609e+00
1.187791354657390741e+01 1.231782320319479496e+01
1.484739194053362255e+01 1.538445462532933306e+01
1.781687033455459357e+01 1.844685941292694764e+01
2.078634871996578681e+01 2.150539026068203441e+01
2.375582711366388367e+01 2.456035771850378069e+01
2.672530551218100214e+01 2.761203662720040342e+01
2.969478392807274858e+01 3.066067133035912917e+01
3.266426235043060444e+01 3.370648009001683221e+01
3.563374078621290408e+01 3.674965855743252519e+01
3.860321917057515151e+01 3.979038283698054812e+01
4.157269756072396660e+01 4.282881189279946454e+01
4.454217596710965665e+01 4.586508990895397631e+01
4.751165435521905778e+01 4.889934785341972656e+01
