0.000000000000000000e+00 0.000000000000000000e+00
2.925229073532918278e+00 3.043983278235066869e+00
5.850458147344900439e+00 6.081696684548912657e+00
8.775687228820146402e+00 9.113766913834375316e+00
1.170091631358566886e+01 1.214073191933689344e+01
1.462614540068931035e+01 1.516305680177881143e+01
1.755137448944233824e+01 1.818114621681684895e+01
2.047660357747584214e+01 2.119535450766534979e+01
2.340183266322934585e+01 2.420599356922977563e+01
2.632706175452685926e+01 2.721333924183315389e+01
2.925229083403044683e+01 3.021763685652085130e+01
3.217751993158516655e+01 3.321910535145534027e+01
3.510274905892217134e+01 3.621794105029592004e+01
3.802797815645212154e+01 3.921432057522593340e+01
4.095320724790549605e+01 4.220840336529171566e+01
4.387843633857934122e+01 4.520033391779392673e+01
4.680366545791558508e+01 4.819024348153175197e+01
