0.000000000000000000e+00 0.000000000000000000e+00
3.645237365823215558e+00 3.763743491761335491e+00
7.290474735280225715e+00 7.521544130647705551e+00
1.093571210844538477e+01 1.127396814312722739e+01
1.458094948432323790e+01 1.502150506313130762e+01
1.822618686358248397e+01 1.876458090053898786e+01
2.187142424453971756e+01 2.250356856498517288e+01
2.551666162769537038e+01 2.623879635419029910e+01
2.916189899282889186e+01 2.997055476488679204e+01
3.280713635800589856e+01 3.369910191984422454e+01
3.645237376744572089e+01 3.742466837807737079e+01
4.009761115270838161e+01 4.114746074637460538e+01
4.374284855478546774e+01 4.486766494008934814e+01
4.738808592220248528e+01 4.858544893649917640e+01
5.103332329534835310e+01 5.230096482502015931e+01
5.467856067916345353e+01 5.601435078983048754e+01
5.832379806459340443e+01 5.972573290137626145e+01
