0.000000000000000000e+00 0.000000000000000000e+00
3.671014439724360479e+00 3.789505003289463492e+00
7.342028883133474793e+00 7.573078820456121463e+00
1.101304333026780569e+01 1.135128558715611291e+01
1.468405776949448693e+01 1.512461313610739744e+01
1.835507222229966828e+01 1.889348609763121090e+01
2.202608667724221192e+01 2.265827628191410525e+01
2.569710113443007415e+01 2.641931105257234691e+01
2.936811560600472149e+01 3.017688009653132397e+01
3.303913005820380988e+01 3.393124099281212125e+01
3.671014449709016958e+01 3.768262367226853371e+01
4.038115895539807099e+01 4.143123437192105030e+01
4.405217344665038581e+01 4.517725867924374938e+01
4.772318794717740786e+01 4.892086415892359241e+01
5.139420244153109252e+01 5.266220262059533752e+01
5.506521689362443794e+01 5.640141211231247098e+01
5.873623136521232624e+01 6.013861844841495952e+01
