0.000000000000000000e+00 0.000000000000000000e+00
3.368291138614979197e+00 3.486939472753900038e+00
6.736582281952701479e+00 6.967810173466832957e+00
1.010487342883687134e+01 1.044320125564496848e+01
1.347316457934998724e+01 1.391362065217616006e+01
1.684145573125474726e+01 1.737950925628108223e+01
2.020974688507822492e+01 2.084125214418488525e+01
2.357803804034739059e+01 2.429918757589092593e+01
2.694632918476656158e+01 2.775361428341444281e+01
3.031462036089562417e+01 3.120479723297789576e+01
3.368291153027006146e+01 3.465297267266899439e+01
3.705120269721046355e+01 3.809835194439982331e+01
4.041949384667532996e+01 4.154112508322823771e+01
4.378778499500676702e+01 4.498146332482696153e+01
4.715607618143172886e+01 4.841952168493970277e+01
5.052436733232221400e+01 5.185544079738571099e+01
5.389265848478476784e+01 5.528934878223114424e+01
