0.000000000000000000e+00 0.000000000000000000e+00
3.442498935520133418e+00 3.561113043968558323e+00
6.884997874784363425e+00 7.116191236120574359e+00
1.032749681769341521e+01 1.066581752372015757e+01
1.376999576356958954e+01 1.421049484905617177e+01
1.721249471164518852e+01 1.775066007544976543e+01
2.065499366343811971e+01 2.128669501290798394e+01
2.409749262569490469e+01 2.481893521832436633e+01
2.753999158397432367e+01 2.834767720290979298e+01
3.098249052242806556e+01 3.187318412554972724e+01
3.442498946051100006e+01 3.539569066497254823e+01
3.786748841177805502e+01 3.891540689769215078e+01
4.130998737628393513e+01 4.243252180106817661e+01
4.475248637458541623e+01 4.594720561779340073e+01
4.819498532150815606e+01 4.945961265484549330e+01
5.163748430499417452e+01 5.296988294164654576e+01
5.507998325190052924e+01 5.647814396261199477e+01
