0.000000000000000000e+00 0.000000000000000000e+00
2.796094796784653447e+00 2.914847217008362357e+00
5.592189593755884758e+00 5.823366326797465575e+00
8.388284398684774601e+00 8.726195149750470392e+00
1.118437920610565328e+01 1.162388048603612845e+01
1.398047401637281695e+01 1.451689447717129866e+01
1.677656883053415271e+01 1.740564759991163513e+01
1.957266364220831889e+01 2.029049882681675498e+01
2.236875845416565767e+01 2.317176387904431323e+01
2.516485326633710784e+01 2.604972177397374722e+01
2.796094808281367960e+01 2.892462045277653360e+01
3.075704291684227343e+01 3.179668105302612702e+01
3.355313775801071330e+01 3.466610167064153813e+01
3.634923255901162520e+01 3.753306046285168662e+01
3.914532735987465628e+01 4.039771815780694908e+01
4.194142219800698257e+01 4.326022033986131987e+01
4.473751699841156437e+01 4.612069916796276914e+01
