0.000000000000000000e+00 0.000000000000000000e+00
2.947279584308489575e+00 3.066032578214868742e+00
5.894559168105490521e+00 6.125805243365491926e+00
8.841838759385137081e+00 9.179942813780160193e+00
1.178911835399373587e+01 1.222898172357501068e+01
1.473639795092121219e+01 1.527338583978759345e+01
1.768367754885446885e+01 1.831355887919156089e+01
2.063095714609759312e+01 2.134985437799839048e+01
2.357823674218099086e+01 2.438258351294717841e+01
2.652551634305803674e+01 2.741202169100952801e+01
2.947279592827673866e+01 3.043841373830560570e+01
3.242007555258170726e+01 3.346197823897274048e+01
3.536735518616342233e+01 3.648291119802243543e+01
3.831463478590139005e+01 3.950138897074912592e+01
4.126191443809791792e+01 4.251757075143476072e+01
4.420919405458582219e+01 4.553160089638997476e+01
4.715647368316401611e+01 4.854361053141121829e+01
