0.000000000000000000e+00 0.000000000000000000e+00
2.652380110504084954e+00 2.771108336694528163e+00
5.304760221294777089e+00 5.535824436475573762e+00
7.957140339954923647e+00 8.294798506684085027e+00
1.060952046134045368e+01 1.104858718607914270e+01
1.326190058473115485e+01 1.379767049545209368e+01
1.591428070880125389e+01 1.654246525704575532e+01
1.856666084198889166e+01 1.928333561745856173e+01
2.121904096716603050e+01 2.202060156426386328e+01
2.387142109327616879e+01 2.475454558651730963e+01
2.652380122364115422e+01 2.748541845699592656e+01
2.917618136393641493e+01 3.021344369451517053e+01
3.182856152152671569e+01 3.293882143265646789e+01
3.448094167769833973e+01 3.566173146426339713e+01
3.713332181613134964e+01 3.838233592634146873e+01
3.978570195086113870e+01 4.110078157734949400e+01
4.243808206767644720e+01 4.381720158713554270e+01
