0.000000000000000000e+00 0.000000000000000000e+00
2.652380110947799796e+00 2.771108340611473597e+00
5.304760224635346688e+00 5.535824448979813184e+00
7.957140343356812195e+00 8.294798520006597897e+00
1.060952046476953825e+01 1.104858719618136220e+01
1.326190058830716545e+01 1.379767051796712884e+01
1.591428071251934639e+01 1.654246528291680818e+01
1.856666084596421484e+01 1.928333563931267491e+01
2.121904097112295773e+01 2.202060153487071048e+01
2.387142109667365730e+01 2.475454557080286833e+01
2.652380122310824007e+01 2.748541844198616957e+01
2.917618134447952372e+01 3.021344368001492597e+01
3.182856150101791570e+01 3.293882140986761442e+01
3.448094165724077698e+01 3.566173144639691373e+01
3.713332177555437852e+01 3.838233588903106863e+01
3.978570194616033717e+01 4.110078153991638317e+01
4.243808210851528884e+01 4.381720151609933112e+01
