0.000000000000000000e+00 0.000000000000000000e+00
2.991824423361108654e+00 3.110573616467688929e+00
5.983648851175864536e+00 6.214907455984202578e+00
8.975473282500452399e+00 9.313622523044450929e+00
1.196729771725176761e+01 1.240725222183667498e+01
1.495912215420132085e+01 1.549625797053569265e+01
1.795094659114502633e+01 1.858104154408756870e+01
2.094277102894077203e+01 2.166195479884684971e+01
2.393459546473789246e+01 2.473930766502264689e+01
2.692641990577048716e+01 2.781337443059369008e+01
2.991824434124770349e+01 3.088439896025775511e+01
3.291006880832004100e+01 3.395259915649452864e+01
3.590189323705720170e+01 3.701817034197630818e+01
3.889371767423023130e+01 4.008128834243414929e+01
4.188554210411802359e+01 4.314211195083655070e+01
4.487736653448523327e+01 4.620078507743876628e+01
4.786919101608934568e+01 4.925743857087583422e+01
