0.000000000000000000e+00 0.000000000000000000e+00
2.947279583282125248e+00 3.066032580004709907e+00
5.894559171114844176e+00 6.125805245121911824e+00
8.841838762292933751e+00 9.179942821140638642e+00
1.178911835664754726e+01 1.222898172853586729e+01
1.473639795301786748e+01 1.527338583717367193e+01
1.768367755092944549e+01 1.831355887722214959e+01
2.063095714866327413e+01 2.134985438635356303e+01
2.357823673374538487e+01 2.438258352104053017e+01
2.652551633466846681e+01 2.741202173090857741e+01
2.947279596314359296e+01 3.043841381658716472e+01
3.242007558781426724e+01 3.346197837349880899e+01
3.536735523133079084e+01 3.648291132928005709e+01
3.831463483448721519e+01 3.950138909912476493e+01
4.126191444336991765e+01 4.251757086147713949e+01
4.420919407443548010e+01 4.553160100182115855e+01
4.715647371671524013e+01 4.854361058396513329e+01
