0.000000000000000000e+00 0.000000000000000000e+00
3.619544356526623652e+00 3.738065385801212503e+00
7.239088716544309854e+00 7.470176305036360098e+00
1.085863308153169271e+01 1.119690108546348384e+01
1.447817744754694225e+01 1.491873094112790099e+01
1.809772181723583628e+01 1.863609324489905816e+01
2.171726619687733262e+01 2.234936203935596666e+01
2.533681057103485657e+01 2.605886653766602734e+01
2.895635493003792860e+01 2.976489797225264056e+01
3.257589932285793566e+01 3.346771513875665960e+01
3.619544370576377190e+01 3.716754907658063445e+01
3.981498806916213340e+01 4.086460686995980041e+01
4.343453243984109235e+01 4.455907483760115184e+01
4.705407680847314111e+01 4.825112119563781476e+01
5.067362117645877362e+01 5.194089829020806803e+01
5.429316554126386052e+01 5.562854458626587473e+01
5.791270995265490740e+01 5.931418634921212174e+01
