0.000000000000000000e+00 0.000000000000000000e+00
3.722824604939030557e+00 3.841282793321560973e+00
7.445649213718733783e+00 7.676657823703672889e+00
1.116847382610248296e+01 1.150668502212099042e+01
1.489129844127674929e+01 1.533184881399006727e+01
1.861412306072502076e+01 1.915257108068624348e+01
2.233694768140538400e+01 2.296922139464689039e+01
2.605977230147269097e+01 2.678212526902781576e+01
2.978259693617233239e+01 3.059157089053712753e+01
3.350542155410717271e+01 3.439781447251782254e+01
3.722824620038586829e+01 3.820108500845692845e+01
4.095107082544359400e+01 4.200158775699930658e+01
4.467389544930340861e+01 4.579950756380698351e+01
4.839672007744622562e+01 4.959501132996273753e+01
5.211954469553141678e+01 5.338825043433709538e+01
5.584236931359841094e+01 5.717936238665043902e+01
5.956519397809616834e+01 6.096847264067329064e+01
