0.000000000000000000e+00 0.000000000000000000e+00
3.645237365819693931e+00 3.763743491760207061e+00
7.290474735644600912e+00 7.521544130659407301e+00
1.093571210860369192e+01 1.127396815864018009e+01
1.458094948456837692e+01 1.502150508650483118e+01
1.822618686353202833e+01 1.876458091974884468e+01
2.187142423277345671e+01 2.250356858339899091e+01
2.551666161618590678e+01 2.623879640488376452e+01
2.916189899989324630e+01 2.997055479118853327e+01
3.280713637729903098e+01 3.369910194890391608e+01
3.645237378629644809e+01 3.742466840271769968e+01
4.009761117037056266e+01 4.114746075328400821e+01
4.374284858119959551e+01 4.486766496983132413e+01
4.738808599970640500e+01 4.858544893008772192e+01
5.103332337799611196e+01 5.230096481005728037e+01
5.467856074672195632e+01 5.601435081902461377e+01
5.832379811317526475e+01 5.972573293173483933e+01
