0.000000000000000000e+00 0.000000000000000000e+00
3.295089445364104197e+00 3.413764473675297229e+00
6.590178895287483130e+00 6.821427091750383198e+00
9.885268348745812617e+00 1.022358310486330879e+01
1.318035780559143078e+01 1.362074534013671467e+01
1.647544726336695931e+01 1.701335864597260183e+01
1.977053672403735618e+01 2.040181129886056510e+01
2.306562618538906051e+01 2.378644423155719068e+01
2.636071564794312749e+01 2.716755823920635393e+01
2.965580509668500753e+01 3.054542019547560372e+01
3.295089459730136383e+01 3.392026774549054835e+01
3.624598406007488194e+01 3.729231361276141143e+01
3.954107351884982080e+01 4.066174872425176545e+01
4.283616297349851720e+01 4.402874527066072119e+01
4.613125248845105375e+01 4.739345897558386156e+01
4.942634194400706349e+01 5.075603125299899432e+01
5.272143141097842545e+01 5.411659060134419974e+01
