0.000000000000000000e+00 0.000000000000000000e+00
3.645237365794630868e+00 3.763743491779762529e+00
7.290474735223357428e+00 7.521544130684280738e+00
1.093571210871665400e+01 1.127396815947083830e+01
1.458094948462276363e+01 1.502150507783555611e+01
1.822618686379041009e+01 1.876458090908454324e+01
2.187142424462760459e+01 2.250356857318671899e+01
2.551666161713020387e+01 2.623879636216519629e+01
2.916189900860205597e+01 2.997055475208104980e+01
3.280713637365457203e+01 3.369910191270083999e+01
3.645237378322620714e+01 3.742466835933896618e+01
4.009761115165834866e+01 4.114746073731259912e+01
4.374284852476095864e+01 4.486766497412486387e+01
4.738808590284764932e+01 4.858544897458150302e+01
5.103332330352323254e+01 5.230096479744874216e+01
5.467856067855861113e+01 5.601435074630870758e+01
5.832379806961718316e+01 5.972573285900340068e+01
