0.000000000000000000e+00 0.000000000000000000e+00 0.000000000000000000e+00 0.000000000000000000e+00 0.000000000000000000e+00 0.000000000000000000e+00 0.000000000000000000e+00 0.000000000000000000e+00 0.000000000000000000e+00
0.000000000000000000e+00 4.162149106642356600e+00 6.149584546974723231e+00 6.149584546974723231e+00 6.149584546974723231e+00 6.149584546974723231e+00 6.149584546974723231e+00 6.149584546974723231e+00 6.149584546974723231e+00
0.000000000000000000e+00 6.818699580586781828e+00 1.004329746166556170e+01 1.155360142431551118e+01 1.229916911477533858e+01 1.229916911477533858e+01 1.229916911477533858e+01 1.229916911477533858e+01 1.229916911477533858e+01
0.000000000000000000e+00 8.740715000766293485e+00 1.317091614972660985e+01 1.583982967890445615e+01 1.743791789268060910e+01 1.814234064604278629e+01 1.844875367230622487e+01 1.844875367230622487e+01 1.844875367230622487e+01
0.000000000000000000e+00 1.023591235230556151e+01 1.581382933833167037e+01 1.940029069278232754e+01 2.180467641806238177e+01 2.327571533628307066e+01 2.412487590153779138e+01 2.446857146648037329e+01 2.459833824050416240e+01
0.000000000000000000e+00 1.145482421431939102e+01 1.808871513211497017e+01 2.248002460354479126e+01 2.560621406057486382e+01 2.777084200392835101e+01 2.921876118236348319e+01 3.006789795568872847e+01 3.052351142629466096e+01
0.000000000000000000e+00 1.248135392146591371e+01 2.007216114564145215e+01 2.520992802726970439e+01 2.898331293168365974e+01 3.176627929513622206e+01 3.378798179085089259e+01 3.516927861832753877e+01 3.605722103520660937e+01
0.000000000000000000e+00 1.336670874151354482e+01 2.182130208707704000e+01 2.766456024107503353e+01 3.203102949202927618e+01 3.537183256307694990e+01 3.792222595926167372e+01 3.981183839601307284e+01 4.115873277664029217e+01
0.000000000000000000e+00 1.414429628350270640e+01 2.337986627951283936e+01 2.989177504485906667e+01 3.481389406701612899e+01 3.866579605269009789e+01 4.170136478215631826e+01 4.406260638858326217e+01 4.585637252232076833e+01
0.000000000000000000e+00 1.483705314467140646e+01 2.478160323542386578e+01 3.192595346798130862e+01 3.737662557399944063e+01 4.170403367109724257e+01 4.518806356902564403e+01 4.798481116259028312e+01 5.019987241975736936e+01
0.000000000000000000e+00 1.546137442118103067e+01 2.605277418727015259e+01 3.379380630241470129e+01 3.975134791905470877e+01 4.452724910021632354e+01 4.842993746339874406e+01 5.163063861911057018e+01 5.423914137648840494e+01
0.000000000000000000e+00 1.602936768328305916e+01 2.721401589622055184e+01 3.551703728425339790e+01 4.196220219782503591e+01 4.716580831514135497e+01 5.146319835736522919e+01 5.504147128322475169e+01 5.801752255971202032e+01
0.000000000000000000e+00 1.655021821071652610e+01 2.828172236467341349e+01 3.711370122387270953e+01 4.402817742977448034e+01 4.964292396741435454e+01 5.431574262402176601e+01 5.824985546669422831e+01 6.157079333405937405e+01
0.000000000000000000e+00 1.703105341221487379e+01 2.926906353986903042e+01 3.859900443216042731e+01 4.596480709387806485e+01 5.197680196019355492e+01 5.700942137182447311e+01 6.128151136785830033e+01 6.492800312379878847e+01
0.000000000000000000e+00 1.747751113107801046e+01 3.018673597705029010e+01 3.998584820540198592e+01 4.778518142478103670e+01 5.418210513212162027e+01 5.956165318495970951e+01 6.415697753303723516e+01 6.811269681301882883e+01
0.000000000000000000e+00 1.789412533788351567e+01 3.104351869304361244e+01 4.128523463382840930e+01 4.950056192859658211e+01 5.627095335936715514e+01 6.198657018191341450e+01 6.689286476315848518e+01 7.114405373383544884e+01
0.000000000000000000e+00 1.828459503834838529e+01 3.184668883576199150e+01 4.250658778729472687e+01 5.112076888392272167e+01 5.825360479937980074e+01 6.429584323609023500e+01 6.950278905389129136e+01 7.403782593748266549e+01
