6.655942476570957922e+01
6.658244045961478719e+01
6.666055979663508424e+01
6.669769810938744570e+01
6.704181395683951905e+01
6.721966483660145286e+01
6.722360574260120814e+01
6.738373598800194486e+01
6.752551059173968895e+01
6.778579330722058671e+01
6.799878569317412769e+01
6.812450024860652320e+01
6.833381678162783146e+01
6.843433628999571283e+01
6.874715774887799569e+01
6.883170766299356558e+01
6.865356552399676104e+01
6.901339672408806791e+01
6.899860190994456843e+01
6.923420798397336284e+01
6.945177005220935484e+01
6.947314776795609248e+01
6.941727266229176507e+01
6.959890781960910999e+01
6.985196187328743633e+01
6.988745337729497464e+01
6.998433428109289878e+01
7.004320057017962142e+01
7.046476230422328513e+01
7.067637152375597509e+01
7.093713944013646255e+01
7.122875835179999626e+01
7.164738997521061492e+01
7.141170381109026266e+01
7.175919794610744873e+01
7.200495406053514102e+01
7.215996318018078171e+01
7.232267444240871157e+01
7.248691999685861731e+01
7.267013700348367422e+01
7.265806413169634936e+01
7.294362786884249772e+01
7.326480813458448438e+01
7.367651149811241851e+01
7.406639830810206604e+01
7.430009081784872649e+01
7.421271428135942472e+01
7.463356390017428055e+01
7.480897354785449238e+01
7.480476889399388085e+01
7.517674844068440621e+01
