0.000000000000000000e+00 0.000000000000000000e+00 0.000000000000000000e+00 0.000000000000000000e+00 0.000000000000000000e+00 0.000000000000000000e+00 0.000000000000000000e+00 0.000000000000000000e+00 0.000000000000000000e+00 0.000000000000000000e+00 0.000000000000000000e+00 0.000000000000000000e+00 0.000000000000000000e+00 0.000000000000000000e+00 0.000000000000000000e+00 0.000000000000000000e+00 0.000000000000000000e+00
0.000000000000000000e+00 4.718730382177480642e+00 6.376386245932655683e+00 6.376386245932655683e+00 6.376386245932655683e+00 6.376386245932654795e+00 6.376386245932655683e+00 6.376386245932655683e+00 6.376386245932653907e+00 6.376386245932655683e+00 6.376386245932655683e+00 6.376386245932655683e+00 6.376386245932655683e+00 6.376386245932655683e+00 6.376386245932655683e+00 6.376386245932655683e+00 6.376386245932655683e+00
0.000000000000000000e+00 7.623248244896997150e+00 1.134728024860885753e+01 1.248560740944736480e+01 1.275272417218754484e+01 1.275272413591226339e+01 1.275272413986369635e+01 1.275272413616622558e+01 1.275272417267920488e+01 1.275272417481088638e+01 1.275272416164929012e+01 1.275272416607131376e+01 1.275272411483537738e+01 1.275272415628145950e+01 1.275272412089143970e+01 1.275272412277428202e+01 1.275272412793175647e+01
0.000000000000000000e+00 9.679463596193468078e+00 1.521976561642097359e+01 1.778405088996650463e+01 1.880162053341327777e+01 1.907009348043379759e+01 1.911581162704850811e+01 1.911580312123265202e+01 1.911580160839330844e+01 1.911579791484405177e+01 1.911575974503363540e+01 1.911577691151843439e+01 1.911581652713203994e+01 1.911580400886018438e+01 1.911580672091906408e+01 1.911580659854664077e+01 1.911579213494646012e+01
0.000000000000000000e+00 1.125903595554052039e+01 1.832254280192404394e+01 2.227864080513191780e+01 2.429428605755752457e+01 2.513185763368565517e+01 2.540543688844332237e+01 2.546543615344857159e+01 2.547330628595186397e+01 2.547330494944952051e+01 2.547327105815428538e+01 2.547328335818490785e+01 2.547327792464606944e+01 2.547329723426445014e+01 2.547332596128426019e+01 2.547332625013304153e+01 2.547332805877682205e+01
0.000000000000000000e+00 1.253673456332647262e+01 2.088228435599875610e+01 2.610180120342825916e+01 2.917916881398905460e+01 3.078036306963640811e+01 3.149246348077404534e+01 3.174658184667600125e+01 3.181590287273709805e+01 3.182868341461531969e+01 3.183001862120867287e+01 3.183002219481400630e+01 3.183001458266837957e+01 3.183002145594239352e+01 3.183004445278128358e+01 3.183005930056571486e+01 3.183006599664280145e+01
0.000000000000000000e+00 1.360687335414128540e+01 2.304653459027668205e+01 2.938815456720969976e+01 3.349692370883320081e+01 3.594733811198058504e+01 3.725790678147980373e+01 3.786284489122621721e+01 3.809582324665166198e+01 3.816721517422584498e+01 3.818382608797152500e+01 3.818643297911171430e+01 3.818669227170526881e+01 3.818668896164872706e+01 3.818667572856140424e+01 3.818671002269802273e+01 3.818672106811804667e+01
0.000000000000000000e+00 1.452602012518479668e+01 2.491358531409228050e+01 3.224847332571673064e+01 3.732010103960327285e+01 4.063256705874636765e+01 4.263336092401667088e+01 4.372096022610499944e+01 4.423930106228429793e+01 4.444953049736536599e+01 4.451999555966248323e+01 4.453881387989322604e+01 4.454260699580726168e+01 4.454314716160052967e+01 4.454317653169115943e+01 4.454318189412894213e+01 4.454320805992051646e+01
0.000000000000000000e+00 1.533066943068151389e+01 2.655098852315773073e+01 3.476848440514677918e+01 4.072396593595819070e+01 4.487134677668015570e+01 4.759864775326868624e+01 4.925748378354631996e+01 5.017159373018827750e+01 5.061775571758080616e+01 5.080638899685970955e+01 5.087388649305079724e+01 5.089381960937399896e+01 5.089852309424544785e+01 5.089932755789467222e+01 5.089944879672388112e+01 5.089951096988279744e+01
0.000000000000000000e+00 1.604554621594968822e+01 2.800628310468652771e+01 3.701299045282040368e+01 4.377498124514643507e+01 4.871147234104992663e+01 5.216475231082293362e+01 5.444211564596608355e+01 5.583462510343358076e+01 5.660991509710468961e+01 5.699581734488234019e+01 5.716434311930292722e+01 5.722785064120064646e+01 5.724808410517816526e+01 5.725338753910109801e+01 5.725452102622131179e+01 5.725471233360772771e+01
0.000000000000000000e+00 1.668845230191509899e+01 2.931458506336106495e+01 3.903221253100462462e+01 4.652989276453192247e+01 5.220319190693350464e+01 5.636063767516669287e+01 5.927245373786386295e+01 6.119553553596360018e+01 6.237562750497595232e+01 6.303815355801974363e+01 6.337318176827285754e+01 6.352351846670707403e+01 6.358249325437967769e+01 6.360246074116460591e+01 6.360818831732049716e+01 6.360953896971193444e+01
0.000000000000000000e+00 1.727233542181563308e+01 3.050188018454449335e+01 4.086443683163605556e+01 4.903474981344632511e+01 5.539229987774326958e+01 6.022114880213876376e+01 6.376232102303488603e+01 6.624206333078556952e+01 6.788020054574957385e+01 6.888800392696927588e+01 6.945760307673219813e+01 6.974950497743580513e+01 6.988339347824606307e+01 6.993774049150992766e+01 6.995705318235627601e+01 6.996298343099951467e+01
0.000000000000000000e+00 1.780696342297859047e+01 3.158799000763844589e+01 4.253949080298770014e+01 5.132693958952700797e+01 5.831889800984844641e+01 6.378181858434872709e+01 6.793443403611050257e+01 7.097745813803834380e+01 7.310573886938573196e+01 7.451113858248498900e+01 7.537718383569944081e+01 7.586939605181049728e+01 7.612442858775973775e+01 7.624363786567039369e+01 7.629345121189250278e+01 7.631186180693953247e+01
0.000000000000000000e+00 1.829988955678020091e+01 3.258834021763377109e+01 4.408092450530530471e+01 5.343686494518428276e+01 6.101733026878810051e+01 6.707613159440731465e+01 7.181524027481552253e+01 7.541492615933097454e+01 7.804814926526302088e+01 7.988645400186378254e+01 8.109916840602525667e+01 8.184731359661310535e+01 8.227445127083245779e+01 8.249787054217927107e+01 8.260402258435843237e+01 8.264943294649609129e+01
0.000000000000000000e+00 1.875707202471696888e+01 3.351515771075644068e+01 4.550758499712411975e+01 5.538937152892671634e+01 6.351672546830572941e+01 7.013436166614187073e+01 7.543170851237124452e+01 7.957309669970914001e+01 8.271319553801805569e+01 8.500479179307920674e+01 8.660093867943231771e+01 8.765249204152800644e+01 8.830163167857652695e+01 8.867361412849366786e+01 8.886983254458317560e+01 8.896433021227144877e+01
0.000000000000000000e+00 1.918328003766345446e+01 3.437827087486127198e+01 4.683473817108223614e+01 5.720489940803743423e+01 6.584166786292895779e+01 7.298320594581751664e+01 7.880960659579065464e+01 8.347292097751974893e+01 8.711293874818399274e+01 8.986616016073558910e+01 9.186975505703577483e+01 9.326173378747273546e+01 9.417731023152308012e+01 9.474265493158154072e+01 9.506768850950879823e+01 9.524027794299908578e+01
0.000000000000000000e+00 1.958240059831350166e+01 3.518570052257594938e+01 4.807489593532036309e+01 5.890038292285338883e+01 6.801292865639848628e+01 7.564599613700330849e+01 8.197271888373875015e+01 8.713570508316372809e+01 9.126293993840988605e+01 9.447723850428913295e+01 9.690141832571416103e+01 9.866009812930059297e+01 9.987852287716930277e+01 1.006785210449536123e+02 1.011724880984320833e+02 1.014571998515314988e+02
0.000000000000000000e+00 1.995763498215861276e+01 3.594406957607289854e+01 4.923841438241672108e+01 6.048995287704045154e+01 7.004812204858387759e+01 7.814297640834448089e+01 8.494247691649238163e+01 9.058203289867029184e+01 9.518029119107319502e+01 9.884887422218326947e+01 1.016981448916930901e+02 1.038401064694795934e+02 1.053889255009994628e+02 1.064588161554518990e+02 1.071599552883033084e+02 1.075927465519162638e+02
0.000000000000000000e+00 2.031165294965855495e+01 3.665889580658713953e+01 5.033396144716461151e+01 6.198549590892682915e+01 7.196218753248788857e+01 8.049166072254450910e+01 8.773800627751370484e+01 9.383109051801446299e+01 9.888232174777067485e+01 1.029942385788770736e+02 1.062667282864564555e+02 1.088004991238494341e+02 1.106986939560073324e+02 1.120665346256738673e+02 1.130086111597906182e+02 1.136247055412293889e+02
0.000000000000000000e+00 2.064670005124435548e+01 3.733483137638498306e+01 5.136883566379910349e+01 6.339707733713911608e+01 7.376791582307392048e+01 8.270722690688886303e+01 9.037621424766402356e+01 9.690052834968160766e+01 1.023859052612792766e+02 1.069275701537237353e+02 1.106168162203735648e+02 1.135445370831789376e+02 1.158037422117452309e+02 1.174902189160927577e+02 1.187011813571909613e+02 1.195326462871338009e+02
0.000000000000000000e+00 2.096469073368372449e+01 3.797582796527269977e+01 5.234925418969918098e+01 6.473330409152222842e+01 7.547629705445282866e+01 8.480285733551988869e+01 9.287207068499553486e+01 9.980635169724531863e+01 1.057069581550979365e+02 1.106633822758641230e+02 1.147597853419164977e+02 1.180788396331729331e+02 1.207045415867150098e+02 1.227235704412118338e+02 1.242251502797362264e+02 1.252994904811788643e+02
0.000000000000000000e+00 2.126726344645539868e+01 3.858527954985949293e+01 5.328054666756710844e+01 6.600157134429385053e+01 7.709678986867538697e+01 8.679003253556524555e+01 9.523876499048527933e+01 1.025629196411985617e+02 1.088602957068796400e+02 1.142157916206672894e+02 1.187077842294088015e+02 1.224120973408306838e+02 1.254049253251218090e+02 1.277646868409458421e+02 1.295725650425861772e+02 1.309120320898261127e+02
0.000000000000000000e+00 2.155583458953964637e+01 3.916611167257693893e+01 5.416731056151369472e+01 6.720824080072682705e+01 7.863762956198222298e+01 8.867875710030681091e+01 9.748791391496753533e+01 1.051831340619423258e+02 1.118594847056332640e+02 1.175982504760739289e+02 1.224731032553111589e+02 1.265542110051086269e+02 1.299111605189495151e+02 1.326150371720081580e+02 1.347395084513606776e+02 1.363610452624603795e+02
0.000000000000000000e+00 2.183163020197579840e+01 3.972085657182338991e+01 5.501353583578058704e+01 6.835887512775940422e+01 8.010598239229656770e+01 9.047780149382043646e+01 9.962979474795147894e+01 1.076784948022423976e+02 1.147168811437475000e+02 1.208233420241404161e+02 1.260677591936977251e+02 1.305156546666277109e+02 1.342310508022164868e+02 1.372787061506981843e+02 1.397254916541683087e+02 1.416410540319229767e+02
0.000000000000000000e+00 2.209572797649759934e+01 4.025173267141756384e+01 5.582270456545807491e+01 6.945831670291296689e+01 8.150812230788554302e+01 9.219489759062582834e+01 1.016734764658284007e+02 1.100593217739991445e+02 1.174437067020146515e+02 1.239027343872897688e+02 1.295032795607975231e+02 1.343069967874625661e+02 1.383733187396464928e+02 1.417615647059197386e+02 1.445326397233313003e+02 1.467498618433407955e+02
0.000000000000000000e+00 2.234907244231760615e+01 4.076069074960925320e+01 5.659787982422857766e+01 7.051082716232794212e+01 8.284957291676485625e+01 9.383683864702565813e+01 1.036270493639358961e+02 1.123348121143795026e+02 1.200501077755267261e+02 1.268472086394317699e+02 1.327905307324885484e+02 1.379386310991741311e+02 1.423470902711832764e+02 1.460706620313085295e+02 1.491650530588207744e+02 1.516878671029651571e+02
0.000000000000000000e+00 2.259249982396491063e+01 4.124945282496741328e+01 5.734176337755351938e+01 7.152016219423833832e+01 8.413521933139625730e+01 9.540967090659029282e+01 1.054976919807381108e+02 1.145132337464303873e+02 1.225452508656474322e+02 1.296666012734601168e+02 1.359397006664635228e+02 1.414205695444558444e+02 1.461616092280169710e+02 1.502137398820353553e+02 1.536281871340231078e+02 1.564575970229466293e+02
0.000000000000000000e+00 2.282675178499084367e+01 4.171954747700584676e+01 5.805674925784069274e+01 7.248966272338734029e+01 8.536938510096686628e+01 9.691876474528291396e+01 1.072917851823033004e+02 1.166019509107126026e+02 1.249374337834616995e+02 1.323699020051758168e+02 1.389602334701615405e+02 1.447623124220818909e+02 1.498259336455283801e+02 1.541988488412094682e+02 1.579284576619815539e+02 1.610630536721482144e+02
0.000000000000000000e+00 2.305249199068645538e+01 4.217233441399764615e+01 5.874497444333830742e+01 7.342229439864561868e+01 8.655593882719443855e+01 9.836889693124169298e+01 1.090150702787654211e+02 1.186076371220525942e+02 1.272341403931119714e+02 1.349653468679472894e+02 1.418608269017616692e+02 1.479727952960035395e+02 1.533488701142972275e+02 1.580341540368981441e+02 1.620727924482171716e+02 1.655093597055960117e+02
0.000000000000000000e+00 2.327031142524475982e+01 4.260903744066920495e+01 5.940834827105243932e+01 7.432071313535244883e+01 8.769832736518446836e+01 9.976435625296578280e+01 1.106726864340925545e+02 1.205362671781584254e+02 1.294421586372116053e+02 1.374604039914847249e+02 1.446495341203612099e+02 1.510603941429458246e+02 1.567388020419286647e+02 1.617276500852265713e+02 1.660683643451609726e+02 1.698023407061408534e+02
0.000000000000000000e+00 2.348074447932052422e+01 4.303074993499480883e+01 6.004857851453871831e+01 7.518730693635342277e+01 8.879964907982088107e+01 1.011090003393231882e+02 1.122692748497248090e+02 1.223932379722648278e+02 1.315676294063986802e+02 1.398618973411576576e+02 1.473337542013605912e+02 1.540328842710103743e+02 1.600036685937997731e+02 1.652871164299412783e+02 1.699224281893098691e+02 1.739482461415364583e+02
0.000000000000000000e+00 2.368427425900397054e+01 4.343846071891434235e+01 6.066721500198506334e+01 7.602421714951134391e+01 8.986270022957954495e+01 1.024062961290732687e+02 1.138089849874826882e+02 1.241834422547186421e+02 1.336161279062555138e+02 1.421760539476356939e+02 1.499202513792443767e+02 1.568975039567677925e+02 1.631509344675505986e+02 1.687200388455750613e+02 1.736421289659172658e+02 1.779535224954877322e+02
0.000000000000000000e+00 2.388133946438097155e+01 4.383306289683350343e+01 6.126566262838858989e+01 7.683339558057774354e+01 9.089001445789143929e+01 1.036594004089073451e+02 1.152956234080309486e+02 1.259113204204703607e+02 1.355927572256016447e+02 1.444085853998894891e+02 1.524153032875097722e+02 1.596609406363295420e+02 1.661876279512773635e+02 1.720335613363842526e+02 1.772344514627427259e+02 1.818246836320560647e+02
