0.000000000000000000e+00 0.000000000000000000e+00
4.684767249218556806e+00 4.697998705990651835e+00
9.369534498326810734e+00 9.395922479987943277e+00
1.405430174794832610e+01 1.409377217596291487e+01
1.873906899793791325e+01 1.879154863353903337e+01
2.342383625054905139e+01 2.348925268044555636e+01
2.810860349980352879e+01 2.818688511934083607e+01
3.279337075123980583e+01 3.288444675463077260e+01
3.747813800134169071e+01 3.758193837071847554e+01
4.216290526042511999e+01 4.227936073029439967e+01
4.684767252819769112e+01 4.697671460877538152e+01
5.153243978250407054e+01 5.167400074238533136e+01
5.621720705333351731e+01 5.637121987387386923e+01
6.090197430804137468e+01 6.106837270217938851e+01
6.558674155939863226e+01 6.576545995241730225e+01
7.027150883512344137e+01 7.046248233531048299e+01
7.495627609420732540e+01 7.515944052464764980e+01
7.964104335323320072e+01 7.985633519820916604e+01
8.432581061138142786e+01 8.455316701916125055e+01
8.901057789645054186e+01 8.924993665147584920e+01
9.369534516749729391e+01 9.394664472880721462e+01
9.838011242055773664e+01 9.864329191644581840e+01
1.030648796854912632e+02 1.033398788111247484e+02
1.077496469485938064e+02 1.080364060406318742e+02
1.124344142174098806e+02 1.127328742069535679e+02
1.171191814995221421e+02 1.174292839060214391e+02
1.218039487594769810e+02 1.221256357166876967e+02
1.264887160391976124e+02 1.268219302205487793e+02
1.311734833326825083e+02 1.315181680138166200e+02
1.358582505898038448e+02 1.362143496393270254e+02
1.405430178922777600e+02 1.409104756402033445e+02
1.452277851778893023e+02 1.456065465862750727e+02
1.499125524779146588e+02 1.503025629852656948e+02
1.545973197601796869e+02 1.549985254290617149e+02
1.592820870323219538e+02 1.596944343830051594e+02
1.639668542972970045e+02 1.643902903591493896e+02
1.686516215534935270e+02 1.690860938837281537e+02
1.733363888224938023e+02 1.737818454837024547e+02
1.780211561332260430e+02 1.784775455619062541e+02
1.827059234014590174e+02 1.831731946636107864e+02
1.873906906930372429e+02 1.878687932751854532e+02
1.920754579905252228e+02 1.925643418944183054e+02
1.967602253008357138e+02 1.972598409411841942e+02
2.014449925973920585e+02 2.019552908832219771e+02
2.061297598917089999e+02 2.066506922205900878e+02
2.108145271966366181e+02 2.113460453034898308e+02
2.154992945089182967e+02 2.160413505971013137e+02
2.201840618277474562e+02 2.207366085860069234e+02
2.248688291519717097e+02 2.254318196597360782e+02
2.295535964392008168e+02 2.301269843057445428e+02
2.342383637654247650e+02 2.348221028460463344e+02
2.389231310602092435e+02 2.395171757864080746e+02
2.436078983327547007e+02 2.442122034463330351e+02
2.482926656391674953e+02 2.489071862248813716e+02
2.529774328958238812e+02 2.536021246152376420e+02
2.576622002409334300e+02 2.582970189230538836e+02
2.623469675679905322e+02 2.629918695346480035e+02
2.670317348669133253e+02 2.676866768612501915e+02
2.717165021589248113e+02 2.723814412992946927e+02
2.764012694825165113e+02 2.770761631531790954e+02
2.810860367622502736e+02 2.817708428039825890e+02
2.857708041065769180e+02 2.864654806700874019e+02
2.904555713664707355e+02 2.911600770580175777e+02
2.951403387308084234e+02 2.958546323270520020e+02
2.998251059977043838e+02 3.005491467756601196e+02
3.045098732836667068e+02 3.052436207746407035e+02
3.091946405516316645e+02 3.099380547654498059e+02
3.138794078485349246e+02 3.146324488951493095e+02
3.185641751305147977e+02 3.193268035863533214e+02
3.232489423973814837e+02 3.240211191750055377e+02
3.279337096666366733e+02 3.287153959768907043e+02
3.326184769284360527e+02 3.334096343087957166e+02
3.373032443111520706e+02 3.381038344792940507e+02
3.419880115837404446e+02 3.427979969094915305e+02
3.466727789506211366e+02 3.474921217411952625e+02
3.513575463323966801e+02 3.521862094131030858e+02
3.560423136239802488e+02 3.568802600805357770e+02
3.607270810007798900e+02 3.615742741189816911e+02
3.654118482683287539e+02 3.662682517868739751e+02
3.700966155584666240e+02 3.709621934525210918e+02
3.747813828532857769e+02 3.756560992156898919e+02
3.794661501548367255e+02 3.803499695123126685e+02
3.841509175552999409e+02 3.850438045573448562e+02
3.888356848144279638e+02 3.897376046859599228e+02
3.935204520804931008e+02 3.944313702470053613e+02
3.982052193530737441e+02 3.991251013155254554e+02
4.028899867001446751e+02 4.038187982197916881e+02
4.075747540960008450e+02 4.085124613572954786e+02
4.122595213648500021e+02 4.132060908405541113e+02
4.169442886660684735e+02 4.178996868449621616e+02
4.216290559332867929e+02 4.225932498672382280e+02
4.263138233090240874e+02 4.272867799594887401e+02
4.309985905837386326e+02 4.319802774854905465e+02
4.356833578560066371e+02 4.366737425462466717e+02
4.403681251247990076e+02 4.413671755047193983e+02
4.450528924503973940e+02 4.460605766665065630e+02
4.497376597184954790e+02 4.507539460896106220e+02
4.544224270891637616e+02 4.554472840291300599e+02
4.591071943565815445e+02 4.601405907874558352e+02
4.637919617231918892e+02 4.648338666657330123e+02
4.684767289947772042e+02 4.695271117244499237e+02
4.731614963154295310e+02 4.742203264172986792e+02
4.778462636367891037e+02 4.789135107454238209e+02
4.825310309040539209e+02 4.836066649750957822e+02
4.872157982677958898e+02 4.882997893227359896e+02
4.919005655991335288e+02 4.929928840645861783e+02
4.965853328637950312e+02 4.976859493969456025e+02
5.012701002494737850e+02 5.023789854607661027e+02
5.059548676247952699e+02 5.070719926214545126e+02
5.106396349863763362e+02 5.117649709467300454e+02
5.153244023010180399e+02 5.164579207097197013e+02
5.200091696831148056e+02 5.211508420023606050e+02
5.246939371533624126e+02 5.258437351231797265e+02
5.293787045720753213e+02 5.305366002127531146e+02
5.340634718798447693e+02 5.352294375009403211e+02
5.387482391611298453e+02 5.399222471646477288e+02
5.434330066231956380e+02 5.446150293738617165e+02
5.481177739886461495e+02 5.493077843701011034e+02
5.528025413720689585e+02 5.540005122741304149e+02
5.574873088339686547e+02 5.586932134439341553e+02
5.621720761732447045e+02 5.633858878363651002e+02
5.668568435785139172e+02 5.680785358200439532e+02
5.715416110082167052e+02 5.727711575284533865e+02
5.762263783772906436e+02 5.774637529185431504e+02
5.809111457327940116e+02 5.821563224531337255e+02
5.855959130037155091e+02 5.868488661209471502e+02
5.902806803995439395e+02 5.915413842371897317e+02
5.949654477774257657e+02 5.962338768708659700e+02
5.996502150386148742e+02 6.009263441594816868e+02
6.043349823476814890e+02 6.056187862529643553e+02
6.090197498000025007e+02 6.103112034951153646e+02
6.137045171034822033e+02 6.150035958972952130e+02
6.183892844757308467e+02 6.196959638305110047e+02
6.230740517345020635e+02 6.243883071652887793e+02
6.277588190488165765e+02 6.290806261250688749e+02
6.324435865043699323e+02 6.337729209237890018e+02
6.371283538882327093e+02 6.384651918321858375e+02
6.418131211442898802e+02 6.431574389412764958e+02
6.464978886268639826e+02 6.478496622614486569e+02
6.511826560893080114e+02 6.525418621335509215e+02
6.558674235871160363e+02 6.572340385355335002e+02
6.605521909161884651e+02 6.619261916869447759e+02
6.652369583303764102e+02 6.666183216351231522e+02
6.699217258431976916e+02 6.713104286913975329e+02
6.746064932600916109e+02 6.760025131277102446e+02
6.792912607844759805e+02 6.806945747146421581e+02
6.839760280525804319e+02 6.853866137190877907e+02
6.886607953176551291e+02 6.900786304854339051e+02
6.933455625893868728e+02 6.947706249555977820e+02
6.980303300129164654e+02 6.994625972753897258e+02
7.027150972895816494e+02 7.041545476012161089e+02
7.073998648328134777e+02 7.088464761865352557e+02
7.120846321638821337e+02 7.135383831496540097e+02
7.167693996099593505e+02 7.182302684842844656e+02
7.214541671159288398e+02 7.229221323228364326e+02
7.261389343713583457e+02 7.276139748393323998e+02
7.308237018011546979e+02 7.323057961956427562e+02
7.355084691612935330e+02 7.369975966844488084e+02
7.401932365204877442e+02 7.416893760594205105e+02
7.448780039706477965e+02 7.463811346465375891e+02
7.495627712981643072e+02 7.510728725078704429e+02
