0.000000000000000000e+00 0.000000000000000000e+00
4.684767249171917669e+00 4.697998706015558135e+00
9.369534498278639489e+00 9.395922479713455289e+00
1.405430174875052707e+01 1.409377217679402960e+01
1.873906899870057430e+01 1.879154863554975563e+01
2.342383625340633202e+01 2.348925268059028326e+01
2.810860350275937947e+01 2.818688511949861208e+01
3.279337075419073955e+01 3.288444675504232606e+01
3.747813800588811972e+01 3.758193837102220414e+01
4.216290526747833667e+01 4.227936073497430414e+01
4.684767253097948014e+01 4.697671461125268166e+01
5.153243978578259998e+01 5.167400074479801475e+01
5.621720704443880123e+01 5.637121987417422986e+01
6.090197429625582970e+01 6.106837272508027326e+01
6.558674154749991203e+01 6.576545997544791078e+01
7.027150879805788009e+01 7.046248234652907172e+01
7.495627605704564189e+01 7.515944053389983992e+01
7.964104330842381785e+01 7.985633520578079469e+01
8.432581056696430721e+01 8.455316702648903515e+01
8.901057781928008694e+01 8.924993665866406900e+01
9.369534508946765072e+01 9.394664473933067939e+01
9.838011235047673608e+01 9.864329192652088807e+01
1.030648796152960642e+02 1.033398788277655740e+02
1.077496468941011756e+02 1.080364060568972917e+02
1.124344141783030864e+02 1.127328742228672240e+02
1.171191814406149945e+02 1.174292839216296613e+02
1.218039486964848379e+02 1.221256357320253301e+02
1.264887159874847384e+02 1.268219302354015099e+02
1.311734832603229961e+02 1.315181680234209978e+02
1.358582505119544237e+02 1.362143496480451859e+02
1.405430177715759328e+02 1.409104756474592364e+02
1.452277850485630211e+02 1.456065465737680711e+02
1.499125523486121381e+02 1.503025629991322489e+02
1.545973196311906577e+02 1.549985253955420603e+02
1.592820868982130946e+02 1.596944343276080645e+02
1.639668541723916633e+02 1.643902902981735963e+02
1.686516214474567619e+02 1.690860938355083363e+02
1.733363887120287359e+02 1.737818453931793954e+02
1.780211559800208647e+02 1.784775454712947180e+02
1.827059232488433622e+02 1.831731946001414144e+02
1.873906905616873360e+02 1.878687932273675756e+02
1.920754578811019258e+02 1.925643418120219508e+02
1.967602251944586271e+02 1.972598408614284722e+02
2.014449924546379975e+02 2.019552908032335949e+02
2.061297597217080977e+02 2.066506920895737096e+02
2.108145270290600592e+02 2.113460451614245130e+02
2.154992943412185582e+02 2.160413504882886855e+02
2.201840616599453995e+02 2.207366084780298081e+02
2.248688289841722394e+02 2.254318195893122549e+02
2.295535963192257896e+02 2.301269841881539264e+02
2.342383636454597990e+02 2.348221027703074810e+02
2.389231309615845475e+02 2.395171756384141304e+02
2.436078982434149225e+02 2.442122032801055980e+02
2.482926655809983458e+02 2.489071860578652036e+02
2.529774328515602235e+02 2.536021244536623840e+02
2.576622001599990881e+02 2.582970187625157337e+02
2.623469675023779928e+02 2.629918693744810980e+02
2.670317347628517837e+02 2.676866766853754029e+02
2.717165020542234402e+02 2.723814411237313493e+02
2.764012693122000996e+02 2.770761629555134959e+02
2.810860365692294636e+02 2.817708426686018583e+02
2.857708038575455021e+02 2.864654804760216393e+02
2.904555711257192456e+02 2.911600768646987945e+02
2.951403384020798057e+02 2.958546321428776764e+02
2.998251056823864360e+02 3.005491466614175806e+02
3.045098729581761745e+02 3.052436207096589555e+02
3.091946402293805249e+02 3.099380546359339519e+02
3.138794075703161752e+02 3.146324488168056632e+02
3.185641748364025716e+02 3.193268035117089312e+02
3.232489421032876180e+02 3.240211190953049822e+02
3.279337094030288426e+02 3.287153959243597683e+02
3.326184766687139813e+02 3.334096343263119024e+02
3.373032439329394947e+02 3.381038344976451526e+02
3.419880113011821550e+02 3.427979968408130844e+02
3.466727785635396231e+02 3.474921217374014759e+02
3.513575459460997763e+02 3.521862094006058328e+02
3.560423132376843114e+02 3.568802600664384954e+02
3.607270804971738585e+02 3.615742741532739615e+02
3.654118478137571060e+02 3.662682517999728589e+02
3.700966151039533543e+02 3.709621934344982037e+02
3.747813823907058577e+02 3.756560992275088893e+02
3.794661497423580840e+02 3.803499695896774710e+02
3.841509170046849704e+02 3.850438046508093066e+02
3.888356842638272610e+02 3.897376047743684921e+02
3.935204515346978269e+02 3.944313702691754884e+02
3.982052188977353353e+02 3.991251012775918525e+02
4.028899862645523626e+02 4.038187982363741071e+02
4.075747535252372700e+02 4.085124612542795148e+02
4.122595208808459688e+02 4.132060906996706535e+02
4.169442881395987115e+02 4.178996867024937956e+02
4.216290554077046977e+02 4.225932496876363302e+02
4.263138227117158863e+02 4.272867798191707607e+02
4.309985900353225361e+02 4.319802772704495055e+02
4.356833573076266930e+02 4.366737423948213745e+02
4.403681245835309710e+02 4.413671753542227520e+02
4.450528919173091253e+02 4.460605764859423061e+02
4.497376592437994418e+02 4.507539459378334072e+02
4.544224266149510072e+02 4.554472838848198535e+02
4.591071939864488058e+02 4.601405906361878806e+02
4.637919613538557542e+02 4.648338665500409661e+02
4.684767287224595975e+02 4.695271116735510759e+02
4.731614960207997456e+02 4.742203262956157914e+02
4.778462634030686900e+02 4.789135107033398526e+02
4.825310306599349701e+02 4.836066650294486067e+02
4.872157979761883553e+02 4.882997893744867497e+02
4.919005653075329860e+02 4.929928842605560817e+02
4.965853325785167840e+02 4.976859495861068012e+02
5.012700999643196837e+02 5.023789858489431026e+02
5.059548674063512408e+02 5.070719929345142418e+02
5.106396347679309997e+02 5.117649712776768638e+02
5.153244020784024997e+02 5.164579211112222765e+02
5.200091693380989000e+02 5.211508423891893926e+02
5.246939367911373893e+02 5.258437355057282048e+02
5.293787042515668873e+02 5.305366005881164710e+02
5.340634715593307646e+02 5.352294379550828580e+02
5.387482388408387806e+02 5.399222476319667976e+02
5.434330063020620400e+02 5.446150298365357685e+02
5.481177736624338195e+02 5.493077847910358287e+02
5.528025410474236878e+02 5.540005127295739840e+02
5.574873083237303035e+02 5.586932138938980188e+02
5.621720756628917570e+02 5.633858883592114353e+02
5.668568430682946655e+02 5.680785363896598028e+02
5.715416104980422460e+02 5.727711579138230036e+02
5.762263778669664589e+02 5.774637532936883417e+02
5.809111451432224840e+02 5.821563228252897488e+02
5.855959124141318171e+02 5.868488664947255984e+02
5.902806798191345479e+02 5.915413845831133131e+02
5.949654472204126705e+02 5.962338772302514371e+02
5.996502144875009890e+02 6.009263445060312279e+02
6.043349817540369031e+02 6.056187866125835626e+02
6.090197492053539463e+02 6.103112038435767772e+02
6.137045165099343649e+02 6.150035963849471727e+02
6.183892838823189777e+02 6.196959642186659494e+02
6.230740511801591310e+02 6.243883074953544110e+02
6.277588184945004741e+02 6.290806266333732992e+02
6.324435858200265557e+02 6.337729214272335412e+02
6.371283531803503593e+02 6.384651923327974146e+02
6.418131206648995430e+02 6.431574394190524799e+02
6.464978881472272860e+02 6.478496627358670139e+02
6.511826556095847991e+02 6.525418625930203689e+02
6.558674228937334192e+02 6.572340389399830656e+02
6.605521901900985995e+02 6.619261920007140816e+02
6.652369576040784978e+02 6.666183219697418281e+02
6.699217251368319239e+02 6.713104290587535843e+02
6.746064925536221608e+02 6.760025133534375072e+02
6.792912600782032086e+02 6.806945748616668652e+02
6.839760274902414494e+02 6.853866141030523522e+02
6.886607949826452568e+02 6.900786307918256171e+02
6.933455622544508969e+02 6.947706253380133603e+02
6.980303295463163522e+02 6.994625976171644197e+02
7.027150970204849045e+02 7.041545480926861273e+02
7.073998643459110554e+02 7.088464766892263924e+02
7.120846316770130215e+02 7.135383836772771247e+02
7.167693991205148905e+02 7.182302690126642801e+02
7.214541666265915865e+02 7.229221328973455911e+02
7.261389338864953515e+02 7.276139754700359390e+02
7.308237011958865423e+02 7.323057968243833784e+02
7.355084685693118445e+02 7.369975971666606256e+02
7.401932359209557717e+02 7.416893765124109450e+02
7.448780032632514576e+02 7.463811350645371476e+02
7.495627705357559307e+02 7.510728731266544855e+02
