0.000000000000000000e+00 0.000000000000000000e+00
4.684767249000197253e+00 4.697998705992167956e+00
9.369534498109578280e+00 9.395922479661738436e+00
1.405430175088557831e+01 1.409377217559662299e+01
1.873906900087292371e+01 1.879154863321075908e+01
2.342383625614736076e+01 2.348925267577106268e+01
2.810860350544065511e+01 2.818688511472330660e+01
3.279337075586576589e+01 3.288444674967844605e+01
3.747813800629998582e+01 3.758193836309078506e+01
4.216290525904391728e+01 4.227936072273256229e+01
4.684767251065923688e+01 4.697671460269950217e+01
5.153243976521194725e+01 5.167400073626625101e+01
5.621720702413995241e+01 5.637121986705314214e+01
6.090197429121653272e+01 6.106837269655331824e+01
6.558674155636488479e+01 6.576545994709087495e+01
7.027150881006997452e+01 7.046248232998843264e+01
7.495627606442596402e+01 7.515944051611235466e+01
7.964104332327433156e+01 7.985633519015446780e+01
8.432581058180338118e+01 8.455316701132625212e+01
8.901057784965138353e+01 8.924993664351714528e+01
9.369534513624108740e+01 9.394664472682549672e+01
9.838011239778627726e+01 9.864329191432639732e+01
1.030648796624924586e+02 1.033398788132829509e+02
1.077496469256097384e+02 1.080364060427275916e+02
1.124344141934184336e+02 1.127328742089348452e+02
1.171191814557242026e+02 1.174292839089068252e+02
1.218039487396144551e+02 1.221256357204238299e+02
1.264887160239979238e+02 1.268219302542463538e+02
1.311734832935244697e+02 1.315181680423418129e+02
1.358582505699202443e+02 1.362143496575399695e+02
1.405430178571850206e+02 1.409104756575333965e+02
1.452277851473604073e+02 1.456065465870281059e+02
1.499125524474555391e+02 1.503025630007267068e+02
1.545973197300089623e+02 1.549985254025385188e+02
1.592820869970368562e+02 1.596944343554502552e+02
1.639668542745349669e+02 1.643902903267917281e+02
1.686516215307271978e+02 1.690860938424735878e+02
1.733363887922969866e+02 1.737818453960474017e+02
1.780211560938769253e+02 1.784775454745187631e+02
1.827059233620477414e+02 1.831731946035644683e+02
1.873906906282891498e+02 1.878687932565785559e+02
1.920754579188125604e+02 1.925643418692103808e+02
1.967602252291720220e+02 1.972598409214640469e+02
2.014449925405542103e+02 2.019552908652752308e+02
2.061297598387880612e+02 2.066506921578082654e+02
2.108145271435344625e+02 2.113460452509590937e+02
2.154992944556621524e+02 2.160413505812546191e+02
2.201840617744765609e+02 2.207366085676685543e+02
2.248688290996467458e+02 2.254318196995043877e+02
2.295535964311773682e+02 2.301269842840992510e+02
2.342383637577082141e+02 2.348221028327040472e+02
2.389231310438520097e+02 2.395171757049517964e+02
2.436078983095538035e+02 2.442122033645563590e+02
2.482926655768871740e+02 2.489071861475295009e+02
2.529774328368094132e+02 2.536021245262375601e+02
2.576622001007004883e+02 2.582970188341873836e+02
2.623469673699346458e+02 2.629918694459777839e+02
2.670317346304349826e+02 2.676866767937453915e+02
2.717165019802851589e+02 2.723814411808643854e+02
2.764012692680078658e+02 2.770761630104838105e+02
2.810860365641531189e+02 2.817708426658356302e+02
2.857708038717654517e+02 2.864654804967676682e+02
2.904555712078906708e+02 2.911600768431696906e+02
2.951403384951279918e+02 2.958546321161999799e+02
2.998251057883770727e+02 3.005491465750419593e+02
3.045098730563854019e+02 3.052436205824359945e+02
3.091946403240375503e+02 3.099380545759777874e+02
3.138794075919203124e+02 3.146324487808695949e+02
3.185641749201925563e+02 3.193268034763129890e+02
3.232489422536848451e+02 3.240211191138132563e+02
3.279337095281384791e+02 3.287153959081406356e+02
3.326184768163252556e+02 3.334096342962483277e+02
3.373032441275292399e+02 3.381038345492677308e+02
3.419880113914678077e+02 3.427979968952968761e+02
3.466727786677196264e+02 3.474921217919759329e+02
3.513575460496800815e+02 3.521862094549846915e+02
3.560423134475303755e+02 3.568802601197104991e+02
3.607270807243972968e+02 3.615742741581542532e+02
3.654118480113456826e+02 3.662682518296302305e+02
3.700966153448413252e+02 3.709621934301774218e+02
3.747813826127266452e+02 3.756560993016308885e+02
3.794661498738236105e+02 3.803499696235595593e+02
3.841509172163677022e+02 3.850438046705272654e+02
3.888356845039494374e+02 3.897376048201340950e+02
3.935204517718176476e+02 3.944313703130395652e+02
3.982052191697327999e+02 3.991251013773404566e+02
4.028899865171749752e+02 4.038187982780257812e+02
4.075747537781895744e+02 4.085124612596030147e+02
4.122595210964007038e+02 4.132060907418556326e+02
4.169442885121400195e+02 4.178996867527374093e+02
4.216290557792233358e+02 4.225932497579537994e+02
4.263138230562872764e+02 4.272867799062605627e+02
4.309985903310456479e+02 4.319802774580180653e+02
4.356833576033417330e+02 4.366737425101821373e+02
4.403681248704957625e+02 4.413671754301453802e+02
4.450528921379508347e+02 4.460605765631088957e+02
4.497376594060398816e+02 4.507539460806941634e+02
4.544224267772336248e+02 4.554472840527629387e+02
4.591071940857736422e+02 4.601405908515619103e+02
4.637919614530302397e+02 4.648338667368371375e+02
4.684767287254776420e+02 4.695271118032164850e+02
4.731614960398274548e+02 4.742203264521735946e+02
4.778462633613601156e+02 4.789135109053044630e+02
4.825310306281069188e+02 4.836066651407187464e+02
4.872157980377246531e+02 4.882997895210759225e+02
4.919005653690647932e+02 4.929928842829040150e+02
4.965853326337287967e+02 4.976859496053642715e+02
5.012701000194696235e+02 5.023789858684210685e+02
5.059548673983694584e+02 5.070719929518339768e+02
5.106396347598035845e+02 5.117649713538686456e+02
5.153244020680057247e+02 5.164579210306080768e+02
5.200091693277042850e+02 5.211508423093152942e+02
5.246939365865571290e+02 5.258437353546453323e+02
5.293787039232122424e+02 5.305366004859793065e+02
5.340634712416926959e+02 5.352294377713990343e+02
5.387482386795115872e+02 5.399222474547731281e+02
5.434330061413335216e+02 5.446150296598383420e+02
5.481177735021364015e+02 5.493077846486185081e+02
5.528025408875781750e+02 5.540005125658484531e+02
5.574873082403480566e+02 5.586932136625189287e+02
5.621720757185489674e+02 5.633858881941908976e+02
5.668568431236762990e+02 5.680785361859411751e+02
5.715416105532563051e+02 5.727711577728642851e+02
5.762263779714271550e+02 5.774637531676303297e+02
5.809111454333810798e+02 5.821563226996070171e+02
5.855959127402602462e+02 5.868488663656576136e+02
5.902806800091420882e+02 5.915413844535905810e+02
5.949654474104650035e+02 5.962338770997577058e+02
5.996502148878333855e+02 6.009263443193700596e+02
6.043349821724585809e+02 6.056187864404380434e+02
6.090197496200780733e+02 6.103112037556842324e+02
6.137045169235211688e+02 6.150035961611100674e+02
6.183892843907783572e+02 6.196959640501211197e+02
6.230740518972138489e+02 6.243883073752064092e+02
6.277588192115795209e+02 6.290806264908665071e+02
6.324435866402309330e+02 6.337729212873027791e+02
6.371283540584489629e+02 6.384651921651653765e+02
6.418131213771411012e+02 6.431574392222200913e+02
6.464978888135303805e+02 6.478496626198675585e+02
6.511826562758603814e+02 6.525418623784989904e+02
6.558674237773614095e+02 6.572340387132167052e+02
6.605521911765274581e+02 6.619261918329966647e+02
6.652369586530423931e+02 6.666183217924283326e+02
6.699217259136009943e+02 6.713104288049887600e+02
6.746064933305274280e+02 6.760025130433372169e+02
6.792912608568237829e+02 6.806945746361582223e+02
6.839760281670138511e+02 6.853866137627260287e+02
6.886607956748357537e+02 6.900786306205950495e+02
6.933455629466252503e+02 6.947706252509970000e+02
6.980303302233930935e+02 6.994625975128650452e+02
7.027150976557279591e+02 7.041545477848759447e+02
7.073998649278073572e+02 7.088464763837656619e+02
7.120846322586689894e+02 7.135383833743261448e+02
7.167693997064484392e+02 7.182302686950635007e+02
7.214541672122752516e+02 7.229221325593798610e+02
7.261389345510965541e+02 7.276139751387274828e+02
7.308237018085696945e+02 7.323057964980800989e+02
7.355084691672254849e+02 7.369975967906523238e+02
7.401932365384371906e+02 7.416893761666283353e+02
7.448780039694959214e+02 7.463811348183901373e+02
7.495627712971327128e+02 7.510728726687971175e+02
