0.000000000000000000e+00 0.000000000000000000e+00
4.684767249054624827e+00 4.697998706012868730e+00
9.369534498162657599e+00 9.395922479638500135e+00
1.405430175094114631e+01 1.409377217559466189e+01
1.873906900092583427e+01 1.879154863365377182e+01
2.342383625353431853e+01 2.348925268065619676e+01
2.810860350316251299e+01 2.818688511882075431e+01
3.279337075460077244e+01 3.288444675338608647e+01
3.747813800695122666e+01 3.758193837791449710e+01
4.216290526036452491e+01 4.227936073749810930e+01
4.684767251000691601e+01 4.697671461472540955e+01
5.153243976447264885e+01 5.167400075717606001e+01
5.621720702213402632e+01 5.637121988865431632e+01
6.090197428951167069e+01 6.106837271787339461e+01
6.558674154781905941e+01 6.576545998307207697e+01
7.027150879863478394e+01 7.046248236548331079e+01
7.495627606371620288e+01 7.515944055529655543e+01
7.964104332610173742e+01 7.985633522716034349e+01
8.432581059241306320e+01 8.455316704785361992e+01
8.901057786016195905e+01 8.924993667995669000e+01
9.369534513401981712e+01 9.394664475924074054e+01
9.838011239202285196e+01 9.864329194655789479e+01
1.030648796571091168e+02 1.033398788449594576e+02
1.077496469162563955e+02 1.080364060739750300e+02
1.124344141832911816e+02 1.127328742399755015e+02
1.171191814591864784e+02 1.174292839398258081e+02
1.218039487331285500e+02 1.221256357596456326e+02
1.264887160100151107e+02 1.268219302812876208e+02
1.311734833028042431e+02 1.315181680686425238e+02
1.358582505542896683e+02 1.362143497165864687e+02
1.405430178201298759e+02 1.409104757545039490e+02
1.452277851044454167e+02 1.456065466818666891e+02
1.499125524036062984e+02 1.503025630956657039e+02
1.545973196861285714e+02 1.549985254918188389e+02
1.592820869531082622e+02 1.596944344441476744e+02
1.639668542423290774e+02 1.643902904335199082e+02
1.686516215049136918e+02 1.690860939750335206e+02
1.733363888084041946e+02 1.737818455769864840e+02
1.780211560764092553e+02 1.784775456546898340e+02
1.827059233445772293e+02 1.831731947946229866e+02
1.873906906349164387e+02 1.878687934219574913e+02
1.920754579254592045e+02 1.925643420421626217e+02
1.967602252358765895e+02 1.972598410884723421e+02
2.014449925323356752e+02 2.019552910404956947e+02
2.061297598299798892e+02 2.066506923353762772e+02
2.108145271340449085e+02 2.113460454242829201e+02
2.154992944448875392e+02 2.160413507545891605e+02
2.201840617636114530e+02 2.207366087573864206e+02
2.248688290907693386e+02 2.254318198194308707e+02
2.295535964221973586e+02 2.301269844437872791e+02
2.342383637484273891e+02 2.348221029744567545e+02
2.389231310498727510e+02 2.395171758719025377e+02
2.436078983639839066e+02 2.442122035311274999e+02
2.482926656369639886e+02 2.489071863111911966e+02
2.529774329083779776e+02 2.536021246575999157e+02
2.576622002087329975e+02 2.582970189652746171e+02
2.623469675350770558e+02 2.629918695900931311e+02
2.670317347967280170e+02 2.676866769000154704e+02
2.717165020672542823e+02 2.723814413375669119e+02
2.764012694214815724e+02 2.770761631668973450e+02
2.810860367203626993e+02 2.817708428320381699e+02
2.857708040319688507e+02 2.864654806622506840e+02
2.904555713101964329e+02 2.911600770207925279e+02
2.951403385647671485e+02 2.958546322743084147e+02
2.998251059126189375e+02 3.005491467570849977e+02
3.045098731871208884e+02 3.052436208312421400e+02
3.091946404549022418e+02 3.099380547533851313e+02
3.138794077145043957e+02 3.146324488806872068e+02
3.185641749828673710e+02 3.193268036312300637e+02
3.232489423570615941e+02 3.240211193009990893e+02
3.279337097115438837e+02 3.287153960998639946e+02
3.326184769773233256e+02 3.334096345011409994e+02
3.373032442730899447e+02 3.381038346816694684e+02
3.419880116136601487e+02 3.427979970944246588e+02
3.466727788776879606e+02 3.474921219924028151e+02
3.513575462582937234e+02 3.521862096284111203e+02
3.560423135498378429e+02 3.568802603099203452e+02
3.607270808091232084e+02 3.615742743475093448e+02
3.654118480911369033e+02 3.662682520368089172e+02
3.700966153811038453e+02 3.709621936359507117e+02
3.747813826758257392e+02 3.756560994293570275e+02
3.794661499400593812e+02 3.803499697323279634e+02
3.841509172023826295e+02 3.850438048022017483e+02
3.888356844867585096e+02 3.897376049259837600e+02
3.935204517546184775e+02 3.944313704866304420e+02
3.982052190319355418e+02 3.991251015594814362e+02
4.028899863756556101e+02 4.038187985171766741e+02
4.075747537945110253e+02 4.085124615076982764e+02
4.122595210565177695e+02 4.132060908903566201e+02
4.169442883158528730e+02 4.178996868931010340e+02
4.216290555830854601e+02 4.225932498503623833e+02
4.263138228832162895e+02 4.272867798637375927e+02
4.309985901579589154e+02 4.319802773737704342e+02
4.356833574302653460e+02 4.366737425741157494e+02
4.403681246973961834e+02 4.413671755004855868e+02
4.450528919648695592e+02 4.460605766906752478e+02
4.497376592329493974e+02 4.507539460598417236e+02
4.544224266039238955e+02 4.554472840326154710e+02
4.591071938921552373e+02 4.601405909775973555e+02
4.637919612567425247e+02 4.648338668510712068e+02
4.684767285283213596e+02 4.695271119074436683e+02
4.731614957926433931e+02 4.742203266486563962e+02
4.778462631137219887e+02 4.789135111037302295e+02
4.825310303705907700e+02 4.836066653247434033e+02
4.872157976614084305e+02 4.882997896772575928e+02
4.919005649926615433e+02 4.929928844539438728e+02
4.965853322573295827e+02 4.976859497777177239e+02
5.012700996432027409e+02 5.023789860320622438e+02
5.059548669061381361e+02 5.070719931470415531e+02
5.106396342677177245e+02 5.117649715653644762e+02
5.153244015828222473e+02 5.164579212512950335e+02
5.200091688862713681e+02 5.211508426700144128e+02
5.246939362965167675e+02 5.258437359184857769e+02
5.293787035628436115e+02 5.305366010514705977e+02
5.340634708704427567e+02 5.352294383333885435e+02
5.387482382817889857e+02 5.399222479900756753e+02
5.434330057440024575e+02 5.446150302307066795e+02
5.481177731042572532e+02 5.493077851829092424e+02
5.528025404350645431e+02 5.540005130988286055e+02
5.574873078889121416e+02 5.586932142618572925e+02
5.621720752657104185e+02 5.633858887545638936e+02
5.668568426707947765e+02 5.680785366979484934e+02
5.715416101207329120e+02 5.727711582268279926e+02
5.762263774897687654e+02 5.774637537611417883e+02
5.809111448724675029e+02 5.821563232912933472e+02
5.855959122705644404e+02 5.868488669514267713e+02
5.902806797347307111e+02 5.915413850383904446e+02
5.949654471360134949e+02 5.962338776505282567e+02
5.996502143977018022e+02 6.009263449510051487e+02
6.043349817393623198e+02 6.056187870952669527e+02
6.090197491912167607e+02 6.103112043061969416e+02
6.137045164463906985e+02 6.150035967085306083e+02
6.183892838186725385e+02 6.196959645699782868e+02
6.230740512280882513e+02 6.243883078938911240e+02
6.277588185424601761e+02 6.290806268024853125e+02
6.324435858245855115e+02 6.337729215969764027e+02
6.371283530793712089e+02 6.384651925020755243e+02
6.418131204641888417e+02 6.431574395365181545e+02
6.464978879464750889e+02 6.478496628531333954e+02
6.511826554088581815e+02 6.525418625430975226e+02
6.558674229185052127e+02 6.572340389885260947e+02
6.605521901852439441e+02 6.619261921326988158e+02
6.652369575993210447e+02 6.666183222646989179e+02
6.699217248597938124e+02 6.713104293569788297e+02
6.746064922765669962e+02 6.760025136199508324e+02
6.792912598026794058e+02 6.806945751388503822e+02
6.839760270854228565e+02 6.853866141142642618e+02
6.886607946056906258e+02 6.900786309453247895e+02
6.933455619105993719e+02 6.947706255080190658e+02
6.980303292038336167e+02 6.994625978624920890e+02
7.027150965728922074e+02 7.041545481459695566e+02
7.073998638449073724e+02 7.088464768455106650e+02
7.120846312040639532e+02 7.135383837415160997e+02
7.167693986501376457e+02 7.182302690714665232e+02
7.214541661559899239e+02 7.229221328978621841e+02
7.261389336037229896e+02 7.276139755272553202e+02
7.308237008612103409e+02 7.323057968816026460e+02
7.355084681206418509e+02 7.369975971483597732e+02
7.401932354823908327e+02 7.416893765188568750e+02
7.448780028246632128e+02 7.463811351624693771e+02
7.495627703459858822e+02 7.510728732396435134e+02
