0.000000000000000000e+00 0.000000000000000000e+00
4.684767249164466740e+00 4.697998706025559024e+00
9.369534499368732838e+00 9.395922479542655026e+00
1.405430174899186113e+01 1.409377217542589555e+01
1.873906899864121556e+01 1.879154863454546387e+01
2.342383625124396929e+01 2.348925267892599322e+01
2.810860350945662844e+01 2.818688511783370387e+01
3.279337076088799563e+01 3.288444675350884694e+01
3.747813801228789998e+01 3.758193836575580349e+01
4.216290526240086223e+01 4.227936072543016621e+01
4.684767251657355303e+01 4.697671460799634957e+01
5.153243976676174043e+01 5.167400074153322009e+01
5.621720701837425338e+01 5.637121987738426299e+01
6.090197427316068968e+01 6.106837270610812141e+01
6.558674152507498434e+01 6.576545995628352159e+01
7.027150877693277664e+01 7.046248232740295236e+01
7.495627603612726375e+01 7.515944051171092610e+01
7.964104329478652744e+01 7.985633518804984021e+01
8.432581055330074093e+01 8.455316700873417801e+01
8.901057783282777791e+01 8.924993664209409872e+01
9.369534508666552597e+01 9.394664472067302086e+01
9.838011234476934419e+01 9.864329190794154556e+01
1.030648795963512327e+02 1.033398788031258277e+02
1.077496468594629135e+02 1.080364060322863224e+02
1.124344141187704764e+02 1.127328741982296663e+02
1.171191813898477960e+02 1.174292838968655985e+02
1.218039486536514602e+02 1.221256357246016506e+02
1.264887159305387456e+02 1.268219302278415057e+02
1.311734832241185700e+02 1.315181680156213986e+02
1.358582505084676768e+02 1.362143496298556613e+02
1.405430177683239776e+02 1.409104756386172994e+02
1.452277850609150107e+02 1.456065465673883637e+02
1.499125523609376671e+02 1.503025629659021831e+02
1.545973196317457905e+02 1.549985253983212488e+02
1.592820869151446743e+02 1.596944343508361612e+02
1.639668541801150070e+02 1.643902903098588126e+02
1.686516214598822216e+02 1.690860938713638006e+02
1.733363887214075589e+02 1.737818454170478049e+02
1.780211559893402580e+02 1.784775454995184418e+02
1.827059232731951113e+02 1.831731946028145330e+02
1.873906905402812129e+02 1.878687932735653021e+02
1.920754578308689133e+02 1.925643418895225523e+02
1.967602251413036356e+02 1.972598409261518384e+02
2.014449924377807406e+02 2.019552908540527199e+02
2.061297597354608229e+02 2.066506921229744478e+02
2.108145270403196321e+02 2.113460452243508598e+02
2.154992943525757028e+02 2.160413505539189032e+02
2.201840616082063207e+02 2.207366085547982379e+02
2.248688289006889818e+02 2.254318196852762526e+02
2.295535962321842476e+02 2.301269842713891762e+02
2.342383635584492367e+02 2.348221027899434716e+02
2.389231308599449903e+02 2.395171756772584502e+02
2.436078981419644833e+02 2.442122032948993251e+02
2.482926654183360995e+02 2.489071861282866962e+02
2.529774326830676046e+02 2.536021245063964216e+02
2.576621999600052959e+02 2.582970188136231968e+02
2.623469672185433978e+02 2.629918694244845483e+02
2.670317344790189509e+02 2.676866767339064381e+02
2.717165017988497198e+02 2.723814411734907708e+02
2.764012690879436605e+02 2.770761630023797579e+02
2.810860363552286003e+02 2.817708426803277462e+02
2.857708036237077067e+02 2.864654805103145918e+02
2.904555708935874918e+02 2.911600769248062761e+02
2.951403381659543470e+02 2.958546322209554091e+02
2.998251054329941780e+02 3.005491467151206280e+02
3.045098727014034239e+02 3.052436207558894807e+02
3.091946399931692895e+02 3.099380546450063889e+02
3.138794072948222151e+02 3.146324487860046020e+02
3.185641745525772990e+02 3.193268034827464703e+02
3.232489418084587669e+02 3.240211190694770949e+02
3.279337090845726834e+02 3.287153958950372044e+02
3.326184764136661443e+02 3.334096342403587414e+02
3.373032437321041925e+02 3.381038344717169366e+02
3.419880109960860750e+02 3.427979969019507962e+02
3.466727782853819235e+02 3.474921217970743328e+02
3.513575456670720314e+02 3.521862094262980918e+02
3.560423129586145023e+02 3.568802601531324399e+02
3.607270802487812489e+02 3.615742741896717689e+02
3.654118475305169795e+02 3.662682518994781731e+02
3.700966148207126025e+02 3.709621935044386873e+02
3.747813821155544929e+02 3.756560993888360258e+02
3.794661493766482181e+02 3.803499696884281320e+02
3.841509166721065185e+02 3.850438048563527786e+02
3.888356839642395926e+02 3.897376049773126852e+02
3.935204512321092807e+02 3.944313704571762855e+02
3.982052185046979957e+02 3.991251015187348230e+02
4.028899858506886176e+02 4.038187984097380081e+02
4.075747532221699885e+02 4.085124614495053947e+02
4.122595205051744642e+02 4.132060909533429935e+02
4.169442877645110457e+02 4.178996869713466822e+02
4.216290550590420025e+02 4.225932499562132421e+02
4.263138224657004685e+02 4.272867800029442833e+02
4.309985897400789554e+02 4.319802774260309093e+02
4.356833570124050539e+02 4.366737424804111924e+02
4.403681242795476010e+02 4.413671754695379832e+02
4.450528915470216589e+02 4.460605765988863141e+02
4.497376588173356140e+02 4.507539459933242370e+02
4.544224261883159670e+02 4.554472839286219141e+02
4.591071935368886443e+02 4.601405908186624742e+02
4.637919609034833002e+02 4.648338667075459512e+02
4.684767281947881656e+02 4.695271117685996956e+02
4.731614954634041510e+02 4.742203265079147059e+02
4.778462627850002491e+02 4.789135108138149235e+02
4.825310300418692577e+02 4.836066650173816015e+02
4.872157974882080111e+02 4.882997894142508812e+02
4.919005648194618630e+02 4.929928841419384753e+02
4.965853321342357276e+02 4.976859494587744166e+02
5.012700995202139893e+02 5.023789857173198925e+02
5.059548669282095261e+02 5.070719927809391265e+02
5.106396342897307932e+02 5.117649710687974220e+02
5.153244016060771173e+02 5.164579207452171659e+02
5.200091689077514729e+02 5.211508420237544215e+02
5.246939363524961664e+02 5.258437351285575687e+02
5.293787036471123884e+02 5.305366002127976799e+02
5.340634709548744468e+02 5.352294376110600069e+02
5.387482382363854185e+02 5.399222472708422629e+02
5.434330056983300210e+02 5.446150294751296315e+02
5.481177730582327285e+02 5.493077844450132261e+02
5.528025404431008383e+02 5.540005123444399260e+02
5.574873077195102269e+02 5.586932134454958714e+02
5.621720750587038538e+02 5.633858878336211546e+02
5.668568424639025807e+02 5.680785358287234885e+02
5.715416098936059370e+02 5.727711573431406578e+02
5.762263772624150988e+02 5.774637527502064813e+02
5.809111445386652122e+02 5.821563221799178791e+02
5.855959118093960569e+02 5.868488658450812636e+02
5.902806791694383719e+02 5.915413839247021315e+02
5.949654465702949437e+02 5.962338764030654374e+02
5.996502138636049040e+02 6.009263437553224776e+02
6.043349811771404347e+02 6.056187860010301165e+02
6.090197486297878413e+02 6.103112032293049651e+02
6.137045159297908867e+02 6.150035957857595577e+02
6.183892833017006296e+02 6.196959636005983612e+02
6.230740506246106634e+02 6.243883069130912418e+02
6.277588179389920242e+02 6.290806260314570864e+02
6.324435854291943997e+02 6.337729208250393640e+02
6.371283527087399534e+02 6.384651917216547190e+02
6.418131201555729604e+02 6.431574387372688761e+02
6.464978876380075690e+02 6.478496620541366156e+02
6.511826551004021439e+02 6.525418617377804367e+02
6.558674225761116077e+02 6.572340381837971108e+02
6.605521898609447362e+02 6.619261912470919924e+02
6.652369572750475299e+02 6.666183211968070736e+02
6.699217245859542800e+02 6.713104281789451306e+02
6.746064920028468350e+02 6.760025124427429546e+02
6.792912595284235522e+02 6.806945740802632372e+02
6.839760268758168422e+02 6.853866131477882391e+02
6.886607943816720763e+02 6.900786298902464750e+02
6.933455618463440260e+02 6.947706242314689007e+02
6.980303291318716674e+02 6.994625967068434420e+02
7.027150964966472202e+02 7.041545470355285943e+02
7.073998639853439272e+02 7.088464754996956572e+02
7.120846313162776369e+02 7.135383824139476019e+02
7.167693987627749266e+02 7.182302676556423648e+02
7.214541662683913046e+02 7.229221314243593497e+02
7.261389335543124162e+02 7.276139739821607009e+02
7.308237008127925947e+02 7.323057953417103363e+02
7.355084680718717891e+02 7.369975957202525478e+02
7.401932354310615665e+02 7.416893751975668465e+02
7.448780027733562292e+02 7.463811338812857912e+02
7.495627700285136825e+02 7.510728717252359274e+02
