0.000000000000000000e+00 0.000000000000000000e+00
4.684767249010758583e+00 4.697998705973088995e+00
9.369534498119922006e+00 9.395922479549442485e+00
1.405430174774001983e+01 1.409377219775077528e+01
1.873906899776427082e+01 1.879154865365059379e+01
2.342383625037386707e+01 2.348925269927930159e+01
2.810860350235927285e+01 2.818688513806819174e+01
3.279337076101710835e+01 3.288444677334071287e+01
3.747813801182158500e+01 3.758193838770604600e+01
4.216290526196132760e+01 4.227936074725082705e+01
4.684767251170131175e+01 4.697671462561860523e+01
5.153243976613813260e+01 5.167400075901938550e+01
5.621720703105687278e+01 5.637121988043800513e+01
6.090197429864288381e+01 6.106837271176601689e+01
6.558674154988415239e+01 6.576545996854946452e+01
7.027150880330830773e+01 7.046248234694513712e+01
7.495627606263553844e+01 7.515944053543256587e+01
7.964104332157182853e+01 7.985633521008379887e+01
8.432581057999536256e+01 8.455316703512983167e+01
8.901057783229933307e+01 8.924993666723557340e+01
9.369534508425280706e+01 9.394664474428921608e+01
9.838011235572733426e+01 9.864329193142680197e+01
1.030648796205286857e+02 1.033398788273365057e+02
1.077496468836095858e+02 1.080364060562486088e+02
1.124344141506664272e+02 1.127328742221920947e+02
1.171191814196323264e+02 1.174292839210594366e+02
1.218039486834455687e+02 1.221256357313669270e+02
1.264887159830476548e+02 1.268219302431195672e+02
1.311734832764907424e+02 1.315181680310867591e+02
1.358582505382534009e+02 1.362143496538863872e+02
1.405430177913406737e+02 1.409104756574213297e+02
1.452277850678254936e+02 1.456065465866359432e+02
1.499125523677037108e+02 1.503025630099327259e+02
1.545973196502646658e+02 1.549985254185211261e+02
1.592820869083418529e+02 1.596944343711125782e+02
1.639668541723641511e+02 1.643902903597189606e+02
1.686516214838596852e+02 1.690860938919996102e+02
1.733363887454012797e+02 1.737818454694537138e+02
1.780211560133836031e+02 1.784775455473669012e+02
1.827059233305378143e+02 1.831731947082930105e+02
1.873906905967863281e+02 1.878687933414716724e+02
1.920754578874761194e+02 1.925643419534598024e+02
1.967602251978960055e+02 1.972598409959695118e+02
2.014449924943422729e+02 2.019552909357411465e+02
2.061297597920089970e+02 2.066506922303161957e+02
2.108145270970052252e+02 2.113460453125088065e+02
2.154992944092873586e+02 2.160413506409800561e+02
2.201840616934096602e+02 2.207366086383501056e+02
2.248688290176043552e+02 2.254318197411725180e+02
2.295535962772879373e+02 2.301269843984461545e+02
2.342383636035536654e+02 2.348221029367355754e+02
2.389231309369199607e+02 2.395171758033984020e+02
2.436078982087204849e+02 2.442122034329142934e+02
2.482926654761374721e+02 2.489071862622181186e+02
2.529774327884250056e+02 2.536021246550425587e+02
2.576622000513733610e+02 2.582970189623395072e+02
2.623469673367166024e+02 2.629918695398166619e+02
2.670317346828949781e+02 2.676866768235304335e+02
2.717165020247822440e+02 2.723814412610058753e+02
2.764012693464299559e+02 2.770761630904765980e+02
2.810860366138850850e+02 2.817708427408925900e+02
2.857708038773395742e+02 2.864654805717148065e+02
2.904555711443255177e+02 2.911600769609577242e+02
2.951403384207532099e+02 2.958546321796711140e+02
2.998251056870351476e+02 3.005491466366706845e+02
3.045098729550759344e+02 3.052436206287052869e+02
3.091946402240880047e+02 3.099380545363046622e+02
3.138794075320769821e+02 3.146324487413502311e+02
3.185641748025492461e+02 3.193268035283117570e+02
3.232489420696974776e+02 3.240211191476469139e+02
3.279337093339700004e+02 3.287153960421303509e+02
3.326184766803203843e+02 3.334096344867303401e+02
3.373032440061568877e+02 3.381038346657825286e+02
3.419880113257704579e+02 3.427979970430537833e+02
3.466727786092689030e+02 3.474921218871337487e+02
3.513575459916744421e+02 3.521862094819896356e+02
3.560423132832677879e+02 3.568802601184260652e+02
3.607270805555003790e+02 3.615742741561510911e+02
3.654118478165188435e+02 3.662682518135075043e+02
3.700966151067266310e+02 3.709621934402162537e+02
3.747813824113089822e+02 3.756560992332757678e+02
3.794661496803531691e+02 3.803499695244898362e+02
3.841509169921081366e+02 3.850438046906411955e+02
3.888356842512697540e+02 3.897376048209247301e+02
3.935204515482354282e+02 3.944313702454812187e+02
3.982052188208721191e+02 3.991251013140387158e+02
4.028899861644165981e+02 4.038187982080326037e+02
4.075747534223669959e+02 4.085124612719866946e+02
4.122595207114204641e+02 4.132060907539839718e+02
4.169442881054638974e+02 4.178996867559270072e+02
4.216290554033201943e+02 4.225932497620102595e+02
4.263138226752957394e+02 4.272867798727057789e+02
4.309985899499897641e+02 4.319802773288920434e+02
4.356833572222801081e+02 4.366737424269934991e+02
4.403681244894281690e+02 4.413671754802617215e+02
4.450528917568859697e+02 4.460605765750232194e+02
4.497376590865400203e+02 4.507539459639656911e+02
4.544224264571711274e+02 4.554472839482731956e+02
4.591071938497264000e+02 4.601405906988808283e+02
4.637919612170692858e+02 4.648338665873526452e+02
4.684767284884911760e+02 4.695271116445198913e+02
4.731614958739615986e+02 4.742203262857276513e+02
4.778462631959060332e+02 4.789135106472114671e+02
4.825310304837598778e+02 4.836066648530857037e+02
4.872157978377447307e+02 4.882997893047411253e+02
4.919005651690791865e+02 4.929928840773674210e+02
4.965853324337472259e+02 4.976859493885334587e+02
5.012700998195344937e+02 5.023789855303500644e+02
5.059548671387975673e+02 5.070719926553080086e+02
5.106396345003536226e+02 5.117649710032564485e+02
5.153244018409020555e+02 5.164579206852923789e+02
5.200091691631554340e+02 5.211508419648890822e+02
5.246939364215558044e+02 5.258437350822057397e+02
5.293787036985199848e+02 5.305366001734882957e+02
5.340634710532021927e+02 5.352294374585817422e+02
5.387482383346763299e+02 5.399222471193243109e+02
5.434330057967397352e+02 5.446150293245440253e+02
5.481177731577934082e+02 5.493077842807258548e+02
5.528025405426667476e+02 5.540005121804794044e+02
5.574873078327166240e+02 5.586932132769089776e+02
5.621720751718964948e+02 5.633858876674206613e+02
5.668568426010438088e+02 5.680785356097076146e+02
5.715416100305906184e+02 5.727711573341443909e+02
5.762263773993608993e+02 5.774637526925647535e+02
5.809111446756198802e+02 5.821563221801779946e+02
5.855959119465310323e+02 5.868488658454548386e+02
5.902806793776289851e+02 5.915413838305875061e+02
5.949654467789492855e+02 5.962338764395499311e+02
5.996502141640746686e+02 6.009263436689064974e+02
6.043349815652866255e+02 6.056187857860520580e+02
6.090197490083467073e+02 6.103112029769987430e+02
6.137045163135609300e+02 6.150035953563403837e+02
6.183892836645172792e+02 6.196959631731650688e+02
6.230740511323926967e+02 6.243883066070782206e+02
6.277588184509195344e+02 6.290806257036254010e+02
6.324435857330425961e+02 6.337729205002063964e+02
6.371283532377779011e+02 6.384651912972794889e+02
6.418131206178557022e+02 6.431574384036734955e+02
6.464978881001537729e+02 6.478496616413065112e+02
6.511826555625798392e+02 6.525418615691133937e+02
6.558674229438756811e+02 6.572340379266236141e+02
6.605521902019446543e+02 6.619261910285392787e+02
6.652369576161329405e+02 6.666183210426968344e+02
6.699217250431548791e+02 6.713104281054938838e+02
6.746064924599839969e+02 6.760025125048056225e+02
6.792912599864030199e+02 6.806945740696569374e+02
6.839760273612013179e+02 6.853866130717847227e+02
6.886607948374551142e+02 6.900786299343299106e+02
6.933455621092639376e+02 6.947706244994651570e+02
6.980303295583805721e+02 6.994625969146590023e+02
7.027150968520685410e+02 7.041545472667435206e+02
7.073998643492061547e+02 7.088464757660447049e+02
7.120846316797274085e+02 7.135383827564512558e+02
7.167693991257433481e+02 7.182302682118843222e+02
7.214541666316536066e+02 7.229221319661829739e+02
7.261389341055073601e+02 7.276139744568913557e+02
7.308237014159083174e+02 7.323057958160352428e+02
7.355084687561658257e+02 7.369975961680128194e+02
7.401932361166172996e+02 7.416893755991775379e+02
7.448780034589185561e+02 7.463811343160311935e+02
7.495627707472590373e+02 7.510728721743219012e+02
