0.000000000000000000e+00 0.000000000000000000e+00
4.684767249011286161e+00 4.697998706002551650e+00
9.369534498119415744e+00 9.395922479616992007e+00
1.405430174747511707e+01 1.409377218047676017e+01
1.873906899745420418e+01 1.879154863993740676e+01
2.342383625216868737e+01 2.348925268789025012e+01
2.810860350187955348e+01 2.818688512675174707e+01
3.279337075331855544e+01 3.288444676172435521e+01
3.747813800343368484e+01 3.758193838898242234e+01
4.216290526225358803e+01 4.227936074921447585e+01
4.684767251650367825e+01 4.697671463754919330e+01
5.153243977652407892e+01 5.167400077087294363e+01
5.621720703542384712e+01 5.637121990326193099e+01
6.090197430791050692e+01 6.106837274226563750e+01
6.558674155912927972e+01 6.576545999271807830e+01
7.027150880995537818e+01 7.046248236374776752e+01
7.495627606890283801e+01 7.515944055268190027e+01
7.964104332060898628e+01 7.985633522623894009e+01
8.432581057908265620e+01 8.455316704687994900e+01
8.901057784747919754e+01 8.924993667916335482e+01
9.369534513417485755e+01 9.394664475611871524e+01
9.838011238689622928e+01 9.864329194345134511e+01
1.030648796516947243e+02 1.033398788387800948e+02
1.077496469287401482e+02 1.080364060680079774e+02
1.124344141957615193e+02 1.127328742340981478e+02
1.171191814580630108e+02 1.174292839330336449e+02
1.218039487218559600e+02 1.221256357603297573e+02
1.264887159996350192e+02 1.268219302659799439e+02
1.311734832932287418e+02 1.315181680577302359e+02
1.358582505636093742e+02 1.362143496823460964e+02
1.405430178553265819e+02 1.409104756836190404e+02
1.452277851313004078e+02 1.456065466111504634e+02
1.499125524313470237e+02 1.503025630459754893e+02
1.545973197139223316e+02 1.549985254470423683e+02
1.592820869820380381e+02 1.596944343997783733e+02
1.639668542495726058e+02 1.643902903719025517e+02
1.686516215057682473e+02 1.690860939052249137e+02
1.733363887672104511e+02 1.737818454628679206e+02
1.780211560352631182e+02 1.784775455411104303e+02
1.827059232953249079e+02 1.831731946744760080e+02
1.873906905695184264e+02 1.878687933030011266e+02
1.920754578601097364e+02 1.925643418918502334e+02
1.967602251704648211e+02 1.972598409430796664e+02
2.014449924670695395e+02 2.019552908842579768e+02
2.061297597647422322e+02 2.066506921783749817e+02
2.108145270696674913e+02 2.113460452660754072e+02
2.154992943820151936e+02 2.160413505911103300e+02
2.201840616441148200e+02 2.207366085865585035e+02
2.248688289098468545e+02 2.254318196794169467e+02
2.295535961633780744e+02 2.301269842610196861e+02
2.342383634284253731e+02 2.348221028121573681e+02
2.389231307298871911e+02 2.395171757511773194e+02
2.436078980119228845e+02 2.442122034280119465e+02
2.482926652917351760e+02 2.489071862775417117e+02
2.529774325888814701e+02 2.536021246544476071e+02
2.576621998450175397e+02 2.582970189766854787e+02
2.623469671143937489e+02 2.629918695870416627e+02
2.670317344636138728e+02 2.676866769499602583e+02
2.717165017277072820e+02 2.723814413859020078e+02
2.764012690631615214e+02 2.770761632135131549e+02
2.810860364232605662e+02 2.817708429039307703e+02
2.857708037001817729e+02 2.864654807469452749e+02
2.904555710403561761e+02 2.911600771369578524e+02
2.951403383631875954e+02 2.958546323400613574e+02
2.998251056988372056e+02 3.005491467770574445e+02
3.045098730387375099e+02 3.052436207963575043e+02
3.091946403067486244e+02 3.099380546835845394e+02
3.138794076024473725e+02 3.146324488630023097e+02
3.185641748698707261e+02 3.193268035584266613e+02
3.232489421480779583e+02 3.240211192470304695e+02
3.279337095030827527e+02 3.287153960503515009e+02
3.326184767687857970e+02 3.334096344417868636e+02
3.373032440337377693e+02 3.381038346248770381e+02
3.419880113302434665e+02 3.427979969875287907e+02
3.466727786386995831e+02 3.474921218842599160e+02
3.513575460199191411e+02 3.521862094649777646e+02
3.560423133114878738e+02 3.568802602050113819e+02
3.607270806081045293e+02 3.615742742756089001e+02
3.654118478691444238e+02 3.662682519414405533e+02
3.700966151594261646e+02 3.709621935069280880e+02
3.747813824542374732e+02 3.756560993409996172e+02
3.794661497610254628e+02 3.803499696588327197e+02
3.841509170233350687e+02 3.850438047543674429e+02
3.888356842843825234e+02 3.897376048587760806e+02
3.935204515522376596e+02 3.944313703436844207e+02
3.982052188357603200e+02 3.991251014073905594e+02
4.028899861803389513e+02 4.038187983059447106e+02
4.075747534376238264e+02 4.085124613728607983e+02
4.122595207685719743e+02 4.132060908518128031e+02
4.169442880777025380e+02 4.178996868966488591e+02
4.216290553459201647e+02 4.225932498329673308e+02
4.263138226007765752e+02 4.272867798989625499e+02
4.309985899513725371e+02 4.319802773245983190e+02
4.356833572236724308e+02 4.366737423751789038e+02
4.403681244908214012e+02 4.413671753650166920e+02
4.450528917583009729e+02 4.460605764321213655e+02
4.497376590386048747e+02 4.507539458404021957e+02
4.544224264097615560e+02 4.554472839702601163e+02
4.591071936987754611e+02 4.601405907398741419e+02
4.637919610660155740e+02 4.648338666265351549e+02
4.684767284128331539e+02 4.695271117452396084e+02
4.731614957589486039e+02 4.742203263203840038e+02
4.778462630805086064e+02 4.789135106575263308e+02
4.825310304751869808e+02 4.836066648626235747e+02
4.872157978195889427e+02 4.882997892536288873e+02
4.919005651509303334e+02 4.929928839821985775e+02
4.965853324155997370e+02 4.976859493670935990e+02
5.012700998010636795e+02 5.023789856194551930e+02
5.059548671054129727e+02 5.070719926961240844e+02
5.106396344669835230e+02 5.117649710746145502e+02
5.153244017823722061e+02 5.164579207281700519e+02
5.200091690428396305e+02 5.211508420073892012e+02
5.246939363561949676e+02 5.258437352387641113e+02
5.293787036359906324e+02 5.305366003327603721e+02
5.340634709743677604e+02 5.352294376171953445e+02
5.387482384351906148e+02 5.399222473144876631e+02
5.434330058974106805e+02 5.446150295188995187e+02
5.481177732577832558e+02 5.493077844741360423e+02
5.528025406425366555e+02 5.540005123738069415e+02
5.574873080192257930e+02 5.586932134875233942e+02
5.621720753583800843e+02 5.633858879576298477e+02
5.668568427636312208e+02 5.680785358982559501e+02
5.715416101932163429e+02 5.727711574458222685e+02
5.762263775893652564e+02 5.774637528901347423e+02
5.809111448914254652e+02 5.821563223847986137e+02
5.855959121669936849e+02 5.868488660060609163e+02
5.902806794356197315e+02 5.915413841456053206e+02
5.949654468370081304e+02 5.962338766579895264e+02
5.996502140986801805e+02 6.009263440442600768e+02
6.043349813635195460e+02 6.056187861647105137e+02
6.090197488151272864e+02 6.103112034903822405e+02
6.137045161177925365e+02 6.150035958937810392e+02
6.183892834900661910e+02 6.196959636037095152e+02
6.230740508091354286e+02 6.243883069608555161e+02
6.277588181235071261e+02 6.290806259629980559e+02
6.324435854056155222e+02 6.337729207573843269e+02
6.371283528206614619e+02 6.384651916645551637e+02
6.418131200847874425e+02 6.431574386817505911e+02
6.464978875670320804e+02 6.478496620012649601e+02
6.511826550291536932e+02 6.525418619255959811e+02
6.558674223137386434e+02 6.572340383913365258e+02
6.605521896587661104e+02 6.619261914503763364e+02
6.652369569795459938e+02 6.666183214597957658e+02
6.699217242400408168e+02 6.713104286733819208e+02
6.746064916569150682e+02 6.760025128493850843e+02
6.792912591818112560e+02 6.806945745360728779e+02
6.839760264922360875e+02 6.853866136036924672e+02
6.886607938330416800e+02 6.900786302884288261e+02
6.933455611048341325e+02 6.947706246421746528e+02
6.980303283801822545e+02 6.994625968850247091e+02
7.027150957467107446e+02 7.041545473889489131e+02
7.073998632239579365e+02 7.088464758679792794e+02
7.120846305546227768e+02 7.135383828681317482e+02
7.167693979943704790e+02 7.182302681994547129e+02
7.214541655000527953e+02 7.229221320986609953e+02
7.261389327573417631e+02 7.276139748005811043e+02
7.308237000298372550e+02 7.323057961537665506e+02
7.355084673643104907e+02 7.369975964466165124e+02
7.401932347350868895e+02 7.416893759748941193e+02
7.448780021716243027e+02 7.463811345809824616e+02
7.495627695556120216e+02 7.510728724170339774e+02
