0.000000000000000000e+00 0.000000000000000000e+00
4.371502271734522438e+00 4.390738404705280651e+00
8.743004543518946292e+00 8.781308827639273673e+00
1.311450681548618036e+01 1.317171421845011103e+01
1.748600908818868760e+01 1.756195745005939912e+01
2.185751136047449705e+01 2.195204131738988806e+01
2.622901363319494905e+01 2.634196855951797289e+01
3.060051591747759048e+01 3.073174181920734327e+01
3.497201818982496491e+01 3.512136368932489461e+01
3.934352047155563525e+01 3.951083669786488883e+01
4.371502274567754398e+01 4.390016329120751948e+01
4.808652504409637629e+01 4.828934588818917462e+01
5.245802733946305807e+01 5.267838680187965394e+01
5.682952963755517573e+01 5.706728835218234508e+01
6.120103192460822328e+01 6.145605275396181355e+01
6.557253422406265031e+01 6.584468218077896040e+01
6.994403651103851871e+01 7.023317876145728178e+01
7.431553879433707266e+01 7.462154456218486587e+01
7.868704107180639085e+01 7.900978163038001867e+01
8.305854335049980364e+01 8.339789193977503601e+01
8.743004563398062601e+01 8.778587740218658553e+01
9.180154791413448834e+01 9.217373991172316039e+01
9.617305021574469492e+01 9.656148131442944305e+01
1.005445524922522793e+02 1.009491034338652753e+02
1.049160547764091689e+02 1.053366080393502529e+02
1.092875570521408690e+02 1.097239968659774121e+02
1.136590593328830465e+02 1.141112716126142743e+02
1.180305616584951167e+02 1.184984339027478626e+02
1.224020639534001305e+02 1.228854853164406791e+02
1.267735662343522591e+02 1.272724274478282922e+02
1.311450685677654917e+02 1.316592619375952040e+02
1.355165708564827298e+02 1.360459902038280973e+02
1.398880731424605131e+02 1.404326137571190145e+02
1.442595754761724720e+02 1.448191340032693120e+02
1.486310777967139245e+02 1.492055524872862691e+02
1.530025801370989029e+02 1.535918705222107121e+02
1.573740824172364512e+02 1.579780894489369985e+02
1.617455847835353211e+02 1.623642106188261209e+02
1.661170870926091254e+02 1.667502353264189026e+02
1.704885893807596631e+02 1.711361649065656820e+02
1.748600916891920747e+02 1.755220006009508893e+02
1.792315940670433747e+02 1.799077436027305339e+02
1.836030964256355560e+02 1.842933951528844716e+02
1.879745987650202039e+02 1.886789563942539871e+02
1.923461010838630045e+02 1.930644286421036782e+02
1.967176033789222060e+02 1.974498129136985085e+02
2.010891057209664723e+02 2.018351102611989631e+02
2.054606080337223943e+02 2.062203218371212188e+02
2.098321103759845414e+02 2.106054487933625410e+02
2.142036127167047539e+02 2.149904920877879988e+02
2.185751150359269559e+02 2.193754528804515189e+02
2.229466173293879478e+02 2.237603320231157795e+02
2.273181196564648303e+02 2.281451305781400833e+02
2.316896219879187697e+02 2.325298495228158515e+02
2.360611243222031135e+02 2.369144898479878236e+02
2.404326266891298758e+02 2.412990525161379765e+02
2.448041290636415397e+02 2.456835385081787422e+02
2.491756314100885561e+02 2.500679486563036846e+02
2.535471338501884588e+02 2.544522837474701191e+02
2.579186361918464172e+02 2.588365448298771412e+02
2.622901384968498633e+02 2.632207327003908972e+02
2.666616408265151676e+02 2.676048481646359960e+02
2.710331431406510205e+02 2.719888921143143534e+02
2.754046454613027208e+02 2.763728654337076023e+02
2.797761477937257268e+02 2.807567688427869257e+02
2.841476501689193128e+02 2.851406031414106224e+02
2.885191524977395261e+02 2.895243691090896050e+02
2.928906548918160979e+02 2.939080674123766244e+02
2.972621571778967109e+02 2.982916989147076379e+02
3.016336595017902482e+02 3.026752643793726065e+02
3.060051619481537273e+02 3.070587643650981136e+02
3.103766643629308533e+02 3.114421998088524219e+02
3.147481667053024239e+02 3.158255713004815561e+02
3.191196690687120281e+02 3.202088795445594087e+02
3.234911715276439281e+02 3.245921251662532541e+02
3.278626739387760836e+02 3.289753090561747513e+02
3.322341763007587474e+02 3.333584316035593247e+02
3.366056787191826061e+02 3.377414936759184911e+02
3.409771811012825538e+02 3.421244957065922563e+02
3.453486834084757220e+02 3.465074383911543237e+02
3.497201856945206373e+02 3.508903223657946455e+02
3.540916881088234618e+02 3.552731482345203631e+02
3.584631904959642270e+02 3.596559166640496414e+02
3.628346927835074212e+02 3.640386282228220125e+02
3.672061952195988397e+02 3.684212833751758467e+02
3.715776976891846743e+02 3.728038828058893159e+02
3.759492001474211520e+02 3.771864271708774936e+02
3.803207025605340732e+02 3.815689169114401693e+02
3.846922048446052145e+02 3.859513525357212416e+02
3.890637073698990207e+02 3.903337346259795595e+02
3.934352096802656433e+02 3.947160636341128566e+02
3.978067122094913657e+02 3.990983402166149858e+02
4.021782147042489441e+02 4.034805647726349207e+02
4.065497171140065120e+02 4.078627378101904242e+02
4.109212195909266825e+02 4.122448599778539347e+02
4.152927219019650238e+02 4.166269315576718100e+02
4.196642242831237013e+02 4.210089532609177922e+02
4.240357266930382139e+02 4.253909254133760669e+02
4.284072290862397949e+02 4.297728483863138536e+02
4.327787314998876127e+02 4.341547228377847887e+02
4.371502339400824440e+02 4.385365491339858863e+02
4.415217363011885254e+02 4.429183277453424807e+02
4.458932388258461970e+02 4.473000591315757219e+02
4.502647411530435306e+02 4.516817437564150737e+02
4.546362434460001509e+02 4.560633820239546594e+02
4.590077457609728526e+02 4.604449743825345536e+02
4.633792481278517243e+02 4.648265212060077829e+02
4.677507505440754585e+02 4.692080228892326659e+02
4.721222528530555564e+02 4.735894798872210458e+02
4.764937553218778135e+02 4.779708926504325746e+02
4.808652577266333310e+02 4.823522616047723659e+02
4.852367601594655753e+02 4.867335869808226789e+02
4.896082625281212586e+02 4.911148693350094732e+02
