0.000000000000000000e+00 0.000000000000000000e+00
4.574090264485110247e+00 4.590958162669777742e+00
9.148180532047440749e+00 9.181786569096194839e+00
1.372227080209982475e+01 1.377248723918997086e+01
1.829636107053706695e+01 1.836306213390216158e+01
2.287045133629701255e+01 2.295351316877129477e+01
2.744454160152193367e+01 2.754384222095870172e+01
3.201863186791814542e+01 3.213405112423124876e+01
3.659272213787691896e+01 3.672414166904965782e+01
4.116681240349129212e+01 4.131411560921526416e+01
4.574090269545157383e+01 4.590397464959060159e+01
5.031499297680972660e+01 5.049372046795377855e+01
5.488908324802978456e+01 5.508335471916947768e+01
5.946317354059446814e+01 5.967287897982094336e+01
6.403726380938948637e+01 6.426229484046254470e+01
6.861135409919324957e+01 6.885160382134698409e+01
7.318544438191642598e+01 7.344080744662295501e+01
7.775953466253042734e+01 7.802990716151077777e+01
8.233362494458044978e+01 8.261890440974980265e+01
8.690771521075703276e+01 8.720780060730436389e+01
9.148180548801096279e+01 9.179659713651398079e+01
9.605589576181199618e+01 9.638529534678660582e+01
1.006299860743519190e+02 1.009738965693526609e+02
1.052040763405558437e+02 1.055624021471400340e+02
1.097781666139049719e+02 1.101508132853981294e+02
1.143522568856934356e+02 1.147391312505071568e+02
1.189263472269096127e+02 1.193273573011679929e+02
1.235004375482252073e+02 1.239154925535692797e+02
1.280745278613957794e+02 1.285035382792797236e+02
1.326486182084067025e+02 1.330914956010996661e+02
1.372227085492514504e+02 1.376793656061806530e+02
1.417967988922632685e+02 1.422671494304185558e+02
1.463708892435493567e+02 1.468548482243006106e+02
1.509449795699986794e+02 1.514424629597614853e+02
1.555190699252189006e+02 1.560299947049250591e+02
1.600931602130842748e+02 1.606174444711168690e+02
1.646672504879072108e+02 1.652048133518922555e+02
1.692413408080820147e+02 1.697921022938387523e+02
1.738154310845465318e+02 1.743793122276101712e+02
1.783895214584476889e+02 1.789664441405131470e+02
1.829636118407593699e+02 1.835534989404240775e+02
1.875377021953071051e+02 1.881404775866839145e+02
1.921117925652811778e+02 1.927273809916679852e+02
1.966858829127540673e+02 1.973142099691661429e+02
2.012599732844750520e+02 2.019009654807952643e+02
2.058340636799781578e+02 2.064876484434080339e+02
2.104081539579733544e+02 2.110742595215253914e+02
2.149822443360120587e+02 2.156607996218240828e+02
2.195563346789218429e+02 2.202472696234378873e+02
2.241304250619311347e+02 2.248336702178745554e+02
2.287045154169305761e+02 2.294200022629020168e+02
2.332786057744089021e+02 2.340062664418820475e+02
2.378526961291906048e+02 2.385924636481867083e+02
2.424267865173733867e+02 2.431785944267943478e+02
2.470008768300094175e+02 2.477646597337994763e+02
2.515749671288793650e+02 2.523506602304862554e+02
2.561490574590187634e+02 2.569365965088343842e+02
2.607231477410280718e+02 2.615224693589207732e+02
2.652972380215617250e+02 2.661082794728277463e+02
2.698713283375594756e+02 2.706940274982454184e+02
2.744454186574682240e+02 2.752797141866256538e+02
2.790195089734965563e+02 2.798653399474412709e+02
2.835935992811338338e+02 2.844509057073781264e+02
2.881676896065104643e+02 2.890364120356871354e+02
2.927417799287021580e+02 2.936218594135365834e+02
2.973158702721047462e+02 2.982072486139846319e+02
3.018899606293745137e+02 3.027925801510793917e+02
3.064640509445445105e+02 3.073778545486675284e+02
3.110381412244055355e+02 3.119630725860148459e+02
3.156122315469801265e+02 3.165482347061681025e+02
3.201863219478298674e+02 3.211333414208597787e+02
3.247604122882530646e+02 3.257183933703357752e+02
3.293345026077506077e+02 3.303033912487688895e+02
3.339085930021984723e+02 3.348883353729759165e+02
3.384826832896961264e+02 3.394732264766025764e+02
3.430567735685969524e+02 3.440580648229421286e+02
3.476308640433644541e+02 3.486428511057606556e+02
3.522049544844674074e+02 3.532275857917805979e+02
3.567790447858379821e+02 3.578122694199415150e+02
3.613531350863764828e+02 3.623969024570191095e+02
3.659272253659544276e+02 3.669814853619509449e+02
3.705013158424241055e+02 3.715660186812904158e+02
3.750754061206188226e+02 3.761505028465497276e+02
3.796494964475755296e+02 3.807349384046491423e+02
3.842235867669572826e+02 3.853193257179294164e+02
3.887976770636428228e+02 3.899036653042344369e+02
3.933717674582933341e+02 3.944879574964294306e+02
3.979458577854909436e+02 3.990722029522675598e+02
4.025199480726981278e+02 4.036564019974691746e+02
4.070940384080853391e+02 4.082405549860314977e+02
4.116681289276398275e+02 4.128246624119925627e+02
4.162422193827195542e+02 4.174087246741624995e+02
4.208163098481871884e+02 4.219927422933178605e+02
4.253904001860979633e+02 4.265767155507911639e+02
4.299644906662033463e+02 4.311606447921037670e+02
4.345385812017928515e+02 4.357445304603819523e+02
4.391126715532207072e+02 4.403283730835512984e+02
4.436867618982612385e+02 4.449121730051388113e+02
4.482608523098171531e+02 4.494959303890222486e+02
4.528349427034142991e+02 4.540796458094134778e+02
4.574090330379513034e+02 4.586633196915620374e+02
4.619831236072048455e+02 4.632469521122012566e+02
4.665572139985015383e+02 4.678305435539048176e+02
4.711313042936282045e+02 4.724140944707643257e+02
4.757053946205436432e+02 4.769976051669581238e+02
4.802794851829903564e+02 4.815810760906227870e+02
4.848535755330413508e+02 4.861645074123452446e+02
4.894276659220577130e+02 4.907478994424430994e+02
4.940017562849715205e+02 4.953312526607460313e+02
4.985758465839921882e+02 4.999145674954849596e+02
5.031499371012464508e+02 5.044978439895937186e+02
5.077240275315178906e+02 5.090810825880122366e+02
5.122981180274125563e+02 5.136642836724795416e+02
