0.000000000000000000e+00 0.000000000000000000e+00
4.576118415794880434e+00 4.590958162153336630e+00
9.152236834654940978e+00 9.181815632267056770e+00
1.372835525079249663e+01 1.377257379790761505e+01
1.830447367554769755e+01 1.836323400966341168e+01
2.288059210428879808e+01 2.295379757956810707e+01
2.745671052077339169e+01 2.754426580894292087e+01
3.203282893854432700e+01 3.213463996677175061e+01
3.660894735545495848e+01 3.672492129876783196e+01
4.118506577603638164e+01 4.131511102377709221e+01
4.576118419753378674e+01 4.590521033707592125e+01
5.033730262937766042e+01 5.049522042211646067e+01
5.491342105008017427e+01 5.508514240794465167e+01
5.948953949263617602e+01 5.967497742598436616e+01
6.406565791260084097e+01 6.426472660125922687e+01
6.864177634287946717e+01 6.885439099784429118e+01
7.321789477640433574e+01 7.344397171460691709e+01
7.779401321459610585e+01 7.803346974916597389e+01
8.237013163507955937e+01 8.262288613982954644e+01
8.694625005270015095e+01 8.721222189927502200e+01
9.152236847247047535e+01 9.180147805343241885e+01
9.609848689380146425e+01 9.639065548541238115e+01
1.006746053778635712e+02 1.009797552313969504e+02
1.052507238031009535e+02 1.055687781459400583e+02
1.098268422363737784e+02 1.101577251880107724e+02
1.144029606605108427e+02 1.147465972636289848e+02
1.189790790803627374e+02 1.193353952586949731e+02
1.235551975461497705e+02 1.239241200175422506e+02
1.281313159714987933e+02 1.285127724341909072e+02
1.327074344149950775e+02 1.331013533210946775e+02
1.372835529063672197e+02 1.376898635516497507e+02
1.418596713990899048e+02 1.422783038590251010e+02
1.464357899028589145e+02 1.468666751208305641e+02
1.510119083801644706e+02 1.514549780400355985e+02
1.555880268879193977e+02 1.560432133926032634e+02
1.601641453149318295e+02 1.606313820063616333e+02
1.647402637361569759e+02 1.652194845911328400e+02
1.693163822473822790e+02 1.698075219015621542e+02
1.738925006756165317e+02 1.743954945384151074e+02
1.784686191276690863e+02 1.789834032745609704e+02
1.830447375999151518e+02 1.835712489325855756e+02
1.876208561060823286e+02 1.881590319864719731e+02
1.921969746267581627e+02 1.927467532757639219e+02
1.967730931278529170e+02 1.973344133997323979e+02
2.013492115875399975e+02 2.019220129401112445e+02
2.059253300098155250e+02 2.065095526245682436e+02
2.105014485468302610e+02 2.110970330483966677e+02
2.150775670359017795e+02 2.156844548562390855e+02
2.196536855282661804e+02 2.202718187101846183e+02
2.242298040379567396e+02 2.248591252210002835e+02
2.288059225441911622e+02 2.294463748514261567e+02
2.333820410468421755e+02 2.340335682097576182e+02
2.379581595542413481e+02 2.386207060104063089e+02
2.425342780534345195e+02 2.432077886334773780e+02
2.471103965481148066e+02 2.477948166857975139e+02
2.516865150260821906e+02 2.523817907489077470e+02
2.562626335074875783e+02 2.569687114449776573e+02
2.608387520664805947e+02 2.615555792266995354e+02
2.654148705393994305e+02 2.661423945823288477e+02
2.699909890104788701e+02 2.707291581292660112e+02
2.745671074453377969e+02 2.753158703516291439e+02
2.791432258697855104e+02 2.799025317235694388e+02
2.837193443896261442e+02 2.844891426864210757e+02
2.882954628176540837e+02 2.890757036603080223e+02
2.928715813509764985e+02 2.936622152201829294e+02
2.974476998771257854e+02 2.982486778685621402e+02
3.020238184854727024e+02 3.028350920313207553e+02
3.065999371035771901e+02 3.074214582231099939e+02
3.111760555303127376e+02 3.120077768553895794e+02
3.157521740664657841e+02 3.165940484130640016e+02
3.203282924869227486e+02 3.211802732624670398e+02
3.249044109164202041e+02 3.257664518871099517e+02
3.294805295232289382e+02 3.303525847784093230e+02
3.340566479857068884e+02 3.349386722705743296e+02
3.386327664734469067e+02 3.395247149224314853e+02
3.432088849029661333e+02 3.441107128671857822e+02
3.477850033403855150e+02 3.486966666225479230e+02
3.523611217713810220e+02 3.532825767036031266e+02
3.569372402041027499e+02 3.578684434098914835e+02
3.615133587882279471e+02 3.624542670955398762e+02
3.660894772192249320e+02 3.670400482161186346e+02
3.706655958178574224e+02 3.716257873117564259e+02
3.752417142575402522e+02 3.762114844023651585e+02
3.798178328984121208e+02 3.807971401606700965e+02
3.843939513710438405e+02 3.853827546832224016e+02
3.889700698017718423e+02 3.899683285042501097e+02
3.935461882337219777e+02 3.945538619414070354e+02
3.981223068854259282e+02 3.991393553255884399e+02
4.026984255111540278e+02 4.037248090092807047e+02
4.072745440372485746e+02 4.083102233224368547e+02
4.118506625226722235e+02 4.128955986512002028e+02
4.164267811337801959e+02 4.174809353491436354e+02
4.210028996914591062e+02 4.220662337242858939e+02
4.255790181715204881e+02 4.266514940276721291e+02
4.301551367588234598e+02 4.312367166295402967e+02
4.347312553635003951e+02 4.358219016555727876e+02
4.393073738163453754e+02 4.404070498078389164e+02
4.438834923114544608e+02 4.449921612025398190e+02
4.484596107561030749e+02 4.495772360806988672e+02
4.530357293034595045e+02 4.541622746844852259e+02
4.576118479889387913e+02 4.587472774533684969e+02
4.621879665330039870e+02 4.633322444694236992e+02
4.667640851646343094e+02 4.679171761539560634e+02
4.713402036777487183e+02 4.725020729033943780e+02
4.759163222041127597e+02 4.770869349463587241e+02
4.804924406455103281e+02 4.816717625542454471e+02
4.850685592347979309e+02 4.862565559703666054e+02
4.896446777669174821e+02 4.908413154015187843e+02
4.942207962716548764e+02 4.954260411540269615e+02
4.987969147126695475e+02 5.000107337183005711e+02
5.033730333809599529e+02 5.045953929581123134e+02
5.079491520379900749e+02 5.091800193368575265e+02
5.125252705920131575e+02 5.137646131668084308e+02
