0.000000000000000000e+00 0.000000000000000000e+00
4.372920685240908156e+00 4.390772894289117545e+00
8.745841370429843664e+00 8.781399878303181694e+00
1.311876205566564124e+01 1.317188334956686191e+01
1.749168274583264804e+01 1.756222565101801436e+01
2.186460343209835244e+01 2.195242906436397945e+01
2.623752411792700912e+01 2.634249583144311657e+01
3.061044480864838135e+01 3.073242811460104207e+01
3.498336549730631617e+01 3.512222803943011229e+01
3.935628619656591809e+01 3.951189768757932086e+01
4.372920689780055881e+01 4.390143907178580207e+01
4.810212761065405118e+01 4.829085417046897533e+01
5.247504831588389607e+01 5.268014491118570675e+01
5.684796902235183325e+01 5.706931319176167960e+01
6.122088974456960386e+01 6.145836087225950450e+01
6.559381043663319133e+01 6.584728973991187218e+01
6.996673112844531772e+01 7.023610157031103540e+01
7.433965185242426799e+01 7.462479806618631528e+01
7.871257254121601932e+01 7.901338092790999212e+01
8.308549324012790294e+01 8.340185180544779087e+01
8.745841393727479840e+01 8.779021230854993973e+01
9.183133464539669433e+01 9.217846401820492019e+01
9.620425536052734117e+01 9.656660848198137614e+01
1.005771760799413528e+02 1.009546471963302992e+02
1.049500967721316442e+02 1.053425817206700827e+02
1.093230174629974414e+02 1.097304134213855775e+02
1.136959381699964950e+02 1.141181437354076422e+02
1.180688588725135162e+02 1.185057740154225456e+02
1.224417796117403157e+02 1.228933057131036435e+02
1.268147003044282854e+02 1.272807400640781310e+02
1.311876210242686511e+02 1.316680784263494104e+02
1.355605417194398683e+02 1.360553221238653236e+02
1.399334624636222202e+02 1.404424723597414300e+02
1.443063832121615349e+02 1.448295304006834954e+02
1.486793039467042945e+02 1.492164974072956625e+02
1.530522246996239062e+02 1.536033745854460904e+02
1.574251454803513752e+02 1.579901630805311470e+02
1.617980661721463775e+02 1.623768640615284085e+02
1.661709869498391754e+02 1.667634785265678943e+02
1.705439076434464027e+02 1.711500076680440259e+02
1.749168283354289883e+02 1.755364526107497340e+02
1.792897490304071653e+02 1.799228143775812043e+02
1.836626698017770138e+02 1.843090938821821396e+02
1.880355905551235480e+02 1.886952923243401870e+02
1.924085112884201294e+02 1.930814105099772462e+02
1.967814320895476499e+02 1.974674495469915882e+02
2.011543528200451192e+02 2.018534104018856681e+02
2.055272735492593768e+02 2.062392938912947784e+02
2.099001942739176343e+02 2.106251010813026596e+02
2.142731150046675737e+02 2.150108328312381900e+02
2.186460357408836330e+02 2.193964900255789985e+02
2.230189564778783051e+02 2.237820735417759010e+02
2.273918773078951290e+02 2.281675842310250459e+02
2.317647980516272526e+02 2.325530229006667184e+02
2.361377188002392415e+02 2.369383904632843496e+02
2.405106395509378387e+02 2.413236876649644671e+02
2.448835603379248766e+02 2.457089153672041562e+02
2.492564810865412710e+02 2.500940744128943152e+02
2.536294018457450079e+02 2.544791653944388088e+02
2.580023225777131870e+02 2.588641892760574592e+02
2.623752432776547607e+02 2.632491466029918570e+02
2.667481640209307443e+02 2.676340382405035143e+02
2.711210847568898998e+02 2.720188649089022306e+02
2.754940054897573987e+02 2.764036273404640838e+02
2.798669262424853059e+02 2.807883261912099897e+02
2.842398470396135508e+02 2.851729622478021042e+02
2.886127677818790289e+02 2.895575360382181316e+02
2.929856885776422928e+02 2.939420483542896818e+02
2.973586093759394089e+02 2.983264997735000179e+02
3.017315300731851835e+02 3.027108908091788635e+02
3.061044508160095461e+02 3.070952223450218526e+02
3.104773715921922417e+02 3.114794948163647064e+02
3.148502923790563273e+02 3.158637089203215282e+02
3.192232131256682237e+02 3.202478653186868769e+02
3.235961339506500849e+02 3.246319645767944166e+02
3.279690548351935035e+02 3.290160073832446415e+02
3.323419755404723901e+02 3.333999941110848795e+02
3.367148962680104205e+02 3.377839254674628364e+02
3.410878169712565295e+02 3.421678019123867216e+02
3.454607377304535021e+02 3.465516240158984260e+02
3.498336584299158858e+02 3.509353923714359667e+02
3.542065791460778996e+02 3.553191074979488349e+02
3.585794999269230630e+02 3.597027699519284170e+02
3.629524207094294184e+02 3.640863802880251114e+02
3.673253414530040573e+02 3.684699389981201421e+02
3.716982623234631546e+02 3.728534465160549871e+02
3.760711830683371204e+02 3.772369033650105621e+02
3.804441038923488350e+02 3.816203100463731630e+02
3.848170246339569758e+02 3.860036670345471066e+02
3.891899454787071591e+02 3.903869747845141660e+02
3.935628663451113880e+02 3.947702338296900280e+02
3.979357871592706601e+02 3.991534446700802619e+02
4.023087080861083109e+02 4.035366076662347155e+02
4.066816289436802663e+02 4.079197232207186516e+02
4.110545498577847638e+02 4.123027918056845920e+02
4.154274707148222205e+02 4.166858139174481721e+02
4.198003915626015896e+02 4.210687900773957040e+02
4.241733124373203623e+02 4.254517204959574883e+02
4.285462332504761207e+02 4.298346056527633436e+02
4.329191540787204531e+02 4.342174460739254300e+02
4.372920749279727488e+02 4.386002420156231096e+02
4.416649957022120816e+02 4.429829941092371541e+02
4.460379166458761802e+02 4.473657024695947939e+02
4.504108373614958509e+02 4.517483677667427173e+02
4.547837582264856451e+02 4.561309901533534230e+02
4.591566791851329299e+02 4.605135703134968708e+02
4.635296000709970485e+02 4.648961082504404203e+02
4.679025209620479018e+02 4.692786043805269287e+02
4.722754416706385427e+02 4.736610591724179926e+02
4.766483623732952424e+02 4.780434730893169331e+02
4.810212831326614946e+02 4.824258464218173685e+02
4.853942039398637007e+02 4.868081793973529443e+02
4.897671246953668742e+02 4.911904727000421644e+02
