0.000000000000000000e+00 0.000000000000000000e+00
4.372782145785558683e+00 4.390738403925436906e+00
8.745564290960034626e+00 8.781328973866035170e+00
1.311834643772977671e+01 1.317177416076717122e+01
1.749112858802942583e+01 1.756207635162173730e+01
2.186391073801749485e+01 2.195223787642823865e+01
2.623669288418797407e+01 2.634226101527746167e+01
3.060947503134501346e+01 3.073214797818369348e+01
3.498225719365584041e+01 3.512190092442259015e+01
3.935503934113439328e+01 3.951152197738748129e+01
4.372782148820631676e+01 4.390101320266464313e+01
4.810060363685118290e+01 4.829037661168344187e+01
5.247338579002030201e+01 5.267961417696210447e+01
5.684616793573196958e+01 5.706872781069947820e+01
6.121895009090216888e+01 6.145771941412534289e+01
6.559173223887049176e+01 6.584659081545969173e+01
6.996451441348594358e+01 7.023534380582758274e+01
7.433729659964396319e+01 7.462398014855219230e+01
7.871007875395110887e+01 7.901250154563322781e+01
8.308286090259016987e+01 8.340090968260724935e+01
8.745564307746695931e+01 8.778920622033072618e+01
9.182842527049008652e+01 9.217739275690638578e+01
9.620120743029318078e+01 9.656547084050967555e+01
1.005739895787903322e+02 1.009534420350228174e+02
1.049467717611431112e+02 1.053413078235360842e+02
1.093195539165093351e+02 1.097290697117720413e+02
1.136923361084610917e+02 1.141167291714073428e+02
1.180651182591480506e+02 1.185042875786752745e+02
1.224379004340462131e+02 1.228917462902026614e+02
1.268106825884333375e+02 1.272791066655177730e+02
1.311834648078740884e+02 1.316663701042366483e+02
1.355562470078535569e+02 1.360535378299776141e+02
1.399290292104745959e+02 1.404406111398633925e+02
1.443018113639861326e+02 1.448275913118937410e+02
1.486745935261477030e+02 1.492144795435698370e+02
1.530473757397240604e+02 1.536012770684527027e+02
1.574201579815069181e+02 1.579879849505543348e+02
1.617929402133975714e+02 1.623746045189766107e+02
1.661657223991961416e+02 1.667611367366988588e+02
1.705385046364602317e+02 1.711475828701571231e+02
1.749112867913551668e+02 1.755339438968961474e+02
1.792840689954193181e+02 1.799202209627888465e+02
1.836568512556900714e+02 1.843064150012267532e+02
1.880296334718972275e+02 1.886925271446862666e+02
1.924024157110411579e+02 1.930785584364523970e+02
1.967751978627716767e+02 1.974645097128515090e+02
2.011479801399710823e+02 2.018503821425755405e+02
2.055207623065622329e+02 2.062361765871966952e+02
2.098935445814953198e+02 2.106218938825758187e+02
2.142663268219068300e+02 2.150075350899976172e+02
2.186391090700082032e+02 2.193931010173033087e+02
2.230118912692376512e+02 2.237785926436353918e+02
2.273846734701437811e+02 2.281640108011856114e+02
2.317574556737825731e+02 2.325493563326099036e+02
2.361302378820433887e+02 2.369346301402523522e+02
2.405030200918371861e+02 2.413198330042682755e+02
2.448758023315792798e+02 2.457049658160580634e+02
2.492485844914045856e+02 2.500900293025673022e+02
2.536213666614960971e+02 2.544750242603042238e+02
2.579941489492327946e+02 2.588599513160435777e+02
2.623669312398371289e+02 2.632448114206702598e+02
2.667397135188733159e+02 2.676296052884347887e+02
2.711124958214574008e+02 2.720143335662147592e+02
2.754852780143689870e+02 2.763989971885294494e+02
2.798580602259575016e+02 2.807835965791458079e+02
2.842308424478902680e+02 2.851681326127857119e+02
2.886036246502371796e+02 2.895526059538465802e+02
2.929764069013401127e+02 2.939370172594706787e+02
2.973491891724129346e+02 2.983213672622661079e+02
3.017219713223026929e+02 3.027056565858615613e+02
3.060947535589992867e+02 3.070898857213085194e+02
3.104675358249651254e+02 3.114740554247927662e+02
3.148403179983141627e+02 3.158581663640720762e+02
3.192131002942523992e+02 3.202422191212052667e+02
3.235858825935950449e+02 3.246262142449832595e+02
3.279586649365846256e+02 3.290101525217475569e+02
3.323314471018428549e+02 3.333940342667673917e+02
3.367042292930150325e+02 3.377778602593557480e+02
3.410770116050383649e+02 3.421616309167086456e+02
3.454497939584430242e+02 3.465453468429449799e+02
3.498225761472903059e+02 3.509290086473585575e+02
3.541953583712879094e+02 3.553126168512069398e+02
3.585681405638242154e+02 3.596961719391757129e+02
3.629409227852174809e+02 3.640796745445038596e+02
3.673137051606013301e+02 3.684631250542433349e+02
3.716864874944842541e+02 3.728465240779944452e+02
3.760592698304386658e+02 3.772298720177390123e+02
3.804320520036135918e+02 3.816131695950308540e+02
3.848048342055984676e+02 3.859964170054946635e+02
3.891776164045362520e+02 3.903796148867263582e+02
3.935503987903549614e+02 3.947627637134856968e+02
3.979231811277662700e+02 3.991458640087632830e+02
4.022959634421927149e+02 4.035289161013469084e+02
4.066687457289169174e+02 4.079119205657706289e+02
4.110415281099885760e+02 4.122948776819391696e+02
4.154143103138943616e+02 4.166777880078425369e+02
4.197870925595796621e+02 4.210606520204291883e+02
4.241598748393938081e+02 4.254434700317566467e+02
4.285326571119394430e+02 4.298262424723300228e+02
4.329054394004041910e+02 4.342089698714376027e+02
4.372782216901420043e+02 4.385916525534798893e+02
4.416510039243429446e+02 4.429742909565586615e+02
4.460237863277471888e+02 4.473568854862660373e+02
4.503965685905685632e+02 4.517394365859097434e+02
4.547693508281545860e+02 4.561219445104005672e+02
4.591421330502981846e+02 4.605044097518559738e+02
4.635149153872629313e+02 4.648868328545418080e+02
4.678876978132410613e+02 4.692692138498682652e+02
4.722604801436737034e+02 4.736515533083674541e+02
4.766332624299468534e+02 4.780338514486261374e+02
4.810060446863396351e+02 4.824161087590039187e+02
4.853788270202363719e+02 4.867983255497647406e+02
4.897516092206227540e+02 4.911805022630937856e+02
