0.000000000000000000e+00 0.000000000000000000e+00
6.075725291241290016e+00 6.089514658107845868e+00
1.215145065643226019e+01 1.217895383683426758e+01
1.822717600232473245e+01 1.826831823317004222e+01
2.430290127971118608e+01 2.435760878047064182e+01
3.037862655910393528e+01 3.044682627628466776e+01
3.645435201055776986e+01 3.653597173371409212e+01
4.253007721575934141e+01 4.262504551773311334e+01
4.860580264830942809e+01 4.871404861621396520e+01
5.468152805001415828e+01 5.480298165933180599e+01
6.075725329021921794e+01 6.089184544870379057e+01
6.683297856709570794e+01 6.698064072874237240e+01
7.290870384236058044e+01 7.306936817447684973e+01
7.898442911927618582e+01 7.915802841154012981e+01
8.506015445893638116e+01 8.524662247037130669e+01
9.113587972801921921e+01 9.133515056093415296e+01
9.721160498266019090e+01 9.742361357026717883e+01
1.032873302167319736e+02 1.035120122782770125e+02
1.093630555470045351e+02 1.096003470403860547e+02
1.154387808336650778e+02 1.156886187102502390e+02
1.215145062384547430e+02 1.217768277233516443e+02
1.275902315050182807e+02 1.278649749242034090e+02
1.336659569958860345e+02 1.339530609819583162e+02
1.397416822509820236e+02 1.400410863822710326e+02
1.458174077624281608e+02 1.461290516670143234e+02
1.518931332439107678e+02 1.522169572406829730e+02
1.579688584755638772e+02 1.583048038917099518e+02
1.640445838097754461e+02 1.643925921535303587e+02
1.701203091730866959e+02 1.704803225334427168e+02
1.761960346631794323e+02 1.765679957447645734e+02
1.822717600762279631e+02 1.826556123577566666e+02
1.883474853470376615e+02 1.887431726077891767e+02
1.944232106192702361e+02 1.948306773090865249e+02
2.004989359543414480e+02 2.009181268090671324e+02
2.065746612369123341e+02 2.070055217381899979e+02
2.126503865690516761e+02 2.130928625240223653e+02
2.187261120634406666e+02 2.191801496142341534e+02
2.248018373540542711e+02 2.252673837904550282e+02
2.308775626948752517e+02 2.313545651776117325e+02
2.369532879171320019e+02 2.374416943019322730e+02
2.430290132632632094e+02 2.435287718081247021e+02
2.491047385894117951e+02 2.496157980621911179e+02
2.551804638970590418e+02 2.557027735187922417e+02
2.612561892045498553e+02 2.617896986786340676e+02
2.673319145016422453e+02 2.678765739576713258e+02
2.734076399144998959e+02 2.739633998392316698e+02
2.794833651994848651e+02 2.800501769305870994e+02
2.855590905402565340e+02 2.861369054748980147e+02
2.916348158213245370e+02 2.922235858545778342e+02
2.977105410999561173e+02 2.983102185674258635e+02
3.037862663764329341e+02 3.043968039518271098e+02
3.098619916570856958e+02 3.104833424621642735e+02
3.159377169520477082e+02 3.165698344888209022e+02
3.220134422162726082e+02 3.226562801861780940e+02
3.280891674743666044e+02 3.287426803622138891e+02
3.341648927064088070e+02 3.348290350276354275e+02
3.402406179905282215e+02 3.409153447886386630e+02
3.463163432869133658e+02 3.470016101704438256e+02
3.523920685043893286e+02 3.530878313777136555e+02
3.584677937510362540e+02 3.591740087566754482e+02
3.645435191691578325e+02 3.652601426852993427e+02
3.706192445644727513e+02 3.713462335380389732e+02
3.766949699623661445e+02 3.774322816373857563e+02
3.827706953708675428e+02 3.835182873634168459e+02
3.888464207805820934e+02 3.896042510666426324e+02
3.949221462545806958e+02 3.956901731135058071e+02
4.009978715551613959e+02 4.017760538071053134e+02
4.070735967530995367e+02 4.078618935036082007e+02
4.131493219811337667e+02 4.139476922702367574e+02
4.192250472452675467e+02 4.200334507092407534e+02
4.253007724549925115e+02 4.261191690244637584e+02
4.313764976700936131e+02 4.322048476336212843e+02
4.374522229363068959e+02 4.382904868539912968e+02
4.435279481722579362e+02 4.443760871070531948e+02
4.496036733684189812e+02 4.504616484087503068e+02
4.556793985779352170e+02 4.565471714293959167e+02
4.617551239512359871e+02 4.626326562558255091e+02
4.678308491666745681e+02 4.687181031140361256e+02
4.739065746368942200e+02 4.748035123881338109e+02
4.799822998334932436e+02 4.808888843922758269e+02
4.860580250390091805e+02 4.869742194106123065e+02
4.921337502652651210e+02 4.930595176322452744e+02
4.982094757537875012e+02 4.991447791864645751e+02
5.042852010567811476e+02 5.052300047273711812e+02
5.103609262535326252e+02 5.113151943379290287e+02
5.164366515245369555e+02 5.174003481521185677e+02
5.225123768060636849e+02 5.234854666463709236e+02
5.285881021058571605e+02 5.295705499781047365e+02
5.346638274434642426e+02 5.356555985069196595e+02
5.407395527982189378e+02 5.417406124205822380e+02
5.468152781269789102e+02 5.478255919719845224e+02
5.528910033908643982e+02 5.539105374940072579e+02
5.589667286342380521e+02 5.599954491115099700e+02
5.650424538914567165e+02 5.660803271227218829e+02
5.711181791421813614e+02 5.721651720021297933e+02
5.771939044957637179e+02 5.782499836892554868e+02
5.832696297636625786e+02 5.843347625725433545e+02
5.893453550643918106e+02 5.904195088726878566e+02
5.954210802822595952e+02 5.965042225547003909e+02
6.014968055587088429e+02 6.025889042766954162e+02
6.075725308601911365e+02 6.086735538262846603e+02
6.136482561726147651e+02 6.147581718695576001e+02
6.197239815094537789e+02 6.208427585365263894e+02
6.257997067173542973e+02 6.269273137301318002e+02
6.318754320035604906e+02 6.330118377926582980e+02
6.379511573057255873e+02 6.390963310654981342e+02
6.440268825327632385e+02 6.451807937246856000e+02
6.501026079193802616e+02 6.512652260183044746e+02
6.561783332332889813e+02 6.573496280958972875e+02
6.622540584542022088e+02 6.634340003092188454e+02
6.683297837220723068e+02 6.695183427933611711e+02
6.744055090923047828e+02 6.756026556440181139e+02
6.804812344038352876e+02 6.816869390226630685e+02
6.865569598037420747e+02 6.877711932766811742e+02
6.926326851283619135e+02 6.938554187312424801e+02
6.987084104947666674e+02 6.999396153045438496e+02
7.047841358089419828e+02 7.060237832315675632e+02
7.108598611039531079e+02 7.121079227619579797e+02
7.169355864725805532e+02 7.181920341668862875e+02
7.230113118731569557e+02 7.242761175466166605e+02
7.290870370706261383e+02 7.303601733149122310e+02
7.351627623471258630e+02 7.364442014625585671e+02
7.412384876853143396e+02 7.425282020609454321e+02
7.473142129714458406e+02 7.486121753895743041e+02
7.533899382358301864e+02 7.546961214954500292e+02
7.594656637006673918e+02 7.607800408564910413e+02
7.655413890929626177e+02 7.668639332613097395e+02
7.716171143863020916e+02 7.729477990891492709e+02
7.776928396265379888e+02 7.790316387044449584e+02
7.837685649957472833e+02 7.851154519486931349e+02
7.898442905389877069e+02 7.911992391885038387e+02
7.959200160358745961e+02 7.972830005541720766e+02
8.019957414988640494e+02 8.033667362135046233e+02
8.080714669318214192e+02 8.094504463021892207e+02
8.141471923556182446e+02 8.155341309940483825e+02
8.202229177738875023e+02 8.216177904292796939e+02
8.262986431892543351e+02 8.277014248676644002e+02
8.323743684749729255e+02 8.337850342951969651e+02
8.384500936752738198e+02 8.398686190170869850e+02
8.445258190942655574e+02 8.459521790030271404e+02
8.506015445539976554e+02 8.520357147381355389e+02
8.566772699853199811e+02 8.581192260302966588e+02
8.627529954689205169e+02 8.642027132078269460e+02
8.688287208040452470e+02 8.702861765853405132e+02
8.749044463436280239e+02 8.763696158381665100e+02
8.809801715781554776e+02 8.824530315320553200e+02
8.870558969227140551e+02 8.885364236913768536e+02
8.931316223943558725e+02 8.946197923941440422e+02
8.992073476674721633e+02 9.007031376555503357e+02
9.052830731688253536e+02 9.067864598184023635e+02
9.113587984827170203e+02 9.128697590593819768e+02
9.174345237553363859e+02 9.189530353659122284e+02
9.235102490122271774e+02 9.250362890548755104e+02
9.295859743616776996e+02 9.311195203527902322e+02
9.356616995997583217e+02 9.372027289764525904e+02
9.417374248458629609e+02 9.432859153422793952e+02
9.478131504072092639e+02 9.493690793703393638e+02
9.538888756779647338e+02 9.554522214123131789e+02
9.599646012049996671e+02 9.615353414272080954e+02
9.660403264875886862e+02 9.676184397497022474e+02
9.721160517443996696e+02 9.737015163807955105e+02
