0.000000000000000000e+00 0.000000000000000000e+00
4.871249760285375707e+00 4.888561282326442381e+00
9.742499520825354864e+00 9.777000074570938892e+00
1.461374928330075207e+01 1.466531810753876286e+01
1.948499904357992207e+01 1.955351707083309520e+01
2.435624880450250274e+01 2.444159863049298309e+01
2.922749856879258346e+01 2.932956440572799650e+01
3.409874833018294993e+01 3.421741598484013025e+01
3.896999809101315293e+01 3.910515492011476368e+01
4.384124785395978563e+01 4.399278274687065959e+01
4.871249761599024453e+01 4.888030096510807709e+01
5.358374738273074911e+01 5.376771102810842251e+01
5.845499714590597762e+01 5.865501437701959730e+01
6.332624691775686188e+01 6.354221240551752459e+01
6.819749668584498181e+01 6.842930651011742782e+01
7.306874645694648507e+01 7.331629803348035068e+01
7.793999622297101837e+01 7.820318831220718891e+01
8.281124599252170526e+01 8.308997863817296547e+01
8.768249577646636794e+01 8.797667030439149016e+01
9.255374555734965725e+01 9.286326452112800212e+01
9.742499535590549442e+01 9.774976255247466383e+01
1.022962451192049400e+02 1.026361655711081653e+02
1.071674948835861869e+02 1.075224747848676827e+02
1.120387446651094052e+02 1.124086913746841248e+02
1.169099944528952761e+02 1.172948164277380982e+02
1.217812442357039515e+02 1.221808511042279548e+02
1.266524940389751777e+02 1.270667964779872960e+02
1.315237438412419237e+02 1.319526536342243901e+02
1.363949936226239288e+02 1.368384236243312273e+02
1.412662433918519582e+02 1.417241074770455782e+02
1.461374931856229864e+02 1.466097062248331895e+02
1.510087429840050390e+02 1.514952208690136786e+02
1.558799927969898249e+02 1.563806523974336073e+02
1.607512426079045440e+02 1.612660018211281852e+02
1.656224924182326106e+02 1.661512700170674179e+02
1.704937422224691943e+02 1.710364579682048998e+02
1.753649920536626325e+02 1.759215665778013715e+02
1.802362418392517043e+02 1.808065967275612707e+02
1.851074916624960451e+02 1.856915493743605907e+02
1.899787414354680379e+02 1.905764252776089052e+02
1.948499912250957209e+02 1.954612254159201257e+02
1.997212410371142823e+02 2.003459505365249811e+02
2.045924908345723452e+02 2.052306015092690927e+02
2.094637406423994150e+02 2.101151791915647777e+02
2.143349904631412528e+02 2.149996843378065421e+02
2.192062402949476052e+02 2.198841176728478786e+02
2.240774901080970949e+02 2.247684800832175540e+02
2.289487399611508067e+02 2.296527722561349947e+02
2.338199897975351575e+02 2.345369949739103390e+02
2.386912396107139216e+02 2.394211489665894987e+02
2.435624893916379392e+02 2.443052350202651155e+02
2.484337391824080896e+02 2.491892537356759476e+02
2.533049889775315648e+02 2.540732059708601014e+02
2.581762387487860906e+02 2.589570923396848343e+02
2.630474885585182960e+02 2.638409135136365649e+02
2.679187384361397903e+02 2.687246701685564290e+02
2.727899882240322995e+02 2.736083629609241825e+02
2.776612380535672173e+02 2.784919925340897748e+02
2.825324879276812453e+02 2.833755594975751819e+02
2.874037377074563437e+02 2.882590645136336889e+02
2.922749874860434147e+02 2.931425083204741213e+02
2.971462372632823872e+02 2.980258913609992533e+02
3.020174871401380301e+02 3.029092143827738255e+02
3.068887369941342058e+02 3.077924778715989191e+02
3.117599867681702790e+02 3.126756824556111951e+02
3.166312365520923890e+02 3.175588287034277073e+02
3.215024864303840104e+02 3.224419171883408808e+02
3.263737362083793414e+02 3.273249484688648181e+02
3.312449859972442141e+02 3.322079230655691617e+02
3.361162358951547162e+02 3.370908415366856161e+02
3.409874857733227600e+02 3.419737044936939583e+02
3.458587355621831421e+02 3.468565124521377356e+02
3.507299853210832907e+02 3.517392658252586557e+02
3.556012351377061123e+02 3.566219652729994323e+02
3.604724850064460497e+02 3.615046111564585090e+02
3.653437348616404279e+02 3.663872040305135442e+02
3.702149846494784242e+02 3.712697444291649163e+02
3.750862344528094354e+02 3.761522328689021037e+02
3.799574842788859996e+02 3.810346696932524537e+02
3.848287340522515478e+02 3.859170554892447171e+02
3.896999838462155594e+02 3.907993905647880410e+02
3.945712336322538363e+02 3.956816755634479819e+02
3.994424834327319331e+02 4.005639108576059471e+02
4.043137333137021869e+02 4.054460969165718325e+02
4.091849832259372306e+02 4.103282342543468530e+02
4.140562331069505717e+02 4.152103232786713534e+02
4.189274829383753627e+02 4.200923643363868791e+02
4.237987328297987233e+02 4.249743578466167264e+02
4.286699826090676879e+02 4.298563042511289041e+02
4.335412323977732854e+02 4.347382039278862180e+02
4.384124821795065259e+02 4.396200574137719173e+02
4.432837320168944188e+02 4.445018649889909739e+02
4.481549817964851172e+02 4.493836271100017257e+02
4.530262316421961941e+02 4.542653440603262425e+02
4.578974814221464271e+02 4.591470163625791656e+02
4.627687312894978504e+02 4.640286443069110192e+02
4.676399810746526100e+02 4.689102283095629105e+02
4.725112308501815050e+02 4.737917688083385315e+02
4.773824806529217994e+02 4.786732661048845330e+02
4.822537305059455548e+02 4.835547207007913357e+02
4.871249803499704285e+02 4.884361328305537882e+02
4.919962301790366155e+02 4.933175027372566888e+02
4.968674801493888253e+02 4.981988308891379802e+02
5.017387299772913138e+02 5.030801175058816170e+02
5.066099798461450519e+02 5.079613631940223399e+02
5.114812296416927211e+02 5.128425680055256635e+02
5.163524794154984647e+02 5.177237324009746544e+02
5.212237292039437762e+02 5.226048568290385674e+02
5.260949791030494680e+02 5.274859415106977849e+02
5.309662289677507943e+02 5.323669867128951410e+02
5.358374787845230003e+02 5.372479927357899214e+02
5.407087285812382333e+02 5.421289599130149099e+02
5.455799783629472586e+02 5.470098885649621252e+02
5.504512282593719874e+02 5.518907790186458442e+02
5.553224780412861037e+02 5.567716315745599331e+02
5.601937278746810307e+02 5.616524465929089729e+02
5.650649777843892707e+02 5.665332242334782222e+02
5.699362277263901433e+02 5.714139650392824024e+02
5.748074776467988158e+02 5.762946690499832130e+02
5.796787276341419783e+02 5.811753366798033085e+02
5.845499774146512664e+02 5.860559680828700948e+02
5.894212274034304073e+02 5.909365635735293836e+02
5.942924772548360579e+02 5.958171233487768177e+02
5.991637270384524072e+02 6.006976478668838126e+02
6.040349768154617323e+02 6.055781372535886931e+02
6.089062266000322552e+02 6.104585920236428365e+02
6.137774764752842884e+02 6.153390120488609227e+02
6.186487262438963626e+02 6.202193979391756784e+02
6.235199760847790458e+02 6.250997497941928032e+02
6.283912259696955971e+02 6.299800677241510130e+02
6.332624758724020921e+02 6.348603521939506891e+02
6.381337258969155073e+02 6.397406034325176734e+02
6.430049759282356945e+02 6.446208216061320400e+02
6.478762259324191746e+02 6.495010070939205207e+02
6.527474759132635427e+02 6.543811598798304203e+02
6.576187259129394533e+02 6.592612803620899058e+02
6.624899758119503304e+02 6.641413689491530477e+02
6.673612257669229848e+02 6.690214255393649410e+02
6.722324756943061175e+02 6.739014504704451838e+02
6.771037255617629853e+02 6.787814440776205629e+02
6.819749753759830355e+02 6.836614064706279805e+02
6.868462253913392033e+02 6.885413379058071541e+02
6.917174752023071278e+02 6.934212387032230254e+02
6.965887250371595201e+02 6.983011089192084455e+02
7.014599748683835969e+02 7.031809488211499684e+02
7.063312249283333131e+02 7.080607587384226917e+02
7.112024747472803483e+02 7.129405388905041718e+02
7.160737247212517786e+02 7.178202892628398786e+02
7.209449748089496097e+02 7.227000103960391471e+02
7.258162246499887260e+02 7.275797022962083247e+02
7.306874745532140878e+02 7.324593650128579156e+02
7.355587243428174133e+02 7.373389989209317719e+02
7.404299741581663739e+02 7.422186042088272870e+02
7.453012240461873716e+02 7.470981809155282463e+02
7.501724738770319618e+02 7.519777295181203272e+02
7.550437238020367658e+02 7.568572500168024817e+02
7.599149737695236126e+02 7.617367426819060938e+02
7.647862236074988687e+02 7.666162075090840062e+02
7.696574734136363531e+02 7.714956448910045310e+02
7.745287232203206713e+02 7.763750549099951286e+02
7.793999730391194589e+02 7.812544380513520537e+02
