0.000000000000000000e+00 0.000000000000000000e+00
4.875017641510567934e+00 4.886499483822292156e+00
9.750035282591852592e+00 9.772940908018789230e+00
1.462505292314932603e+01 1.465932486602483920e+01
1.950007056642714431e+01 1.954565193710387661e+01
2.437508820758912975e+01 2.443192270031708091e+01
2.925010585419061471e+01 2.931813772219643965e+01
3.412512349543681722e+01 3.420429756476147531e+01
3.900014113700431295e+01 3.909040276257060498e+01
4.387515878406715331e+01 4.397645386645618260e+01
4.875017642642707472e+01 4.886245142051775758e+01
5.362519406872124250e+01 5.374839592056947879e+01
5.850021171193555602e+01 5.863428792033312220e+01
6.337522936131652784e+01 6.352012789306041896e+01
6.825024700960858581e+01 6.840591636906574990e+01
7.312526466115282631e+01 7.329165382016708463e+01
7.800028232723582278e+01 7.817734075754057699e+01
8.287529998431692491e+01 8.306297764742450340e+01
8.775031766162234703e+01 8.794856497483391422e+01
9.262533531176580937e+01 9.283410318342939149e+01
9.750035297706685355e+01 9.771959275980773896e+01
1.023753706406367883e+02 1.026050341272610069e+02
1.072503883024380400e+02 1.074904277536914208e+02
1.121254059641675838e+02 1.123757741152600431e+02
1.170004236264272208e+02 1.172610736140526058e+02
1.218754412910813727e+02 1.221463266709668858e+02
1.267504589767804930e+02 1.270315337122953849e+02
1.316254766343324718e+02 1.319166951630288622e+02
1.365004942886135382e+02 1.368018114235245548e+02
1.413755119439561554e+02 1.416868828944938912e+02
1.462505295935170579e+02 1.465719099918580355e+02
1.511255472783868754e+02 1.514568931111122936e+02
1.560005649736003193e+02 1.563418326407401935e+02
1.608755826625132954e+02 1.612267290004865572e+02
1.657506003520919649e+02 1.661115825355568916e+02
1.706256179947357623e+02 1.709963936284490842e+02
1.755006356872451079e+02 1.758811626394855807e+02
1.803756533701478304e+02 1.807658899528636880e+02
1.852506710312268297e+02 1.856505758752975908e+02
1.901256887438925673e+02 1.905352208026185963e+02
1.950007064248117103e+02 1.954198250936682371e+02
1.998757240895231462e+02 2.003043891000999679e+02
2.047507417700141730e+02 2.051889131896471099e+02
2.096257594302704206e+02 2.100733976353477317e+02
2.145007771578221138e+02 2.149578428373908991e+02
2.193757948714043096e+02 2.198422490427275591e+02
2.242508125975983830e+02 2.247266166032352430e+02
2.291258303329652790e+02 2.296109458594923467e+02
2.340008480484900417e+02 2.344952371752092972e+02
2.388758657068977413e+02 2.393794907757422266e+02
2.437508833873067715e+02 2.442637069682879201e+02
2.486259010775507363e+02 2.491478861011968888e+02
2.535009187253439507e+02 2.540320284678258247e+02
2.583759363919448901e+02 2.589161344017874171e+02
2.632509540566925352e+02 2.638002042073406983e+02
2.681259717115381704e+02 2.686842380765053804e+02
2.730009894310184677e+02 2.735682363407978528e+02
2.778760070949538203e+02 2.784521993945041913e+02
2.827510248296284772e+02 2.833361274210284364e+02
2.876260424881002677e+02 2.882200206118694723e+02
2.925010601408864659e+02 2.931038793470562496e+02
2.973760778483985519e+02 2.979877038696698150e+02
3.022510955013968896e+02 3.028714945336529354e+02
3.071261132611670064e+02 3.077552514324038384e+02
3.120011310309822647e+02 3.126389749484224012e+02
3.168761486899553574e+02 3.175226652852114739e+02
3.217511664296823710e+02 3.224063227484871277e+02
3.266261841084294701e+02 3.272899475725910179e+02
3.315012018897779740e+02 3.321735399669818207e+02
3.363762196756131289e+02 3.370571002907616958e+02
3.412512374077475670e+02 3.419406286815255385e+02
3.461262551262890383e+02 3.468241254505992401e+02
3.510012728939850604e+02 3.517075906971753056e+02
3.558762905716552041e+02 3.565910248489101377e+02
3.607513082230831856e+02 3.614744279871661092e+02
3.656263258729112522e+02 3.663578004384147562e+02
3.705013436692715914e+02 3.712411423130092771e+02
3.753763613591939929e+02 3.761244539770800657e+02
3.802513790188916118e+02 3.810077355059503930e+02
3.851263966726513672e+02 3.858909872738661306e+02
3.900014143224170198e+02 3.907742094395061940e+02
3.948764319909633400e+02 3.956574022377602091e+02
3.997514496708756155e+02 4.005405657647013413e+02
4.046264674451279006e+02 4.054237002519560065e+02
4.095014850948796266e+02 4.103068060485141473e+02
4.143765027491896831e+02 4.151898833094854808e+02
4.192515205545621484e+02 4.200729322212561669e+02
4.241265382866963591e+02 4.249559529804691920e+02
4.290015559465903152e+02 4.298389458154174463e+02
4.338765736156193498e+02 4.347219107740449999e+02
4.387515912950265147e+02 4.396048482179347161e+02
4.436266089542212967e+02 4.444877582436767511e+02
4.485016266377837155e+02 4.493706411134455720e+02
4.533766442998739876e+02 4.542534969341567148e+02
4.582516619596871692e+02 4.591363259669249146e+02
4.631266797338079755e+02 4.640191283994108744e+02
4.680016974582534885e+02 4.689019043179370101e+02
4.728767151150049131e+02 4.737846539804536974e+02
4.777517327981530002e+02 4.786673777116184851e+02
4.826267504720515262e+02 4.835500755244707989e+02
4.875017682349646293e+02 4.884327476514115460e+02
4.923767859469389805e+02 4.933153941994679599e+02
4.972518035982702713e+02 4.981980153208114075e+02
5.021268213127463014e+02 5.030806111687307975e+02
5.070018391002876115e+02 5.079631820257309300e+02
5.118768569746322328e+02 5.128457280049905194e+02
5.167518746813564121e+02 5.177282493432946922e+02
5.216268925505804646e+02 5.226107462364220737e+02
5.265019102160008515e+02 5.274932186131856042e+02
5.313769278684678739e+02 5.323756668161676089e+02
5.362519456887162050e+02 5.372580909155916515e+02
5.411269633995743789e+02 5.421404911242254911e+02
5.460019810707533452e+02 5.470228675722921707e+02
5.508769988380676068e+02 5.519052204193967555e+02
5.557520166033959867e+02 5.567875498423024965e+02
5.606270343341008129e+02 5.616698560608401749e+02
5.655020521272638234e+02 5.665521391572472112e+02
5.703770699494091332e+02 5.714343992762803737e+02
5.752520877529009340e+02 5.763166366585035121e+02
5.801271054814712897e+02 5.811988511991387441e+02
5.850021233220209069e+02 5.860810432967359702e+02
5.898771409793334897e+02 5.909632129675460419e+02
5.947521587203561921e+02 5.958453602563014329e+02
5.996271765935498479e+02 6.007274855067482804e+02
6.045021942983958070e+02 6.056095886677060207e+02
6.093772120636610907e+02 6.104916701258290459e+02
6.142522299102773786e+02 6.153737297394604866e+02
6.191272475845455574e+02 6.202557678651097604e+02
6.240022652465222563e+02 6.251377845159803428e+02
6.288772829482866200e+02 6.300197799753393610e+02
6.337523007669556137e+02 6.349017540836082389e+02
6.386273186630844521e+02 6.397837070980083354e+02
6.435023365707643279e+02 6.446656391984377024e+02
6.483773544511711862e+02 6.495475505755414360e+02
6.532523722895770106e+02 6.544294414001467430e+02
6.581273900000312551e+02 6.593113114908142052e+02
6.630024078942419692e+02 6.641931612154357936e+02
6.678774255791881842e+02 6.690749906167111476e+02
6.727524433027771238e+02 6.739568000510213324e+02
6.776274610592470253e+02 6.788385891795571752e+02
6.825024790014078917e+02 6.837203584287015019e+02
6.873774966604283918e+02 6.886021080856625076e+02
6.922525143273355752e+02 6.934838379037346385e+02
6.971275320520423975e+02 6.983655480318398077e+02
7.020025497587439531e+02 7.032472388870228315e+02
7.068775677062327532e+02 7.081289104159304770e+02
7.117525853713553943e+02 7.130105625659743964e+02
7.166276031943914404e+02 7.178921955050602719e+02
7.215026209361985821e+02 7.227738096419441263e+02
7.263776386630584057e+02 7.276554047141198680e+02
7.312526563141836959e+02 7.325369809041676490e+02
7.361276739724778508e+02 7.374185385040443634e+02
7.410026917203108496e+02 7.423000775671816882e+02
7.458777094498445877e+02 7.471815982052954723e+02
7.507527270996320112e+02 7.520631006196306316e+02
7.556277449453114059e+02 7.569445846675491794e+02
7.605027626103208149e+02 7.618260504528284400e+02
7.653777803257171399e+02 7.667074983375732700e+02
7.702527980125782960e+02 7.715889282396744875e+02
7.751278157014467070e+02 7.764703402857493302e+02
7.800028336163862832e+02 7.813517346281614664e+02
