0.000000000000000000e+00 0.000000000000000000e+00
4.874463379779522931e+00 4.886499484187709186e+00
9.748926758843499130e+00 9.772935926760613512e+00
1.462339013748670702e+01 1.465930999633661713e+01
1.949785351832226965e+01 1.954562233636524127e+01
2.437231689957746994e+01 2.443187360586377110e+01
2.924678028307556588e+01 2.931806443795638017e+01
3.412124366521714336e+01 3.420419545663816763e+01
3.899570704478993122e+01 3.909026726770660787e+01
4.387017042970949632e+01 4.397628049767601510e+01
4.874463381008564511e+01 4.886223573139791654e+01
5.361909719957925802e+01 5.374813354788643949e+01
5.849356058978854378e+01 5.863397454060107350e+01
6.336802398899237687e+01 6.351975925383692356e+01
6.824248737396425213e+01 6.840548827793129760e+01
7.311695076347768918e+01 7.329116214113645356e+01
7.799141414665723460e+01 7.817678140963414535e+01
8.286587754756732238e+01 8.306234659496931272e+01
8.774034093549960289e+01 8.794785826423604647e+01
9.261480434952136420e+01 9.283331689914356843e+01
9.748926772969861076e+01 9.771872303927375469e+01
1.023637311247061916e+02 1.026040771598808590e+02
1.072381945301704178e+02 1.074893797835993183e+02
1.121126579299220225e+02 1.123746314260417307e+02
1.169871213422930225e+02 1.172598325438611084e+02
1.218615847447965166e+02 1.221449836064748382e+02
1.267360481682819113e+02 1.270300850864053928e+02
1.316105115821817435e+02 1.319151374545860449e+02
1.364849749693975696e+02 1.368001411616833138e+02
1.413594383603717120e+02 1.416850966444465030e+02
1.462339017411905786e+02 1.465700043849531369e+02
1.511083651765334821e+02 1.514548647838465740e+02
1.559828286095398653e+02 1.563396782919724615e+02
1.608572920395682218e+02 1.612244453828245696e+02
1.657317554673683162e+02 1.661091663882288287e+02
1.706062188518513381e+02 1.709938418021955613e+02
1.754806822835604407e+02 1.758784719712178060e+02
1.803551456795323702e+02 1.807630573351271721e+02
1.852296090891753408e+02 1.856475983346455223e+02
1.901040725511116989e+02 1.905320952913331212e+02
1.949785359461671987e+02 1.954165485870400971e+02
1.998529993782034921e+02 2.003009586907627124e+02
2.047274628372957750e+02 2.051853258884120237e+02
2.096019262663706400e+02 2.100696506275067748e+02
2.144763897081043353e+02 2.149539332037623183e+02
2.193508531598625950e+02 2.198381740296409248e+02
2.242253166236999675e+02 2.247223734197775684e+02
2.290997800967107878e+02 2.296065317624617137e+02
2.339742435503385423e+02 2.344906494229281861e+02
2.388487069553766275e+02 2.393747266673793206e+02
2.437231703626062540e+02 2.442587639546711387e+02
2.485976338202087277e+02 2.491427615369993873e+02
2.534720972356928428e+02 2.540267197407636388e+02
2.583465606284726732e+02 2.589106388938715213e+02
2.632210240203364151e+02 2.637945194120193833e+02
2.680954874418844156e+02 2.686783615341959148e+02
2.729699509401406203e+02 2.735621656289641237e+02
2.778444143427500990e+02 2.784459318840794140e+02
2.827188778070069475e+02 2.833296607132643885e+02
2.875933412035104766e+02 2.882133524602629677e+02
2.924678046745295887e+02 2.930970073143250829e+02
2.973422680697004807e+02 2.979806256292805529e+02
3.022167314676170804e+02 3.028642076803954524e+02
3.070911948597630499e+02 3.077477538464205509e+02
3.119656582514259071e+02 3.126312642556247283e+02
3.168401216444271995e+02 3.175147392581933445e+02
3.217145851503594258e+02 3.223981791943130020e+02
3.265890486451780816e+02 3.272815842495374454e+02
3.314635120616785571e+02 3.321649547846614041e+02
3.363379755570896918e+02 3.370482910336980922e+02
3.412124390458823200e+02 3.419315932742475752e+02
3.460869024451285441e+02 3.468148616829664661e+02
3.509613659515215431e+02 3.516980965818588629e+02
3.558358293737709914e+02 3.565812983446335807e+02
3.607102928904116652e+02 3.614644670818904046e+02
3.655847562781782472e+02 3.663476030140988087e+02
3.704592196864784910e+02 3.712307065054824307e+02
3.753336831139849892e+02 3.761137777783883394e+02
3.802081466115122339e+02 3.809968169786967565e+02
3.850826100452709966e+02 3.858798245008096046e+02
3.899570734484904051e+02 3.907628004757302733e+02
3.948315368547037565e+02 3.956457451931993887e+02
3.997060002729160715e+02 4.005286587942389929e+02
4.045804637841826548e+02 4.054115415399676294e+02
4.094549271987980319e+02 4.102943937416325753e+02
4.143293906353849252e+02 4.151772155807989861e+02
4.192038541789856936e+02 4.200600072636954110e+02
4.240783175746541929e+02 4.249427688934641765e+02
4.289527809725552743e+02 4.298255008515091049e+02
4.338272443796295192e+02 4.347082033114548949e+02
4.387017077841251194e+02 4.395908764942012681e+02
4.435761711813682950e+02 4.444735206677809174e+02
4.484506345735665036e+02 4.493561358986358414e+02
4.533250979618416636e+02 4.542387223682164858e+02
4.581995613596888006e+02 4.591212804044313316e+02
4.630740248823028082e+02 4.640038101489242308e+02
4.679484882827404135e+02 4.688863118294662513e+02
4.728229516916825332e+02 4.737687856422140840e+02
4.776974151134655813e+02 4.786512318172668756e+02
4.825718785548318692e+02 4.835336505702966861e+02
4.874463419507179651e+02 4.884160421507297656e+02
4.923208054004079486e+02 4.932984065430750888e+02
4.971952687903983588e+02 4.981807439856552833e+02
5.020697322418288877e+02 5.030630546326998456e+02
5.069441957766596261e+02 5.079453388454780907e+02
5.118186592119948273e+02 5.128275966210624119e+02
5.166931226257129310e+02 5.177098282759627637e+02
5.215675860856333657e+02 5.225920338740597799e+02
5.264420496582258693e+02 5.274742136456891330e+02
5.313165130469955102e+02 5.323563677164206638e+02
5.361909765200293805e+02 5.372384964118072048e+02
5.410654399337414588e+02 5.421205997430254229e+02
5.459399035485373588e+02 5.470026779122927110e+02
5.508143670552490221e+02 5.518847311131777360e+02
5.556888304688327480e+02 5.567667595228294886e+02
5.605632939419238028e+02 5.616487633419619669e+02
5.654377574724292117e+02 5.665307426894796663e+02
5.703122210328167512e+02 5.714126977485279895e+02
5.751866845687256955e+02 5.762946286012590917e+02
5.800611479892581883e+02 5.811765353165380930e+02
5.849356113872984224e+02 5.860584183513947210e+02
5.898100747828038948e+02 5.909402777619435483e+02
5.946845384155816419e+02 5.958221134508125942e+02
5.995590020339393504e+02 6.007039258277879981e+02
6.044334654606634558e+02 6.055857148375862380e+02
6.093079289485583558e+02 6.104674808461315934e+02
6.141823924539414747e+02 6.153492238392143463e+02
6.190568558481943455e+02 6.202309440034146064e+02
6.239313192336110205e+02 6.251126415690689555e+02
6.288057827294494473e+02 6.299943166868154094e+02
6.336802462871637545e+02 6.348759693458709989e+02
6.385547099229563628e+02 6.397575998342557568e+02
6.434291735700867321e+02 6.446392082811581759e+02
6.483036371885791596e+02 6.495207946930989920e+02
6.531781007673776003e+02 6.544023593923118369e+02
6.580525642139131151e+02 6.592839022055845817e+02
6.629270278359737176e+02 6.641654234440204618e+02
6.678014912225432909e+02 6.690469232913991391e+02
6.726759547066158120e+02 6.739284018915309389e+02
6.775504181933331438e+02 6.788098593199163133e+02
6.824248817567827246e+02 6.836912957194817864e+02
6.872993451560163294e+02 6.885727112946988200e+02
6.921738086789205227e+02 6.934541059646619487e+02
6.970482721314231185e+02 6.983354802348587782e+02
7.019227355338130110e+02 7.032168337038029904e+02
7.067971992213530257e+02 7.080981668540323426e+02
7.116716626258159977e+02 7.129794797532907751e+02
7.165461261839336657e+02 7.178607724807541217e+02
7.214205895713234895e+02 7.227420452166215910e+02
7.262950529602626375e+02 7.276232979865590096e+02
7.311695163881373674e+02 7.325045309905588056e+02
7.360439798160725786e+02 7.373857443177319055e+02
7.409184432932102027e+02 7.422669380744932823e+02
7.457929067361122861e+02 7.471481122828474781e+02
7.506673702145142215e+02 7.520292673580155451e+02
7.555418337403521036e+02 7.569104030411867825e+02
7.604162973243164743e+02 7.617915196942130933e+02
7.652907607782339028e+02 7.666726173084833817e+02
7.701652242827358350e+02 7.715536958822607403e+02
7.750396878457358980e+02 7.764347558631055790e+02
7.799141512849296305e+02 7.813157969771302760e+02
