0.000000000000000000e+00 0.000000000000000000e+00
4.871279697488061444e+00 4.888318951059515527e+00
9.742559395098856712e+00 9.776518995822556235e+00
1.461383909266714021e+01 1.466460179356552018e+01
1.948511879434084548e+01 1.955256896651621190e+01
2.435639849247926492e+01 2.444042209990994152e+01
2.922767819047590621e+01 2.932816275144447360e+01
3.409895788833624408e+01 3.421579244878647330e+01
3.897023758625101664e+01 3.910331268170010333e+01
4.384151728929611380e+01 4.399072491598362689e+01
4.871279698843346750e+01 4.887803057986225497e+01
5.358407669236506621e+01 5.376523109505227893e+01
5.845535639249149540e+01 5.865232782200230588e+01
6.332663610370426710e+01 6.353932212426735759e+01
6.819791580831127931e+01 6.842621533036921733e+01
7.306919551650798894e+01 7.331300872499545562e+01
7.794047523413431122e+01 7.819970358616875217e+01
8.281175493600306936e+01 8.308630118215768334e+01
8.768303464521798674e+01 8.797280272727533657e+01
9.255431434968765814e+01 9.285920941310237708e+01
9.742559405510051818e+01 9.774552243953098696e+01
1.022968737579778207e+02 1.026317429355067645e+02
1.071681534995930321e+02 1.075178720578444995e+02
1.120394332267974420e+02 1.124039109588038912e+02
1.169107129461993111e+02 1.172898607009292959e+02
1.217819926730489328e+02 1.221757223528605039e+02
1.266532724134865759e+02 1.270614969726490813e+02
1.315245521568663776e+02 1.319471856129063099e+02
1.363958318606060232e+02 1.368327892707278011e+02
1.412671115658428675e+02 1.417183089459539929e+02
1.461383913052355865e+02 1.466037456352053709e+02
1.510096710411582421e+02 1.514891003199280703e+02
1.558809507913700827e+02 1.563743739433654127e+02
1.607522305393089255e+02 1.612595674525815639e+02
1.656235102866842226e+02 1.661446817159206262e+02
1.704947899980177226e+02 1.710297176635326082e+02
1.753660697024357091e+02 1.759146762287846286e+02
1.802373494191783152e+02 1.807995581915595267e+02
1.851086291611072738e+02 1.856843644431198754e+02
1.899799088715712401e+02 1.905690958638709276e+02
1.948511886478749773e+02 1.954537532549092020e+02
1.997224684214652370e+02 2.003383374717291190e+02
2.045937481558513866e+02 2.052228492360709424e+02
2.094650278716376874e+02 2.101072893728124882e+02
2.143363076295256633e+02 2.149916586442357129e+02
2.192075873986560737e+02 2.198759578066404572e+02
2.240788671791203228e+02 2.247601876569962371e+02
2.289501469546651720e+02 2.296443488985787553e+02
2.338214267281095999e+02 2.345284423022454234e+02
2.386927064783721448e+02 2.394124685043674958e+02
2.435639862122056059e+02 2.442964283013694171e+02
2.484352659493788735e+02 2.491803223326932084e+02
2.533065456794597310e+02 2.540641513044912756e+02
2.581778254692868586e+02 2.589479158723639785e+02
2.630491052119639335e+02 2.638316166962586067e+02
2.679203849502023900e+02 2.687152544236946596e+02
2.727916646770833609e+02 2.735988296890553784e+02
2.776629443964756092e+02 2.784823430552187915e+02
2.825342241674289312e+02 2.833657953048292484e+02
2.874055038755632836e+02 2.882491868750149706e+02
2.922767836185234387e+02 2.931325185345503428e+02
2.971480634207895264e+02 2.980157908118731598e+02
3.020193431376146691e+02 3.028990042509872751e+02
3.068906228531607212e+02 3.077821593940043385e+02
3.117619025791047989e+02 3.126652569286480343e+02
3.166331823832955479e+02 3.175482973929538844e+02
3.215044620981024082e+02 3.224312812346292958e+02
3.263757418730381232e+02 3.273142091433682026e+02
3.312470215849672286e+02 3.321970814926955882e+02
3.361183013901566028e+02 3.370798989255533229e+02
3.409895811239687760e+02 3.419626619815018671e+02
3.458608608351374869e+02 3.468453711683769143e+02
3.507321406584928809e+02 3.517280269033044533e+02
3.556034204140914881e+02 3.566106297912895116e+02
3.604747001281457415e+02 3.614931801979216743e+02
3.653459798672738543e+02 3.663756786327053305e+02
3.702172595911982285e+02 3.712581257489393920e+02
3.750885393640062375e+02 3.761405218988844581e+02
3.799598191319055900e+02 3.810228674223952225e+02
3.848310988423779690e+02 3.859051629881352028e+02
3.897023785486015299e+02 3.907874088886056825e+02
3.945736582717544252e+02 3.956696056487274973e+02
3.994449380092759156e+02 4.005517537088961717e+02
4.043162178280335866e+02 4.054338534363998292e+02
4.091874975475459451e+02 4.103159054560302934e+02
4.140587772912224409e+02 4.151979099425498134e+02
4.189300570478148416e+02 4.200798674968642672e+02
4.238013368014617299e+02 4.249617784158309632e+02
4.286726165178851602e+02 4.298436431997905629e+02
4.335438962531158040e+02 4.347254622004950306e+02
4.384151759718926087e+02 4.396072357446157639e+02
4.432864556878051872e+02 4.444889642687174955e+02
4.481577353997051887e+02 4.493706481530926453e+02
4.530290151159255174e+02 4.542522877847119389e+02
4.579002948325857574e+02 4.591338835473152358e+02
4.627715746366473013e+02 4.640154358237790575e+02
4.676428543553984127e+02 4.688969449833578551e+02
4.725141342026223583e+02 4.737784114391116077e+02
4.773854140360837164e+02 4.786598355474520190e+02
4.822566937447398914e+02 4.835412176166045128e+02
4.871279735065663772e+02 4.884225580567170937e+02
4.919992532721864791e+02 4.933038570075738107e+02
4.968705330549778409e+02 4.981851150099082588e+02
5.017418128201185823e+02 5.030663323557112108e+02
5.066130926266157530e+02 5.079475092747675262e+02
5.114843723957470161e+02 5.128286461908035108e+02
5.163556521103780597e+02 5.177097435266366574e+02
5.212269320214071513e+02 5.225908015172137766e+02
5.260982117932121582e+02 5.274718203960176197e+02
5.309694915038809313e+02 5.323528005433314547e+02
5.358407711951259671e+02 5.372337422090110977e+02
5.407120510146648940e+02 5.421146458087339397e+02
5.455833308771111660e+02 5.469955114773598552e+02
5.504546107105542205e+02 5.518763396045058016e+02
5.553258906057703825e+02 5.567571305636512307e+02
5.601971703629858439e+02 5.616378846179043194e+02
5.650684502100541522e+02 5.665186020485324434e+02
5.699397300887881102e+02 5.713992830970594241e+02
5.748110099570241118e+02 5.762799280376224260e+02
5.796822897830406873e+02 5.811605370881975432e+02
5.845535695006235528e+02 5.860411106198978359e+02
5.894248492155174972e+02 5.909216488000987511e+02
5.942961289902854105e+02 5.958021520276913634e+02
5.991674086997778659e+02 6.006826205388153994e+02
6.040386884135375567e+02 6.055630544836858462e+02
6.089099681349305229e+02 6.104434544115495100e+02
6.137812479470902645e+02 6.153238203154855910e+02
6.186525276777335876e+02 6.202041525370707404e+02
6.235238076467338715e+02 6.250844512306358638e+02
6.283950875709263073e+02 6.299647166236889007e+02
6.332663674078610256e+02 6.348449491005039818e+02
6.381376473694469951e+02 6.397251488808856266e+02
6.430089273378576991e+02 6.446053161155491580e+02
6.478802072804887757e+02 6.494854511519793050e+02
6.527514871984787987e+02 6.543655541298735443e+02
6.576227671353865389e+02 6.592456253386365006e+02
6.624940470757881030e+02 6.641256651764374510e+02
6.673653269680742142e+02 6.690056735418602329e+02
6.722366068575398685e+02 6.738856507873504142e+02
6.771078866422379861e+02 6.787655971890969795e+02
6.819791664430877063e+02 6.836455128661184517e+02
6.868504462437806524e+02 6.885253980441680142e+02
6.917217259679554218e+02 6.934052531269585415e+02
6.965930057399609723e+02 6.982850782036475721e+02
7.014642854806647847e+02 7.031648733251793146e+02
7.063355652616899079e+02 7.080446389241756151e+02
7.112068451069480943e+02 7.129243752568827404e+02
7.160781249886283604e+02 7.178040823299037356e+02
7.209494050132923348e+02 7.226837604618119713e+02
7.258206847496298906e+02 7.275634097769307118e+02
7.306919646602493685e+02 7.324430304897392716e+02
7.355632445648445810e+02 7.373226228313451429e+02
7.404345243736651128e+02 7.422021869867706982e+02
7.453058041989664844e+02 7.470817231042512958e+02
7.501770839094596113e+02 7.519612314647318954e+02
7.550483638399091433e+02 7.568407121227146490e+02
7.599196435505207319e+02 7.617201654149400838e+02
7.647909233255650179e+02 7.665995913171800566e+02
7.696622030688545237e+02 7.714789903105585154e+02
7.745334829903122227e+02 7.763583624017737748e+02
7.794047627567520067e+02 7.812377078109576587e+02
