0.000000000000000000e+00 0.000000000000000000e+00
4.873996586676325293e+00 4.886499484605538512e+00
9.747993172387205973e+00 9.772931512398709941e+00
1.462198975915167232e+01 1.465929681636124471e+01
1.949598634456263468e+01 1.954559611744180003e+01
2.436998293023251705e+01 2.443183012246432639e+01
2.924397951604176882e+01 2.931799953308487261e+01
3.411797610389639601e+01 3.420410503655495660e+01
3.899197269011219191e+01 3.909014730413109362e+01
4.386596927727616446e+01 4.397612700645559869e+01
4.873996586439157852e+01 4.886204481118286935e+01
5.361396245637661195e+01 5.374790134119108131e+01
5.848795904356295239e+01 5.863369724619312251e+01
6.336195563378676354e+01 6.351943312654671558e+01
6.823595222947007244e+01 6.840510962477620183e+01
7.310994882562307851e+01 7.329072732372132748e+01
7.798394541309664874e+01 7.817628683358169894e+01
8.285794200174314028e+01 8.306178874399424217e+01
8.773193862393870290e+01 8.794723361692663843e+01
9.260593523683215267e+01 9.283262203643336363e+01
9.747993182632257003e+01 9.771795457089346826e+01
1.023539284269366192e+02 1.026032317476426243e+02
1.072279250173014304e+02 1.074884541210065407e+02
1.121019216275759618e+02 1.123736222642378095e+02
1.169759182346933386e+02 1.172587366467878240e+02
1.218499148630472320e+02 1.221437978382644332e+02
1.267239114929727037e+02 1.270288063250179107e+02
1.315979081208547825e+02 1.319137626206792788e+02
1.364719047190224614e+02 1.367986672153904237e+02
1.413459013425727164e+02 1.416835206174695827e+02
1.462198979431458952e+02 1.465683233088491875e+02
1.510938945605828394e+02 1.514530757204676661e+02
1.559678912001724598e+02 1.563377783635303047e+02
1.608418878366932461e+02 1.612224317384214487e+02
1.657158844712624841e+02 1.661070362756445888e+02
1.705898810741648219e+02 1.709915923625496248e+02
1.754638777135231464e+02 1.758761005066503458e+02
1.803378743255495920e+02 1.807605611846848319e+02
1.852118709549066580e+02 1.856449747335084339e+02
1.900858675549905570e+02 1.905293416944355158e+02
1.949598641512956760e+02 1.954136623921421574e+02
1.998338607897285897e+02 2.002979373102046736e+02
2.047078574146204346e+02 2.051821667844546937e+02
2.095818540498631251e+02 2.100663512464002167e+02
2.144558506979670085e+02 2.149504911298822663e+02
2.193298473561370088e+02 2.198345867565728611e+02
2.242038440199353317e+02 2.247186386333248436e+02
2.290778406994512579e+02 2.296026470283957508e+02
2.339518373598215817e+02 2.344866123955508215e+02
2.388258339871716487e+02 2.393705350820757189e+02
2.436998306014418176e+02 2.442544154515637729e+02
2.485738272071812673e+02 2.491382538718278852e+02
2.534478238076909520e+02 2.540220506456340104e+02
2.583218204122794077e+02 2.589058062526282811e+02
2.631958170159358588e+02 2.637895209704847730e+02
2.680698136711076813e+02 2.686731950792218981e+02
2.729438102806561801e+02 2.735568290443577553e+02
2.778178069457846391e+02 2.784404231227271111e+02
2.826918036061981070e+02 2.833239776926290006e+02
2.875658002138063125e+02 2.882074929943036636e+02
2.924397968527661078e+02 2.930909694098555747e+02
2.973137934697710989e+02 2.979744073515914238e+02
3.021877900816257352e+02 3.028578069435835687e+02
3.070617866802725757e+02 3.077411686094307584e+02
3.119357833984917079e+02 3.126244926461102978e+02
3.168097801118851748e+02 3.175077794608216095e+02
3.216837767129100030e+02 3.223910292592033784e+02
3.265577733707403922e+02 3.272742422822574326e+02
3.314317699841374179e+02 3.321574189150893517e+02
3.363057667135593647e+02 3.370405593553166455e+02
3.411797633958650522e+02 3.419236639853294264e+02
3.460537600750336651e+02 3.468067329875519818e+02
3.509277567929518682e+02 3.516897667909444181e+02
3.558017534280045311e+02 3.565727656033134281e+02
3.606757500242664491e+02 3.614557295977211879e+02
3.655497466616343445e+02 3.663386591124292408e+02
3.704237432760444335e+02 3.712215544010233543e+02
3.752977399087484400e+02 3.761044158620670714e+02
3.801717366378782117e+02 3.809872435545131566e+02
3.850457332363951082e+02 3.858700379611697144e+02
3.899197298710746509e+02 3.907527992279544264e+02
3.947937265307027701e+02 3.956355275599803463e+02
3.996677231556245715e+02 4.005182231664346091e+02
4.045417198725272669e+02 4.054008863391089790e+02
4.094157165275829016e+02 4.102835174110529124e+02
4.142897131637957386e+02 4.151661165466583725e+02
4.191637099222791676e+02 4.200486840038055334e+02
4.240377065726265755e+02 4.249312199095313645e+02
4.289117031772451583e+02 4.298137246017765847e+02
4.337856997909806296e+02 4.346961983358547741e+02
4.386596964142956949e+02 4.395786413119907934e+02
4.435336930192174805e+02 4.444610536914891554e+02
4.484076896179370806e+02 4.493434358057039617e+02
4.532816862931357491e+02 4.542257877907877628e+02
4.581556828978129943e+02 4.591081098453937557e+02
4.630296796359416476e+02 4.639904022374001897e+02
4.679036763384791584e+02 4.688726651792296707e+02
4.727776731205225360e+02 4.737548988807050705e+02
4.776516697489139460e+02 4.786371035780862826e+02
4.825256663489867037e+02 4.835192795164491031e+02
4.873996630295011983e+02 4.884014268152617433e+02
4.922736596854761046e+02 4.932835458151649846e+02
4.971476562826343866e+02 4.981656364814427320e+02
5.020216529400581749e+02 5.030476990602497835e+02
5.068956496840143018e+02 5.079297339229481167e+02
5.117696462905348085e+02 5.128117411849758582e+02
5.166436429029201918e+02 5.176937209688554731e+02
5.215176394964245219e+02 5.225756734372840810e+02
5.263916363058847310e+02 5.274575990331010189e+02
5.312656331284304088e+02 5.323394975274927674e+02
5.361396298524534814e+02 5.372213693761633522e+02
5.410136266314909790e+02 5.421032148130200312e+02
5.458876232790582890e+02 5.469850338442206521e+02
5.507616199934926726e+02 5.518668266795760928e+02
5.556356166770426626e+02 5.567485935488537052e+02
5.605096133483318681e+02 5.616303347033351656e+02
5.653836100855012319e+02 5.665120502418874366e+02
5.702576068524411994e+02 5.713937403266797901e+02
5.751316036014594602e+02 5.762754052088230310e+02
5.800056002505471042e+02 5.811570448885140650e+02
5.848795968552792601e+02 5.860386596081452808e+02
5.897535934863676630e+02 5.909202494437356563e+02
5.946275900813571980e+02 5.958018147839778749e+02
5.995015869141723215e+02 6.006833556290459910e+02
6.043755835870846340e+02 6.055648720269555270e+02
6.092495801913453306e+02 6.104463642825444367e+02
6.141235769011273078e+02 6.153278325893501233e+02
6.189975735939468677e+02 6.202092771082157014e+02
6.238715702184420024e+02 6.250906979204150957e+02
6.287455668119901020e+02 6.299720951281351518e+02
6.336195635771582602e+02 6.348534690123299242e+02
6.384935604211764257e+02 6.397348197532083987e+02
6.433675572747957858e+02 6.446161473241934345e+02
6.482415541000345911e+02 6.494974521292153895e+02
6.531155508770008282e+02 6.543787340814927802e+02
6.579895475356554471e+02 6.592599933501519445e+02
6.628635441441783769e+02 6.641412301760171886e+02
6.677375407509555316e+02 6.690224444638485011e+02
6.726115375546219184e+02 6.739036365613751514e+02
6.774855342498291293e+02 6.787848064953849416e+02
6.823595309708656487e+02 6.836659545201349601e+02
6.872335276448463901e+02 6.885470807883293674e+02
6.921075242564759264e+02 6.934281852567135047e+02
6.969815209832561322e+02 6.983092682939920905e+02
7.018555177466747637e+02 7.031903300611293162e+02
7.067295146423675760e+02 7.080713703806384274e+02
7.116035113671589443e+02 7.129523896492610220e+02
7.164775081293648782e+02 7.178333877435813974e+02
7.213515047234756139e+02 7.227143648523169759e+02
7.262255013380002993e+02 7.275953211914454641e+02
7.310994981599546918e+02 7.324762570195020999e+02
7.359734947685180941e+02 7.373571722393000982e+02
7.408474914454965301e+02 7.422380670281586390e+02
7.457214880881189174e+02 7.471189415547989938e+02
7.505954846870922665e+02 7.519997959430838819e+02
7.554694814865938497e+02 7.568806304359981141e+02
7.603434781420105537e+02 7.617614449116231299e+02
7.652174748029894999e+02 7.666422396026040360e+02
7.700914714342115985e+02 7.715230145755581361e+02
7.749654680671894766e+02 7.764037699979483023e+02
7.798394647124243875e+02 7.812845059980922997e+02
