0.000000000000000000e+00 0.000000000000000000e+00
6.075725186665312805e+00 6.089514402769256485e+00
1.215145068674832629e+01 1.217895362873872855e+01
1.822717615160091498e+01 1.826831794679594267e+01
2.430290169381996890e+01 2.435760864863888742e+01
3.037862706244681732e+01 3.044682626146566662e+01
3.645435232351477595e+01 3.653597155443326727e+01
4.253007752663632601e+01 4.262504522198449308e+01
4.860580280089801875e+01 4.871404817643180962e+01
5.468152818385571834e+01 5.480298125246220309e+01
6.075725345653725640e+01 6.089184504453193369e+01
6.683297873337423312e+01 6.698064034548276879e+01
7.290870400863298073e+01 7.306936788359215029e+01
7.898442928554459286e+01 7.915802823292369794e+01
8.506015450643705833e+01 8.524662206719305857e+01
9.113587982378709285e+01 9.133515011873754474e+01
9.721160510751374773e+01 9.742361315058127502e+01
1.032873303749006197e+02 1.035120118598938177e+02
1.093630557437638942e+02 1.096003467404167395e+02
1.154387809409063834e+02 1.156886182506501797e+02
1.215145061773735193e+02 1.217768273052255665e+02
1.275902315571664047e+02 1.278649744480463539e+02
1.336659568764280834e+02 1.339530605085651018e+02
1.397416823750652952e+02 1.400410858002165639e+02
1.458174076294757242e+02 1.461290508357246836e+02
1.518931328791596798e+02 1.522169563859098105e+02
1.579688581113731800e+02 1.583048031517494394e+02
1.640445833938470059e+02 1.643925914954950827e+02
1.701203087582751152e+02 1.704803218988454319e+02
1.761960342488108608e+02 1.765679950331910391e+02
1.822717596641378179e+02 1.826556115442194255e+02
1.883474849317667008e+02 1.887431717662163635e+02
1.944232103115483596e+02 1.948306763603339391e+02
2.004989356478519085e+02 2.009181260402651787e+02
2.065746609340260420e+02 2.070055208722644977e+02
2.126503862212689739e+02 2.130928616475895865e+02
2.187261117137074677e+02 2.191801487497037328e+02
2.248018370048379211e+02 2.252673826967718469e+02
2.308775623097456560e+02 2.313545641482410815e+02
2.369532876792505363e+02 2.374416934332001858e+02
2.430290130253038114e+02 2.435287710658935225e+02
2.491047383529719355e+02 2.496157973986192360e+02
2.551804636676174027e+02 2.557027731309751744e+02
2.612561889714474432e+02 2.617896982898103033e+02
2.673319142681452831e+02 2.678765737724372116e+02
2.734076395213124897e+02 2.739633999005517353e+02
2.794833648084563720e+02 2.800501767981974126e+02
2.855590900184793099e+02 2.861369053334979071e+02
2.916348153514915111e+02 2.922235857469001985e+02
2.977105406535729344e+02 2.983102184302232445e+02
3.037862660221202873e+02 3.043968035813621782e+02
3.098619913895166746e+02 3.104833420980319829e+02
3.159377166597826090e+02 3.165698341394148656e+02
3.220134420498520171e+02 3.226562800471205037e+02
3.280891673623143561e+02 3.287426802369651568e+02
3.341648926867351861e+02 3.348290350981851589e+02
3.402406179359070393e+02 3.409153450111745656e+02
3.463163431572771742e+02 3.470016104250472608e+02
3.523920683756942935e+02 3.530878316200718245e+02
3.584677936429770853e+02 3.591740089973770864e+02
3.645435190432791615e+02 3.652601428593432047e+02
3.706192444541513282e+02 3.713462336870912850e+02
3.766949698588941260e+02 3.774322817859462020e+02
3.827706952631792205e+02 3.835182875109312590e+02
3.888464206758964679e+02 3.896042512130711089e+02
3.949221461476828381e+02 3.956901732430463881e+02
4.009978714481025008e+02 4.017760539328509708e+02
4.070735967159496909e+02 4.078618934800713873e+02
4.131493219600671409e+02 4.139476924179634807e+02
4.192250473998750522e+02 4.200334508112445064e+02
4.253007728433309467e+02 4.261191691770857233e+02
4.313764980356064598e+02 4.322048478379916219e+02
4.374522232352911715e+02 4.382904872754382382e+02
4.435279484331516073e+02 4.443760873704352434e+02
4.496036736336608328e+02 4.504616488676774679e+02
4.556793989807852086e+02 4.565471717394626694e+02
4.617551242989186449e+02 4.626326565131744246e+02
4.678308494896081697e+02 4.687181033747952483e+02
4.739065748909303011e+02 4.748035125562796566e+02
4.799823001485134455e+02 4.808888846004521156e+02
4.860580253543304821e+02 4.869742193732790838e+02
4.921337505804993953e+02 4.930595176673016340e+02
4.982094757950046073e+02 4.991447792221326836e+02
5.042852011119437634e+02 5.052300047694248519e+02
5.103609263073262809e+02 5.113151943708716090e+02
5.164366515781837279e+02 5.174003481713779138e+02
5.225123770003424397e+02 5.234854666536655259e+02
5.285881022993362421e+02 5.295705499524258357e+02
5.346638276357736004e+02 5.356555983871292028e+02
5.407395529896105018e+02 5.417406122237035788e+02
5.468152783181037648e+02 5.478255917772105477e+02
5.528910035811904891e+02 5.539105374750807869e+02
5.589667288143020869e+02 5.599954490579127651e+02
5.650424540482047178e+02 5.660803270697681455e+02
5.711181792990732902e+02 5.721651719499895989e+02
5.771939046512466120e+02 5.782499836366700947e+02
5.832696299202882528e+02 5.843347625077494740e+02
5.893453552142493663e+02 5.904195088040487462e+02
5.954210805163518216e+02 5.965042224695073401e+02
6.014968057515833380e+02 6.025889040403812942e+02
6.075725310576276570e+02 6.086735536239752946e+02
6.136482565553724271e+02 6.147581714675823150e+02
6.197239819334271260e+02 6.208427578851869839e+02
6.257997072431383003e+02 6.269273130032195240e+02
6.318754325318018346e+02 6.330118370949253404e+02
6.379511580044500079e+02 6.390963303718976931e+02
6.440268832275492059e+02 6.451807930257862154e+02
6.501026086413795610e+02 6.512652255419778839e+02
6.561783338632303639e+02 6.573496276822181699e+02
6.622540591374712449e+02 6.634339997811406420e+02
6.683297845178040006e+02 6.695183422074965165e+02
6.744055098376881006e+02 6.756026551978468433e+02
6.804812351525698659e+02 6.816869386095106620e+02
6.865569606653735946e+02 6.877711928839333950e+02
6.926326859569949193e+02 6.938554181667989269e+02
6.987084113233872813e+02 6.999396149528960223e+02
7.047841367650496522e+02 7.060237831293031832e+02
7.108598620056462778e+02 7.121079226878509871e+02
7.169355873678896387e+02 7.181920339911500832e+02
7.230113127054962661e+02 7.242761174733270764e+02
7.290870380362734977e+02 7.303601732222555256e+02
7.351627633849735730e+02 7.364442012361560046e+02
7.412384887567261558e+02 7.425282018561752011e+02
7.473142141955611351e+02 7.486121750379185187e+02
7.533899394598327035e+02 7.546961211641466889e+02
7.594656646620514948e+02 7.607800403651552870e+02
7.655413899230882180e+02 7.668639329260226987e+02
7.716171151337089213e+02 7.729477987249492799e+02
7.776928403727779369e+02 7.790316383446515829e+02
7.837685655626395373e+02 7.851154517731879423e+02
7.898442911062410303e+02 7.911992390172649721e+02
7.959200166035141137e+02 7.972830003776068679e+02
8.019957420646621813e+02 8.033667360586626955e+02
8.080714674977716641e+02 8.094504463117766591e+02
8.141471929230154956e+02 8.155341309979487505e+02
8.202229183406102493e+02 8.216177904415505964e+02
8.262986437562778974e+02 8.277014247916705472e+02
8.323743691644287992e+02 8.337850342173179570e+02
8.384500944161100051e+02 8.398686190541128553e+02
8.445258198333335713e+02 8.459521791256946699e+02
8.506015452928761533e+02 8.520357148616334371e+02
8.566772707590446316e+02 8.581192261695543948e+02
8.627529962378614528e+02 8.642027133402743857e+02
8.688287216849237211e+02 8.702861766348855781e+02
8.749044469268167177e+02 8.763696158900684168e+02
8.809801722396384775e+02 8.824530315165666252e+02
8.870558975845633540e+02 8.885364234828720100e+02
8.931316230549307420e+02 8.946197921784855680e+02
8.992073483274457431e+02 9.007031374219375266e+02
9.052830736245342678e+02 9.067864596494537182e+02
9.113587989242491858e+02 9.128697588330642247e+02
9.174345244485315334e+02 9.189530354115174759e+02
9.235102499766167057e+02 9.250362889800965149e+02
9.295859755360081635e+02 9.311195199868383270e+02
9.356617009516021426e+02 9.372027286130723951e+02
9.417374261971817759e+02 9.432859148129923597e+02
9.478131516639350593e+02 9.493690787954260486e+02
9.538888769353745829e+02 9.554522208121204585e+02
9.599646022377617101e+02 9.615353408541426461e+02
9.660403275077386525e+02 9.676184394315312147e+02
9.721160530269540914e+02 9.737015160641556122e+02
