0.000000000000000000e+00 0.000000000000000000e+00
4.332342923847667393e+00 4.364853062370632308e+00
8.664685880769861015e+00 8.729253185272607851e+00
1.299702886966094972e+01 1.309321293681416876e+01
1.732937188106269133e+01 1.745674434898013772e+01
2.166171491633826207e+01 2.181985907633898591e+01
2.599405801273365668e+01 2.618256805969972234e+01
3.032640121570429770e+01 3.054488221081480503e+01
3.465874426456082347e+01 3.490681167130635032e+01
3.899108737302196914e+01 3.926836626286102216e+01
4.332343054549600936e+01 4.362955554784555545e+01
4.765577374944430034e+01 4.799038857219124310e+01
5.198811674542859862e+01 5.235087414445546017e+01
5.632045975615159250e+01 5.671102075381750751e+01
6.065280273913533193e+01 6.107083651395015522e+01
6.498514578585832169e+01 6.543032930142176440e+01
6.931748902476525132e+01 6.978950673995481679e+01
7.364983241847855311e+01 7.414837615790261793e+01
7.798217577350112606e+01 7.850694420251247152e+01
8.231451890199286936e+01 8.286521857722954110e+01
8.664686229146659002e+01 8.722320534512738277e+01
9.097920523335574217e+01 9.158091096121694363e+01
9.531154866212719412e+01 9.593834145613558917e+01
9.964389167630807265e+01 1.002955031335374514e+02
1.039762347193299377e+02 1.046524013025648969e+02
1.083085782611015304e+02 1.090090414779136410e+02
1.126409217891750671e+02 1.133654296179080063e+02
1.169732654264716416e+02 1.177215707731765519e+02
1.213056084626538933e+02 1.220774694207317737e+02
1.256379526569472915e+02 1.264331316674350916e+02
1.299702962196312228e+02 1.307885616350930320e+02
1.343026393972243113e+02 1.351437640542371810e+02
1.386349825826970346e+02 1.394987432455405951e+02
1.429673264185639709e+02 1.438535032299085401e+02
1.472996703316467801e+02 1.482080491793284978e+02
1.516320145120057532e+02 1.525623847945894340e+02
1.559643584495467508e+02 1.569165139081138420e+02
1.602967024304199981e+02 1.612704406346555288e+02
1.646290464220329568e+02 1.656241676866038972e+02
1.689613904567286795e+02 1.699777004221795949e+02
1.732937340308041598e+02 1.743310416032370540e+02
1.776260778973521042e+02 1.786841946366712932e+02
1.819584210106472142e+02 1.830371630910458975e+02
1.862907653102303982e+02 1.873899504494769985e+02
1.906231087687298498e+02 1.917425589122616998e+02
1.949554529490576442e+02 1.960949927111529689e+02
1.992877972020045831e+02 2.004472544220727173e+02
2.036201418575029152e+02 2.047993461345958224e+02
2.079524857635088040e+02 2.091512724886569004e+02
2.122848289845557588e+02 2.135030354543631574e+02
2.166171724370502716e+02 2.178546368195323453e+02
2.209495174156840278e+02 2.222060810814637080e+02
2.252818618247791278e+02 2.265573700018931049e+02
2.296142062497117422e+02 2.309085071954535806e+02
2.339465504308202526e+02 2.352594927477909437e+02
2.382788949479885900e+02 2.396103293526668665e+02
2.426112393700483381e+02 2.439610223042923280e+02
2.469435825749741298e+02 2.483115709869431100e+02
2.512759262204016579e+02 2.526619784846533321e+02
2.556082694988131152e+02 2.570122470234068146e+02
2.599406146639101394e+02 2.613623780753125629e+02
2.642729578734956704e+02 2.657123761031299978e+02
2.686053029050901841e+02 2.700622410034358154e+02
2.729376468284244766e+02 2.744119739402525511e+02
2.772699921312411675e+02 2.787615784581647063e+02
