0.000000000000000000e+00 0.000000000000000000e+00
4.330605071187861199e+00 4.364853064289752282e+00
8.661210176380604864e+00 8.729209300665246474e+00
1.299181529857752793e+01 1.309308305926111515e+01
1.732242047036136157e+01 1.745648813359185425e+01
2.165302566058571898e+01 2.181943749754548989e+01
2.598363096073915912e+01 2.618194386095116499e+01
3.031423614628392116e+01 3.054401929574819974e+01
3.464484132215939383e+01 3.490567542217375774e+01
3.897544657381294542e+01 3.926692337472893257e+01
4.330605184006821418e+01 4.362777387944078100e+01
4.763665716875445355e+01 4.798823710559670985e+01
5.196726265431244940e+01 5.234832305225516080e+01
5.629786786575757418e+01 5.670804091154194282e+01
6.062847307518362072e+01 6.106740042057369067e+01
6.495907849939564471e+01 6.542641004226177870e+01
6.928968371444518937e+01 6.978507856750161409e+01
7.362028913501778504e+01 7.414341364947480884e+01
7.795089463294658572e+01 7.850142353993277311e+01
8.228149979381120716e+01 8.285911570281905369e+01
8.661210540451838824e+01 8.721649758110294215e+01
9.094271120556786059e+01 9.157357628489373269e+01
9.527331662983723959e+01 9.593035863163730426e+01
9.960392241554555426e+01 1.002868512603390911e+02
1.039345277739803919e+02 1.046430611524551608e+02
1.082651331178734040e+02 1.089989933417355701e+02
1.125957389390182755e+02 1.133546543840071479e+02
1.169263448808179930e+02 1.177100500900957059e+02
1.212569506937992685e+02 1.220651861508403471e+02
1.255875562178765676e+02 1.264200681452368542e+02
1.299181614369760496e+02 1.307747013337643125e+02
1.342487678892423446e+02 1.351290902601977564e+02
1.385793729813679818e+02 1.394832406331112793e+02
1.429099788928453734e+02 1.438371564449884659e+02
1.472405843941238004e+02 1.481908428001011089e+02
1.515711900526473528e+02 1.525443036833677866e+02
1.559017954941338076e+02 1.568975443304076975e+02
1.602324015234393073e+02 1.612505686527517810e+02
1.645630075483437338e+02 1.656033807991555022e+02
1.688936136539728636e+02 1.699559847981585108e+02
1.732242198091791465e+02 1.743083845119933528e+02
1.775548259555031905e+02 1.786605844417031790e+02
1.818854321815609580e+02 1.830125869243657348e+02
1.862160384395661481e+02 1.873643962204509990e+02
1.905466447144792710e+02 1.917160153546271886e+02
1.948772510287347473e+02 1.960674486794475797e+02
1.992078570039042802e+02 2.004186990268241857e+02
2.035384633178487661e+02 2.047697696276609918e+02
2.078690698013331257e+02 2.091206636605487574e+02
2.121996762098524982e+02 2.134713839294724949e+02
2.165302826657292599e+02 2.178219335869865176e+02
2.208608891035169108e+02 2.221723155371610119e+02
2.251914956201281370e+02 2.265225330282246148e+02
2.295221021057690223e+02 2.308725878802441116e+02
2.338527086696914523e+02 2.352224832461236588e+02
2.381833140213020670e+02 2.395722218848767966e+02
2.425139207760964837e+02 2.439218073587722984e+02
2.468445274337640853e+02 2.482712411890550754e+02
2.511751335641172034e+02 2.526205243447855651e+02
2.555057402558128956e+02 2.569696605121922630e+02
2.598363458226036755e+02 2.613186520091393277e+02
2.641669535012175061e+02 2.656675012217303902e+02
2.684975587439636797e+02 2.700162102931930690e+02
2.728281655030021398e+02 2.743647811985814542e+02
2.771587723480498653e+02 2.787132160895581592e+02
