0.000000000000000000e+00 0.000000000000000000e+00 0.000000000000000000e+00 0.000000000000000000e+00 0.000000000000000000e+00 0.000000000000000000e+00 0.000000000000000000e+00 0.000000000000000000e+00
2.603550398231924135e-02 1.304512773491950384e-02 1.795343746164235199e-02 0.000000000000000000e+00 0.000000000000000000e+00 4.597366888296061660e-02 0.000000000000000000e+00 2.731540456507097758e-02
1.322037216661891001e-01 2.900855312577022005e-02 1.795343746164235199e-02 1.034498802077057356e-01 1.797109432200048040e-01 2.704392264456019213e-01 0.000000000000000000e+00 2.731540456507097758e-02
1.880619147704651883e-01 2.244840546607875797e-01 1.795343746164235199e-02 2.894427428423786974e-01 1.797109432200048040e-01 2.748744110356946546e-01 2.512575008094397599e-01 1.745294960958712061e-01
1.880619147704651883e-01 2.469446946901177609e-01 8.434322094382709634e-02 2.894427428423786974e-01 1.797109432200048040e-01 2.748744110356946546e-01 3.280939058883730608e-01 1.745294960958712061e-01
2.989286096107284796e-01 2.469446946901177609e-01 8.434322094382709634e-02 2.894427428423786974e-01 2.068877161476327942e-01 2.748744110356946546e-01 3.303425583684926892e-01 1.913852524607078665e-01
2.989286096107284796e-01 2.898748376527425785e-01 1.264622731969166358e-01 2.991556395790215817e-01 2.068877161476327942e-01 2.748744110356946546e-01 3.558263646993151119e-01 2.946116387954815785e-01
2.989286096107284796e-01 2.898748376527425785e-01 1.264622731969166358e-01 3.249778322510079032e-01 2.068877161476327942e-01 2.748744110356946546e-01 3.705799029843369619e-01 3.291104685037460342e-01
2.989286096107284796e-01 2.898748376527425785e-01 1.846145929303991684e-01 4.420375092982367637e-01 2.068877161476327942e-01 4.231402541167730291e-01 4.296441150738404824e-01 3.905901476385743032e-01
3.964741547952116973e-01 3.864392937625877877e-01 1.846145929303991684e-01 4.420375092982367637e-01 2.068877161476327942e-01 4.231402541167730291e-01 4.465138956488026167e-01 3.905901476385743032e-01
3.964741547952116973e-01 4.053134429173544939e-01 2.895673390552619964e-01 4.696403272814428931e-01 2.068877161476327942e-01 4.231402541167730291e-01 4.465138956488026167e-01 3.905901476385743032e-01
3.964741547952116973e-01 5.099169187925980395e-01 3.033532831908871685e-01 4.696403272814428931e-01 2.068877161476327942e-01 4.231402541167730291e-01 4.770474481900887076e-01 3.905901476385743032e-01
4.817121133910262643e-01 5.987777552804516290e-01 3.033532831908871685e-01 4.696403272814428931e-01 2.254710530123292256e-01 4.231402541167730291e-01 4.770474481900887076e-01 3.905901476385743032e-01
5.155395406453948670e-01 6.199619939196208129e-01 3.033532831908871685e-01 4.722166540130388057e-01 2.254710530123292256e-01 4.231402541167730291e-01 5.705217204808192832e-01 3.905901476385743032e-01
5.155395406453948670e-01 6.199619939196208129e-01 4.046974951240684959e-01 4.722166540130388057e-01 2.254710530123292256e-01 4.231402541167730291e-01 5.705217204808192832e-01 4.132361387669472030e-01
6.210456479879056246e-01 6.199619939196208129e-01 4.046974951240684959e-01 4.722166540130388057e-01 2.254710530123292256e-01 4.231402541167730291e-01 5.948573887025727647e-01 4.132361387669472030e-01
6.211728508047669184e-01 6.199619939196208129e-01 4.372890474179413900e-01 4.722166540130388057e-01 2.254710530123292256e-01 4.231402541167730291e-01 5.948573887025727647e-01 4.132361387669472030e-01