0.000000000000000000e+00 0.000000000000000000e+00
3.973048140424508379e+00 4.038786886550027155e+00
7.946096310125383866e+00 8.075712031465361207e+00
1.191914449059447279e+01 1.211087859878829143e+01
1.589219270361780900e+01 1.614438159104603088e+01
1.986524094119241823e+01 2.017630843599427237e+01
2.383828918650775108e+01 2.420673966141389144e+01
2.781133752411313509e+01 2.823574977978804412e+01
3.178438589432258254e+01 3.226340842037949841e+01
3.575743425966476252e+01 3.628977985408760532e+01
3.973048241396057279e+01 4.031492331165308229e+01
4.370353081814044316e+01 4.433889495375743195e+01
4.767657923556408406e+01 4.836174671882463372e+01
5.164962771244459816e+01 5.238352775204774048e+01
5.562267587166520855e+01 5.640428288870992191e+01
5.959572407270346162e+01 6.042405513797021399e+01
6.356877228920927791e+01 6.444288445841893065e+01
6.754182042920039919e+01 6.846080846171463463e+01
7.151486898295212313e+01 7.247786207916522017e+01
7.548791718506063830e+01 7.649407933133566928e+01
7.946096574390605838e+01 8.050949204747789167e+01
8.343401408283096998e+01 8.452412904307342956e+01
8.740706244842149886e+01 8.853801973113186818e+01
9.138011120358743256e+01 9.255118959042849269e+01
9.535315996965556451e+01 9.656366377946028479e+01
9.932620863587288795e+01 1.005754670806732634e+02
1.032992573174365987e+02 1.045866214504016938e+02
1.072723055393150844e+02 1.085971492632347122e+02
1.112453548152457756e+02 1.126070708014769366e+02
1.152184035356061145e+02 1.166164052234565531e+02
1.191914524850676287e+02 1.206251716855311713e+02
1.231645014012918011e+02 1.246333869743959610e+02
1.271375506832241058e+02 1.286410683682988747e+02
