0.000000000000000000e+00 0.000000000000000000e+00
4.617067078694221394e+00 4.632776089440496570e+00
9.234134159073160930e+00 9.265445959870366011e+00
1.385120123817381455e+01 1.389801105860077435e+01
1.846826831794384205e+01 1.853047279449520346e+01
2.308533539800108514e+01 2.316283255745484126e+01
2.770240248692609697e+01 2.779509171141813439e+01
3.231946956702716989e+01 3.242725157971884897e+01
3.693653665245001605e+01 3.705931346742895016e+01
4.155360373715723199e+01 4.169127865458263216e+01
4.617067083775214087e+01 4.632314841367175262e+01
5.078773792365126383e+01 5.095492396034751437e+01
5.540480500997945512e+01 5.558660648313606600e+01
6.002187209739022933e+01 6.021819720070352844e+01
6.463893919657866149e+01 6.484969723674113595e+01
6.925600628066678155e+01 6.948110775762518188e+01
7.387307339202232015e+01 7.411242986617133965e+01
7.849014048051859049e+01 7.874366468360274496e+01
8.310720757456741126e+01 8.337481325423709677e+01
8.772427467986818783e+01 8.800587664873563654e+01
9.234134178636561785e+01 9.263685589683655053e+01
9.695840890309389692e+01 9.726775204184497170e+01
1.015754760161729138e+02 1.018985660322609021e+02
1.061925431369052717e+02 1.065292988917986321e+02
1.108096102605257727e+02 1.111599515716028463e+02
1.154266773659475547e+02 1.157905250159734862e+02
1.200437444752772933e+02 1.204210201575234152e+02
1.246608115606959473e+02 1.250514379435822718e+02
1.292778786743911326e+02 1.296817792093928006e+02
1.338949458066695399e+02 1.343120448774651550e+02
1.385120129370207565e+02 1.389422357864529829e+02
1.431290800614521004e+02 1.435723528064499988e+02
1.477461471412786409e+02 1.482023967994873033e+02
1.523632142210689722e+02 1.528323685409033885e+02
1.569802813607245469e+02 1.574622689011684429e+02
1.615973484425487925e+02 1.620920986242197444e+02
1.662144155702256967e+02 1.667218585090284932e+02
1.708314826933112158e+02 1.713515493444728008e+02
1.754485497965280274e+02 1.759811718331899328e+02
1.800656169006188065e+02 1.806107267522847906e+02
1.846826840235218583e+02 1.852402148695727817e+02
1.892997511206820036e+02 1.898696368362492422e+02
1.939168182386376600e+02 1.944989933883193203e+02
1.985338853976331848e+02 1.991282852119451263e+02
2.031509524969951315e+02 2.037575130558249157e+02
2.077680196375503385e+02 2.083866775102238194e+02
2.123850868008096597e+02 2.130157792702756865e+02
2.170021539389342422e+02 2.176448189994870290e+02
2.216192210358175601e+02 2.222737973474751243e+02
2.262362882144435048e+02 2.269027149336854450e+02
2.308533553240306446e+02 2.315315724614963244e+02
2.354704224636361118e+02 2.361603704349793702e+02
2.400874896210473253e+02 2.407891094534723493e+02
2.447045568176801567e+02 2.454177902263614897e+02
2.493216239123685796e+02 2.500464132181734840e+02
2.539386911117852037e+02 2.546749790763403780e+02
2.585557582054423733e+02 2.593034883651998257e+02
2.631728252997619393e+02 2.639319415898535794e+02
2.677898924487606109e+02 2.685603394173180050e+02
2.724069596608855477e+02 2.731886822791764189e+02
2.770240268587971286e+02 2.778169707918299878e+02
2.816410940681754482e+02 2.824452054692712863e+02
2.862581611567861728e+02 2.870733867797473522e+02
2.908752282506767983e+02 2.917015152918177137e+02
2.954922953747886822e+02 2.963295914794480268e+02
3.001093624733446177e+02 3.009576157447589821e+02
3.047264295810716703e+02 3.055855888064746182e+02
3.093434966830732833e+02 3.102135109077648849e+02
3.139605638017767433e+02 3.148413826377699820e+02
3.185776309042586831e+02 3.194692045743952349e+02
3.231946980827287916e+02 3.240969770586955292e+02
3.278117652252109337e+02 3.287247005069303896e+02
3.324288323172643231e+02 3.333523754600556686e+02
3.370458994006195894e+02 3.379800023193008087e+02
3.416629664876894594e+02 3.426075814838169435e+02
3.462800335853215756e+02 3.472351134490781419e+02
3.508971008307658508e+02 3.518625987185879467e+02
3.555141680785159792e+02 3.564900375386768019e+02
3.601312352998745610e+02 3.611174304462573446e+02
3.647483025268950314e+02 3.657447777950603722e+02
3.693653696196072929e+02 3.703720800306681440e+02
3.739824367348695091e+02 3.749993376193585846e+02
3.785995038930915371e+02 3.796265508556871282e+02
3.832165710619642596e+02 3.842537201263245379e+02
3.878336382063027372e+02 3.888808457421205276e+02
3.924507053194787431e+02 3.935079283155774874e+02
3.970677724151357211e+02 3.981349680961087643e+02
4.016848396413042792e+02 4.027619653130458346e+02
4.063019068856375497e+02 4.073889204809642592e+02
4.109189740597843183e+02 4.120158339512991006e+02
4.155360412098966663e+02 4.166427061123730482e+02
4.201531083559860917e+02 4.212695372712147446e+02
4.247701755038281703e+02 4.258963276536387639e+02
4.293872426039558832e+02 4.305230776629094862e+02
4.340043096976867787e+02 4.351497876844832149e+02
4.386213768703231608e+02 4.397764580283746909e+02
4.432384441113962339e+02 4.444030891976779003e+02
4.478555112013301027e+02 4.490296814140942843e+02
4.524725783022066707e+02 4.536562349287453344e+02
4.570896454643979041e+02 4.582827499251715722e+02
4.617067125952851256e+02 4.629092268466440601e+02
4.663237796986890089e+02 4.675356660511283735e+02
4.709408468425442607e+02 4.721620677777371498e+02
4.755579141252198951e+02 4.767884324321025247e+02
4.801749813792226860e+02 4.814147602253137848e+02
4.847920486305490044e+02 4.860410515069319786e+02
4.894091158066095204e+02 4.906673065001435816e+02
4.940261830161941248e+02 4.952935255283317133e+02
4.986432501304603306e+02 4.999197088946407348e+02
5.032603173466579847e+02 5.045458568978949643e+02
5.078773845126944479e+02 5.091719697518034309e+02
5.124944516127170573e+02 5.137980476345192073e+02
5.171115187745060666e+02 5.184240911112556205e+02
5.217285858765278590e+02 5.230501001605334750e+02
5.263456531178130717e+02 5.276760751800439948e+02
5.309627202752456014e+02 5.323020163227591866e+02
5.355797873672362357e+02 5.369279240420578390e+02
5.401968544653557274e+02 5.415537984408101693e+02
5.448139217097352685e+02 5.461796397969269492e+02
5.494309888122115808e+02 5.508054482910904426e+02
5.540480560428428589e+02 5.554312242810837006e+02
5.586651232154572426e+02 5.600569680181733929e+02
5.632821903581514107e+02 5.646826798924882951e+02
5.678992577107537727e+02 5.693083598984126183e+02
5.725163248440942425e+02 5.739340083022680119e+02
5.771333920680434630e+02 5.785596253910644009e+02
5.817504593203600507e+02 5.831852113894494778e+02
5.863675266589269768e+02 5.878107663560011815e+02
5.909845937780883105e+02 5.924362906884483664e+02
