0.000000000000000000e+00 0.000000000000000000e+00
4.617067079312109357e+00 4.632776089465345137e+00
9.234134160696719107e+00 9.265445959910744378e+00
1.385120123979840656e+01 1.389801105865022990e+01
1.846826831956194681e+01 1.853047279555186577e+01
2.308533539959232428e+01 2.316283256149185021e+01
2.770240248848002196e+01 2.779509171587304195e+01
3.231946956806500992e+01 3.242725158427560928e+01
3.693653666364927801e+01 3.705931347604618509e+01
4.155360374982599581e+01 4.169127866612289068e+01
4.617067083474189815e+01 4.632314842493497054e+01
5.078773792065385351e+01 5.095492397323760514e+01
5.540480500637978878e+01 5.558660649261823039e+01
6.002187209378408284e+01 6.021819721051227958e+01
6.463893918206645139e+01 6.484969724373362965e+01
6.925600627573908241e+01 6.948110776451835591e+01
7.387307336577548256e+01 7.411242986807937427e+01
7.849014045362520164e+01 7.874366469395191359e+01
8.310720756316160873e+01 8.337481326826409145e+01
8.772427467466246753e+01 8.800587667131833314e+01
9.234134176602265143e+01 9.263685591692460264e+01
9.695840886120740265e+01 9.726775203056352836e+01
1.015754759743164612e+02 1.018985660185268074e+02
1.061925430955660659e+02 1.065292988772813914e+02
1.108096101896681631e+02 1.111599515789331889e+02
1.154266772950301743e+02 1.157905250229043475e+02
1.200437444043918447e+02 1.204210201637584987e+02
1.246608115113889994e+02 1.250514379140037136e+02
1.292778786340705892e+02 1.296817791795942583e+02
1.338949457651673924e+02 1.343120448444744284e+02
1.385120128558812382e+02 1.389422357646142245e+02
1.431290799392911595e+02 1.435723528185345970e+02
1.477461470287670977e+02 1.482023968107781116e+02
1.523632141290399318e+02 1.528323685390556648e+02
1.569802812201848496e+02 1.574622688546650977e+02
1.615973483542170470e+02 1.620920985588469989e+02
1.662144154360082098e+02 1.667218584668523533e+02
1.708314825520176612e+02 1.713515492673674885e+02
1.754485496550848893e+02 1.759811717769187567e+02
1.800656167519584301e+02 1.806107267344359002e+02
1.846826838684468157e+02 1.852402148062147376e+02
1.892997509656612465e+02 1.898696367258036730e+02
1.939168180638170327e+02 1.944989933154044479e+02
1.985338852208402614e+02 1.991282851747596396e+02
2.031509523531647687e+02 2.037575130278924007e+02
2.077680194803856466e+02 2.083866775299606502e+02
2.123850865794075844e+02 2.130157793138394027e+02
2.170021536783809779e+02 2.176448190381189818e+02
2.216192207667868956e+02 2.222737973690310866e+02
2.262362879499490020e+02 2.269027150187955044e+02
2.308533550466584643e+02 2.315315724824559993e+02
2.354704221804086615e+02 2.361603704939036561e+02
2.400874893225329743e+02 2.407891095206295518e+02
2.447045564642808131e+02 2.454177902452682929e+02
2.493216235588933216e+02 2.500464133009596708e+02
2.539386907220061858e+02 2.546749791743444007e+02
2.585557578138631811e+02 2.593034884281110521e+02
2.631728249039865659e+02 2.639319417041842257e+02
2.677898920375524199e+02 2.685603394905608639e+02
2.724069592226605891e+02 2.731886823869708110e+02
2.770240264198539535e+02 2.778169708970085026e+02
2.816410936293356144e+02 2.824452055395591969e+02
2.862581607344095005e+02 2.870733868756242941e+02
2.908752278283930082e+02 2.917015153694387095e+02
2.954922949525113154e+02 2.963295915010002091e+02
3.001093620649060085e+02 3.009576158860367059e+02
3.047264292449878553e+02 3.055855889102443825e+02
3.093434963486641891e+02 3.102135110832488181e+02
3.139605634985373968e+02 3.148413828108996313e+02
3.185776306005609513e+02 3.194692046510415366e+02
3.231946977789634730e+02 3.240969771417106813e+02
3.278117649421633359e+02 3.287247005899662327e+02
3.324288320342103589e+02 3.333523755374893653e+02
3.370458991221541964e+02 3.379800023810730636e+02
3.416629663538908517e+02 3.426075816183772531e+02
3.462800334515219447e+02 3.472351135916876501e+02
3.508971006985328813e+02 3.518625989084485468e+02
3.555141679462918773e+02 3.564900377179741326e+02
3.601312350376858262e+02 3.611174306180490703e+02
3.647483021306197770e+02 3.657447780182736778e+02
3.693653692233545485e+02 3.703720802224806903e+02
3.739824363201961432e+02 3.749993377324108224e+02
3.785995034457124007e+02 3.796265509861226519e+02
3.832165706144888873e+02 3.842537202194920383e+02
3.878336377588188952e+02 3.888808458309262619e+02
3.924507050155117440e+02 3.935079284336823093e+02
3.970677721427558708e+02 3.981349680526874408e+02
4.016848393690973467e+02 4.027619652306751732e+02
4.063019065365093638e+02 4.073889203842668394e+02
4.109189737103494053e+02 4.120158338661817652e+02
4.155360408605097859e+02 4.166427059074372892e+02
4.201531080066266099e+02 4.212695370654781755e+02
4.247701751545049547e+02 4.258963274004559594e+02
4.293872422476449060e+02 4.305230774093828359e+02
4.340043093480701941e+02 4.351497874304242259e+02
4.386213765101538229e+02 4.397764579110864815e+02
4.432384437504575772e+02 4.444030890748483102e+02
4.478555108518070256e+02 4.490296811501909815e+02
4.524725779507141397e+02 4.536562346619988375e+02
4.570896451249033134e+02 4.582827497690233827e+02
4.617067122558274832e+02 4.629092267217820336e+02
4.663237793801806674e+02 4.675356659809257849e+02
4.709408465190075503e+02 4.721620677648392075e+02
4.755579138016361753e+02 4.767884324177731514e+02
4.801749811164545463e+02 4.814147602117400879e+02
4.847920483185001785e+02 4.860410514423696213e+02
4.894091154336102818e+02 4.906673064744512658e+02
4.940261826876973146e+02 4.952935255695599608e+02
4.986432497969541373e+02 4.999197089342053459e+02
5.032603170117991453e+02 5.045458569454482358e+02
5.078773841774586799e+02 5.091719698153978584e+02
5.124944513572752385e+02 5.137980477341926644e+02
5.171115185830495875e+02 5.184240910239715276e+02
5.217285857768523556e+02 5.230501002273504128e+02
5.263456530599107737e+02 5.276760752502070773e+02
5.309627202171982390e+02 5.323020164123709037e+02
5.355797873237739850e+02 5.369279241312012800e+02
5.401968544873143401e+02 5.415537985086345998e+02
5.448139216981957134e+02 5.461796399437739638e+02
5.494309888932593822e+02 5.508054486447974796e+02
5.540480559788034043e+02 5.554312246351776139e+02
5.586651231514372284e+02 5.600569683711925109e+02
5.632821902462466142e+02 5.646826802013338238e+02
5.678992576041887332e+02 5.693083601968050971e+02
5.725163247569022360e+02 5.739340086883179310e+02
5.771333919805169899e+02 5.785596257750410132e+02
5.817504592324551140e+02 5.831852116205410539e+02
5.863675265827718022e+02 5.878107668167356223e+02
5.909845937019076700e+02 5.924362911608512832e+02
