0.000000000000000000e+00 0.000000000000000000e+00
4.617067079486014691e+00 4.632776089414130993e+00
9.234134160871715125e+00 9.265445959852590008e+00
1.385120123990280305e+01 1.389801105664246528e+01
1.846826831966801663e+01 1.853047279981898754e+01
2.308533539975561055e+01 2.316283256590494943e+01
2.770240248895779445e+01 2.779509171660287947e+01
3.231946956856341302e+01 3.242725158454156542e+01
3.693653665064278613e+01 3.705931347322793101e+01
4.155360373214681147e+01 4.169127866674260474e+01
4.617067083253176207e+01 4.632314842838415814e+01
5.078773791837168972e+01 5.095492397763092640e+01
5.540480500709337264e+01 5.558660649887720950e+01
6.002187209776593591e+01 6.021819722045712808e+01
6.463893919622520912e+01 6.484969725363876591e+01
6.925600628045154394e+01 6.948110777951404771e+01
7.387307339500431169e+01 7.411242989202071385e+01
7.849014048795280019e+01 7.874366471537300072e+01
8.310720758654903761e+01 8.337481330273095637e+01
8.772427467372826015e+01 8.800587670814275043e+01
9.234134175511854892e+01 9.263685596427032465e+01
9.695840884995106990e+01 9.726775209206169848e+01
1.015754759630932256e+02 1.018985660794649704e+02
1.061925430673206279e+02 1.065292989288016940e+02
1.108096101614033415e+02 1.111599516040935782e+02
1.154266772698815942e+02 1.157905250478234365e+02
1.200437443792850019e+02 1.204210201881338946e+02
1.246608114716731848e+02 1.250514379380698813e+02
1.292778785863578150e+02 1.296817792110877861e+02
1.338949457186396330e+02 1.343120449024548577e+02
1.385120128500265082e+02 1.389422358285471546e+02
1.431290799381795296e+02 1.435723528966404388e+02
1.477461470331840587e+02 1.482023968883993348e+02
1.523632141577189714e+02 1.528323686162987372e+02
1.569802812493176702e+02 1.574622689517560161e+02
1.615973483443245584e+02 1.620920986728669959e+02
1.662144154338315616e+02 1.667218585657678318e+02
1.708314825527043581e+02 1.713515493594462384e+02
1.754485496728301541e+02 1.759811718791897306e+02
1.800656167709036595e+02 1.806107268334782248e+02
1.846826838670681354e+02 1.852402148879253900e+02
1.892997509643864475e+02 1.898696368470178300e+02
1.939168180715512335e+02 1.944989934271891343e+02
1.985338851704179888e+02 1.991282853095252676e+02
2.031509523284595389e+02 2.037575131647798230e+02
2.077680194273049779e+02 2.083866776145796962e+02
2.123850865202270199e+02 2.130157793745081563e+02
2.170021536689703794e+02 2.176448190868161987e+02
2.216192207750717671e+02 2.222737974224417030e+02
2.262362879153241693e+02 2.269027150129188897e+02
2.308533550032650794e+02 2.315315725371043243e+02
2.354704221397102515e+02 2.361603704663203871e+02
2.400874892830698570e+02 2.407891095198584424e+02
2.447045564321788333e+02 2.454177901955638674e+02
2.493216235317451606e+02 2.500464132515235178e+02
2.539386907007834679e+02 2.546749791507922396e+02
2.585557578420880418e+02 2.593034884532420392e+02
2.631728249800228809e+02 2.639319417104356376e+02
2.677898921526020786e+02 2.685603395233674178e+02
2.724069592489647107e+02 2.731886824462642380e+02
2.770240264448224252e+02 2.778169709077439506e+02
2.816410936538319447e+02 2.824452055318898260e+02
2.862581608283825858e+02 2.870733868727070330e+02
2.908752279223288042e+02 2.917015152987025886e+02
2.954922950463959523e+02 2.963295914990649180e+02
3.001093621604039754e+02 3.009576157739372775e+02
3.047264293111236384e+02 3.055855887474712063e+02
3.093434963989589050e+02 3.102135108695666759e+02
3.139605635154504739e+02 3.148413825984494565e+02
3.185776306178870527e+02 3.194692044739490484e+02
3.231946977965069436e+02 3.240969768520295702e+02
3.278117648868629885e+02 3.287247003009343871e+02
3.324288320016631815e+02 3.333523752484154556e+02
3.370458991169907108e+02 3.379800021791049858e+02
3.416629662478288765e+02 3.426075814781773374e+02
3.462800333454510451e+02 3.472351134349744370e+02
3.508971005919698314e+02 3.518625986499309874e+02
3.555141678397064879e+02 3.564900375422744787e+02
3.601312349310763352e+02 3.611174304413020764e+02
3.647483020240234737e+02 3.657447779017880407e+02
3.693653692601262151e+02 3.703720802363585562e+02
3.739824363488693280e+02 3.749993376977538446e+02
3.785995034743702945e+02 3.796265508399022224e+02
3.832165706431935632e+02 3.842537201053581839e+02
3.878336377875232301e+02 3.888808457622568540e+02
3.924507050615656567e+02 3.935079282413939836e+02
3.970677721570004906e+02 3.981349678614000140e+02
4.016848393916661735e+02 4.027619650768126007e+02
4.063019065161041112e+02 4.073889202055100895e+02
4.109189736793293832e+02 4.120158336358877023e+02
4.155360408295592265e+02 4.166427057083000136e+02
4.201531079756269946e+02 4.212695368672768836e+02
4.247701751234857284e+02 4.258963272032294753e+02
4.293872422166362526e+02 4.305230772293102746e+02
4.340043093250560560e+02 4.351497873198925959e+02
4.386213764096785894e+02 4.397764577839818685e+02
4.432384436518659641e+02 4.444030889487779064e+02
4.478555107587859538e+02 4.490296810781975410e+02
4.524725779980919924e+02 4.536562345130034828e+02
4.570896452003477179e+02 4.582827495068834196e+02
4.617067123309687986e+02 4.629092265830616952e+02
4.663237794860783652e+02 4.675356657963243947e+02
4.709408466355912424e+02 4.721620675316684128e+02
4.755579139180456991e+02 4.767884321884095016e+02
4.801749812328761209e+02 4.814147599883755788e+02
4.847920483401799174e+02 4.860410512339415732e+02
4.894091154895133968e+02 4.906673063543254329e+02
4.940261827299148081e+02 4.952935252882282953e+02
4.986432500059889890e+02 4.999197086595386281e+02
5.032603172194435501e+02 5.045458565645020030e+02
5.078773843855754535e+02 5.091719694497323871e+02
5.124944514877972779e+02 5.137980474415679737e+02
5.171115185866539150e+02 5.184240908316180594e+02
5.217285856886765032e+02 5.230500998995112241e+02
5.263456528749250083e+02 5.276760750284579444e+02
5.309627200318136602e+02 5.323020162003595033e+02
5.355797871237990648e+02 5.369279238923473940e+02
5.401968542182472675e+02 5.415537984029947438e+02
5.448139213543229289e+02 5.461796397218286074e+02
5.494309885600434882e+02 5.508054482144989379e+02
5.540480557887361783e+02 5.554312242265592658e+02
5.586651229614162730e+02 5.600569680163741850e+02
5.632821901040662169e+02 5.646826798157011353e+02
5.678992574611136206e+02 5.693083599119204337e+02
5.725163247003870310e+02 5.739340082368044023e+02
5.771333919241129706e+02 5.785596252244431525e+02
5.817504591766767135e+02 5.831852111275607058e+02
5.863675265505803509e+02 5.878107663178591338e+02
5.909845936697220168e+02 5.924362906598707923e+02
