0.000000000000000000e+00 0.000000000000000000e+00
4.615692400679869856e+00 4.632776090343784681e+00
9.231384801339615365e+00 9.265427467605325873e+00
1.384707720325238611e+01 1.389795596295650881e+01
1.846276960470446227e+01 1.853036335917015265e+01
2.307846200817392912e+01 2.316265140835108838e+01
2.769415441796815003e+01 2.779482182824368408e+01
3.230984681877677644e+01 3.242687628376879161e+01
3.692553922210440476e+01 3.705881641689057915e+01
4.154123162580877704e+01 4.169064384018725633e+01
4.615692404254612313e+01 4.632236012373982703e+01
5.077261645297731718e+01 5.095396680401721312e+01
5.538830886543212273e+01 5.558546536842161601e+01
6.000400127453156074e+01 6.021685730784338375e+01
6.461969368436892580e+01 6.484814406428645839e+01
6.923538609035486502e+01 6.947932706935165470e+01
7.385107851312852745e+01 7.411040769290846697e+01
7.846677091656752623e+01 7.874138732685656805e+01
8.308246333973653464e+01 8.337226726109837216e+01
8.769815575081057091e+01 8.800304882571705889e+01
9.231384816244738545e+01 9.263373329097984765e+01
9.692954057767013865e+01 9.726432190820717949e+01
1.015452330118638002e+02 1.018948159360189152e+02
1.061609254412514503e+02 1.065252165445849784e+02
1.107766178432769806e+02 1.111555249591430794e+02
1.153923102706476698e+02 1.157857423118212807e+02
1.200080026773372310e+02 1.204158697269712803e+02
1.246236951034661473e+02 1.250459083480054403e+02
1.292393875200395428e+02 1.296758592723280969e+02
1.338550799754612513e+02 1.343057235704966104e+02
1.384707723939719983e+02 1.389355023337060402e+02
1.430864648514532576e+02 1.435651965552284537e+02
1.477021572567535941e+02 1.481948072870809483e+02
1.523178497038585419e+02 1.528243354922627191e+02
1.569335421454125594e+02 1.574537822195405568e+02
1.615492346188298143e+02 1.620831483597437455e+02
1.661649270296026089e+02 1.667124349286490883e+02
1.707806194676305722e+02 1.713416428154812365e+02
1.753963118922187618e+02 1.759707729673214089e+02
1.800120043035300341e+02 1.805998262277319100e+02
1.846276967720703510e+02 1.852288035124845464e+02
1.892433892451687711e+02 1.898577056907466840e+02
1.938590816869387936e+02 1.944865336366850102e+02
1.984747741055300594e+02 1.991152881343400054e+02
2.030904665265794620e+02 2.037439700800591709e+02
2.077061589800545391e+02 2.083725802371414773e+02
2.123218514005671409e+02 2.130011194058109822e+02
2.169375438211021674e+02 2.176295884241342833e+02
2.215532362543636395e+02 2.222579879990685754e+02
2.261689287217462265e+02 2.268863189141842440e+02
2.307846211958589038e+02 2.315145819589409086e+02
2.354003136136061016e+02 2.361427777902165417e+02
2.400160060289337025e+02 2.407709071921567556e+02
2.446316984773166041e+02 2.453989708040422784e+02
2.492473908942793344e+02 2.500269693515585914e+02
2.538630833104760711e+02 2.546549035783625925e+02
2.584787758306160299e+02 2.592827740978376596e+02
2.630944683335526406e+02 2.639105815874011682e+02
2.677101607573922024e+02 2.685383267480730183e+02
2.723258532119093616e+02 2.731660101386041788e+02
2.769415457322796215e+02 2.777936325078112532e+02
2.815572382638355862e+02 2.824211944417760378e+02
2.861729306744533687e+02 2.870486964809379629e+02
2.907886230901069666e+02 2.916761392793797540e+02
2.954043155357455817e+02 2.963035234870745853e+02
3.000200079521109728e+02 3.009308495891303323e+02
3.046357004183282697e+02 3.055581182115118395e+02
3.092513928871502458e+02 3.101853299505842188e+02
3.138670853276227604e+02 3.148124853518257851e+02
3.184827777718406878e+02 3.194395850007554145e+02
3.230984702635888652e+02 3.240666294960589084e+02
3.277141627033464033e+02 3.286936192334748057e+02
3.323298551170511246e+02 3.333205548838681693e+02
3.369455475234450432e+02 3.379474368636855388e+02
3.415612399325578963e+02 3.425742657542817824e+02
3.461769323519461068e+02 3.472010419280339875e+02
3.507926248235632443e+02 3.518277659670537787e+02
3.554083173847854482e+02 3.564544384229443494e+02
3.600240098237021584e+02 3.610810596879185823e+02
3.646397022728060620e+02 3.657076303697147068e+02
3.692553947848321059e+02 3.703341509341819915e+02
3.738710873496311251e+02 3.749606217293094801e+02
3.784867797969733374e+02 3.795870432120828468e+02
3.831024722906935267e+02 3.842134159910638687e+02
3.877181647610312325e+02 3.888397402254279314e+02
3.923338572241928546e+02 3.934660165790619999e+02
3.969495497798219503e+02 3.980922454118936002e+02
4.015652423105642583e+02 4.027184272289343880e+02
4.061809349139028882e+02 4.073445624661401325e+02
4.107966274153511108e+02 4.119706514045986978e+02
4.154123198847394178e+02 4.165966946649578517e+02
4.200280123518613209e+02 4.212226925415661185e+02
4.246437048215846062e+02 4.258486452667636968e+02
4.292593972362022896e+02 4.304745534486696101e+02
4.338750896507323205e+02 4.351004173934253458e+02
4.384907821532414118e+02 4.397262376295112745e+02
4.431064747410277960e+02 4.443520144143149082e+02
4.477221671587707874e+02 4.489777481400804504e+02
4.523378596594945975e+02 4.536034391822533962e+02
4.569535521671415381e+02 4.582290878627605935e+02
4.615692447292358338e+02 4.628546944959051643e+02
4.661849371592592775e+02 4.674802594642837335e+02
4.708006296287996975e+02 4.721057831526665609e+02
4.754163220640655254e+02 4.767312659636275498e+02
4.800320146799813870e+02 4.813567081744919278e+02
4.846477070877265305e+02 4.859821101556050280e+02
4.892633995232578172e+02 4.906074723242002165e+02
4.938790919779899014e+02 4.952327948895558620e+02
4.984947845938986575e+02 4.998580782924100276e+02
5.031104771335844816e+02 5.044833227410417749e+02
5.077261696224135221e+02 5.091085284401066247e+02
5.123418621149816090e+02 5.137336958989415052e+02
5.169575545354564383e+02 5.183588254466350236e+02
5.215732470597322390e+02 5.229839171162075218e+02
5.261889396386795852e+02 5.276089716414696795e+02
5.308046321771676048e+02 5.322339890046364417e+02
5.354203247820299794e+02 5.368589694824844401e+02
5.400360172241211103e+02 5.414839136839193543e+02
5.446517096891468555e+02 5.461088214664115412e+02
5.492674021662139694e+02 5.507336935263241458e+02
5.538830946182533808e+02 5.553585298008611062e+02
5.584987871216845861e+02 5.599833308427328120e+02
5.631144796555172434e+02 5.646080968127047299e+02
5.677301723330631376e+02 5.692328278069907128e+02
5.723458647865832063e+02 5.738575244532044053e+02
5.769615573129681252e+02 5.784821867901007408e+02
5.815772498504986743e+02 5.831068149410450587e+02
5.861929425194534815e+02 5.877314094003270384e+02
5.908086349634384078e+02 5.923559703392265874e+02
