0.000000000000000000e+00 0.000000000000000000e+00
4.617067079215710024e+00 4.632776089417301790e+00
9.234134158473823462e+00 9.265445959857910196e+00
1.385120123756940735e+01 1.389801105859244856e+01
1.846826831733839214e+01 1.853047279575338280e+01
2.308533539737577911e+01 2.316283256057031181e+01
2.770240248633729507e+01 2.779509171489484842e+01
3.231946956634372725e+01 3.242725158728512724e+01
3.693653666107513800e+01 3.705931347563063127e+01
4.155360374308292393e+01 4.169127866582824993e+01
4.617067082801698064e+01 4.632314841760307189e+01
5.078773791950528960e+01 5.095492396951487990e+01
5.540480500534026476e+01 5.558660648890345612e+01
6.002187209217588304e+01 6.021819720685121524e+01
6.463893917366564779e+01 6.484969724096843890e+01
6.925600625787899389e+01 6.948110776182249992e+01
7.387307337322349099e+01 7.411242987040347430e+01
7.849014047860475785e+01 7.874366467327740793e+01
8.310720757368940781e+01 8.337481325276851862e+01
8.772427466871502588e+01 8.800587665539725890e+01
9.234134177193027426e+01 9.263685591270936470e+01
9.695840886693812877e+01 9.726775203619038734e+01
1.015754759798622047e+02 1.018985660444401447e+02
1.061925431030155949e+02 1.065292988939532677e+02
1.108096101971636784e+02 1.111599515612329441e+02
1.154266773025924522e+02 1.157905250136518873e+02
1.200437444119646528e+02 1.204210201541667686e+02
1.246608115393331957e+02 1.250514379121773061e+02
1.292778786630339027e+02 1.296817791778879325e+02
1.338949457953999627e+02 1.343120448277861101e+02
1.385120128892513662e+02 1.389422357522488483e+02
1.431290799786707453e+02 1.435723527750163271e+02
1.477461470613264680e+02 1.482023967677641281e+02
1.523632141816613057e+02 1.528323685415074351e+02
1.569802812693542364e+02 1.574622689117429672e+02
1.615973483949968283e+02 1.620920986260861412e+02
1.662144155271661532e+02 1.667218585097884898e+02
1.708314826607920054e+02 1.713515493005664609e+02
1.754485497738075708e+02 1.759811718208189859e+02
1.800656168755246540e+02 1.806107267459596244e+02
1.846826839804010376e+02 1.852402148468005123e+02
1.892997511023093011e+02 1.898696368107879948e+02
1.939168181930008359e+02 1.944989933235570732e+02
1.985338853106709394e+02 1.991282851933203233e+02
2.031509524415855026e+02 2.037575130256563227e+02
2.077680196017820435e+02 2.083866775036460695e+02
2.123850867127500237e+02 2.130157792610586966e+02
2.170021538117007935e+02 2.176448189845694401e+02
2.216192209118482879e+02 2.222737973287600255e+02
2.262362880032195847e+02 2.269027149699210213e+02
2.308533551022860024e+02 2.315315724115218643e+02
2.354704222793183135e+02 2.361603703480028571e+02
2.400874893749085572e+02 2.407891093807839411e+02
2.447045565056858720e+02 2.454177901030427620e+02
2.493216236214862533e+02 2.500464130739943585e+02
2.539386907166695551e+02 2.546749789226611256e+02
2.585557578004775223e+02 2.593034882325491139e+02
2.631728249157924324e+02 2.639319414516581332e+02
2.677898921024562355e+02 2.685603391988137219e+02
2.724069592257380918e+02 2.731886821213815324e+02
2.770240264230544653e+02 2.778169706327167887e+02
2.816410936313148454e+02 2.824452052731911635e+02
2.862581607195174911e+02 2.870733866151973643e+02
2.908752278317127775e+02 2.917015150308467355e+02
2.954922949557670790e+02 2.963295912325493191e+02
3.001093620462092986e+02 3.009576155921671443e+02
3.047264291969349870e+02 3.055855886290779608e+02
3.093434963102174606e+02 3.102135108348683161e+02
3.139605634288004126e+02 3.148413825845595397e+02
3.185776305592535209e+02 3.194692044535920559e+02
3.231946977370365062e+02 3.240969769764298007e+02
3.278117648273841382e+02 3.287247004228385094e+02
3.324288319429322200e+02 3.333523754177740557e+02
3.370458990466657383e+02 3.379800023635967818e+02
3.416629662189498617e+02 3.426075815421115749e+02
3.462800333165719167e+02 3.472351134975123728e+02
3.508971005641234342e+02 3.518625987342139751e+02
3.555141678118433219e+02 3.564900376965978808e+02
3.601312349032139082e+02 3.611174306293138443e+02
3.647483020614608336e+02 3.657447779648827577e+02
3.693653691541754824e+02 3.703720801731810752e+02
3.739824363167068668e+02 3.749993376463644381e+02
3.785995034422509207e+02 3.796265508686684598e+02
3.832165706109767029e+02 3.842537202119165727e+02
3.878336377553171701e+02 3.888808458206810883e+02
3.924507050311022454e+02 3.935079283190501656e+02
3.970677721265697642e+02 3.981349679449151040e+02
4.016848393527025110e+02 4.027619651638795517e+02
4.063019065714520934e+02 4.073889202889574790e+02
4.109189736496504111e+02 4.120158336715672363e+02
4.155360407998432493e+02 4.166427057343635170e+02
4.201531079459383591e+02 4.212695368934899989e+02
4.247701750938500140e+02 4.258963272712001640e+02
4.293872421869920117e+02 4.305230772792455127e+02
4.340043092805086644e+02 4.351497873143866286e+02
4.386213763978979614e+02 4.397764577757809548e+02
4.432384436407336921e+02 4.444030889396922248e+02
4.478555109429701133e+02 4.490296811437438578e+02
4.524725780639862478e+02 4.536562345739829425e+02
4.570896452262259118e+02 4.582827495909995150e+02
4.617067123574628340e+02 4.629092265582376626e+02
4.663237795222312343e+02 4.675356658494139879e+02
4.709408466828698465e+02 4.721620677262728805e+02
4.755579139655466179e+02 4.767884323794667125e+02
4.801749812803281543e+02 4.814147601723640264e+02
4.847920485352590276e+02 4.860410513951408120e+02
4.894091157855498295e+02 4.906673064630996350e+02
4.940261829224389203e+02 4.952935255475895246e+02
4.986432502300493752e+02 4.999197088968552407e+02
5.032603174451563746e+02 5.045458569149900541e+02
5.078773846111937473e+02 5.091719697455214373e+02
5.124944518310586545e+02 5.137980477391899967e+02
5.171115189299157464e+02 5.184240912133506072e+02
5.217285862055686039e+02 5.230501003678654115e+02
5.263456534872964312e+02 5.276760754675835869e+02
5.309627206747899208e+02 5.323020166305462908e+02
5.355797877711097499e+02 5.369279243501130168e+02
5.401968548777040269e+02 5.415537987031522107e+02
5.448139221441286963e+02 5.461796402003025150e+02
5.494309893766240975e+02 5.508054488627905130e+02
5.540480565314599062e+02 5.554312248526186977e+02
5.586651237040608748e+02 5.600569686041953901e+02
5.632821908510787807e+02 5.646826804406473457e+02
5.678992581626246192e+02 5.693083604461244249e+02
5.725163253987641383e+02 5.739340087825933097e+02
5.771333926220382864e+02 5.785596258714379019e+02
5.817504598745069870e+02 5.831852117243254270e+02
5.863675270019392656e+02 5.878107668731265676e+02
5.909845941985952322e+02 5.924362912078219097e+02
