0.000000000000000000e+00 0.000000000000000000e+00
4.220296725754301370e+00 4.276312136577673506e+00
8.440593648355518397e+00 8.551195364777074204e+00
1.266089071282915945e+01 1.282472106411359469e+01
1.688118787617681349e+01 1.709695512314126731e+01
2.110148460901027079e+01 2.136795912368000216e+01
2.532178137944994489e+01 2.563778996163681967e+01
2.954207811375663084e+01 2.990650155188863835e+01
3.376237483458390187e+01 3.417414330739848793e+01
3.798267155031140163e+01 3.844076149853703583e+01
4.220296830200673099e+01 4.270639999561778666e+01
4.642326513445033243e+01 4.697109938040439658e+01
5.064356187932222042e+01 5.123489833774490876e+01
5.486385864813490798e+01 5.549783314233449971e+01
5.908415543001463277e+01 5.975993702756269954e+01
6.330445222831754393e+01 6.402124231970175572e+01
6.752474934013645225e+01 6.828177921545922402e+01
7.174504630773083136e+01 7.254157624399203996e+01
7.596534308413227166e+01 7.680066062037590768e+01
8.018563998852997088e+01 8.105905729009327843e+01
8.440593702643687379e+01 8.531679076731754208e+01
8.862623408877978193e+01 8.957388409824137909e+01
9.284653087538899285e+01 9.383035923676672496e+01
9.706682799048357424e+01 9.808623580713873480e+01
1.012871247991433847e+02 1.023415340040546653e+02
1.055074215875003460e+02 1.065962724791704801e+02
1.097277185274585065e+02 1.108504692801989933e+02
1.139480162659590690e+02 1.151041418734010051e+02
1.181683130802309449e+02 1.193573051225935160e+02
1.223886108752620601e+02 1.236099748071709712e+02
1.266089076236444413e+02 1.278621660859703297e+02
1.308292043966328038e+02 1.321138927808161156e+02
1.350495011806569323e+02 1.363651693758274632e+02
