0.000000000000000000e+00 0.000000000000000000e+00
4.186486234110498472e+00 4.248503868770477254e+00
8.372972624845200329e+00 8.495274347951923488e+00
1.255945913926726121e+01 1.274040592407063599e+01
1.674594573832008848e+01 1.698398559047292977e+01
2.093243209728149878e+01 2.122609357947928288e+01
2.511891861888952349e+01 2.546680417300584764e+01
2.930540482300011718e+01 2.970618614392599710e+01
3.349189104913198634e+01 3.394430322918966425e+01
3.767837726371902818e+01 3.818121463687630524e+01
4.186486360180217048e+01 4.241697596122249081e+01
4.605134980929355493e+01 4.665163899222159216e+01
5.023783611537893989e+01 5.088525144791655919e+01
5.442432244066739599e+01 5.511785878287194862e+01
5.861080882160619865e+01 5.934950336370553714e+01
6.279729559994782306e+01 6.358022465838598691e+01
6.698378258570781441e+01 6.781005967005478396e+01
7.117026950714468114e+01 7.203904387787530084e+01
7.535675573665794502e+01 7.626721010760208230e+01
7.954324252304508036e+01 8.049458957935422632e+01
8.372972889732162116e+01 8.472121255308684340e+01
8.791621516850879914e+01 8.894710559497133318e+01
9.210270161776112730e+01 9.317229527708863657e+01
9.628918818178792094e+01 9.739680700695927840e+01
1.004756753229918047e+02 1.016206637220531377e+02
1.046621616072314396e+02 1.058438883175587648e+02
1.088486478676998388e+02 1.100665014420212060e+02
1.130351340921316421e+02 1.142885238761373614e+02
1.172216211459726480e+02 1.185099738136676706e+02
1.214081074934540112e+02 1.227308714172760631e+02
1.255945937188660935e+02 1.269512318213268429e+02
1.297810811637006054e+02 1.311710738670158207e+02
1.339675679822727261e+02 1.353904113676021268e+02
