0.000000000000000000e+00 0.000000000000000000e+00
4.212446858583446918e+00 4.276312151950613760e+00
8.424893898259110614e+00 8.550780950835511263e+00
1.263734107961455777e+01 1.282350996530643883e+01
1.684978797364707503e+01 1.709459450554480497e+01
2.106223485084784386e+01 2.136412147012784146e+01
2.527468171391096874e+01 2.563217219533614966e+01
2.948712890833565936e+01 2.989882126903209780e+01
3.369957581610097463e+01 3.416413796849464291e+01
3.791202313290780523e+01 3.842818643254403810e+01
4.212447000723555135e+01 4.269102651757958000e+01
4.633691730056433045e+01 4.695271319296826107e+01
5.054936424670282236e+01 5.121329896152698069e+01
5.476181160769064604e+01 5.547283196985816289e+01
5.897425849937218345e+01 5.973135777868035490e+01
6.318670539850378987e+01 6.398891916795965074e+01
6.739915227301274570e+01 6.824555542066170233e+01
7.161159914297678597e+01 7.250130415957514174e+01
7.582404662246092641e+01 7.675620103423194962e+01
8.003649407778924285e+01 8.101027843028100506e+01
8.424894094281287948e+01 8.526356819678326815e+01
8.846138816923814829e+01 8.951609988695179254e+01
9.267383560760123373e+01 9.376790067104455773e+01
9.688628252801265717e+01 9.801899703077582160e+01
1.010987299609199965e+02 1.022694150794700079e+02
1.053111771068884650e+02 1.065191779708847264e+02
1.095236240259984584e+02 1.107683077008701673e+02
1.137360709514886707e+02 1.150168250421684490e+02
1.179485178418475471e+02 1.192647509343610466e+02
1.221609650913403158e+02 1.235121047548662006e+02
1.263734122943499614e+02 1.277589047517434722e+02
1.305858595846475794e+02 1.320051685650705053e+02
1.347983075551545653e+02 1.362509128658495001e+02
