0.000000000000000000e+00 0.000000000000000000e+00
4.524719393042182070e+00 4.543380992842550370e+00
9.049438785841857680e+00 9.086604196828574231e+00
1.357415817909959621e+01 1.362967229755247089e+01
1.809887757801815411e+01 1.817258791081134106e+01
2.262359697708108541e+01 2.271535358119646020e+01
2.714831637049552171e+01 2.725797180131996100e+01
3.167303576752586736e+01 3.180044499761971366e+01
3.619775516821695760e+01 3.634277552999077443e+01
4.072247456542659449e+01 4.088496572490446823e+01
4.524719396557532036e+01 4.542701781915873482e+01
4.977191335994815091e+01 4.996893400785869233e+01
5.429663275327007455e+01 5.451071642337952738e+01
5.882135217748423628e+01 5.905236719008232171e+01
6.334607157427677748e+01 6.359388834359323539e+01
6.787079098425331836e+01 6.813528187660705271e+01
7.239551042229150823e+01 7.267654975702600950e+01
7.692022983186595297e+01 7.721769388996017369e+01
8.144494924609205100e+01 8.175871613874134880e+01
8.596966865038803007e+01 8.629961828895008580e+01
9.049438806309834149e+01 9.084040216439933602e+01
9.501910748329413536e+01 9.538106947455221984e+01
9.954382688468611207e+01 9.992162196393414320e+01
1.040685462951970237e+02 1.044620612670804718e+02
1.085932657525887493e+02 1.090023890379142983e+02
1.131179851495422497e+02 1.135426068761605762e+02
1.176427045782548078e+02 1.180827163678106331e+02
1.221674239832270814e+02 1.226227189470690462e+02
1.266921434007656728e+02 1.271626162039625285e+02
1.312168628136349469e+02 1.317024095176627441e+02
1.357415822283866476e+02 1.362421004002186464e+02
1.402663016927885451e+02 1.407816902318186294e+02
1.447910211634564348e+02 1.453211803843668974e+02
1.493157406379161785e+02 1.498605721957496257e+02
1.538404600830198774e+02 1.543998669631471046e+02
1.583651795486968012e+02 1.589390660264741655e+02
1.628898989632462246e+02 1.634781706969791344e+02
1.674146184483559523e+02 1.680171820827281977e+02
1.719393379009235332e+02 1.725561015116819590e+02
1.764640573299518564e+02 1.770949301541559748e+02
1.809887767639960998e+02 1.816336692265141153e+02
1.855134962365964952e+02 1.861723197841755564e+02
1.900382157435507793e+02 1.907108829252322550e+02
1.945629352323099965e+02 1.952493599459297116e+02
1.990876547030387655e+02 1.997877517076842935e+02
2.036123741635395845e+02 2.043260593712284958e+02
2.081370936414053290e+02 2.088642840971324972e+02
2.126618131083474736e+02 2.134024266834266541e+02
2.171865325814148946e+02 2.179404882687345548e+02
2.217112521136213559e+02 2.224784698433591643e+02
2.262359716043481512e+02 2.270163723963901248e+02
2.307606911243565833e+02 2.315541968015738234e+02
2.352854106043436104e+02 2.360919440369343363e+02
2.398101300834497351e+02 2.406296149533183382e+02
2.443348495139367458e+02 2.451672106337581454e+02
2.488595690498644331e+02 2.497047317368640051e+02
2.533842885045621074e+02 2.542421792370028015e+02
2.579090079620731331e+02 2.587795539837679257e+02
2.624337273741274998e+02 2.633168568720225835e+02
2.669584468286540186e+02 2.678540887236061394e+02
2.714831662821205782e+02 2.723912501959454744e+02
2.760078857336363853e+02 2.769283422168493303e+02
2.805326051799601714e+02 2.814653655001202424e+02
2.850573246622490728e+02 2.860023209200822976e+02
2.895820442040268290e+02 2.905392092767804115e+02
2.941067637762840832e+02 2.950760310792763903e+02
2.986314833383212886e+02 2.996127872621431152e+02
3.031562028430033706e+02 3.041494785283492774e+02
3.076809222609122116e+02 3.086861054840239831e+02
3.122056417298889528e+02 3.132226688074733829e+02
3.167303611794734479e+02 3.177591693155876555e+02
3.212550806183496661e+02 3.222956075582663402e+02
3.257798000555409317e+02 3.268319843158308800e+02
3.303045195080038638e+02 3.313683002423296102e+02
3.348292389564384166e+02 3.359045558108090290e+02
3.393539584083486602e+02 3.404407519110841918e+02
3.438786779912396128e+02 3.449768889656928081e+02
3.484033974375510070e+02 3.495129675650084664e+02
3.529281168572260867e+02 3.540489884407076602e+02
3.574528362725553166e+02 3.585849521111493914e+02
3.619775557096065768e+02 3.631208592269866813e+02
3.665022752199652700e+02 3.676567104048572787e+02
3.710269948266827100e+02 3.721925060254528717e+02
3.755517142408139080e+02 3.767282467385708742e+02
3.800764338462024625e+02 3.812639331159070935e+02
3.846011532810697418e+02 3.857995658065422049e+02
3.891258727418163517e+02 3.903351451836915089e+02
3.936505923892449346e+02 3.948706717335722942e+02
3.981753118446413282e+02 3.994061460977408160e+02
4.027000314522006761e+02 4.039415687624641578e+02
4.072247511028251665e+02 4.084769403147583375e+02
4.117494705808639424e+02 4.130122611347508155e+02
4.162741900490382250e+02 4.175475316028704356e+02
4.207989094846811895e+02 4.220827524893330747e+02
4.253236290808344506e+02 4.266179241097546537e+02
4.298483486757060064e+02 4.311530467526108055e+02
4.343730683376714978e+02 4.356881210289413957e+02
4.388977878129065289e+02 4.402231474242898912e+02
4.434225072841626343e+02 4.447581265671465189e+02
4.479472267431340811e+02 4.492930586461737335e+02
4.524719462308232778e+02 4.538279441284549875e+02
4.569966659044953872e+02 4.583627834269217374e+02
4.615213855952883932e+02 4.628975770800195164e+02
4.660461051054509198e+02 4.674323254370605696e+02
4.705708245245053263e+02 4.719670288980781265e+02
4.750955439416838999e+02 4.765016878215002407e+02
4.796202635456921826e+02 4.810363029012349898e+02
4.841449830179655009e+02 4.855708740596227244e+02
4.886697024751533718e+02 4.901054021456747023e+02
4.931944219718000681e+02 4.946398871215261579e+02
4.977191413743721569e+02 4.991743295781423626e+02
5.022438610106300985e+02 5.037087299642096809e+02
5.067685806558615695e+02 5.082430885535547418e+02
