0.000000000000000000e+00 0.000000000000000000e+00
4.525972856279482315e+00 4.543380971568714344e+00
9.051945712007256617e+00 9.086623277988877589e+00
1.357791856781302542e+01 1.362972914232248911e+01
1.810389143073328810e+01 1.817270074097659460e+01
2.262986428727392507e+01 2.271554018139763542e+01
2.715583714949801220e+01 2.725824954096226094e+01
3.168181000615438592e+01 3.180083083774772490e+01
3.620778286669161616e+01 3.634328604636076676e+01
4.073375573838951880e+01 4.088561710563502771e+01
4.525972860341023818e+01 4.542782589452430386e+01
4.978570145977062822e+01 4.996991424580791374e+01
5.431167431698827386e+01 5.451188396197449748e+01
5.883764720398259840e+01 5.905373681561011523e+01
6.336362006561007831e+01 6.359547452027858583e+01
6.788959292592859640e+01 6.813709875047746323e+01
7.241556582259273966e+01 7.267861117026826889e+01
7.694153871597612238e+01 7.722001339330319070e+01
8.146751158303931106e+01 8.176130698975853761e+01
8.599348448968966352e+01 8.630249345766661406e+01
9.051945736124214648e+01 9.084357434640504891e+01
9.504543027611690320e+01 9.538455111343836279e+01
9.957140314661810976e+01 9.992542522844124164e+01
1.040973760570686864e+02 1.044661981008964489e+02
1.086233489698240220e+02 1.090068711264761987e+02
1.131493218871191004e+02 1.135474457108373940e+02
1.176752947880738418e+02 1.180879230858242011e+02
1.222012677175126782e+02 1.226283045918410153e+02
1.267272406050979043e+02 1.271685915407948073e+02
1.312532134789510678e+02 1.317087851349893413e+02
1.357791863707151947e+02 1.362488866333668511e+02
1.403051592982644138e+02 1.407888972616203773e+02
1.448311322305077624e+02 1.453288181607480567e+02
1.493571051662802347e+02 1.498686505139941119e+02
1.538830780855498404e+02 1.544083954980025055e+02
1.584090510346940732e+02 1.589480540994541684e+02
1.629350239215015677e+02 1.634876275381077448e+02
1.674609968725209797e+02 1.680271168411752001e+02
1.719869697410810261e+02 1.725665230535593082e+02
1.765129426361394280e+02 1.771058471751889556e+02
1.810389155651724877e+02 1.816450902141064603e+02
1.855648885252683726e+02 1.861842531972902179e+02
1.900908614938963979e+02 1.907233371212396378e+02
1.946168344442772309e+02 1.952623428474053640e+02
1.991428073777996701e+02 1.998012714030046482e+02
2.036687802996982555e+02 2.043401237978301879e+02
2.081947532277014830e+02 2.088789007253399745e+02
2.127207261457841128e+02 2.134176032452991478e+02
2.172466990821692718e+02 2.179562322213948278e+02
2.217726720227333885e+02 2.224947884067692314e+02
2.262986449518182326e+02 2.270332727842160239e+02
2.308246178960854991e+02 2.315716860397733967e+02
2.353505908397228552e+02 2.361100290031249074e+02
2.398765637763702330e+02 2.406483026564647218e+02
2.444025366974585154e+02 2.451865075192202426e+02
2.489285096010947314e+02 2.497246445031971689e+02
2.534544825217195125e+02 2.542627143760103081e+02
2.579804554408526087e+02 2.588007178840690017e+02
2.625064283586635838e+02 2.633386558161624293e+02
2.670324012747606162e+02 2.678765288731715941e+02
2.715583741913845870e+02 2.724143377027381803e+02
2.760843471614651889e+02 2.769520829492929579e+02
2.806103200704098413e+02 2.814897654622589016e+02
2.851362929902365408e+02 2.860273858005229499e+02
2.896622658586730381e+02 2.905649447825194329e+02
2.941882388578264340e+02 2.951024429787665326e+02
2.987142118612526929e+02 2.996398809336191675e+02
3.032401847839653897e+02 3.041772593660510893e+02
3.077661576837807047e+02 3.087145788817423409e+02
3.122921306108617046e+02 3.132518400312303015e+02
3.168181036278546117e+02 3.177890435242119338e+02
3.213440765338696110e+02 3.223261899391095540e+02
3.258700495325704196e+02 3.268632798493779319e+02
3.303960224758367303e+02 3.314003139124135373e+02
3.349219954604162126e+02 3.359372925539204289e+02
3.394479684544294287e+02 3.404742164797002033e+02
3.439739414914797635e+02 3.450110861134493234e+02
3.484999145070275404e+02 3.495479019652842680e+02
3.530258875519132289e+02 3.540846646871148664e+02
3.575518605243992170e+02 3.586213748159417491e+02
3.620778335721782923e+02 3.631580328253650691e+02
3.666038065513743049e+02 3.676946392873744571e+02
3.711297796075465385e+02 3.722311946789958483e+02
3.756557526651224066e+02 3.767676993556476646e+02
3.801817255241136877e+02 3.813041538783364786e+02
3.847076984270729554e+02 3.858405589573888506e+02
3.892336713049975856e+02 3.903769147462277260e+02
3.937596442956190685e+02 3.949132217502823323e+02
3.982856172262127643e+02 3.994494805304070155e+02
4.028115902979851626e+02 4.039856915992513677e+02
4.073375632141367078e+02 4.085218553818892815e+02
4.118635361406883248e+02 4.130579723271338253e+02
4.163895091297919180e+02 4.175940428712629000e+02
4.209154822326161138e+02 4.221300674359289360e+02
4.254414553160830792e+02 4.266660463865213160e+02
4.299674282208507066e+02 4.312019799992325488e+02
4.344934012984259653e+02 4.357378689556544487e+02
4.390193742364645004e+02 4.402737134693982171e+02
4.435453471713254316e+02 4.448095142425319750e+02
4.480713200534411271e+02 4.493452711915319355e+02
4.525972931049998351e+02 4.538809850251921034e+02
4.571232662419510007e+02 4.584166563231667624e+02
4.616492391485846838e+02 4.629522850268616594e+02
4.661752120488069977e+02 4.674878718179213593e+02
4.707011850676075255e+02 4.720234168650229094e+02
4.752271580180514547e+02 4.765589205131844324e+02
4.797531310858536813e+02 4.810943834008662634e+02
4.842791040287091846e+02 4.856298055903504860e+02
4.888050769093317740e+02 4.901651876775651999e+02
4.933310498694427224e+02 4.947005299590558138e+02
4.978570228254034191e+02 4.992358326613009467e+02
5.023829958003482830e+02 5.037710962128687697e+02
5.069089688886534759e+02 5.083063206739630573e+02
