0.000000000000000000e+00 0.000000000000000000e+00
4.785904730482317682e+00 4.804375191432490588e+00
9.571809462069548857e+00 9.608603351064672893e+00
1.435771419294498941e+01 1.441268682746853713e+01
1.914361892637122509e+01 1.921662792263883546e+01
2.392952365785523483e+01 2.402042886646425046e+01
2.871542838878448833e+01 2.882409185181428057e+01
3.350133312297190002e+01 3.362761902519831381e+01
3.828723785387664691e+01 3.843101245482606032e+01
4.307314258587022948e+01 4.323427418909530218e+01
4.785904733184930393e+01 4.803740621703668978e+01
5.264495207081392181e+01 5.284041050394075256e+01
5.743085681982563528e+01 5.764328893184830349e+01
6.221676157644861860e+01 6.244604337476305744e+01
6.700266631017417751e+01 6.724867565406627534e+01
7.178857105328535226e+01 7.205118754554263205e+01
7.657447579143888561e+01 7.685358081754307591e+01
8.136038053060762820e+01 8.165585712838120003e+01
8.614628530832462161e+01 8.645801817670651701e+01
9.093219007424420397e+01 9.126006555490710070e+01
9.571809483138542873e+01 9.606200092549080694e+01
1.005039995870670708e+02 1.008638258169389132e+02
1.052899043461874840e+02 1.056655417563771380e+02
1.100758091173751438e+02 1.104671502204308240e+02
1.148617138815733654e+02 1.152686526878708264e+02
1.196476186283712195e+02 1.200700506437335662e+02
1.244335234001416381e+02 1.248713454720384703e+02
1.292194281340727002e+02 1.296725385342584502e+02
1.340053329284583583e+02 1.344736312268118468e+02
1.387912376745869665e+02 1.392746248536842018e+02
1.435771424117625656e+02 1.440755206916516045e+02
1.483630471653487461e+02 1.488763200221683292e+02
1.531489519793360046e+02 1.536770240818281081e+02
1.579348567218582673e+02 1.584776340960836478e+02
1.627207615041521649e+02 1.632781512930822601e+02
1.675066662569950893e+02 1.680785769016965219e+02
1.722925710180622048e+02 1.728789119798099136e+02
1.770784757600378896e+02 1.776791577456413904e+02
1.818643805900472614e+02 1.824793152539285757e+02
1.866502853519930625e+02 1.872793856468674676e+02
1.914361901050185111e+02 1.920793699628809463e+02
1.962220948549114041e+02 1.968792692627494034e+02
2.010079996889098197e+02 2.016790845416870752e+02
2.057939044446583239e+02 2.064788168808836986e+02
2.105798092259836949e+02 2.112784672238765609e+02
2.153657140614496939e+02 2.160780365308044111e+02
2.201516189091662454e+02 2.208775257949994284e+02
2.249375237229083666e+02 2.256769360209885917e+02
2.297234284889850642e+02 2.304762680682194116e+02
2.345093333077920761e+02 2.352755228451292169e+02
2.392952381390624055e+02 2.400747012497157584e+02
2.440811429618608486e+02 2.448738041380908896e+02
2.488670477532833161e+02 2.496728323818589956e+02
2.536529525404749279e+02 2.544717868432919090e+02
2.584388574179324678e+02 2.592706684161414046e+02
2.632247621953947032e+02 2.640694778171942971e+02
2.680106669732532509e+02 2.688682159493608879e+02
2.727965717208807632e+02 2.736668836007963819e+02
2.775824764805432778e+02 2.784654814962403293e+02
2.823683812285927388e+02 2.832640104023374192e+02
2.871542860751096100e+02 2.880624710861332005e+02
2.919401908758657669e+02 2.928608642276578848e+02
2.967260956632770785e+02 2.976591907344646870e+02
3.015120004616958909e+02 3.024574511263215300e+02
3.062979052243285878e+02 3.072556462460835291e+02
3.110838100313974905e+02 3.120537767251137211e+02
3.158697147900414279e+02 3.168518433040943592e+02
3.206556195766375481e+02 3.216498466854844764e+02
3.254415243277353511e+02 3.264477874290545287e+02
3.302274291131213886e+02 3.312456661431898510e+02
3.350133339009811948e+02 3.360434835088829004e+02
3.397992386941278937e+02 3.408412403517753546e+02
3.445851434708880561e+02 3.456389370023018159e+02
3.493710482183558952e+02 3.504365742586900296e+02
3.541569531328009361e+02 3.552341527720693648e+02
3.589428578941626711e+02 3.600316730091689124e+02
3.637287626964002811e+02 3.648291355448026252e+02
3.685146675181775890e+02 3.696265410666611615e+02
3.733005723220462642e+02 3.744238899563143264e+02
3.780864771198814651e+02 3.792211828833561640e+02
3.828723818673515780e+02 3.840184203843741670e+02
3.876582866777504819e+02 3.888156030891479986e+02
3.924441914479926936e+02 3.936127315197270491e+02
3.972300961886924142e+02 3.984098060564310799e+02
4.020160010274647675e+02 4.032068273689085345e+02
4.068019058274471718e+02 4.080037958638860687e+02
4.115878105777042606e+02 4.128007120555816982e+02
4.163737153482263693e+02 4.175975764684098976e+02
4.211596201815808058e+02 4.223943896103343150e+02
4.259455250852939798e+02 4.271911520745417761e+02
4.307314299919139557e+02 4.319878640757463018e+02
4.355173349610923879e+02 4.367845264122758522e+02
4.403032399061895603e+02 4.415811393759026942e+02
4.450891447141599997e+02 4.463777032690921942e+02
4.498750494748470032e+02 4.511742188520706804e+02
4.546609542143277167e+02 4.559706863894065236e+02
4.594468589532444867e+02 4.607671061223245488e+02
4.642327638928103397e+02 4.655634789096731083e+02
4.690186687069520985e+02 4.703598049352396515e+02
4.738045735221667769e+02 4.751560845247146858e+02
4.785904784940644277e+02 4.799523182000532415e+02
4.833763833047197522e+02 4.847485063281723114e+02
4.881622881041449773e+02 4.895446494270532298e+02
4.929481928548303813e+02 4.943407478012486536e+02
4.977340976792884817e+02 4.991368018158922268e+02
5.025200025196185152e+02 5.039328119914448507e+02
5.073059073326417092e+02 5.087287785776402416e+02
5.120918120960116084e+02 5.135247020060900240e+02
5.168777168452504611e+02 5.183205827978218849e+02
5.216636216781571420e+02 5.231164212673853626e+02
5.264495264338105471e+02 5.279122176079473547e+02
5.312354312227694209e+02 5.327079722542547415e+02
5.360213360494170729e+02 5.375036855355908756e+02
