0.000000000000000000e+00 0.000000000000000000e+00
4.525972855850962873e+00 4.543380971608703689e+00
9.051945711555580587e+00 9.086623275308534531e+00
1.357791856733295965e+01 1.362972913950245513e+01
1.810389143019517277e+01 1.817270073867848268e+01
2.262986429476141126e+01 2.271554018243336515e+01
2.715583715318623348e+01 2.725824954262165534e+01
3.168181000971040717e+01 3.180083084094043500e+01
3.620778286666573820e+01 3.634328605077932650e+01
4.073375572639802300e+01 4.088561711392674880e+01
4.525972860216947424e+01 4.542782590039269053e+01
4.978570148679006735e+01 4.996991424252757952e+01
5.431167436192117748e+01 5.451188395313585033e+01
5.883764724890817632e+01 5.905373681039997535e+01
6.336362011252926152e+01 6.359547451518574945e+01
6.788959297231453149e+01 6.813709875203568345e+01
7.241556587304179970e+01 7.267861117218113520e+01
7.694153873392740195e+01 7.722001338457954489e+01
8.146751159479941862e+01 8.176130694380185560e+01
8.599348446420988523e+01 8.630249340854689422e+01
9.051945735016990113e+01 9.084357429639641168e+01
9.504543025483525298e+01 9.538455106835735364e+01
9.957140312606566113e+01 9.992542523388735276e+01
1.040973759917976906e+02 1.044661981105639654e+02
1.086233488706719328e+02 1.090068711424251831e+02
1.131493217830272044e+02 1.135474457229516929e+02
1.176752946433456657e+02 1.180879230970466836e+02
1.222012675524475185e+02 1.226283046008225313e+02
1.267272404373796775e+02 1.271685915543261700e+02
1.312532133252397841e+02 1.317087851512734460e+02
1.357791861872419759e+02 1.362488866542078085e+02
1.403051591158275357e+02 1.407888973025635551e+02
1.448311320494859729e+02 1.453288182015981818e+02
1.493571049863837175e+02 1.498686505608642960e+02
1.538830778956586300e+02 1.544083955442436604e+02
1.584090508457240674e+02 1.589480541493255714e+02
1.629350237098427954e+02 1.634876276122537888e+02
1.674609966668984953e+02 1.680271168848110790e+02
1.719869695330100399e+02 1.725665230168764879e+02
1.765129424953647685e+02 1.771058470817371813e+02
1.810389154621062175e+02 1.816450901449809976e+02
1.855648883357143859e+02 1.861842531646755674e+02
1.900908613045796471e+02 1.907233370760416165e+02
1.946168342709666490e+02 1.952623428189798744e+02
1.991428072047392277e+02 1.998012713780588285e+02
2.036687801273040463e+02 2.043401236792535087e+02
2.081947530505179884e+02 2.088789007160173412e+02
2.127207259810254527e+02 2.134176031905549564e+02
2.172466989158747310e+02 2.179562320859704414e+02
2.217726718565666033e+02 2.224947882733862912e+02
2.262986447988552356e+02 2.270332725371461891e+02
2.308246177387063085e+02 2.315716858677745051e+02
2.353505906847698270e+02 2.361100288502775300e+02
2.398765636273944892e+02 2.406483024786413694e+02
2.444025365457653436e+02 2.451865073353494040e+02
2.489285094487199785e+02 2.497246443415156705e+02
2.534544823661552471e+02 2.542627142969264469e+02
2.579804552853999553e+02 2.588007178324866686e+02
2.625064282032319056e+02 2.633386557681101294e+02
2.670324011189774183e+02 2.678765287918055265e+02
2.715583740354148858e+02 2.724143377125372467e+02
2.760843470601126342e+02 2.769520831178850244e+02
2.806103199447290422e+02 2.814897656710281240e+02
2.851362928620726507e+02 2.860273861346262265e+02
2.896622657948177562e+02 2.905649450012887201e+02
2.941882386940387732e+02 2.951024431099760932e+02
2.987142116959864211e+02 2.996398809669221919e+02
3.032401847199429881e+02 3.041772594899711066e+02
3.077661576198579496e+02 3.087145790045966010e+02
3.122921305123128377e+02 3.132518401529490575e+02
3.168181035256768610e+02 3.177890436197515669e+02
3.213440764745890874e+02 3.223261900463857046e+02
3.258700493408587135e+02 3.268632799452066706e+02
3.303960224021507202e+02 3.314003139974672649e+02
3.349219953653357607e+02 3.359372926811943216e+02
3.394479682418137827e+02 3.404742166294721528e+02
3.439739411557253561e+02 3.450110862923764898e+02
3.484999140263520303e+02 3.495479021365086396e+02
3.530258869208735177e+02 3.540846648871704474e+02
3.575518598245471367e+02 3.586213749751083242e+02
3.620778328152922541e+02 3.631580329737230954e+02
3.666038056856752974e+02 3.676946394318723605e+02
3.711297787417702239e+02 3.722311947845093982e+02
3.756557516957612393e+02 3.767676994617031596e+02
3.801817245852620317e+02 3.813041539792714048e+02
3.847076974816412758e+02 3.858405589975357657e+02
3.892336703768939401e+02 3.903769147830398651e+02
3.937596434658800035e+02 3.949132218871368991e+02
3.982856163306355484e+02 3.994494807863993628e+02
4.028115894028595676e+02 4.039856918288766110e+02
4.073375623185662562e+02 4.085218555380351972e+02
4.118635352452546385e+02 4.130579724649851414e+02
4.163895082947071842e+02 4.175940428700774874e+02
4.209154814161674949e+02 4.221300674302025300e+02
4.254414544976614252e+02 4.266660463771761442e+02
4.299674275589958370e+02 4.312019799919203820e+02
4.344934005741384908e+02 4.357378688115782097e+02
4.390193735491512825e+02 4.402737134642684396e+02
4.435453464827642733e+02 4.448095141407418396e+02
4.480713194589534396e+02 4.493452711066675533e+02
4.525972923760164690e+02 4.538809851505320694e+02
4.571232652570053006e+02 4.584166561559401316e+02
4.616492381472680790e+02 4.629522849644716871e+02
4.661752110451052431e+02 4.674878716967922969e+02
4.707011839237057416e+02 4.720234166653275452e+02
4.752271568451274106e+02 4.765589205525782290e+02
4.797531299128164619e+02 4.810943835159029049e+02
4.842791028806609575e+02 4.856298058047510153e+02
4.888050758946509404e+02 4.901651877638008727e+02
4.933310488545096177e+02 4.947005298726788851e+02
4.978570218850891251e+02 4.992358324592710801e+02
5.023829948664397307e+02 5.037710960069842940e+02
5.069089677416383211e+02 5.083063205773775053e+02
