0.000000000000000000e+00 0.000000000000000000e+00
4.524719392813918439e+00 4.543380992844679334e+00
9.049438785603996394e+00 9.086604196989329196e+00
1.357415817846588268e+01 1.362967229778757172e+01
1.809887757740795777e+01 1.817258791247813576e+01
2.262359697211909193e+01 2.271535358286788409e+01
2.714831636898634315e+01 2.725797180350451754e+01
3.167303576610333238e+01 3.180044499855351603e+01
3.619775516654031833e+01 3.634277552894906194e+01
4.072247457964841288e+01 4.088496572419272468e+01
4.524719399083736704e+01 4.542701781609692091e+01
4.977191339196533448e+01 4.996893398841037026e+01
5.429663280449382512e+01 5.451071641716200133e+01
5.882135219908737866e+01 5.905236718200850987e+01
6.334607159293345546e+01 6.359388834475426222e+01
6.787079099256520465e+01 6.813528187789476931e+01
7.239551042657990365e+01 7.267654976184238080e+01
7.692022985617228414e+01 7.721769389501446312e+01
8.144494925219430570e+01 8.175871613861198739e+01
8.596966867919256572e+01 8.629961828161647475e+01
9.049438807904897430e+01 9.084040214368650368e+01
9.501910747602229890e+01 9.538106950216689484e+01
9.954382688416677638e+01 9.992162198880660640e+01
1.040685462905058785e+02 1.044620612919370473e+02
1.085932656900735935e+02 1.090023891024947744e+02
1.131179850897906931e+02 1.135426069385616614e+02
1.176427045082668315e+02 1.180827164246909007e+02
1.221674239077218971e+02 1.226227190369718443e+02
1.266921433098796683e+02 1.271626163082362240e+02
1.312168627083193542e+02 1.317024096450224135e+02
1.357415821222662942e+02 1.362421004983866055e+02
1.402663016004655674e+02 1.407816903258013213e+02
1.447910210703422536e+02 1.453211804654093271e+02
1.493157405429949733e+02 1.498605723048137861e+02
1.538404599885597008e+02 1.543998671532301898e+02
1.583651794131341148e+02 1.589390662744079918e+02
1.628898988168527922e+02 1.634781708918814047e+02
1.674146182534801426e+02 1.680171823196339744e+02
1.719393377396984306e+02 1.725561017185214041e+02
1.764640571521722450e+02 1.770949303190210458e+02
1.809887765970360647e+02 1.816336693040659043e+02
1.855134960090829281e+02 1.861723198439804605e+02
1.900382154729832109e+02 1.907108830676657476e+02
1.945629349615245474e+02 1.952493599988719950e+02
1.990876544318430774e+02 1.997877518622273101e+02
2.036123739322035817e+02 2.043260595097123655e+02
2.081370933969051293e+02 2.088642841102592342e+02
2.126618128642658405e+02 2.134024267239270785e+02
2.171865323359291438e+02 2.179404883750239037e+02
2.217112518121086566e+02 2.224784699463705806e+02
2.262359712907172025e+02 2.270163725383102928e+02
2.307606907713377780e+02 2.315541969368114223e+02
2.352854102522740050e+02 2.360919441335454394e+02
2.398101297290867819e+02 2.406296151772671408e+02
2.443348491843240140e+02 2.451672107234304008e+02
2.488595686236487836e+02 2.497047318147727424e+02
2.533842880963347000e+02 2.542421793114734214e+02
2.579090075537046118e+02 2.587795540596415549e+02
2.624337270811985263e+02 2.633168569278279847e+02
2.669584465312606198e+02 2.678540887804845738e+02
2.714831659849635912e+02 2.723912503558531739e+02
2.760078854359327920e+02 2.769283423559110702e+02
2.805326048832582728e+02 2.814653657498158168e+02
2.850573243388237188e+02 2.860023211454054035e+02
2.895820438031076378e+02 2.905392093484375096e+02
2.941067632864621828e+02 2.950760312209623635e+02
2.986314828291694425e+02 2.996127874686732184e+02
3.031562022848908100e+02 3.041494786991626142e+02
3.076809218222854270e+02 3.086861056509243326e+02
3.122056413908113655e+02 3.132226690119133536e+02
3.167303608121019352e+02 3.177591695566770795e+02
3.212550802497166273e+02 3.222956078756269562e+02
3.257797998481864852e+02 3.268319845969632524e+02
3.303045193946623499e+02 3.313683005200471712e+02
3.348292388430907636e+02 3.359045561439803009e+02
3.393539583394574493e+02 3.404407522303160363e+02
3.438786777482475827e+02 3.449768892819246275e+02
3.484033971538778474e+02 3.495129679076649154e+02
3.529281165607543471e+02 3.540489887940344147e+02
3.574528360564167997e+02 3.585849524599400979e+02
3.619775554977683214e+02 3.631208595788419871e+02
3.665022749052571385e+02 3.676567107539511881e+02
3.710269945120056150e+02 3.721925064155418568e+02
3.755517140944116363e+02 3.767282472206399007e+02
3.800764337363419827e+02 3.812639335951195108e+02
3.846011531643063677e+02 3.857995662794150462e+02
3.891258726020643053e+02 3.903351456537727699e+02
3.936505920557065110e+02 3.948706721701489641e+02
3.981753116134419770e+02 3.994061465771792427e+02
4.027000312209829644e+02 4.039415692648197478e+02
4.072247507346822886e+02 4.084769408756145026e+02
4.117494701890221904e+02 4.130122616326841580e+02
4.162741897804646669e+02 4.175475322452585942e+02
4.207989092350700275e+02 4.220827531256478551e+02
4.253236288452425242e+02 4.266179247417705938e+02
4.298483484321162109e+02 4.311530473803444465e+02
4.343730679821343870e+02 4.356881217191032647e+02
4.388977876391834911e+02 4.402231483144977346e+02
4.434225071101265030e+02 4.447581272791736637e+02
4.479472265684053127e+02 4.492930594607926764e+02
4.524719459917513404e+02 4.538279449091315314e+02
4.569966656730501882e+02 4.583627841330485353e+02
4.615213851081452390e+02 4.628975777151003967e+02
4.660461047880454544e+02 4.674323260392860675e+02
4.705708242722262185e+02 4.719670294834647848e+02
4.750955437598887556e+02 4.765016883531794747e+02
4.796202633629853835e+02 4.810363033023961634e+02
4.841449828628516912e+02 4.855708747146784390e+02
4.886697023715549903e+02 4.901054025182492637e+02
4.931944219384056396e+02 4.946398875519078047e+02
4.977191414851507147e+02 4.991743300505451657e+02
5.022438609352954018e+02 5.037087302742270936e+02
5.067685804084342180e+02 5.082430889442641728e+02
