0.000000000000000000e+00 0.000000000000000000e+00
4.737160142619333492e+00 4.755443621035927215e+00
9.474320287357228310e+00 9.510735500736441139e+00
1.421148043356767765e+01 1.426587817891143217e+01
1.894864057820485570e+01 1.902087411740494360e+01
2.368580072139533854e+01 2.377572573906734377e+01
2.842296086442759417e+01 2.853043538106052068e+01
3.316012100874321789e+01 3.328500534023488910e+01
3.789728115262447261e+01 3.803943787034029356e+01
4.263444129629207424e+01 4.279373513722639188e+01
4.737160145005447021e+01 4.754789927498273983e+01
5.210876160646940036e+01 5.230193238375467502e+01
5.684592176794208740e+01 5.705583647884802900e+01
6.158308193065202119e+01 6.180961355524793532e+01
6.632024208142406962e+01 6.656326558066942312e+01
7.105740225271061661e+01 7.131679443618421033e+01
7.579456242269094446e+01 7.607020195013319608e+01
8.053172260247086456e+01 8.082348996351556991e+01
8.526888275693090691e+01 8.557666021068612849e+01
9.000604294417996698e+01 9.032971443533583056e+01
9.474320310649871146e+01 9.508265435584736736e+01
9.948036324993164214e+01 9.983548165114609674e+01
1.042175233997086252e+02 1.045881979093639984e+02
1.089546835820686539e+02 1.093408046916136129e+02
1.136918437622800155e+02 1.140933035682409411e+02
1.184290039675080379e+02 1.188456961131846583e+02
1.231661641737721595e+02 1.235979837700605515e+02
1.279033243242107005e+02 1.283501679851699180e+02
1.326404844749518759e+02 1.331022502096658400e+02
1.373776447075781277e+02 1.378542317771259889e+02
1.421148049215151730e+02 1.426061141560664964e+02
1.468519651584581993e+02 1.473578986499307177e+02
1.515891253920405006e+02 1.521095865510075669e+02
1.563262856079422249e+02 1.568611791745340440e+02
1.610634457633165653e+02 1.616126777639941565e+02
1.658006060106992834e+02 1.663640835366131228e+02
1.705377661747151592e+02 1.711153976922145716e+02
1.752749263325178504e+02 1.758666214787855040e+02
1.800120865358341575e+02 1.806177560570974379e+02
1.847492466932801847e+02 1.853688024896779893e+02
1.894864068501309191e+02 1.901197619827159997e+02
1.942235670621687973e+02 1.948706355287976635e+02
1.989607273327275152e+02 1.996214242699974761e+02
2.036978875952542012e+02 2.043721293269032344e+02
2.084350478614778694e+02 2.091227517551654955e+02
2.131722081285888635e+02 2.138732924510950113e+02
2.179093683968009714e+02 2.186237524906727572e+02
2.226465286663827783e+02 2.233741328294148616e+02
2.273836889270930044e+02 2.281244344326952103e+02
2.321208491900351873e+02 2.328746581814144747e+02
2.368580094778009197e+02 2.376248051329149860e+02
2.415951696839873648e+02 2.423748760707530892e+02
2.463323299141120515e+02 2.471248721101550245e+02
2.510694900847234408e+02 2.518747938986741701e+02
2.558066502831408116e+02 2.566246423320545205e+02
2.605438104757464544e+02 2.613744184667846184e+02
2.652809706657988613e+02 2.661241229229473788e+02
2.700181308544161425e+02 2.708737566780257566e+02
2.747552910412812253e+02 2.756233204155239491e+02
2.794924513043063143e+02 2.803728148795719335e+02
2.842296115051579477e+02 2.851222408659316443e+02
2.889667717477661881e+02 2.898715992796215914e+02
2.937039320320737943e+02 2.946208909027499203e+02
2.984410923614897229e+02 2.993701162368619180e+02
3.031782525100006751e+02 3.041192761631425583e+02
3.079154127693112173e+02 3.088683713756919360e+02
3.126525730238598157e+02 3.136174026136006887e+02
3.173897332414339871e+02 3.183663706248082690e+02
3.221268934054963324e+02 3.231152758808000272e+02
3.268640535581142785e+02 3.278641192521841958e+02
3.316012138878819542e+02 3.326129013652951016e+02
3.363383741301304326e+02 3.373616227976274331e+02
3.410755342781985746e+02 3.421102843144016106e+02
3.458126945234128016e+02 3.468588863681158614e+02
3.505498547014458381e+02 3.516074296046743939e+02
3.552870148750344015e+02 3.563559147236114768e+02
3.600241751251535334e+02 3.611043423117736779e+02
3.647613353196168191e+02 3.658527129884520264e+02
3.694984956359252237e+02 3.706010272430979740e+02
3.742356558105535669e+02 3.753492857017058668e+02
3.789728159763088797e+02 3.800974889214796804e+02
3.837099761720846232e+02 3.848456374798556681e+02
3.884471365430877086e+02 3.895937320032966227e+02
3.931842968459366716e+02 3.943417727830185413e+02
3.979214570724468558e+02 3.990897605327299402e+02
4.026586174489874566e+02 4.038376957918787866e+02
4.073957776992074287e+02 4.085855790127279761e+02
4.121329379458646827e+02 4.133334107979817418e+02
4.168700982675200066e+02 4.180811916954801291e+02
4.216072585609787780e+02 4.228289218272286689e+02
4.263444187254929147e+02 4.275766021451643155e+02
4.310815790607571216e+02 4.323242326984753277e+02
4.358187392452974791e+02 4.370718141796958776e+02
4.405558996158217155e+02 4.418193469995865144e+02
4.452930598269691700e+02 4.465668318877021647e+02
4.500302200655988258e+02 4.513142689736801003e+02
4.547673803181685344e+02 4.560616587328661922e+02
4.595045404906650219e+02 4.608090016371818365e+02
4.642417008559243641e+02 4.655562983287580323e+02
4.689788611268070326e+02 4.703035489422845785e+02
4.737160214451859588e+02 4.750507540820113945e+02
4.784531816215142044e+02 4.797979142393164693e+02
4.831903419561025999e+02 4.845450295065999171e+02
4.879275021838474231e+02 4.892921003431895315e+02
4.926646624330807640e+02 4.940391275466331535e+02
4.974018227758664352e+02 4.987861111767845159e+02
5.021389829670231393e+02 5.035330516149197138e+02
5.068761431768135139e+02 5.082799494166973204e+02
5.116133034694538537e+02 5.130268047705449135e+02
5.163504638480483209e+02 5.177736180207886036e+02
5.210876240527232994e+02 5.225203896862044530e+02
5.258247844234701915e+02 5.272671200169841086e+02
5.305619448851664401e+02 5.320138095657471240e+02
