0.000000000000000000e+00 0.000000000000000000e+00 0.000000000000000000e+00 0.000000000000000000e+00 0.000000000000000000e+00 0.000000000000000000e+00 0.000000000000000000e+00 0.000000000000000000e+00 0.000000000000000000e+00
0.000000000000000000e+00 1.052506911010613067e+01 1.052506911010613067e+01 1.052506911010613067e+01 1.052506911010613067e+01 1.052506911010613067e+01 1.052506911010613067e+01 1.052506911010613067e+01 1.052506911010613067e+01
0.000000000000000000e+00 1.527983113765827383e+01 2.105013822279040525e+01 2.105013822279040525e+01 2.105013822279040525e+01 2.105013822279040525e+01 2.105013822279040525e+01 2.105013822279040525e+01 2.105013822279040525e+01
0.000000000000000000e+00 1.820392016332490215e+01 2.815360977144482391e+01 3.157520733440853888e+01 3.157520733440853888e+01 3.157520733440853888e+01 3.157520733440853888e+01 3.157520733440853888e+01 3.157520733440853888e+01
0.000000000000000000e+00 2.027751415405912283e+01 3.316647564577332474e+01 4.000428996054552044e+01 4.210027644304018679e+01 4.210027644304018679e+01 4.210027644304018679e+01 4.210027644304018679e+01 4.210027644304018679e+01
0.000000000000000000e+00 2.187074663323695489e+01 3.694238786578969069e+01 4.653941873005013008e+01 5.131968018360103656e+01 5.262534557903562416e+01 5.262534557903562416e+01 5.262534557903562416e+01 5.262534557903562416e+01
0.000000000000000000e+00 2.315872601623871319e+01 3.993503400475380261e+01 5.171420307770252833e+01 5.896975366480097591e+01 6.232930967059326122e+01 6.315041471417546859e+01 6.315041471417546859e+01 6.315041471417546859e+01
0.000000000000000000e+00 2.423688728521453228e+01 4.239782543734454379e+01 5.593307435132192040e+01 6.528865049742556437e+01 7.079473084461776011e+01 7.315618601070038096e+01 7.367548384544288353e+01 7.367548384544288353e+01
0.000000000000000000e+00 2.516254505087379556e+01 4.448242548802249985e+01 5.946482857425790769e+01 7.057590623318776579e+01 7.804228441079297340e+01 8.221502537158553992e+01 8.387099479090683474e+01 8.420055296603548811e+01
0.000000000000000000e+00 2.597264098189034698e+01 4.628535622196811516e+01 6.248718971184297288e+01 7.507565942380796287e+01 8.425340278272790329e+01 9.020940749095386479e+01 9.335898689848167464e+01 9.451602839157169456e+01
0.000000000000000000e+00 2.669229942553493018e+01 4.787126587083801610e+01 6.512054680598470213e+01 7.896856773496183735e+01 8.962432432951058559e+01 9.721241662212641188e+01 1.019478765990375564e+02 1.043121879491457378e+02
0.000000000000000000e+00 2.733934370991501339e+01 4.928531427713254942e+01 6.744895621800925767e+01 8.238584449160681800e+01 9.432152389031745088e+01 1.033617302409849401e+02 1.096231138834636596e+02 1.133693059297368535e+02
0.000000000000000000e+00 2.792685471478190706e+01 5.056016388557353025e+01 6.953286269384675222e+01 8.542343733498501024e+01 9.847612913808393387e+01 1.087978388238523166e+02 1.164623621183406783e+02 1.216093409693357188e+02
0.000000000000000000e+00 2.846470474062817502e+01 5.172013533982782718e+01 7.141691277325875831e+01 8.815259606052896402e+01 1.021892195373978893e+02 1.136429567679708725e+02 1.225730222795744453e+02 1.290548211993060193e+02
0.000000000000000000e+00 2.896052072627569984e+01 5.278378806261273581e+01 7.313487609371983922e+01 9.062718401495394005e+01 1.055386318949910560e+02 1.179973265692659936e+02 1.280616332564950426e+02 1.357770031395686487e+02
0.000000000000000000e+00 2.942031280091091361e+01 5.376558517929895231e+01 7.471283367126393671e+01 9.288865150110137847e+01 1.085847607145992271e+02 1.219414407424435467e+02 1.330224806903193837e+02 1.418620159907624156e+02
0.000000000000000000e+00 2.984889863427707368e+01 5.467700331854674545e+01 7.617130180052573962e+01 9.496943664483774228e+01 1.113749863241082778e+02 1.255396321305483980e+02 1.375351101011095523e+02 1.473939803256291725e+02
