0.000000000000000000e+00 0.000000000000000000e+00 0.000000000000000000e+00 0.000000000000000000e+00 0.000000000000000000e+00 0.000000000000000000e+00 0.000000000000000000e+00 0.000000000000000000e+00 0.000000000000000000e+00
0.000000000000000000e+00 1.898394537027916940e+01 1.898394537027916940e+01 1.898394537027916940e+01 1.898394537027916940e+01 1.898394537027916940e+01 1.898394537027916940e+01 1.898394537027916940e+01 1.898394537027916940e+01
0.000000000000000000e+00 2.547775401147358565e+01 3.796789077660952216e+01 3.796789077660952216e+01 3.796789077660952216e+01 3.796789077660952216e+01 3.796789077660952216e+01 3.796789077660952216e+01 3.796789077660952216e+01
0.000000000000000000e+00 2.907386308632405303e+01 4.819843533343143349e+01 5.695183618285842186e+01 5.695183618285842186e+01 5.695183618285842186e+01 5.695183618285842186e+01 5.695183618285842186e+01 5.695183618285842186e+01
0.000000000000000000e+00 3.149291409346566439e+01 5.461978182829844997e+01 6.962376281308226567e+01 7.593578157198871281e+01 7.593578157198871281e+01 7.593578157198871281e+01 7.593578157198871281e+01 7.593578157198871281e+01
0.000000000000000000e+00 3.329443042180410828e+01 5.915437040871340457e+01 7.832304601876420236e+01 9.029383322958014446e+01 9.491972699945534941e+01 9.491972699945534941e+01 9.491972699945534941e+01 9.491972699945534941e+01
0.000000000000000000e+00 3.472128868139434843e+01 6.261043051777447488e+01 8.472174882119523431e+01 1.008525203143213673e+02 1.104786315492862059e+02 1.139036724235343740e+02 1.139036724235343740e+02 1.139036724235343740e+02
0.000000000000000000e+00 3.589865109326445491e+01 6.538250553920761377e+01 8.970172856290704999e+01 1.088984906109292865e+02 1.225643660258833876e+02 1.303342522984042660e+02 1.328876178640440457e+02 1.328876178640440457e+02
0.000000000000000000e+00 3.689878824936392476e+01 6.768724835835605802e+01 9.374390650878004294e+01 1.152827937307731077e+02 1.320665972857345594e+02 1.436775142893033603e+02 1.499589345289427627e+02 1.518715633771079183e+02
0.000000000000000000e+00 3.776694547529233148e+01 6.965462894370347158e+01 9.712926398358587221e+01 1.205240963888546730e+02 1.397440156750290612e+02 1.544658061256511701e+02 1.643385256802733920e+02 1.694179547651798998e+02
0.000000000000000000e+00 3.853321294635339456e+01 7.136805504991751548e+01 1.000328940045368995e+02 1.249451199098875662e+02 1.461164581077824209e+02 1.633320316501526577e+02 1.762602992721249962e+02 1.846511243133987534e+02
0.000000000000000000e+00 3.921856082227698437e+01 7.288394289679996518e+01 1.025699953309657246e+02 1.287549453246162159e+02 1.515293755144188594e+02 1.707699840543503171e+02 1.862170416634858725e+02 1.975692490572169788e+02
0.000000000000000000e+00 3.983815910728796439e+01 7.424208839456407816e+01 1.048198364424825684e+02 1.320947004787502124e+02 1.562158599673705908e+02 1.771318389433095035e+02 1.946568619544428884e+02 2.085237060472647954e+02
0.000000000000000000e+00 4.040332037256800390e+01 7.547153830538275088e+01 1.068390246619017603e+02 1.350632288787892321e+02 1.603375123226323922e+02 1.826657242596042465e+02 2.019252986225168343e+02 2.179035376635228545e+02
0.000000000000000000e+00 4.092269679502720692e+01 7.659410026153123852e+01 1.086692544448575717e+02 1.377320178488701856e+02 1.640096251497294872e+02 1.875486078658808253e+02 2.082774555381784296e+02 2.260366753865992564e+02
0.000000000000000000e+00 4.140304814542906087e+01 7.762654209062256427e+01 1.103420477521717089e+02 1.401542195071344850e+02 1.673166939805119569e+02 1.919092315924456216e+02 2.139008834871212343e+02 2.331780090099745451e+02
0.000000000000000000e+00 4.184975338847658577e+01 7.858201876306496558e+01 1.118817717031625563e+02 1.423703060633760060e+02 1.703221617304191682e+02 1.958432736617386354e+02 2.189348881050718489e+02 2.395211977543250725e+02
