0.000000000000000000e+00 0.000000000000000000e+00 0.000000000000000000e+00 0.000000000000000000e+00 0.000000000000000000e+00 0.000000000000000000e+00 0.000000000000000000e+00 0.000000000000000000e+00 0.000000000000000000e+00
0.000000000000000000e+00 1.248923104543952256e+01 1.248923104543952256e+01 1.248923104543952256e+01 1.248923104543952256e+01 1.248923104543952256e+01 1.248923104543952256e+01 1.248923104543952256e+01 1.248923104543952256e+01
0.000000000000000000e+00 1.771652503587624850e+01 2.497846209001775364e+01 2.497846209001775364e+01 2.497846209001775364e+01 2.497846209001775364e+01 2.497846209001775364e+01 2.497846209001775364e+01 2.497846209001775364e+01
0.000000000000000000e+00 2.083433727530225710e+01 3.291917725089951574e+01 3.746769313883569907e+01 3.746769313883569907e+01 3.746769313883569907e+01 3.746769313883569907e+01 3.746769313883569907e+01 3.746769313883569907e+01
0.000000000000000000e+00 2.301045796568858748e+01 3.833619487161919892e+01 4.701598998578575817e+01 4.995692419093292358e+01 4.995692419093292358e+01 4.995692419093292358e+01 4.995692419093292358e+01 4.995692419093292358e+01
0.000000000000000000e+00 2.466653567132388147e+01 4.233773847410658675e+01 5.416748314962741517e+01 6.051213068585600041e+01 6.244615525425071212e+01 6.244615525425071212e+01 6.244615525425071212e+01 6.244615525425071212e+01
0.000000000000000000e+00 2.599684852543641256e+01 4.547099882986752561e+01 5.970603146660022276e+01 6.898257936290664816e+01 7.365077946925286767e+01 7.493538631807069805e+01 7.493538631807069805e+01 7.493538631807069805e+01
0.000000000000000000e+00 2.710545034226048244e+01 4.802876426768352758e+01 6.415669282360899217e+01 7.581317577762811766e+01 8.312565865713926883e+01 8.656606829311641604e+01 8.742461737022402701e+01 8.742461737022402701e+01
0.000000000000000000e+00 2.805406535445014526e+01 5.018146672543050357e+01 6.784614522038725681e+01 8.143507633038034044e+01 9.103761088108382182e+01 9.680437913236690406e+01 9.933777365351321009e+01 9.991384843858926956e+01
0.000000000000000000e+00 2.888211322430657191e+01 5.203550928404667530e+01 7.098163369392852928e+01 8.616500285300659812e+01 9.769583849514428664e+01 1.056159001497056806e+02 1.101541525214388457e+02 1.120155422315152407e+02
0.000000000000000000e+00 2.961621344550443524e+01 5.366116946208984473e+01 7.369966576874807629e+01 9.022355861681305100e+01 1.033785912777547082e+02 1.131856971835222794e+02 1.197087555550291711e+02 1.232675441673993078e+02
0.000000000000000000e+00 3.027514369575084885e+01 5.510702319013086736e+01 7.609366293098852907e+01 9.376473200532755925e+01 1.083014786532790197e+02 1.197368299041325201e+02 1.280750365009975269e+02 1.334312740346588271e+02
0.000000000000000000e+00 3.087262158761188147e+01 5.640791558012345774e+01 7.822981271340665899e+01 9.689803798889872155e+01 1.126250774157099102e+02 1.254660538539071126e+02 1.354132725395687373e+02 1.424884338573427272e+02
0.000000000000000000e+00 3.141896046260503894e+01 5.758962244329573821e+01 8.015644788042045832e+01 9.970316599856761286e+01 1.164685460444464127e+02 1.305312841287024526e+02 1.418915381305691312e+02 1.505358251786967969e+02
0.000000000000000000e+00 3.192210235483393888e+01 5.867170825668078749e+01 8.190979881997678547e+01 1.022394385974276929e+02 1.199211722016347608e+02 1.350554649174501378e+02 1.476574482351861661e+02 1.577066277680156929e+02
0.000000000000000000e+00 3.238828844121766082e+01 5.966935177301775184e+01 8.351764608404764090e+01 1.045519657861742218e+02 1.230508386647322823e+02 1.391337863496651721e+02 1.528324909010825650e+02 1.641321156576032934e+02
0.000000000000000000e+00 3.282250963673030242e+01 6.059455230013088567e+01 8.500171352006589132e+01 1.066757154143854223e+02 1.259099748989354879e+02 1.428403250528691615e+02 1.575142860445847646e+02 1.699277320861241947e+02
