0.000000000000000000e+00 0.000000000000000000e+00
4.516485401706535896e+00 4.535015129648403587e+00
9.032970803213837385e+00 9.069882341288968419e+00
1.354945620492494740e+01 1.360460400735250097e+01
1.806594160668504401e+01 1.813918244387121348e+01
2.258242700826786020e+01 2.267361990631555813e+01
2.709891241304352150e+01 2.720791861256311606e+01
3.161539781539851646e+01 3.174208069584324221e+01
3.613188323274917479e+01 3.627610827446601860e+01
4.064836865401744603e+01 4.081000340344677824e+01
4.516485407333169633e+01 4.534376810169480621e+01
4.968133947786792959e+01 4.987740431562471599e+01
5.419782490704609046e+01 5.441091397663367246e+01
5.871431030863442402e+01 5.894429895622722881e+01
6.323079572649449176e+01 6.347756110089180481e+01
6.774728114642664423e+01 6.801070218327720340e+01
7.226376656785757291e+01 7.254372400184918490e+01
7.678025197845971661e+01 7.707662821454906066e+01
8.129673739272470812e+01 8.160941654093950604e+01
8.581322281863720036e+01 8.614209063448979009e+01
9.032970823308588137e+01 9.067465206445641002e+01
9.484619368079277990e+01 9.520710242291397662e+01
9.936267910823920602e+01 9.973944325676671951e+01
1.038791645178355623e+02 1.042716760687706596e+02
1.083956499296193385e+02 1.088038023648138619e+02
1.129121353645391252e+02 1.133358235736439354e+02
1.174286207771307033e+02 1.178677411368642822e+02
1.219451062387822731e+02 1.223995564126985869e+02
1.264615916675278129e+02 1.269312707852797075e+02
1.309780771097945546e+02 1.314628855794716742e+02
1.354945625416615940e+02 1.359944021051074969e+02
1.400110479919780744e+02 1.405258216266553575e+02
1.445275334656946029e+02 1.450571454328060099e+02
1.490440189192677849e+02 1.495883747938718784e+02
1.535605043884500560e+02 1.541195108715194806e+02
1.580769897939848931e+02 1.586505548111859980e+02
1.625934752130067693e+02 1.631815078671689605e+02
1.671099606456527340e+02 1.677123711226613807e+02
1.716264461258440974e+02 1.722431457460712920e+02
1.761429315443713222e+02 1.767738327659362767e+02
1.806594169901379701e+02 1.813044333214686787e+02
1.851759024790099488e+02 1.858349484395649256e+02
1.896923879080687811e+02 1.903653791713844896e+02
1.942088733244682999e+02 1.948957265091880231e+02
1.987253587666060071e+02 1.994259915027754744e+02
2.032418442550581119e+02 2.039561751837926522e+02
2.077583297156073172e+02 2.084862784059405953e+02
2.122748151292518628e+02 2.130163022265853670e+02
2.167913005651979574e+02 2.175462475165386991e+02
2.213077859902132616e+02 2.220761151469843355e+02
2.258242715061673493e+02 2.266059061241833206e+02
2.303407569293977417e+02 2.311356212099069580e+02
2.348572423451776388e+02 2.356652613891494923e+02
2.393737278385386560e+02 2.401948274591898382e+02
2.438902133588270260e+02 2.447243201921882587e+02
2.484066987714758170e+02 2.492537405869232998e+02
2.529231842039974083e+02 2.537830893821761720e+02
2.574396696784855862e+02 2.583123672699135227e+02
2.619561551016290650e+02 2.628415751307712185e+02
2.664726405460327214e+02 2.673707136951196048e+02
2.709891260778555875e+02 2.718997837887683318e+02
2.755056114952666348e+02 2.764287861877010073e+02
2.800220969332258960e+02 2.809577214363829967e+02
2.845385823470526248e+02 2.854865904774035243e+02
2.890550678974111634e+02 2.900153938624819148e+02
2.935715533779524549e+02 2.945441323847454669e+02
2.980880388905056293e+02 2.990728066275448782e+02
3.026045243008766192e+02 3.036014173741672835e+02
3.071210097469314633e+02 3.081299653050994038e+02
3.116374951920909098e+02 3.126584509796724660e+02
3.161539805989453953e+02 3.171868751678677540e+02
3.206704660486026341e+02 3.217152383398099005e+02
3.251869514609761609e+02 3.262435412258079168e+02
3.297034369210023215e+02 3.307717844223313932e+02
3.342199223870610467e+02 3.352999686035595914e+02
3.387364078542887000e+02 3.398280942574434675e+02
3.432528933484916820e+02 3.443561620085151844e+02
3.477693788240748631e+02 3.488841724190741616e+02
3.522858642729031544e+02 3.534121261200375557e+02
3.568023497376477735e+02 3.579400236366046784e+02
3.613188353185372534e+02 3.624678655822043538e+02
3.658353209086551487e+02 3.669956525186587442e+02
3.703518063678083081e+02 3.715233848026200576e+02
3.748682918508883404e+02 3.760510630345602294e+02
3.793847773166446586e+02 3.805786878080460838e+02
3.839012627932320356e+02 3.851062596555369737e+02
3.884177482176751823e+02 3.896337791283800129e+02
3.929342337692255001e+02 3.941612465915571875e+02
3.974507193786350854e+02 3.986886625388829088e+02
4.019672048058470182e+02 4.032160276422145557e+02
4.064836902766663798e+02 4.077433420932230206e+02
4.110001757355404379e+02 4.122706065007654956e+02
4.155166613008309469e+02 4.167978213321988505e+02
4.200331467539560322e+02 4.213249870528136398e+02
4.245496322926763924e+02 4.258521042137564905e+02
4.290661176935840899e+02 4.303791732248514563e+02
4.335826031092466337e+02 4.349061942923683546e+02
4.380990885734424296e+02 4.394331680808453484e+02
4.426155741768292273e+02 4.439600948837788792e+02
4.471320597851521370e+02 4.484869753019410155e+02
4.516485452232986972e+02 4.530138096820342071e+02
4.561650307808268963e+02 4.575405983233016514e+02
4.606815163705683176e+02 4.620673417402118730e+02
4.651980017934076841e+02 4.665940402766314605e+02
4.697144873909654734e+02 4.711206942650744622e+02
4.742309728790008307e+02 4.756473042246137766e+02
4.787474585248871790e+02 4.801738707124722509e+02
4.832639440084434455e+02 4.847003937899361290e+02
4.877804294830160075e+02 4.892268739021903912e+02
4.922969148893424745e+02 4.937533115303097588e+02
4.968134003166836692e+02 4.982797069331260218e+02
5.013298857778337378e+02 5.028060603934348478e+02
5.058463711966580263e+02 5.073323724021085468e+02
