0.000000000000000000e+00 0.000000000000000000e+00
4.516485401681125111e+00 4.535015129957524316e+00
9.032970803639980062e+00 9.069882341593666908e+00
1.354945620574578236e+01 1.360460401062401203e+01
1.806594160927021520e+01 1.813918244712278494e+01
2.258242701124555651e+01 2.267361990800836224e+01
2.709891241904151116e+01 2.720791861005768197e+01
3.161539782195441717e+01 3.174208069186038017e+01
3.613188323946965852e+01 3.627610827089641532e+01
4.064836866163635420e+01 4.081000340259983261e+01
4.516485408665114676e+01 4.534376810597803598e+01
4.968133950416016376e+01 4.987740432325423967e+01
5.419782493316323979e+01 5.441091397963892007e+01
5.871431033639255048e+01 5.894429896070057850e+01
6.323079574008313131e+01 6.347756110204900182e+01
6.774728116343796103e+01 6.801070218451280880e+01
7.226376660168511989e+01 7.254372398021040169e+01
7.678025200774845871e+01 7.707662820252309643e+01
8.129673744296390225e+01 8.160941652336346408e+01
8.581322286739734295e+01 8.614209060843280952e+01
9.032970828196802415e+01 9.067465203339703805e+01
9.484619371316631486e+01 9.520710238284986815e+01
9.936267913090486559e+01 9.973944321723053008e+01
1.038791645783304318e+02 1.042716760424969351e+02
1.083956500093597128e+02 1.088038023391289926e+02
1.129121354196780658e+02 1.133358235482698007e+02
1.174286208472259148e+02 1.178677410995965147e+02
1.219451062535656547e+02 1.223995563748559903e+02
1.264615916797465900e+02 1.269312707265627296e+02
1.309780771205660130e+02 1.314628855003050489e+02
1.354945625536194029e+02 1.359944020265173492e+02
1.400110480292497641e+02 1.405258216098355604e+02
1.445275335015408871e+02 1.450571454177314763e+02
1.490440189554251447e+02 1.495883747471605716e+02
1.535605043743083797e+02 1.541195107771481219e+02
1.580769898371084992e+02 1.586505547098070110e+02
1.625934752732559332e+02 1.631815077889321515e+02
1.671099607005159271e+02 1.677123710799878040e+02
1.716264461321657109e+02 1.722431456899428213e+02
1.761429315548413683e+02 1.767738327280742965e+02
1.806594170470946210e+02 1.813044332711308755e+02
1.851759025082404548e+02 1.858349483870382244e+02
1.896923879903161492e+02 1.903653791172366709e+02
1.942088734190624280e+02 1.948957265022562524e+02
1.987253588348809785e+02 1.994259915311143914e+02
2.032418442518878692e+02 2.039561751748451854e+02
2.077583297357493279e+02 2.084862784367907693e+02
2.122748151593167449e+02 2.130163022329674334e+02
2.167913005723887920e+02 2.175462474581120205e+02
2.213077860126432199e+02 2.220761151212025197e+02
2.258242714307289987e+02 2.266059060816136821e+02
2.303407569532941750e+02 2.311356211417972588e+02
2.348572423752657699e+02 2.356652612972700354e+02
2.393737278684851049e+02 2.401948273935244629e+02
2.438902133848074243e+02 2.447243201800039287e+02
2.484066988760218635e+02 2.492537405306437961e+02
2.529231843304123686e+02 2.537830893193899726e+02
2.574396698037146507e+02 2.583123672285248063e+02
2.619561552267271622e+02 2.628415750917806690e+02
2.664726407443364451e+02 2.673707136643317881e+02
2.709891261552268134e+02 2.718997837585652633e+02
2.755056115627837698e+02 2.764287860571950546e+02
2.800220970187328930e+02 2.809577214226113142e+02
2.845385824345738683e+02 2.854865904643085628e+02
2.890550679853755582e+02 2.900153938140882701e+02
2.935715534661510446e+02 2.945441323003664706e+02
2.980880389787668605e+02 2.990728065440522414e+02
3.026045243989662481e+02 3.036014173108131331e+02
3.071210098449893167e+02 3.081299651487781830e+02
3.116374952646744987e+02 3.126584507916187476e+02
3.161539808121858073e+02 3.171868749721336371e+02
3.206704662617846111e+02 3.217152381848551386e+02
3.251869516880553874e+02 3.262435410849366235e+02
3.297034371496371818e+02 3.307717844023727594e+02
3.342199226156017176e+02 3.352999686132673105e+02
3.387364080824429493e+02 3.398280943717342097e+02
3.432528935212246211e+02 3.443561621345828598e+02
3.477693789971737033e+02 3.488841725856351559e+02
3.522858644321928523e+02 3.534121263012793861e+02
3.568023498703561245e+02 3.579400239667106689e+02
3.613188354520204371e+02 3.624678658778389035e+02
3.658353210445208106e+02 3.669956528354898637e+02
3.703518065188222863e+02 3.715233851364977795e+02
3.748682920028114722e+02 3.760510634270603987e+02
3.793847774783405953e+02 3.805786881985872014e+02
3.839012629546551807e+02 3.851062600097278619e+02
3.884177483705767600e+02 3.896337794765795479e+02
3.929342337860792895e+02 3.941612468809133816e+02
3.974507193037330808e+02 3.986886629207947408e+02
4.019672048260603106e+02 4.032160278158056599e+02
4.064836903235642467e+02 4.077433423411224567e+02
4.110001757452433822e+02 4.122706068532120867e+02
4.155166612892188596e+02 4.167978216745477766e+02
4.200331468854512877e+02 4.213249873797398095e+02
4.245496323276373687e+02 4.258521044545841505e+02
4.290661177288141062e+02 4.303791734583511470e+02
4.335826031406644461e+02 4.349061945784561090e+02
4.380990886874893704e+02 4.394331683221993217e+02
4.426155742909334663e+02 4.439600952001087535e+02
4.471320597490363298e+02 4.484869755695949607e+02
4.516485451667883808e+02 4.530138099287709110e+02
4.561650307468744359e+02 4.575405985831226872e+02
4.606815161568488293e+02 4.620673420041180748e+02
4.651980015628261071e+02 4.665940406993238980e+02
4.697144870202741913e+02 4.711206947041646345e+02
4.742309725082091632e+02 4.756473047939159073e+02
4.787474581540357121e+02 4.801738710855970567e+02
4.832639436374809065e+02 4.847003942180339777e+02
4.877804291121318556e+02 4.892268742470250800e+02
4.922969145740422618e+02 4.937533118723080179e+02
4.968134001858189777e+02 4.982797071512462708e+02
5.013298856475154821e+02 5.028060605883197809e+02
5.058463710820705046e+02 5.073323725965160520e+02
