0.000000000000000000e+00 0.000000000000000000e+00
4.516485401210982964e+00 4.535015129951104562e+00
9.032970802931220788e+00 9.069882341596887443e+00
1.354945620572649112e+01 1.360460400719373908e+01
1.806594160792883130e+01 1.813918244348121078e+01
2.258242700944760273e+01 2.267361990327173871e+01
2.709891241710319321e+01 2.720791860748949986e+01
3.161539781940499694e+01 3.174208069080057726e+01
3.613188323715441896e+01 3.627610828101309437e+01
4.064836864250682424e+01 4.081000341009061572e+01
4.516485404816590687e+01 4.534376810541252922e+01
4.968133946567844106e+01 4.987740431891582205e+01
5.419782489451321084e+01 5.441091397545616815e+01
5.871431029808907454e+01 5.894429895678261744e+01
6.323079570867811583e+01 6.347756109818077164e+01
6.774728111364277083e+01 6.801070218396176870e+01
7.226376652392508504e+01 7.254372397906473680e+01
7.678025193629156320e+01 7.707662822199191055e+01
8.129673735039675364e+01 8.160941656544348177e+01
8.581322277598644632e+01 8.614209062451564591e+01
9.032970819255605477e+01 9.067465207156169527e+01
9.484619360368951391e+01 9.520710241934054352e+01
9.936267902209081626e+01 9.973944325571513048e+01
1.038791644317799125e+02 1.042716761058680106e+02
1.083956498698044868e+02 1.088038024067638503e+02
1.129121352941738508e+02 1.133358236165824167e+02
1.174286207148467724e+02 1.178677411663015278e+02
1.219451061553086504e+02 1.223995564302689019e+02
1.264615915958798666e+02 1.269312708127622216e+02
1.309780770347300631e+02 1.314628855895711865e+02
1.354945624679084233e+02 1.359944021146383477e+02
1.400110478881380800e+02 1.405258216870652177e+02
1.445275333399098372e+02 1.450571455368854856e+02
1.490440187956724571e+02 1.495883748952450674e+02
1.535605042278633050e+02 1.541195109774348850e+02
1.580769896699975448e+02 1.586505549437552816e+02
1.625934750881102389e+02 1.631815080083206908e+02
1.671099605067593075e+02 1.677123712995673657e+02
1.716264459991926685e+02 1.722431458687127588e+02
1.761429314074314902e+02 1.767738329186913688e+02
1.806594168790974493e+02 1.813044334710784824e+02
1.851759023042799868e+02 1.858349486248901599e+02
1.896923877269518073e+02 1.903653794062890938e+02
1.942088731801286769e+02 1.948957267963561435e+02
1.987253586042187976e+02 1.994259918228273420e+02
2.032418440359146530e+02 2.039561754562985811e+02
2.077583295103189016e+02 2.084862787124241095e+02
2.122748149238258861e+02 2.130163025154367347e+02
2.167913003412279238e+02 2.175462477315699630e+02
2.213077857671064237e+02 2.220761153989936076e+02
2.258242712161595307e+02 2.266059062991422479e+02
2.303407567284473316e+02 2.311356214444891179e+02
2.348572421428465020e+02 2.356652616188416118e+02
2.393737276351771754e+02 2.401948276592663092e+02
2.438902131543683822e+02 2.447243204234266045e+02
2.484066986802892529e+02 2.492537408296903436e+02
2.529231840998261305e+02 2.537830895152534652e+02
2.574396695731927025e+02 2.583123674436073998e+02
2.619561550425652285e+02 2.628415752992057719e+02
2.664726405441347197e+02 2.673707138712249503e+02
2.709891259680769053e+02 2.718997839638476535e+02
2.755056114495843644e+02 2.764287862891115424e+02
2.800220969563744120e+02 2.809577215426751877e+02
2.845385823699498360e+02 2.854865906072145094e+02
2.890550679203065556e+02 2.900153939764885536e+02
2.935715534215570415e+02 2.945441325245312214e+02
2.980880389339616841e+02 2.990728067669668917e+02
3.026045243403217455e+02 3.036014175320006530e+02
3.071210097864026238e+02 3.081299653703827630e+02
3.116374952062698185e+02 3.126584511068159600e+02
3.161539806131081605e+02 3.171868752362300370e+02
3.206704660627434578e+02 3.217152384050048681e+02
3.251869514889637003e+02 3.262435413786733420e+02
3.297034369491572079e+02 3.307717846931229815e+02
3.342199224152238912e+02 3.352999688773807065e+02
3.387364078775249254e+02 3.398280945710192213e+02
3.432528933176480450e+02 3.443561623727237588e+02
3.477693787932763030e+02 3.488841728201093702e+02
3.522858642091596266e+02 3.534121265218174130e+02
3.568023497946826978e+02 3.579400240649049465e+02
3.613188353743261700e+02 3.624678659751392615e+02
3.658353209661156598e+02 3.669956529487984653e+02
3.703518064430282948e+02 3.715233852212253396e+02
3.748682919267326952e+02 3.760510634646689141e+02
3.793847773924755984e+02 3.805786882365440533e+02
3.839012628687126494e+02 3.851062600308410424e+02
3.884177482846358771e+02 3.896337794713097651e+02
3.929342337552823210e+02 3.941612468373172646e+02
3.974507191955619874e+02 3.986886627687641749e+02
4.019672047178252114e+02 4.032160278259311781e+02
4.064836901809052279e+02 4.077433422739811704e+02
4.110001756695407948e+02 4.122706067996870161e+02
4.155166610891899381e+02 4.167978216388211763e+02
4.200331465224928706e+02 4.213249874747297099e+02
4.245496320472847174e+02 4.258521045177229212e+02
4.290661174746057895e+02 4.303791733955216046e+02
4.335826028902382063e+02 4.349061945924705697e+02
4.380990883566817615e+02 4.394331684224515016e+02
4.426155739600699235e+02 4.439600954205109247e+02
4.471320594013300251e+02 4.484869759096615667e+02
4.516485448252109336e+02 4.530138102610953865e+02
4.561650303522671948e+02 4.575405990313252573e+02
4.606815157905358546e+02 4.620673424424078348e+02
4.651980013517413681e+02 4.665940409158423563e+02
4.697144868074764759e+02 4.711206949010204426e+02
4.742309722953929736e+02 4.756473049821139512e+02
4.787474579413067204e+02 4.801738714491389146e+02
4.832639434246110568e+02 4.847003945244811689e+02
4.877804288977897613e+02 4.892268746308085383e+02
4.922969143138069512e+02 4.937533122536831343e+02
4.968133998023978393e+02 4.982797077729378543e+02
5.013298852639959478e+02 5.028060614518404918e+02
5.058463706939045323e+02 5.073323734465818120e+02
