0.000000000000000000e+00 0.000000000000000000e+00
4.516485401648730580e+00 4.535015129884259366e+00
9.032970807439278715e+00 9.069882341531126713e+00
1.354945621153854063e+01 1.360460400920846880e+01
1.806594161313220681e+01 1.813918244574652761e+01
2.258242701510756234e+01 2.267361990553581919e+01
2.709891242296711056e+01 2.720791859932835877e+01
3.161539782586916658e+01 3.174208068282626627e+01
3.613188324341095381e+01 3.627610826299773805e+01
4.064836865477842309e+01 4.081000339207788130e+01
4.516485407408854513e+01 4.534376808650918633e+01
4.968133949144733208e+01 4.987740429986945401e+01
5.419782492042931210e+01 5.441091395647465845e+01
5.871431033027940316e+01 5.894429893736763404e+01
6.323079575460783985e+01 6.347756107884910648e+01
6.774728118232154372e+01 6.801070216153948422e+01
7.226376659492822796e+01 7.254372395717817312e+01
7.678025203069704219e+01 7.707662817517643816e+01
8.129673744462837703e+01 8.160941649333912551e+01
8.581322287027263940e+01 8.614209057985978291e+01
9.032970828555772869e+01 9.067465200464656050e+01
9.484619369933378152e+01 9.520710236432485374e+01
9.936267913294591381e+01 9.973944319322842489e+01
1.038791645781723503e+02 1.042716760310882762e+02
1.083956499977254850e+02 1.088038023278134432e+02
1.129121354174752412e+02 1.133358235354739065e+02
1.174286208278830941e+02 1.178677410865182651e+02
1.219451062647973174e+02 1.223995563898124743e+02
1.264615916914704599e+02 1.269312707437409813e+02
1.309780771294473993e+02 1.314628855168800499e+02
1.354945625528713151e+02 1.359944020430480123e+02
1.400110479556115308e+02 1.405258215712931928e+02
1.445275334263767490e+02 1.450571454151220792e+02
1.490440188806604738e+02 1.495883747492021030e+02
1.535605043270777230e+02 1.541195108216703602e+02
1.580769897626130955e+02 1.586505547645181764e+02
1.625934751749315978e+02 1.631815078321796477e+02
1.671099606087867642e+02 1.677123710989013432e+02
1.716264460204954219e+02 1.722431456880387657e+02
1.761429314392135552e+02 1.767738327413213142e+02
1.806594168809748453e+02 1.813044332924260971e+02
1.851759023795746373e+02 1.858349484261589168e+02
1.896923877996330816e+02 1.903653791405752713e+02
1.942088732158111952e+02 1.948957265239743890e+02
1.987253586476855958e+02 1.994259915421977212e+02
2.032418441481661660e+02 2.039561751852704674e+02
2.077583295971878670e+02 2.084862784282040025e+02
2.122748150925877724e+02 2.130163021696938586e+02
2.167913005161236413e+02 2.175462474564600939e+02
2.213077859982657287e+02 2.220761151258034829e+02
2.258242714145648620e+02 2.266059060640704388e+02
2.303407568478812095e+02 2.311356211656426751e+02
2.348572422705663598e+02 2.356652613648140573e+02
2.393737277648653503e+02 2.401948274619103643e+02
2.438902132836278156e+02 2.447243202710594687e+02
2.484066987514064806e+02 2.492537406909725632e+02
2.529231841858599239e+02 2.537830893939577663e+02
2.574396696595030676e+02 2.583123672955718462e+02
2.619561550734036928e+02 2.628415751569026497e+02
2.664726404847240815e+02 2.673707137249421635e+02
2.709891259264283008e+02 2.718997838182120859e+02
2.755056113847567758e+02 2.764287862062875547e+02
2.800220969330483172e+02 2.809577215545173203e+02
2.845385824690264940e+02 2.854865905412947313e+02
2.890550680193981634e+02 2.900153938907554902e+02
2.935715534975876722e+02 2.945441323505442597e+02
2.980880390100221575e+02 2.990728066021424638e+02
3.026045244302181345e+02 3.036014173492594637e+02
3.071210098763577889e+02 3.081299652402258289e+02
3.116374953628034064e+02 3.126584508829606648e+02
3.161539807930947745e+02 3.171868751073346857e+02
3.206704662427625863e+02 3.217152383437373828e+02
3.251869517994756507e+02 3.262435413389034693e+02
3.297034372596656340e+02 3.307717846139516951e+02
3.342199227257460734e+02 3.352999687245116434e+02
3.387364081871741064e+02 3.398280943796399356e+02
3.432528936260964656e+02 3.443561621312991292e+02
3.477693791019323157e+02 3.488841725884249172e+02
3.522858645177714720e+02 3.534121262869525708e+02
3.568023499531947209e+02 3.579400238071025342e+02
3.613188355347288052e+02 3.624678657194302787e+02
3.658353211220741059e+02 3.669956526726393804e+02
3.703518065993423534e+02 3.715233850103162467e+02
3.748682920826273062e+02 3.760510632915248834e+02
3.793847776547858075e+02 3.805786880648763599e+02
3.839012631314282089e+02 3.851062598892389133e+02
3.884177485473425691e+02 3.896337793599916495e+02
3.929342339617415973e+02 3.941612467565928455e+02
3.974507195489069886e+02 3.986886627107988375e+02
4.019672050712282498e+02 4.032160276153911695e+02
4.064836905341378497e+02 4.077433420209825385e+02
4.110001759566366673e+02 4.122706064461864912e+02
4.155166614375230552e+02 4.167978213336368185e+02
4.200331468901061953e+02 4.213249870522358833e+02
4.245496323453743912e+02 4.258521042140591817e+02
4.290661179870505748e+02 4.303791731457423566e+02
4.335826034085607716e+02 4.349061942041129214e+02
4.380990890102982007e+02 4.394331679638937658e+02
4.426155746138965696e+02 4.439600947869132597e+02
4.471320600459243906e+02 4.484869752685586946e+02
4.516485454758288824e+02 4.530138096338905598e+02
4.561650309420890608e+02 4.575405982714450488e+02
4.606815165539057944e+02 4.620673416897483889e+02
4.651980019648484586e+02 4.665940401753694005e+02
4.697144874097958791e+02 4.711206942995513600e+02
4.742309728973465326e+02 4.756473042584558470e+02
4.787474585426477915e+02 4.801738705265037197e+02
4.832639440500886394e+02 4.847003936590202215e+02
4.877804295244686728e+02 4.892268737009571851e+02
4.922969149900254706e+02 4.937533111927052687e+02
4.968134005217868889e+02 4.982797064791861317e+02
5.013298859411116837e+02 5.028060600264730056e+02
5.058463715633948823e+02 5.073323720376816937e+02
