0.000000000000000000e+00 0.000000000000000000e+00
4.516485401617771345e+00 4.535015130852412035e+00
9.032970803096722179e+00 9.069882342489869131e+00
1.354945620480186719e+01 1.360460400916134560e+01
1.806594160801296312e+01 1.813918244565238069e+01
2.258242700998757613e+01 2.267361990754132606e+01
2.709891241779117266e+01 2.720791861357275820e+01
3.161539782034436996e+01 3.174208069689509415e+01
3.613188323801133350e+01 3.627610827606572741e+01
4.064836864259120830e+01 4.081000340496764522e+01
4.516485404967976081e+01 4.534376810428571503e+01
4.968133946710250370e+01 4.987740431800998664e+01
5.419782489627750977e+01 5.441091397430955112e+01
5.871431032468942135e+01 5.894429895385772511e+01
6.323079575801162378e+01 6.347756109674264735e+01
6.774728118794089937e+01 6.801070217936791096e+01
7.226376660123730744e+01 7.254372399434808472e+01
7.678025200361565794e+01 7.707662821865486080e+01
8.129673741784532126e+01 8.160941655475201628e+01
8.581322284327291072e+01 8.614209065151590039e+01
9.032970825768167344e+01 9.067465207136967820e+01
9.484619367143687896e+01 9.520710241948953012e+01
9.936267908212690259e+01 9.973944325344263007e+01
1.038791644954071671e+02 1.042716760653070622e+02
1.083956499072158692e+02 1.088038023794185278e+02
1.129121353532752892e+02 1.133358235900334137e+02
1.174286207671495958e+02 1.178677411404880502e+02
1.219451061958910145e+02 1.223995564021594618e+02
1.264615916213784459e+02 1.269312707730854584e+02
1.309780770630333109e+02 1.314628855675877332e+02
1.354945624962356305e+02 1.359944020929897022e+02
1.400110479513148221e+02 1.405258216633833968e+02
1.445275333692653703e+02 1.450571454896651744e+02
1.490440188239661552e+02 1.495883748160143796e+02
1.535605042785891783e+02 1.541195108925932686e+02
1.580769897015483139e+02 1.586505548258079443e+02
1.625934751066452577e+02 1.631815078766635452e+02
1.671099605688347083e+02 1.677123711509443638e+02
1.716264460516071040e+02 1.722431457851993457e+02
1.761429315036368166e+02 1.767738328149720815e+02
1.806594169250369646e+02 1.813044333741370622e+02
1.851759023332394065e+02 1.858349484850248814e+02
1.896923877729705623e+02 1.903653792458347311e+02
1.942088732692585893e+02 1.948957266144883533e+02
1.987253586848128748e+02 1.994259916673217674e+02
2.032418441562109592e+02 2.039561753384129474e+02
2.077583295904885858e+02 2.084862786038328295e+02
2.122748150911730249e+02 2.130163024253780577e+02
2.167913005013130601e+02 2.175462476828271861e+02
2.213077860208241532e+02 2.220761153096285057e+02
2.258242715248029526e+02 2.266059062519441909e+02
2.303407570276042975e+02 2.311356213176936194e+02
2.348572425540954782e+02 2.356652615174169227e+02
2.393737280461693899e+02 2.401948275203844219e+02
2.438902135620814704e+02 2.447243202961650184e+02
2.484066989747239518e+02 2.492537406624180107e+02
2.529231843785338469e+02 2.537830893714682929e+02
2.574396698503386460e+02 2.583123672614144084e+02
2.619561552762843917e+02 2.628415751231541435e+02
2.664726407206439376e+02 2.673707136859590037e+02
2.709891261375607883e+02 2.718997837788163565e+02
2.755056115598655992e+02 2.764287861688209205e+02
2.800220969985302872e+02 2.809577214771667286e+02
2.845385825150150367e+02 2.854865905182224424e+02
2.890550680536397294e+02 2.900153939018358642e+02
2.935715534538295515e+02 2.945441323636385960e+02
2.980880389663858523e+02 2.990728066449236167e+02
3.026045244260315599e+02 3.036014173918914594e+02
3.071210098721028317e+02 3.081299652296606837e+02
3.116374953509161969e+02 3.126584508688862911e+02
3.161539809204418816e+02 3.171868750622032280e+02
3.206704663700883771e+02 3.217152382352255131e+02
3.251869518343112304e+02 3.262435411868228812e+02
3.297034372944086158e+02 3.307717844631607704e+02
3.342199227602594078e+02 3.352999686441006020e+02
3.387364082457957011e+02 3.398280942681325882e+02
3.432528936853394157e+02 3.443561620282205240e+02
3.477693791612139194e+02 3.488841724737810068e+02
3.522858645787307523e+02 3.534121261780637155e+02
3.568023500167961402e+02 3.579400237988856475e+02
3.613188355933972389e+02 3.624678657115517240e+02
3.658353211785278063e+02 3.669956526656937967e+02
3.703518066538786115e+02 3.715233849589328656e+02
3.748682921444289491e+02 3.760510632268915856e+02
3.793847776377353966e+02 3.805786880009388824e+02
3.839012631139080440e+02 3.851062598862166624e+02
3.884177485298145029e+02 3.896337793557717077e+02
3.929342339453239674e+02 3.941612468258215358e+02
3.974507194697933983e+02 3.986886627573912847e+02
4.019672049924424755e+02 4.032160278390456938e+02
4.064836904554997545e+02 4.077433423883960586e+02
4.110001758925012609e+02 4.122706068901186427e+02
4.155166613341540369e+02 4.167978217304566328e+02
4.200331468155621906e+02 4.213249874856072665e+02
4.245496323015009921e+02 4.258521046446081755e+02
4.290661178078746048e+02 4.303791736361243920e+02
4.335826032216336330e+02 4.349061948848366228e+02
4.380990886878418564e+02 4.394331686425391581e+02
4.426155742911758466e+02 4.439600954459319837e+02
4.471320598617368205e+02 4.484869759582571760e+02
4.516485453205651197e+02 4.530138103369889677e+02
4.561650307419551496e+02 4.575405990298329471e+02
4.606815163277780130e+02 4.620673424753903191e+02
4.651980017712766653e+02 4.665940411358456004e+02
4.697144872582717881e+02 4.711206951397366538e+02
4.742309727460821023e+02 4.756473050905290734e+02
4.787474583916097117e+02 4.801738714575488984e+02
4.832639438627919617e+02 4.847003944872440684e+02
4.877804293373096698e+02 4.892268745889501815e+02
4.922969149156760409e+02 4.937533122133063443e+02
4.968134005184284092e+02 4.982797075497164769e+02
5.013298859799691627e+02 5.028060610911073240e+02
5.058463714098749051e+02 5.073323730673179170e+02
