0.000000000000000000e+00 0.000000000000000000e+00
4.516485401208951700e+00 4.535015130212845413e+00
9.032970802714286762e+00 9.069882341858530594e+00
1.354945620490297387e+01 1.360460400776713996e+01
1.806594160845437358e+01 1.813918244427947002e+01
2.258242701042902567e+01 2.267361990405686356e+01
2.709891241818457530e+01 2.720791860890052760e+01
3.161539782108528129e+01 3.174208069220035355e+01
3.613188323840545735e+01 3.627610827119517012e+01
4.064836864199747879e+01 4.081000340220572298e+01
4.516485404513299784e+01 4.534376809798678210e+01
4.968133946269612977e+01 4.987740430971194883e+01
5.419782488627691208e+01 5.441091396607774300e+01
5.871431029100765642e+01 5.894429894557839589e+01
6.323079570514593684e+01 6.347756108686963472e+01
6.774728112595508378e+01 6.801070216932076562e+01
7.226376653854102017e+01 7.254372395949420138e+01
7.678025196211616787e+01 7.707662818668777049e+01
8.129673737611416584e+01 8.160941652816848091e+01
8.581322280644528178e+01 8.614209060891215586e+01
9.032970822093101049e+01 9.067465203270948848e+01
9.484619363307032813e+01 9.520710241686873587e+01
9.936267904088052205e+01 9.973944324696243768e+01
1.038791644592617018e+02 1.042716760591748653e+02
1.083956498702823410e+02 1.088038023790654734e+02
1.129121352978646939e+02 1.133358235867661392e+02
1.174286207202040089e+02 1.178677411378089062e+02
1.219451061780397652e+02 1.223995563981157204e+02
1.264615916034044290e+02 1.269312707620991887e+02
1.309780770450722684e+02 1.314628855375620446e+02
1.354945625096428330e+02 1.359944020630362047e+02
1.400110479860130681e+02 1.405258215854295827e+02
1.445275334573925932e+02 1.450571453973968801e+02
1.490440189140529981e+02 1.495883747377325221e+02
1.535605043329105683e+02 1.541195107729333529e+02
1.580769897739115208e+02 1.586505547278979975e+02
1.625934751908586691e+02 1.631815078070845857e+02
1.671099606204098222e+02 1.677123710957593516e+02
1.716264460393234117e+02 1.722431457040538021e+02
1.761429314578247727e+02 1.767738327272543870e+02
1.806594168953501196e+02 1.813044332654465336e+02
1.851759023421984125e+02 1.858349483973651104e+02
1.896923877781117085e+02 1.903653791702554088e+02
1.942088732792007875e+02 1.948957265376053272e+02
1.987253586859764596e+02 1.994259915539901158e+02
2.032418441009113508e+02 2.039561751964601513e+02
2.077583295161359160e+02 2.084862784695212099e+02
2.122748149303616003e+02 2.130163022661600394e+02
2.167913003783978638e+02 2.175462474873694987e+02
2.213077858643365516e+02 2.220761151483315246e+02
2.258242712801403513e+02 2.266059060778331684e+02
2.303407566995051354e+02 2.311356211969570040e+02
2.348572421743256200e+02 2.356652613459338568e+02
2.393737276674579562e+02 2.401948274207117038e+02
2.438902131869517120e+02 2.447243201917531792e+02
2.484066986091808644e+02 2.492537405238725228e+02
2.529231841159140686e+02 2.537830892043064921e+02
2.574396695894162690e+02 2.583123670932175742e+02
2.619561550236876997e+02 2.628415750126104058e+02
2.664726404680768042e+02 2.673707136038378849e+02
2.709891259329751847e+02 2.718997836978323335e+02
2.755056114170191108e+02 2.764287860890232764e+02
2.800220969397282715e+02 2.809577214386353035e+02
2.845385823790155086e+02 2.854865904687281954e+02
2.890550679293114626e+02 2.900153938483277898e+02
2.935715534086519938e+02 2.945441323035456662e+02
2.980880389397445356e+02 2.990728065470737533e+02
3.026045243599489822e+02 3.036014173196066395e+02
3.071210098060300311e+02 3.081299651627111302e+02
3.116374952266340870e+02 3.126584508042089965e+02
3.161539806906533840e+02 3.171868749007677479e+02
3.206704661403211958e+02 3.217152380734682993e+02
3.251869515665714516e+02 3.262435410667002316e+02
3.297034370522092104e+02 3.307717843616999289e+02
3.342199225182844202e+02 3.352999685426938754e+02
3.387364079853109047e+02 3.398280941622457476e+02
3.432528934242624246e+02 3.443561618895917036e+02
3.477693788997333968e+02 3.488841723403049855e+02
3.522858644396976615e+02 3.534121260941291212e+02
3.568023498754359935e+02 3.579400236120989121e+02
3.613188354445104551e+02 3.624678655253325132e+02
3.658353210307357699e+02 3.669956524792420396e+02
3.703518064978306938e+02 3.715233847718017159e+02
3.748682919815644823e+02 3.760510630050231384e+02
3.793847774473749723e+02 3.805786877813720821e+02
3.839012629237900001e+02 3.851062595943603810e+02
3.884177483563165652e+02 3.896337790642094205e+02
3.929342337718152294e+02 3.941612465097516633e+02
3.974507191899633654e+02 3.986886624533936470e+02
4.019672047121293872e+02 4.032160274062399594e+02
4.064836901751427831e+02 4.077433418536164709e+02
4.110001757924310368e+02 4.122706063575210464e+02
4.155166612120757463e+02 4.167978211878214552e+02
4.200331466926497797e+02 4.213249869100880005e+02
4.245496322637792446e+02 4.258521040715299932e+02
4.290661178915910909e+02 4.303791730718238000e+02
4.335826034106298721e+02 4.349061943222644118e+02
4.380990888772720382e+02 4.394331680602134611e+02
4.426155744806584380e+02 4.439600948889399206e+02
4.471320599259651090e+02 4.484869753557723016e+02
4.516485455526837427e+02 4.530138097095204444e+02
4.561650309872023286e+02 4.575405983452197916e+02
4.606815163979999852e+02 4.620673417660167388e+02
4.651980018360443410e+02 4.665940402508610987e+02
4.697144872762158911e+02 4.711206942590842459e+02
4.742309727637352808e+02 4.756473042209950108e+02
4.787474584128307242e+02 4.801738705621617100e+02
4.832639438965626937e+02 4.847003936421951948e+02
4.877804293711297419e+02 4.892268737517781574e+02
4.922969147965780508e+02 4.937533113804870482e+02
4.968134004287409198e+02 4.982797066460560700e+02
5.013298859087635719e+02 5.028060601545063264e+02
5.058463714954161787e+02 5.073323721592568631e+02
