0.000000000000000000e+00 0.000000000000000000e+00
4.367887610581494329e+00 4.488861762341398887e+00
8.735775225461132720e+00 8.971823012315031320e+00
1.310366284466379483e+01 1.344943050573499121e+01
1.747155046196546380e+01 1.792215884357112188e+01
2.183943807790586789e+01 2.239042253446507402e+01
2.620732571033021685e+01 2.685458572189816451e+01
3.057521333921850726e+01 3.131496994441472737e+01
3.494310095300026831e+01 3.577186052624990964e+01
3.931098856517239426e+01 4.022551170959779654e+01
4.367887621038618562e+01 4.467615116686745580e+01
4.804676386092775431e+01 4.912398339670485825e+01
5.241465148938261365e+01 5.356919288179356187e+01
5.678253915698179810e+01 5.801194643914029569e+01
6.115042677524310477e+01 6.245239556668344960e+01
6.551831445088828332e+01 6.689067826776067704e+01
6.988620210526607934e+01 7.132692036448329986e+01
