0.000000000000000000e+00 0.000000000000000000e+00
4.367887610524941344e+00 4.488861764882027039e+00
8.735775225774528252e+00 8.971823017525094812e+00
1.310366284529015779e+01 1.344943051358201558e+01
1.747155045559676978e+01 1.792215885114233842e+01
2.183943808268369224e+01 2.239042254324915504e+01
2.620732570969076036e+01 2.685458573051330688e+01
3.057521332451425167e+01 3.131496994691588043e+01
3.494310095252220805e+01 3.577186052570947083e+01
3.931098858883071046e+01 4.022551172850971568e+01
4.367887623354284443e+01 4.467615122345106471e+01
4.804676388210401683e+01 4.912398345368952590e+01
5.241465151836112568e+01 5.356919292133914468e+01
5.678253915073432267e+01 5.801194648539386378e+01
6.115042680939630770e+01 6.245239561026139086e+01
6.551831442870937394e+01 6.689067826167197950e+01
6.988620209093647873e+01 7.132692044764228001e+01
