0.000000000000000000e+00 0.000000000000000000e+00
2.369809032661086334e+00 2.485562348281119771e+00
4.739618065893356658e+00 4.964887425803411247e+00
7.109427104349103743e+00 7.438609002744318133e+00
9.479236145060845331e+00 9.907269807156421138e+00
1.184904518833662479e+01 1.237133800410294171e+01
1.421885423367955070e+01 1.483122020361685145e+01
1.658866328057014528e+01 1.728727170335485752e+01
1.895847233135072685e+01 1.973980471303394424e+01
2.132828136917532902e+01 2.218909495843741553e+01
2.369809042382053832e+01 2.463538726796976164e+01
2.606789947423575882e+01 2.707889983432128389e+01
2.843770852413251049e+01 2.951982801137602053e+01
3.080751757381550249e+01 3.195834736384545849e+01
3.317732661148524187e+01 3.439461622292824217e+01
3.554713568884781694e+01 3.682877786756962735e+01
3.791694479092524972e+01 3.926096242078112653e+01
