0.000000000000000000e+00 0.000000000000000000e+00
2.471533084414296422e+00 2.586871014592523110e+00
4.943066170350177480e+00 5.167593120037867749e+00
7.414599260385980273e+00 7.742785159880034129e+00
9.886132353214957647e+00 1.031297787001001609e+01
1.235766544853687599e+01 1.287862971727772532e+01
1.482919854593289344e+01 1.544013933064397293e+01
1.730073164417492038e+01 1.799785544793315850e+01
1.977226475564290098e+01 2.055208486293388859e+01
2.224379785931572329e+01 2.310309875078331032e+01
2.471533095940381486e+01 2.565113809762032560e+01
2.718686406100646025e+01 2.819641786170969411e+01
2.965839716138925297e+01 3.073913068850421837e+01
3.212993025055644125e+01 3.327944976196948801e+01
3.460146337627327284e+01 3.581753147766727352e+01
3.707299651159010523e+01 3.835351729106157848e+01
3.954452966555621174e+01 4.088753588649974802e+01
