0.000000000000000000e+00 0.000000000000000000e+00
4.359949023118784517e+00 4.385401209022155911e+00
8.719898297850766866e+00 8.770522447464877303e+00
1.307984770779079042e+01 1.315536897642901337e+01
1.743979699150342100e+01 1.753994733171885656e+01
2.179974636072978456e+01 2.192426303033071378e+01
2.615969541471094217e+01 2.630832183459152063e+01
3.051964485467940591e+01 3.069212920628932295e+01
3.487959388073618072e+01 3.507569061335190952e+01
3.923954335570618923e+01 3.945901079067573392e+01
4.359949287132771190e+01 4.384209476047851695e+01
4.795944244670434387e+01 4.822494722717256366e+01
5.231939148701098929e+01 5.260757312667739427e+01
5.667934060076389358e+01 5.698997655188792777e+01
6.103929029901816250e+01 6.137216215743615066e+01
6.539924000971421947e+01 6.575413402215497172e+01
6.975918916260165759e+01 7.013589660909633494e+01
7.411913831300341826e+01 7.451745340108885785e+01
7.847908817463209630e+01 7.889880857435181838e+01
8.283903809138564611e+01 8.327996603809324938e+01
8.719898802434732943e+01 8.766092926184514056e+01
9.155893722794081668e+01 9.204170239477690529e+01
9.591888633624040494e+01 9.642228766588105771e+01
1.002788363390684623e+02 1.008026895889093453e+02
1.046387854944363482e+02 1.051829105538340343e+02
1.089987347098651895e+02 1.095629548007165113e+02
1.133586838104644414e+02 1.139428243165513379e+02
1.177186339772912902e+02 1.183225230364756015e+02
1.220785842219752766e+02 1.227020531660216136e+02
1.264385333222699899e+02 1.270814187309301388e+02
1.307984836831071789e+02 1.314606209017308345e+02
1.351584328966539772e+02 1.358396634415950643e+02
1.395183833596345835e+02 1.402185487239256076e+02
1.438783324598951765e+02 1.445972794122843652e+02
1.482382817862593356e+02 1.489758580953884461e+02
1.525982310855092692e+02 1.533542872281541349e+02
1.569581803163754614e+02 1.577325692548404277e+02
1.613181296668338121e+02 1.621107070831396015e+02
1.656780788411202536e+02 1.664887018458797172e+02
1.700380294877581662e+02 1.708665560708988096e+02
1.743979786578163100e+02 1.752442725519496776e+02
1.787579294917501045e+02 1.796218544206690240e+02
1.831178789036167700e+02 1.839993011702819103e+02
1.874778298903233065e+02 1.883766162759460485e+02
1.918377806962632235e+02 1.927538014773991506e+02
1.961977317055956576e+02 1.971308588561220176e+02
2.005576811445868088e+02 2.015077903181668262e+02
2.049176314239067551e+02 2.058845977179874467e+02
2.092775808793703618e+02 2.102612828739201802e+02
2.136375303031674093e+02 2.146378476483822624e+02
2.179974797647494142e+02 2.190142939723075983e+02
2.223574292545369531e+02 2.233906231115718697e+02
2.267173787738165345e+02 2.277668367109465350e+02
2.310773281711655045e+02 2.321429365947866188e+02
2.354372776747719627e+02 2.365189259648225857e+02
2.397972291519829753e+02 2.408948031607888254e+02
2.441571805160935469e+02 2.452705713647776804e+02
2.485171297567084423e+02 2.496462323890882260e+02
2.528770792062162514e+02 2.540217889731937646e+02
2.572370308274000195e+02 2.583972389831805003e+02
2.615969824656831975e+02 2.627725858126048024e+02
2.659569317661682817e+02 2.671478308241805735e+02
2.703168813649717777e+02 2.715229755618231025e+02
2.746768309569500275e+02 2.758980219305719856e+02
2.790367813563756272e+02 2.802729695251562134e+02
2.833967332569061455e+02 2.846478210011796932e+02
2.877566828397567633e+02 2.890225767287130338e+02
2.921166324821413127e+02 2.933972389847282898e+02
2.964765821763444933e+02 2.977718081733734721e+02
3.008365318401873765e+02 3.021462852251686400e+02
3.051964813745503307e+02 3.065206717444284550e+02
3.095564310639508676e+02 3.108949696999735579e+02
3.139163807533678892e+02 3.152691785111010176e+02
3.182763300170897764e+02 3.196432999328361575e+02
3.226362819081253974e+02 3.240173369952858593e+02
3.269962316526377890e+02 3.283912888440497682e+02
3.313561808887337179e+02 3.327651551862306292e+02
3.357161306393278437e+02 3.371389384909028308e+02
3.400760802286341686e+02 3.415126397757417180e+02
3.444360299880362390e+02 3.458862601598387982e+02
3.487959797575797438e+02 3.502598004284038780e+02
