0.000000000000000000e+00 0.000000000000000000e+00
4.359949036051026461e+00 4.385401215395249075e+00
8.719898309938878711e+00 8.770522452580154393e+00
1.307984771983460348e+01 1.315536906587010790e+01
1.743979700604933925e+01 1.753994734841700520e+01
2.179974637480250976e+01 2.192426316136422315e+01
2.615969542597690278e+01 2.630832204567728283e+01
3.051964488147701360e+01 3.069212939544034668e+01
3.487959393757478210e+01 3.507569053490827571e+01
3.923954302004758432e+01 3.945901055839414795e+01
4.359949211199776187e+01 4.384209433756988972e+01
4.795944168402354535e+01 4.822494676997101948e+01
5.231939131249200159e+01 5.260757262629972786e+01
5.667934083696664516e+01 5.698997613570054455e+01
6.103928993261337155e+01 6.137216168674181205e+01
6.539923900152120950e+01 6.575413411106313788e+01
6.975918874710441742e+01 7.013589658586010955e+01
7.411913788966006678e+01 7.451745338091981807e+01
7.847908778349247427e+01 7.889880854224327322e+01
8.283903767913545835e+01 8.327996589867237276e+01
8.719898686486345696e+01 8.766092930751696599e+01
9.155893603969064998e+01 9.204170179398509788e+01
9.591888606255963623e+01 9.642228728757250167e+01
1.002788351382180849e+02 1.008026886873910541e+02
1.046387843654259200e+02 1.051829096423911096e+02
1.089987344151086432e+02 1.095629532981133991e+02
1.133586836475123789e+02 1.139428231535757732e+02
1.177186339089275009e+02 1.183225214307729374e+02
1.220785841832853578e+02 1.227020521395488117e+02
1.264385333779583220e+02 1.270814173145707855e+02
1.307984825775962463e+02 1.314606195075483583e+02
1.351584318701101779e+02 1.358396619446415343e+02
1.395183811686161448e+02 1.402185471790960207e+02
1.438783302798235866e+02 1.445972780308735821e+02
1.482382796204170177e+02 1.489758567466803356e+02
1.525982288295169838e+02 1.533542858805099627e+02
1.569581779899460798e+02 1.577325678773708546e+02
1.613181273109607901e+02 1.621107055209620853e+02
1.656780765534983288e+02 1.664887002682093851e+02
1.700380259257143507e+02 1.708665550180058403e+02
1.743979753202934262e+02 1.752442728115926798e+02
1.787579246588126978e+02 1.796218534383637575e+02
1.831178747701414977e+02 1.839993006543010665e+02
1.874778240982100783e+02 1.883766160169385557e+02
1.918377750508725512e+02 1.927538013789138063e+02
1.961977245706664235e+02 1.971308587105686456e+02
2.005576755906636777e+02 2.015077910891670854e+02
2.049176249615117058e+02 2.058845984260421176e+02
2.092775743034483753e+02 2.102612835166483762e+02
2.136375237756993783e+02 2.146378481586775990e+02
2.179974730604619424e+02 2.190142940825062396e+02
2.223574242092621489e+02 2.233906229707752686e+02
2.267173738179825477e+02 2.277668365370404899e+02
2.310773251645381947e+02 2.321429363847624927e+02
2.354372743229481557e+02 2.365189241212815432e+02
2.397972238546548738e+02 2.408948013058932816e+02
2.441571753291780169e+02 2.452705697454602785e+02
2.485171246885076357e+02 2.496462303944099972e+02
2.528770740798963743e+02 2.540217857904951870e+02
2.572370256682701211e+02 2.583972357906400248e+02
2.615969751516164479e+02 2.627725832821275844e+02
2.659569243813083403e+02 2.671478285397707850e+02
2.703168760832857629e+02 2.715229730489839994e+02
2.746768256832156112e+02 2.758980184488738132e+02
2.790367749224706699e+02 2.802729660134959886e+02
2.833967266754664251e+02 2.846478170121261542e+02
2.877566763123485316e+02 2.890225727254992307e+02
2.921166258975696906e+02 2.933972345963544512e+02
2.964765755525507984e+02 2.977718028503425103e+02
3.008365252132784349e+02 3.021462798993945853e+02
3.051964771652503714e+02 3.065206673701206910e+02
3.095564267114027643e+02 3.108949651842641515e+02
3.139163764085249113e+02 3.152691734139435766e+02
3.182763261064226299e+02 3.196432950375286737e+02
3.226362756298699992e+02 3.240173299817077464e+02
3.269962276231325404e+02 3.283912797443138061e+02
3.313561773521938107e+02 3.327651461072085795e+02
3.357161271033768344e+02 3.371389313687503204e+02
3.400760765942006856e+02 3.415126321951805721e+02
3.444360289387504963e+02 3.458862524683430593e+02
3.487959811847124456e+02 3.502597927166425507e+02
