0.000000000000000000e+00 0.000000000000000000e+00
4.359949048249016634e+00 4.385401250407801932e+00
8.719898320220274002e+00 8.770522489649319908e+00
1.307984773075257046e+01 1.315536898211592032e+01
1.743979700737606464e+01 1.753994719379277001e+01
2.179974639697833183e+01 2.192426291670106409e+01
2.615969545074862879e+01 2.630832204983027722e+01
3.051964491117512068e+01 3.069212995569042590e+01
3.487959428917920945e+01 3.507569121716733207e+01
3.923954337092356326e+01 3.945901142572087394e+01
4.359949242481371101e+01 4.384209584721722308e+01
4.795944147614144981e+01 4.822494830370693819e+01
5.231939058942509746e+01 5.260757405188433466e+01
5.667933968529752775e+01 5.698997760053995876e+01
6.103928935436611880e+01 6.137216310355164239e+01
6.539923849499751896e+01 6.575413504504469131e+01
6.975918764587075316e+01 7.013589725173898159e+01
7.411913749234170723e+01 7.451745410961402172e+01
7.847908662344698882e+01 7.889880925199540229e+01
8.283903575437071254e+01 8.327996677129605985e+01
8.719898489985013157e+01 8.766093019952165832e+01
9.155893409984106768e+01 9.204170271985162799e+01
9.591888330315228473e+01 9.642228815871479242e+01
1.002788333982924769e+02 1.008026895874151307e+02
1.046387833546676518e+02 1.051829105167308143e+02
1.089987324313891577e+02 1.095629541345518163e+02
1.133586816182427839e+02 1.139428237803292348e+02
1.177186307491440402e+02 1.183225220292884359e+02
1.220785810726801941e+02 1.227020526076804288e+02
1.264385312786997702e+02 1.270814173103508580e+02
1.307984805833619930e+02 1.314606192455386235e+02
1.351584298593971027e+02 1.358396613769133126e+02
1.395183790196358871e+02 1.402185465969513984e+02
1.438783283687969288e+02 1.445972772801262352e+02
1.482382788415762320e+02 1.489758559638869997e+02
1.525982281813778059e+02 1.533542864357303301e+02
1.569581774116041402e+02 1.577325688223224063e+02
1.613181280913086937e+02 1.621107060450990502e+02
1.656780774538103174e+02 1.664887008062222549e+02
1.700380281854354507e+02 1.708665553194880999e+02
1.743979782220483230e+02 1.752442722922515088e+02
1.787579276191173108e+02 1.796218528718358414e+02
1.831178770167088032e+02 1.839992994542853353e+02
1.874778277317417121e+02 1.883766144428333860e+02
1.918377768976545497e+02 1.927538012029971810e+02
1.961977261808070239e+02 1.971308589405917360e+02
2.005576770710927690e+02 2.015077906860730650e+02
2.049176262115349800e+02 2.058845994208773789e+02
2.092775754261771226e+02 2.102612845187883863e+02
2.136375265424883878e+02 2.146378491485536983e+02
2.179974760194245960e+02 2.190142950664900923e+02
2.223574252010767509e+02 2.233906239854231330e+02
2.267173763025685957e+02 2.277668371818759852e+02
2.310773258073972727e+02 2.321429365954296600e+02
2.354372753256305089e+02 2.365189250777304437e+02
2.397972248628315697e+02 2.408948022698702403e+02
2.441571762421749270e+02 2.452705704801597335e+02
2.485171255547960243e+02 2.496462311405052503e+02
2.528770771003259483e+02 2.540217857462593827e+02
2.572370265445660493e+02 2.583972357615299416e+02
2.615969782173870612e+02 2.627725825780453306e+02
2.659569298133266102e+02 2.671478275757276606e+02
2.703168792098467179e+02 2.715229723154144494e+02
2.746768284392998680e+02 2.758980180024062179e+02
2.790367802870891865e+02 2.802729655822204791e+02
2.833967321806260884e+02 2.846478176113828908e+02
2.877566818040963881e+02 2.890225733380974589e+02
2.921166337211843711e+02 2.933972350098547395e+02
2.964765854816088222e+02 2.977718047684692237e+02
3.008365351014075486e+02 3.021462827834767495e+02
3.051964869332787771e+02 3.065206693160398572e+02
3.095564366853642468e+02 3.108949658812051098e+02
3.139163863745095568e+02 3.152691755918568788e+02
3.182763360252619123e+02 3.196432995141263973e+02
3.226362857373575252e+02 3.240173350279790156e+02
3.269962379194720370e+02 3.283912859378285702e+02
3.313561900210743261e+02 3.327651523288593012e+02
3.357161393020124365e+02 3.371389360938812843e+02
3.400760917086406607e+02 3.415126375590868406e+02
3.444360414682754481e+02 3.458862601060740758e+02
3.487959912291964883e+02 3.502598007132318116e+02
