0.000000000000000000e+00 0.000000000000000000e+00
4.359949038231912155e+00 4.385401257824169008e+00
8.719898311173359673e+00 8.770522497416465058e+00
1.307984771858079576e+01 1.315536898471581395e+01
1.743979700444433689e+01 1.753994732708601134e+01
2.179974636492671891e+01 2.192426303862519887e+01
2.615969539933636767e+01 2.630832186279169349e+01
3.051964476833130391e+01 3.069212931269155575e+01
3.487959381609306320e+01 3.507569045787474948e+01
3.923954330943173829e+01 3.945901048803170141e+01
4.359949284343876741e+01 4.384209459656375429e+01
4.795944238932149517e+01 4.822494721493337977e+01
5.231939147688797220e+01 5.260757291158692794e+01
5.667934059715702233e+01 5.698997644215587854e+01
6.103928972132139563e+01 6.137216197115181160e+01
6.539923943924516436e+01 6.575413384888045698e+01
6.975918911911585951e+01 7.013589619663974872e+01
7.411913888578190779e+01 7.451745299625841312e+01
7.847908805626771311e+01 7.889880832030752345e+01
8.283903719862735215e+01 8.327996559454805947e+01
8.719898638417954828e+01 8.766092867106043229e+01
9.155893635762294025e+01 9.204170189076707231e+01
9.591888641121531123e+01 9.642228714795331257e+01
1.002788364525651303e+02 1.008026887324038228e+02
1.046387856235035656e+02 1.051829096829576429e+02
1.089987347966451239e+02 1.095629533429946321e+02
1.133586838924381652e+02 1.139428229142156681e+02
1.177186341086025294e+02 1.183225214190222090e+02
1.220785842814067905e+02 1.227020515435798274e+02
1.264385335259728436e+02 1.270814162942668304e+02
1.307984838781929966e+02 1.314606184838914942e+02
1.351584332987352752e+02 1.358396610805019407e+02
1.395183825695251301e+02 1.402185463526280387e+02
1.438783317172624834e+02 1.445972771946754278e+02
1.482382808943098098e+02 1.489758562484881566e+02
1.525982301592966905e+02 1.533542852989350536e+02
1.569581800822622881e+02 1.577325675352855114e+02
1.613181292443345285e+02 1.621107048316840746e+02
1.656780798960426750e+02 1.664887009997111704e+02
1.700380292697483924e+02 1.708665555426236438e+02
1.743979783964075523e+02 1.752442720305564308e+02
1.787579277890969252e+02 1.796218528600809918e+02
1.831178771667191825e+02 1.839992992643321941e+02
1.874778265728678832e+02 1.883766154143799554e+02
1.918377766002598150e+02 1.927538009412361930e+02
1.961977260129773413e+02 1.971308579709570949e+02
2.005576752351918799e+02 2.015077893980139265e+02
2.049176251114488423e+02 2.058845971257026974e+02
2.092775746031388167e+02 2.102612822229150993e+02
2.136375240389600663e+02 2.146378467770128680e+02
2.179974750702963604e+02 2.190142929141072727e+02
2.223574245565526439e+02 2.233906223536806692e+02
2.267173758373784835e+02 2.277668365204942518e+02
2.310773250760225039e+02 2.321429365917741166e+02
2.354372745396697724e+02 2.365189243274763271e+02
2.397972237269364086e+02 2.408948019879435662e+02
2.441571751088996507e+02 2.452705701463480921e+02
2.485171244727548014e+02 2.496462323119160089e+02
2.528770738813306025e+02 2.540217869196294771e+02
2.572370230734709935e+02 2.583972369397540092e+02
2.615969724514834525e+02 2.627725837313054171e+02
2.659569218216964828e+02 2.671478305294814959e+02
2.703168735494551811e+02 2.715229750161491324e+02
2.746768253473226196e+02 2.758980203856059461e+02
2.790367771370081869e+02 2.802729682279020835e+02
2.833967267613165859e+02 2.846478192343254250e+02
2.877566763178276688e+02 2.890225749096916843e+02
2.921166280754626428e+02 2.933972365089374534e+02
2.964765773777671711e+02 2.977718052290260289e+02
3.008365270481931475e+02 3.021462822818697305e+02
3.051964765845307284e+02 3.065206692106561945e+02
3.095564262777580211e+02 3.108949662923178607e+02
3.139163759681564443e+02 3.152691774496361177e+02
3.182763256705500794e+02 3.196432990244418875e+02
3.226362749330871793e+02 3.240173360725729594e+02
3.269962245122510467e+02 3.283912886051675173e+02
3.313561742367973579e+02 3.327651571880494998e+02
3.357161257133567460e+02 3.371389420451087631e+02
3.400760754656770359e+02 3.415126432675045862e+02
3.444360278025760067e+02 3.458862637728985874e+02
3.487959803595833819e+02 3.502598039034576232e+02
