0.000000000000000000e+00 0.000000000000000000e+00
4.359949042012380538e+00 4.385401226384456841e+00
8.719898315952434587e+00 8.770522463839473204e+00
1.307984772717109401e+01 1.315536895568374831e+01
1.743979676508683241e+01 1.753994726964079476e+01
2.179974615152533346e+01 2.192426299985378080e+01
2.615969553756720600e+01 2.630832204403825969e+01
3.051964498263316017e+01 3.069212943210209943e+01
3.487959448946405416e+01 3.507569054203943182e+01
3.923954356974999058e+01 3.945901103614303906e+01
4.359949263495138894e+01 4.384209487718309362e+01
4.795944173405666788e+01 4.822494732062214950e+01
5.231939077548629768e+01 5.260757301809873354e+01
5.667933981141327138e+01 5.698997644902561888e+01
6.103928894079749057e+01 6.137216197686744579e+01
6.539923870909584025e+01 6.575413374432363867e+01
6.975918785947868628e+01 7.013589624931549338e+01
7.411913698828598740e+01 7.451745306320587758e+01
7.847908616830783046e+01 7.889880855712777930e+01
8.283903534934630386e+01 8.327996582828400562e+01
8.719898524673649831e+01 8.766092889812375688e+01
9.155893444595710662e+01 9.204170131829805257e+01
9.591888354107004488e+01 9.642228648850404227e+01
1.002788327444123553e+02 1.008026879284580843e+02
1.046387828967846190e+02 1.051829088803127661e+02
1.089987330085086938e+02 1.095629525151613564e+02
1.133586824699807352e+02 1.139428219563225753e+02
1.177186327048333681e+02 1.183225210154975571e+02
1.220785819198454476e+02 1.227020508895797093e+02
1.264385322606074027e+02 1.270814153803154056e+02
1.307984825751277072e+02 1.314606175730233133e+02
1.351584319000297114e+02 1.358396600691373806e+02
1.395183810213866025e+02 1.402185453220086231e+02
1.438783303315966009e+02 1.445972761044841661e+02
1.482382807572559500e+02 1.489758548065874493e+02
1.525982303026235627e+02 1.533542839809072120e+02
1.569581808982429152e+02 1.577325660228319464e+02
1.613181302101177153e+02 1.621107030236101423e+02
1.656780793500957998e+02 1.664886978444672536e+02
1.700380289853653153e+02 1.708665527318971442e+02
1.743979787856335975e+02 1.752442692585746613e+02
1.787579281436810561e+02 1.796218498617824366e+02
1.831178779198864959e+02 1.839992964152996251e+02
1.874778274058492684e+02 1.883766110672039815e+02
1.918377773700084958e+02 1.927537966313269635e+02
1.961977283432630088e+02 1.971308540122408317e+02
2.005576777948569429e+02 2.015077859735658308e+02
2.049176271564280682e+02 2.058845933800028547e+02
2.092775766284672443e+02 2.102612785394738921e+02
2.136375277429974915e+02 2.146378428187153986e+02
2.179974771190629212e+02 2.190142887919695340e+02
2.223574275559599300e+02 2.233906183715021712e+02
2.267173771173596037e+02 2.277668319903174563e+02
2.310773266154318151e+02 2.321429321617127073e+02
2.354372760425688966e+02 2.365189199394773141e+02
2.397972255178175942e+02 2.408947971755305275e+02
2.441571746617925101e+02 2.452705673573447598e+02
2.485171244759583828e+02 2.496462280257931070e+02
2.528770760800440485e+02 2.540217826597200315e+02
2.572370256478922101e+02 2.583972326885244115e+02
2.615969752195383080e+02 2.627725795380179079e+02
2.659569244816703986e+02 2.671478243553698348e+02
2.703168737214672319e+02 2.715229689006500848e+02
2.746768254014182276e+02 2.758980143067300901e+02
2.790367746917372074e+02 2.802729629984348776e+02
2.833967241513504973e+02 2.846478140168684945e+02
2.877566737162709387e+02 2.890225697686281592e+02
2.921166232965399558e+02 2.933972313984581319e+02
2.964765728157984199e+02 2.977718004376995395e+02
3.008365223256988656e+02 3.021462774810634642e+02
3.051964717959977520e+02 3.065206639061345300e+02
3.095564211179269023e+02 3.108949613121255879e+02
3.139163708192362492e+02 3.152691717652029979e+02
3.182763200766158320e+02 3.196432936906860505e+02
3.226362693829324826e+02 3.240173291321063971e+02
3.269962190915781548e+02 3.283912794890585474e+02
3.313561683956415891e+02 3.327651458147303174e+02
3.357161207497779287e+02 3.371389292060057414e+02
3.400760730109159340e+02 3.415126304829876744e+02
3.444360227695829053e+02 3.458862511455614595e+02
3.487959752131625919e+02 3.502597913160880694e+02
