0.000000000000000000e+00 0.000000000000000000e+00
4.359948996791315423e+00 4.385401266283961874e+00
8.719898269691608306e+00 8.770522504085848325e+00
1.307984767809644744e+01 1.315536899963989015e+01
1.743979697640206084e+01 1.753994720295262866e+01
2.179974634149004942e+01 2.192426290805640576e+01
2.615969574918303309e+01 2.630832173846684441e+01
3.051964518528513537e+01 3.069212909662063993e+01
3.487959466440757694e+01 3.507569034078964876e+01
3.923954374520667443e+01 3.945901037442163783e+01
4.359949283408865028e+01 4.384209428510354201e+01
4.795944193468629635e+01 4.822494673029210333e+01
5.231939150909529701e+01 5.260757241740620316e+01
5.667934061775525834e+01 5.698997592002817214e+01
6.103929023569522627e+01 6.137216173069055003e+01
6.539923999855621162e+01 6.575413375032997010e+01
6.975918914309261254e+01 7.013589613966142622e+01
7.411913830872927633e+01 7.451745309067089806e+01
7.847908747486843595e+01 7.889880825608159398e+01
8.283903663389946814e+01 8.327996554848222388e+01
8.719898583244857093e+01 8.766092936741024744e+01
9.155893503008852008e+01 9.204170164472925819e+01
9.591888423311498002e+01 9.642228691958324305e+01
1.002788334389916258e+02 1.008026883848291106e+02
1.046387834511556321e+02 1.051829092988463827e+02
1.089987325377589684e+02 1.095629529389384231e+02
1.133586816478080550e+02 1.139428223837399230e+02
1.177186318439629531e+02 1.183225206485366243e+02
1.220785820465478082e+02 1.227020507039030406e+02
1.264385323006194142e+02 1.270814154447062663e+02
1.307984815863197241e+02 1.314606182585004035e+02
1.351584308726991139e+02 1.358396607224336208e+02
1.395183799655257531e+02 1.402185460981741585e+02
1.438783293006968904e+02 1.445972767950841842e+02
1.482382787508204274e+02 1.489758554715702985e+02
1.525982293505622351e+02 1.533542847070412734e+02
1.569581786962014576e+02 1.577325669934646442e+02
1.613181280208695796e+02 1.621107042070271689e+02
1.656780773507597360e+02 1.664886989813906553e+02
1.700380267544283015e+02 1.708665532915005087e+02
1.743979776357478784e+02 1.752442694431833559e+02
1.787579269912515088e+02 1.796218498237791437e+02
1.831178778216712146e+02 1.839992965974362846e+02
1.874778276640402055e+02 1.883766116623847324e+02
1.918377786285205389e+02 1.927537970448861415e+02
1.961977295596005320e+02 1.971308549444762264e+02
2.005576786890057406e+02 2.015077864192102766e+02
2.049176281251288856e+02 2.058845938229075614e+02
2.092775793140693850e+02 2.102612789563837055e+02
2.136375287693255132e+02 2.146378437436068225e+02
2.179974782494545309e+02 2.190142911410400757e+02
2.223574277334687963e+02 2.233906209316636762e+02
2.267173771313032375e+02 2.277668349460230672e+02
2.310773263042538019e+02 2.321429344382988234e+02
2.354372758249625122e+02 2.365189230421432285e+02
2.397972252345387858e+02 2.408948011149326476e+02
2.441571766444629930e+02 2.452705692934252681e+02
2.485171280139319947e+02 2.496462299891654766e+02
2.528770794834046001e+02 2.540217846394685921e+02
2.572370290195173084e+02 2.583972346955562216e+02
2.615969781926391420e+02 2.627725815251604899e+02
2.659569277244178238e+02 2.671478276288306120e+02
2.703168773188165801e+02 2.715229721608274076e+02
2.746768269240491804e+02 2.758980179291014565e+02
2.790367765395746460e+02 2.802729662964686668e+02
2.833967271986002743e+02 2.846478173106838767e+02
2.877566768766572523e+02 2.890225752920356399e+02
2.921166263506336236e+02 2.933972374912294185e+02
2.964765760013411864e+02 2.977718077094818909e+02
3.008365278834546643e+02 3.021462847230726538e+02
3.051964798632515112e+02 3.065206711974932432e+02
3.095564295424800321e+02 3.108949702047413552e+02
3.139163792337717496e+02 3.152691789610451565e+02
3.182763313529028437e+02 3.196433018270039383e+02
3.226362810622306938e+02 3.240173372954697584e+02
3.269962306241737906e+02 3.283912880476402165e+02
3.313561802855691667e+02 3.327651543683563204e+02
3.357161295365460774e+02 3.371389376727934177e+02
3.400760818636433669e+02 3.415126389556335198e+02
3.444360316182003316e+02 3.458862592112225229e+02
3.487959810070007052e+02 3.502597993672259804e+02
