0.000000000000000000e+00 0.000000000000000000e+00
2.001498727542413203e+00 2.002160443837336157e+00
5.871492018371014865e+00 5.876420597021483339e+00
9.733009443219895473e+00 9.745751610143912558e+00
1.359130026886509235e+01 1.360241018866302909e+01
1.744881268765719184e+01 1.745791545017612378e+01
2.130087529314936390e+01 2.130820794865064727e+01
2.514657129658415613e+01 2.515940757433882169e+01
2.899045803113913422e+01 2.900575310615793256e+01
3.283448648279115645e+01 3.285016869739259704e+01
3.667688559715610097e+01 3.669620341819017995e+01
4.052190542528940398e+01 4.053996759814324946e+01
4.436478369233122976e+01 4.438250553661647757e+01
4.820495969411526715e+01 4.822481670305651846e+01
5.204507698447665831e+01 5.206574497968914983e+01
5.588412258703516500e+01 5.590410191043790178e+01
5.972356567934185989e+01 5.974295715830486841e+01
6.356251254862311839e+01 6.358219139840790035e+01
6.740233869183160209e+01 6.742122996655261602e+01
7.124180740759953778e+01 7.126236025215341385e+01
7.507866889858553350e+01 7.510315437220499746e+01
7.891804872550164873e+01 7.894038937370427789e+01
8.275841023772208871e+01 8.277934522068827050e+01
8.659744042350885707e+01 8.661671305950869737e+01
9.043434642309702554e+01 9.045713342858113037e+01
9.427498307782477127e+01 9.429681224651326943e+01
9.811340411920416216e+01 9.813652701571638204e+01
1.019521805458514052e+02 1.019746334199405311e+02
1.057902352460192787e+02 1.058117500763033263e+02
1.096294607943265191e+02 1.096504576289970601e+02
1.134669890869539586e+02 1.134873535294549356e+02
1.173053016156466981e+02 1.173261604241993012e+02
1.211443699703777384e+02 1.211660047881474611e+02
