0.000000000000000000e+00 0.000000000000000000e+00
2.000453768792679110e+00 1.997182262294152633e+00
5.874954535189467641e+00 5.867795598862255879e+00
9.736320218516507197e+00 9.731039330884090788e+00
1.359292547758007075e+01 1.358678484697204070e+01
1.744420976713863780e+01 1.743898998231090403e+01
2.129095828511425736e+01 2.128953474363369480e+01
2.513400780476279550e+01 2.513701972876062740e+01
2.897716460221019474e+01 2.897961934136662876e+01
3.281773192953426133e+01 3.282369956957267476e+01
3.665961260081869000e+01 3.666515878174135423e+01
4.050019156668776077e+01 4.050674037824842344e+01
4.434022447990244586e+01 4.434645741393433838e+01
4.817912192553645667e+01 4.818774620356147409e+01
5.201950639348604000e+01 5.202532172922613540e+01
5.585706171874872439e+01 5.586037265782927363e+01
5.969482088300411249e+01 5.969389543490937200e+01
6.353325423974041541e+01 6.352972504618752225e+01
6.736921231861950332e+01 6.736680548355130327e+01
7.120744624095669906e+01 7.120200429487552185e+01
7.504173590995003451e+01 7.504044225857602157e+01
7.887828182463407245e+01 7.887616237470611225e+01
8.271308628990524880e+01 8.271544624374243426e+01
8.654967865735056876e+01 8.655438873130782440e+01
9.038656190351866826e+01 9.038980198792935994e+01
9.422135016394977924e+01 9.422574973204868343e+01
9.805856147452519167e+01 9.805940724536151265e+01
1.018954272543735158e+02 1.018974396074771533e+02
1.057292933996313309e+02 1.057315455839641203e+02
1.095651654417007990e+02 1.095676549195803346e+02
1.134018842514467735e+02 1.134004829770314444e+02
1.172374650746127145e+02 1.172370591985623918e+02
1.210704211946330560e+02 1.210717810212386638e+02
