0.000000000000000000e+00 0.000000000000000000e+00
2.001308281221457097e+00 2.001855297443067006e+00
5.873463651880765468e+00 5.873099213348009329e+00
9.735029847235161071e+00 9.736317741201311549e+00
1.359619830111385319e+01 1.359302936030006848e+01
1.744669408538426580e+01 1.744544956601423280e+01
2.129731791862639767e+01 2.129413130623791162e+01
2.514127957831627924e+01 2.514136789793309390e+01
2.898585550087258866e+01 2.898778657635677547e+01
3.283049998628435162e+01 3.283230540026180222e+01
3.667568031361690828e+01 3.667570377253341718e+01
4.051768698368930188e+01 4.051870991091215046e+01
4.436047619123780805e+01 4.436255075458399943e+01
4.820140590475722320e+01 4.820585795548409180e+01
5.204245614165407119e+01 5.204896291792238117e+01
5.588113922020129110e+01 5.588740589263974812e+01
5.972128041041439417e+01 5.972850746912901343e+01
6.356183324707005511e+01 6.357054283996130550e+01
6.740165412552855173e+01 6.741095814640920025e+01
7.124217245608321036e+01 7.124915762827528454e+01
7.508174796853496957e+01 7.508926075661717903e+01
7.891998054196085377e+01 7.892989917240404907e+01
8.275741421312952184e+01 8.277045389664081654e+01
8.659718422505203250e+01 8.660990642688963703e+01
9.043571906829593843e+01 9.044726387209269092e+01
9.427481938638283054e+01 9.428618987699412912e+01
9.811355045529057861e+01 9.812705424443956304e+01
1.019521331259901160e+02 1.019667560296710747e+02
1.057907671112092203e+02 1.058055051362439087e+02
1.096291291633182823e+02 1.096454080945784142e+02
1.134665983240541323e+02 1.134839220883495869e+02
1.173059931534479148e+02 1.173208508363798330e+02
1.211443069623701376e+02 1.211586639228605407e+02
