0.000000000000000000e+00 0.000000000000000000e+00
4.481855655828954177e+00 4.502484292145796374e+00
8.963711312205512982e+00 9.004784489921910051e+00
1.344556696892335879e+01 1.350690388991916180e+01
1.792742262509759854e+01 1.800884570173894161e+01
2.240927828622815099e+01 2.251061304927642226e+01
2.689113394484326136e+01 2.701220897349779548e+01
3.137298960187569108e+01 3.151363644340595016e+01
3.585484526803443117e+01 3.601489833666136775e+01
4.033670094102205184e+01 4.051599746471938346e+01
4.481855659838497274e+01 4.501693658278622223e+01
4.930041226756525674e+01 4.951771835853504911e+01
5.378226793162035335e+01 5.401834538297343613e+01
5.826412359234201688e+01 5.851882020256692840e+01
6.274597926659082958e+01 6.301914531291150467e+01
6.722783496099708600e+01 6.751932311544919685e+01
7.170969062987970233e+01 7.201935598206833333e+01
7.619154629426164149e+01 7.651924622587165459e+01
8.067340196299488753e+01 8.101899606857047331e+01
8.515525766485112058e+01 8.551860769513794480e+01
8.963711333129178627e+01 9.001808329017831056e+01
9.411896902886843463e+01 9.451742491174624661e+01
9.860082469579907638e+01 9.901663462470736476e+01
1.030826804017578411e+02 1.035157144268940641e+02
1.075645360972733329e+02 1.080146662909517659e+02
1.120463917966872316e+02 1.125134921301102082e+02
1.165282475212638928e+02 1.170121937737577298e+02
1.210101032443677127e+02 1.215107730599786464e+02
1.254919589252563412e+02 1.260092317830641946e+02
1.299738146133571774e+02 1.305075716911073869e+02
1.344556703300140725e+02 1.350057944811482287e+02
1.389375260628605702e+02 1.395039018892821332e+02
1.434193818018327704e+02 1.440018954322005129e+02
1.479012375417066778e+02 1.484997768350742149e+02
1.523830932842052448e+02 1.529975476160831249e+02
1.568649490270890965e+02 1.574952092985420222e+02
1.613468047677185666e+02 1.619927633699584248e+02
1.658286605162797969e+02 1.664902113292812942e+02
1.703105161800152416e+02 1.709875546166344975e+02
1.747923719337054820e+02 1.754847946699424028e+02
1.792742276840049840e+02 1.799819327884723634e+02
1.837560834276766855e+02 1.844789704855201649e+02
1.882379391580215042e+02 1.889759089793270732e+02
1.927197948776808403e+02 1.934727495876724106e+02
1.972016506093882526e+02 1.979694935313120538e+02
2.016835063505865833e+02 2.024661421718417387e+02
2.061653620877197284e+02 2.069626966843320020e+02
2.106472178081354514e+02 2.114591582901089737e+02
2.151290735162630199e+02 2.159555280952119460e+02
2.196109292230889594e+02 2.204518073684584181e+02
2.240927849298914794e+02 2.249479972079882941e+02
2.285746406285059038e+02 2.294440987272729160e+02
2.330564963425566418e+02 2.339401129731108995e+02
2.375383520518029172e+02 2.384360410853904284e+02
2.420202078341054062e+02 2.429318841283111396e+02
2.465020636062391191e+02 2.474276431145102606e+02
2.509839193458517741e+02 2.519233190446087178e+02
2.554657750126135625e+02 2.564189128873609320e+02
2.599476307077156889e+02 2.609144255966865558e+02
2.644294863832349165e+02 2.654098582447726926e+02
2.689113421422102874e+02 2.699052117544069915e+02
2.733931978971710919e+02 2.744004871077274288e+02
2.778750536158893283e+02 2.788956850400835492e+02
2.823569093518585760e+02 2.833908065509430116e+02
2.868387651206365945e+02 2.878858524995691823e+02
2.913206208704392566e+02 2.923808238548641611e+02
2.958024765776979734e+02 2.968757214178597224e+02
3.002843323073774400e+02 3.013705459622294711e+02
3.047661880795083107e+02 3.058652983804505539e+02
3.092480438240870626e+02 3.103599792835292988e+02
3.137298995548767380e+02 3.148545896168021727e+02
3.182117553662625369e+02 3.193491301759486305e+02
3.226936110895324532e+02 3.238436017219960377e+02
3.271754668149138752e+02 3.283380051806618667e+02
3.316573226323755534e+02 3.328323410372501030e+02
3.361391783583251254e+02 3.373266100447896179e+02
3.406210340466635671e+02 3.418208130628811432e+02
3.451028897545876362e+02 3.463149506841748462e+02
3.495847454424505827e+02 3.508090237474074797e+02
3.540666012549373249e+02 3.553030327963941772e+02
3.585484570683609604e+02 3.597969784902637684e+02
3.630303129108996245e+02 3.642908615549108617e+02
3.675121686582089069e+02 3.687846825877710444e+02
3.719940244414621020e+02 3.732784423056876904e+02
3.764758801884472632e+02 3.777721414248987912e+02
3.809577360254567111e+02 3.822657803859506203e+02
3.854395916982656445e+02 3.867593599212442541e+02
3.899214475654864600e+02 3.912528805707012225e+02
3.944033032914574051e+02 3.957463429805503665e+02
3.988851591402237773e+02 4.002397476715219682e+02
4.033670150078811503e+02 4.047330953064283676e+02
4.078488709024579748e+02 4.092263863669718376e+02
4.123307267444088211e+02 4.137196214669843357e+02
4.168125825487062457e+02 4.182128011838987049e+02
4.212944383260198720e+02 4.227059259947758960e+02
4.257762941320265782e+02 4.271989965395994204e+02
4.302581499128560836e+02 4.316920130561276210e+02
