0.000000000000000000e+00 0.000000000000000000e+00
4.480087882386578180e+00 4.502484297896109489e+00
8.960175765685409743e+00 9.004753323052629099e+00
1.344026364908530624e+01 1.350681122192638028e+01
1.792035153315411478e+01 1.800866202304063179e+01
2.240043941913959458e+01 2.251030963840729981e+01
2.688052731849348476e+01 2.701175786880972396e+01
3.136061520271240255e+01 3.151301041793523794e+01
3.584070310293501649e+01 3.601407087190933964e+01
4.032079099552219503e+01 4.051494273887746544e+01
4.480087887974767114e+01 4.501562939865603141e+01
4.928096677531834757e+01 4.951613418105337416e+01
5.376105466603122096e+01 5.401646028876010064e+01
5.824114255743994306e+01 5.851661086169018233e+01
6.272123045072245873e+01 6.301658896890826611e+01
6.720131833438838953e+01 6.751639759722156953e+01
7.168140624280255224e+01 7.201603960485148548e+01
7.616149416067466404e+01 7.651551784698962422e+01
8.064158205089833586e+01 8.101483503234808836e+01
8.512166996420782539e+01 8.551399388221997810e+01
8.960175789202601493e+01 9.001299701436556688e+01
9.408184577766581924e+01 9.451184696127299389e+01
9.856193368090123386e+01 9.901054621247153875e+01
1.030420215845794445e+02 1.035090972126274096e+02
1.075221094765410896e+02 1.080075023184772505e+02
1.120021974005394867e+02 1.125057638895369791e+02
1.164822853017903981e+02 1.170038841186897400e+02
1.209623732476975420e+02 1.215018652446961624e+02
1.254424611674669165e+02 1.259997094440330443e+02
1.299225490823570510e+02 1.304974187415838855e+02
1.344026370184205348e+02 1.349949952486638267e+02
1.388827249814618483e+02 1.394924410050142001e+02
1.433628129423130417e+02 1.439897579391041518e+02
1.478429009075022122e+02 1.484869479446390983e+02
1.523229888781064290e+02 1.529840129512589897e+02
1.568030768482664712e+02 1.574809547545798978e+02
1.612831648203222983e+02 1.619777751586309478e+02
1.657632527962563245e+02 1.664744759519717832e+02
1.702433407755771668e+02 1.709710588702949394e+02
1.747234287566846263e+02 1.754675254891119494e+02
1.792035167332564356e+02 1.799638775378489299e+02
1.836836047015491715e+02 1.844601166523659970e+02
1.881636926589874008e+02 1.889562443690732039e+02
1.926437805944063655e+02 1.934522621742952424e+02
1.971238685512010420e+02 1.979481716560111977e+02
2.016039565129231050e+02 2.024439742775674631e+02
2.060840444772451008e+02 2.069396714961716839e+02
2.105641324187265013e+02 2.114352646882291822e+02
2.150442203517275175e+02 2.159307553034842329e+02
2.195243082848002132e+02 2.204261446527142425e+02
2.240043962171307044e+02 2.249214341391000005e+02
2.284844841445072348e+02 2.294166250209163422e+02
2.329645720785014191e+02 2.339117185353259174e+02
2.374446600164869778e+02 2.384067160395393898e+02
2.419247480334150850e+02 2.429016186857951141e+02
2.464048359261465748e+02 2.473964278262464802e+02
2.508849238583877082e+02 2.518911445008466501e+02
2.553650117909820665e+02 2.563857699365784697e+02
2.598450996820811270e+02 2.608803052445191497e+02
2.643251876098057664e+02 2.653747515455878556e+02
2.688052755919232482e+02 2.698691100636486340e+02
2.732853635745474890e+02 2.743633817917097417e+02
2.777654515192576241e+02 2.788575677361006910e+02
2.822455394802105957e+02 2.833516689661554437e+02
2.867256274743521089e+02 2.878456866388215190e+02
2.912057154522424867e+02 2.923396215154738229e+02
2.956858033887117472e+02 2.968334747454982789e+02
3.001658913442032599e+02 3.013272472206257362e+02
3.046459793407564121e+02 3.058209400114188838e+02
3.091260672975620309e+02 3.103145539367506558e+02
3.136061552543520747e+02 3.148080899654027576e+02
3.180862431764921325e+02 3.193015489284417185e+02
3.225663311268077678e+02 3.237949318970206605e+02
3.270464190794892261e+02 3.282882395255996357e+02
3.315265070034035944e+02 3.327814728325918168e+02
3.360065949552964071e+02 3.372746325297332533e+02
3.404866828607984530e+02 3.417677195494644025e+02
3.449667708563822544e+02 3.462607346359799863e+02
3.494468587638722283e+02 3.507536786789127063e+02
3.539269467913531457e+02 3.552465524631803078e+02
3.584070348692852690e+02 3.597393566362511592e+02
3.628871229380927161e+02 3.642320919359797244e+02
3.673672108590465086e+02 3.687247593298526454e+02
3.718472988894320679e+02 3.732173593742020898e+02
3.763273868302918572e+02 3.777098928356354577e+02
3.808074749148237288e+02 3.822023604836491018e+02
3.852875628122671969e+02 3.866947628769888752e+02
3.897676508614127329e+02 3.911871008387937536e+02
3.942477388926544108e+02 3.956793750629248052e+02
3.987278270093312358e+02 4.001715860886347400e+02
4.032079150977895097e+02 4.046637346857608009e+02
4.076880032220911971e+02 4.091558214658939505e+02
4.121680912935504466e+02 4.136478471567471615e+02
4.166481793216547658e+02 4.181398122318959167e+02
4.211282673268648864e+02 4.226317172564158682e+02
4.256083553314625760e+02 4.271235631123000758e+02
4.300884432920414042e+02 4.316153500708196020e+02
