0.000000000000000000e+00 0.000000000000000000e+00
4.481855656073840066e+00 4.502484291812205441e+00
8.963711312450616475e+00 9.004784489589624741e+00
1.344556696903625337e+01 1.350690388964088484e+01
1.792742262724865299e+01 1.800884570729222389e+01
2.240927828840573355e+01 2.251061305486287267e+01
2.689113394602505736e+01 2.701220897906663865e+01
3.137298960305987805e+01 3.151363645186613383e+01
3.585484526480802003e+01 3.601489835931013772e+01
4.033670092626844905e+01 4.051599750497804564e+01
4.481855659567661121e+01 4.501693661761889587e+01
4.930041226513272790e+01 4.951771837562863254e+01
5.378226792573487103e+01 5.401834540195395107e+01
5.826412359026350174e+01 5.851882022106833858e+01
6.274597925755364258e+01 6.301914533772919924e+01
6.722783494944215477e+01 6.751932314501561905e+01
7.170969063767066132e+01 7.201935600713871111e+01
7.619154629725272798e+01 7.651924625081761633e+01
8.067340196646409822e+01 8.101899607306566509e+01
8.515525767073631869e+01 8.551860770157938418e+01
8.963711334521326535e+01 9.001808330516539058e+01
9.411896900942497268e+01 9.451742493085191654e+01
9.860082471846348540e+01 9.901663464354646749e+01
1.030826803854045153e+02 1.035157144483411287e+02
1.075645361034812879e+02 1.080146663013633201e+02
1.120463917734164454e+02 1.125134921123466256e+02
1.165282474605788963e+02 1.170121937597695592e+02
1.210101031834833520e+02 1.215107730472851557e+02
1.254919588971959570e+02 1.260092317498863963e+02
1.299738145853442859e+02 1.305075716761553792e+02
1.344556702829382857e+02 1.350057944867049855e+02
1.389375260201733795e+02 1.395039018366791197e+02
1.434193817545022398e+02 1.440018954251754906e+02
1.479012374921345270e+02 1.484997767866625509e+02
1.523830932349708860e+02 1.529975475113186860e+02
1.568649489768748140e+02 1.574952091521934392e+02
1.613468047219248263e+02 1.619927632480679449e+02
1.658286604706964340e+02 1.664902112255052771e+02
1.703105162152462526e+02 1.709875545232745822e+02
1.747923719726812806e+02 1.754847945707102497e+02
1.792742277232698029e+02 1.799819327649516367e+02
1.837560834551304083e+02 1.844789704559809707e+02
1.882379391858783606e+02 1.889759088990871021e+02
1.927197949215816664e+02 1.934727494588597949e+02
1.972016506795156374e+02 1.979694934639457529e+02
2.016835064200554939e+02 2.024661421052431649e+02
2.061653621581492644e+02 2.069626966185352330e+02
2.106472178760465681e+02 2.114591581993087743e+02
2.151290735953410831e+02 2.159555280243764628e+02
2.196109293020169275e+02 2.204518072894092597e+02
2.240927850612283407e+02 2.249479971297535030e+02
2.285746407693025617e+02 2.294440986506642162e+02
2.330564965376957502e+02 2.339401128886201207e+02
2.375383522464172188e+02 2.384360410054327133e+02
2.420202080289547837e+02 2.429318840077330606e+02
2.465020637187748775e+02 2.474276429957165533e+02
2.509839194669771700e+02 2.519233188845882694e+02
2.554657751304657722e+02 2.564189127340284244e+02
2.599476308205126998e+02 2.609144254449528830e+02
2.644294865762269637e+02 2.654098580928408637e+02
2.689113423376248875e+02 2.699052116286555929e+02
2.733931980913728239e+02 2.744004869404733995e+02
2.778750538098000220e+02 2.788956848442134628e+02
2.823569095362466896e+02 2.833908064005398160e+02
2.868387653046675041e+02 2.878858523516472587e+02
2.913206210547969022e+02 2.923808236124525024e+02
2.958024767634481123e+02 2.968757211778530518e+02
3.002843324939605623e+02 3.013705457216736932e+02
3.047661882617042579e+02 3.058652981214761439e+02
3.092480440058777731e+02 3.103599791800422167e+02
3.137298997370057805e+02 3.148545895583071683e+02
3.182117555377708413e+02 3.193491301203102921e+02
3.226936112609119505e+02 3.238436017866990824e+02
3.271754669876692105e+02 3.283380050803334029e+02
3.316573226760297075e+02 3.328323409260827930e+02
3.361391784019163538e+02 3.373266098990767432e+02
3.406210341268318302e+02 3.418208129164947877e+02
3.451028898994363772e+02 3.463149505202262617e+02
3.495847456088440595e+02 3.508090235727244135e+02
3.540666014121865715e+02 3.553030326211695638e+02
3.585484572250556425e+02 3.597969783635536487e+02
3.630303130673963778e+02 3.642908615212219274e+02
3.675121687540326434e+02 3.687846825760556158e+02
3.719940245368863430e+02 3.732784422563222506e+02
3.764758803040334669e+02 3.777721413364203613e+02
3.809577361412532923e+02 3.822657803427964609e+02
3.854395918140943422e+02 3.867593598782344202e+02
3.899214476148655422e+02 3.912528805450560867e+02
3.944033033226900216e+02 3.957463429552159937e+02
3.988851591717976817e+02 4.002397475623159266e+02
4.033670150393861604e+02 4.047330951785358479e+02
4.078488709342979064e+02 4.092263862448897953e+02
4.123307267884298426e+02 4.137196213947757997e+02
4.168125825930876545e+02 4.182128009413465861e+02
4.212944383943963089e+02 4.227059258312792167e+02
4.257762941846395961e+02 4.271989962132679466e+02
4.302581499233185696e+02 4.316920127417837989e+02
