0.000000000000000000e+00 0.000000000000000000e+00
4.480087882908359020e+00 4.502484298309412658e+00
8.960175766105045625e+00 9.004753323461914150e+00
1.344026364936459750e+01 1.350681122227974029e+01
1.792035153342962772e+01 1.800866202349947542e+01
2.240043942949203171e+01 2.251030963801923690e+01
2.688052731327630696e+01 2.701175786852649452e+01
3.136061520662832436e+01 3.151301041845940176e+01
3.584070310888643007e+01 3.601407087560464504e+01
4.032079100382875936e+01 4.051494274765947523e+01
4.480087888805358887e+01 4.501562940880908315e+01
4.928096678370955885e+01 4.951613419762340129e+01
5.376105468530073495e+01 5.401646030517255070e+01
5.824114257668129824e+01 5.851661088212500772e+01
6.272123049313201193e+01 6.301658900772559946e+01
6.720131840845539273e+01 6.751639761168057419e+01
7.168140629860378965e+01 7.201603963749289505e+01
7.616149420400728332e+01 7.651551788383528674e+01
8.064158209385541909e+01 8.101483506447942773e+01
8.512166999374775855e+01 8.551399390592155214e+01
8.960175788599681823e+01 9.001299703747777414e+01
9.408184582444894772e+01 9.451184700106648506e+01
9.856193371310484963e+01 9.901054625664207265e+01
1.030420216095384802e+02 1.035090972578741457e+02
1.075221095306055474e+02 1.080075023690382778e+02
1.120021974624078638e+02 1.125057639054042227e+02
1.164822853502920736e+02 1.170038841430119305e+02
1.209623732995282239e+02 1.215018652638241861e+02
1.254424612315970933e+02 1.259997094090838630e+02
1.299225491910986818e+02 1.304974187493881175e+02
1.344026370824544756e+02 1.349949952714368067e+02
1.388827249715496066e+02 1.394924410234501124e+02
1.433628129337587325e+02 1.439897579645684402e+02
1.478429008989495514e+02 1.484869480019348771e+02
1.523229888690707696e+02 1.529840129920405616e+02
1.568030768381792086e+02 1.574809548244157895e+02
1.612831648084341225e+02 1.619777752376051012e+02
1.657632527853752720e+02 1.664744759916258090e+02
1.702433406757805869e+02 1.709710589140419756e+02
1.747234286602840996e+02 1.754675255916187098e+02
1.792035166373497646e+02 1.799638776461969769e+02
1.836836046058399461e+02 1.844601167641314703e+02
1.881636925638084108e+02 1.889562444008315936e+02
1.926437805609526208e+02 1.934522622148963080e+02
1.971238685172626788e+02 1.979481717171793775e+02
2.016039564833745317e+02 2.024439743379828371e+02
2.060840444156027331e+02 2.069396715531782149e+02
2.105641323589159981e+02 2.114352647444292757e+02
2.150442202937644538e+02 2.159307553081773676e+02
2.195243082277923747e+02 2.204261446567230678e+02
2.240043961622931761e+02 2.249214341246201343e+02
2.284844841128973769e+02 2.294166250049562450e+02
2.329645720683398622e+02 2.339117185680151465e+02
2.374446600063932920e+02 2.384067160318132608e+02
2.419247480233246961e+02 2.429016187736338566e+02
2.464048359877119196e+02 2.473964279134982007e+02
2.508849239696035340e+02 2.518911445879516577e+02
2.553650119598933941e+02 2.563857700260587080e+02
2.598450998915102446e+02 2.608803053972214343e+02
2.643251877995293739e+02 2.653747517322725002e+02
2.688052757817073370e+02 2.698691101351750490e+02
2.732853637644606124e+02 2.743633818911301887e+02
2.777654516978724359e+02 2.788575678203284838e+02
2.822455396978473914e+02 2.833516690623769136e+02
2.867256276878016479e+02 2.878456866175276900e+02
2.912057156660088708e+02 2.923396214938668436e+02
2.956858035589119709e+02 2.968334747666706903e+02
3.001658915146767868e+02 3.013272473555446709e+02
3.046459795091691376e+02 3.058209400780768306e+02
3.091260674831417532e+02 3.103145541208336908e+02
3.136061554399619240e+02 3.148080901178051363e+02
3.180862433755273742e+02 3.193015491110265884e+02
3.225663313260446330e+02 3.237949320798963413e+02
3.270464192783622366e+02 3.282882397043760534e+02
3.315265072135906053e+02 3.327814729919358570e+02
3.360065951653488128e+02 3.372746326581981293e+02
3.404866830943178684e+02 3.417677196851146846e+02
3.449667710900524753e+02 3.462607348441833892e+02
3.494468589861082819e+02 3.507536789826032191e+02
3.539269470126329225e+02 3.552465527481285221e+02
3.584070350547290218e+02 3.597393569443273691e+02
3.628871231219088713e+02 3.642320922738775835e+02
3.673672110208697177e+02 3.687247596762213107e+02
3.718472990324582952e+02 3.732173596934705984e+02
3.763273869775975413e+02 3.777098930598768902e+02
3.808074750631843699e+02 3.822023606869913692e+02
3.852875631086958492e+02 3.866947631164210861e+02
3.897676511571925175e+02 3.911871010290527693e+02
3.942477390644864954e+02 3.956793751216844157e+02
3.987278269948095044e+02 4.001715860986461166e+02
4.032079150834187544e+02 4.046637347111250165e+02
4.076880032077391434e+02 4.091558214921871013e+02
4.121680912794682285e+02 4.136478469736784973e+02
4.166481793104099438e+02 4.181398119761520320e+02
4.211282673158707439e+02 4.226317170559716487e+02
4.256083553208547983e+02 4.271235628035281593e+02
4.300884432777680786e+02 4.316153497583245553e+02
