0.000000000000000000e+00 0.000000000000000000e+00
4.480087882403125832e+00 4.502484297204166097e+00
8.960175765585743690e+00 9.004753322369161594e+00
1.344026364917437633e+01 1.350681122106152543e+01
1.792035153282511928e+01 1.800866202116810655e+01
2.240043942041608105e+01 2.251030963570959287e+01
2.688052730593734907e+01 2.701175786615127805e+01
3.136061519012000431e+01 3.151301041521918123e+01
3.584070308893632273e+01 3.601407086475821018e+01
4.032079098233278813e+01 4.051494271793117719e+01
4.480087886897320004e+01 4.501562938184981277e+01
4.928096676900584328e+01 4.951613416491063902e+01
5.376105466367715735e+01 5.401646027267825900e+01
5.824114257414339590e+01 5.851661084607395935e+01
6.272123046840329152e+01 6.301658896126768639e+01
6.720131837524266416e+01 6.751639757385950702e+01
7.168140628307628504e+01 7.201603956947859331e+01
7.616149417907433872e+01 7.651551777940335342e+01
8.064158207441079185e+01 8.101483499562836244e+01
8.512166997790478717e+01 8.551399383687983402e+01
8.960175790331609846e+01 9.001299695237902654e+01
9.408184582972063481e+01 9.451184689438301234e+01
9.856193372290118759e+01 9.901054614949688926e+01
1.030420216252285002e+02 1.035090971431825579e+02
1.075221095154695661e+02 1.080075022509754774e+02
1.120021974452988047e+02 1.125057638089514001e+02
1.164822853454933096e+02 1.170038840435832554e+02
1.209623732954476907e+02 1.215018651647433785e+02
1.254424611853541478e+02 1.259997093106026540e+02
1.299225491269376676e+02 1.304974186174760007e+02
1.344026370193919888e+02 1.349949951542873237e+02
1.388827249714013874e+02 1.394924409110442696e+02
1.433628129325569489e+02 1.439897578168557857e+02
1.478429008994149854e+02 1.484869478564535257e+02
1.523229888678656607e+02 1.529840128848206859e+02
1.568030768388096305e+02 1.574809547124731353e+02
1.612831648100844859e+02 1.619777751128036982e+02
1.657632527861741778e+02 1.664744758802472120e+02
1.702433406937155382e+02 1.709710587445899819e+02
1.747234285842304189e+02 1.754675254267220907e+02
1.792035165616638324e+02 1.799638775094480820e+02
1.836836045285735395e+02 1.844601166089719868e+02
1.881636924871577889e+02 1.889562442953397863e+02
1.926437804298628578e+02 1.934522620961713244e+02
1.971238683869046895e+02 1.979481716031124563e+02
2.016039563535045147e+02 2.024439742238192821e+02
2.060840443198250682e+02 2.069396714244633699e+02
2.105641322630380614e+02 2.114352645814579432e+02
2.150442202043901716e+02 2.159307551773477201e+02
2.195243081422275964e+02 2.204261444892757424e+02
2.240043960763596544e+02 2.249214339587247764e+02
2.284844840158996249e+02 2.294166248405869055e+02
2.329645719513988240e+02 2.339117184039892550e+02
2.374446598886158881e+02 2.384067159550806423e+02
2.419247479056378438e+02 2.429016186062771112e+02
2.464048358231995053e+02 2.473964277465104260e+02
2.508849237357302400e+02 2.518911444238203217e+02
2.553650116871478133e+02 2.563857698564088423e+02
2.598450996188323643e+02 2.608803051615417985e+02
2.643251875693743500e+02 2.653747514966774474e+02
2.688052755517239802e+02 2.698691100410560466e+02
2.732853634563531386e+02 2.743633817113626492e+02
2.777654514017161773e+02 2.788575676529792418e+02
2.822455393624530871e+02 2.833516688909825234e+02
2.867256273568475535e+02 2.878456864357347058e+02
2.912057153499694664e+02 2.923396213738377583e+02
2.956858032868797181e+02 2.968334747069710033e+02
3.001658912391534386e+02 3.013272472953053125e+02
3.046459792483567526e+02 3.058209400308812747e+02
3.091260671584639113e+02 3.103145540574666938e+02
3.136061551659171300e+02 3.148080900548333148e+02
3.180862431285505636e+02 3.193015490170344037e+02
3.225663310790502010e+02 3.237949319842203408e+02
3.270464190317293856e+02 3.282882396078007332e+02
3.315265071005895265e+02 3.327814729140926602e+02
3.360065950524960954e+02 3.372746325803180412e+02
3.404866829621514057e+02 3.417677196644575588e+02
3.449667709575621757e+02 3.462607347400385152e+02
3.494468588535524987e+02 3.507536788851405731e+02
3.539269468817130928e+02 3.552465526499162252e+02
3.584070349234260675e+02 3.597393569345499600e+02
3.628871229925199486e+02 3.642320923197380580e+02
3.673672109133863160e+02 3.687247597095638412e+02
3.718472989708608338e+02 3.732173597447946349e+02
3.763273869164767120e+02 3.777098932096118915e+02
3.808074750021360160e+02 3.822023607802096876e+02
3.852875629129617892e+02 3.866947631969881058e+02
3.897676509616453586e+02 3.911871012071791824e+02
3.942477388689339932e+02 3.956793754000015042e+02
3.987278267709669990e+02 4.001715863731444642e+02
4.032079148594410754e+02 4.046637349487806432e+02
4.076880029929671991e+02 4.091558217272261118e+02
4.121680910646844609e+02 4.136478471980429390e+02
4.166481790872346096e+02 4.181398123473488226e+02
4.211282670922415150e+02 4.226317174626302631e+02
4.256083550983206578e+02 4.271235632763820149e+02
4.300884430586853568e+02 4.316153502318870778e+02
