0.000000000000000000e+00 0.000000000000000000e+00
4.481855655880874423e+00 4.502484292039905078e+00
8.963711312762704608e+00 9.004784489849313900e+00
1.344556696934576223e+01 1.350690388979229795e+01
1.792742262605399617e+01 1.800884570015868391e+01
2.240927828749586581e+01 2.251061305086653164e+01
2.689113394614471986e+01 2.701220897509288221e+01
3.137298960474782206e+01 3.151363644515975793e+01
3.585484528054429632e+01 3.601489834634711684e+01
4.033670095727525506e+01 4.051599749544941176e+01
4.481855661405384694e+01 4.501693661661266077e+01
4.930041228558341970e+01 4.951771839455973634e+01
5.378226795928830484e+01 5.401834541884501562e+01
5.826412362446814797e+01 5.851882023798130206e+01
6.274597930144505398e+01 6.301914532942271308e+01
6.722783496924645874e+01 6.751932314316223938e+01
7.170969063731831739e+01 7.201935599888682304e+01
7.619154630208711865e+01 7.651924624262036900e+01
8.067340197123272105e+01 8.101899609218153842e+01
8.515525764789254026e+01 8.551860772669499511e+01
8.963711335166797767e+01 9.001808333181432431e+01
9.411896905936889368e+01 9.451742495768405661e+01
9.860082472367861328e+01 9.901663467119561801e+01
1.030826803962433758e+02 1.035157144741780399e+02
1.075645360623986448e+02 1.080146663242423983e+02
1.120463917253520947e+02 1.125134921348607122e+02
1.165282473869447131e+02 1.170121937715969409e+02
1.210101031096506858e+02 1.215107730747734678e+02
1.254919587783935100e+02 1.260092317745135944e+02
1.299738144679894560e+02 1.305075716869096709e+02
1.344556701394288609e+02 1.350057944920680200e+02
1.389375258760835550e+02 1.395039018981287882e+02
1.434193816129274524e+02 1.440018954536163278e+02
1.479012373514899537e+02 1.484997768066061212e+02
1.523830930947422075e+02 1.529975475371931566e+02
1.568649488362249258e+02 1.574952092028175628e+02
1.613468045787963092e+02 1.619927633003955521e+02
1.658286603274253821e+02 1.664902112994327865e+02
1.703105159910840882e+02 1.709875545738053404e+02
1.747923717483611483e+02 1.754847945741141473e+02
1.792742274992355647e+02 1.799819327694376057e+02
1.837560832412053742e+02 1.844789704505563463e+02
1.882379389567630028e+02 1.889759089062093835e+02
1.927197946775357025e+02 1.934727494686192131e+02
1.972016504101306396e+02 1.979694934159040258e+02
2.016835060639803601e+02 2.024661420558933855e+02
2.061653618007041473e+02 2.069626965672102301e+02
2.106472175193828775e+02 2.114591581460537100e+02
2.151290732278781661e+02 2.159555279687837697e+02
2.196109289350715983e+02 2.204518072322778437e+02
2.240927846424006304e+02 2.249479970059128959e+02
2.285746403246119769e+02 2.294440985175738206e+02
2.330564960322285231e+02 2.339401128266608794e+02
2.375383517408715761e+02 2.384360409477290546e+02
2.420202075232911625e+02 2.429318840018818833e+02
2.465020632101960416e+02 2.474276429869758545e+02
2.509839188854581948e+02 2.519233188733074371e+02
2.554657745793135177e+02 2.564189127130178463e+02
2.599476302465487834e+02 2.609144254464115420e+02
2.644294860270645131e+02 2.654098580926810769e+02
2.689113417876845915e+02 2.699052115951202495e+02
2.733931975429253498e+02 2.744004869210087350e+02
2.778750532615553084e+02 2.788956848579720713e+02
2.823569089979024511e+02 2.833908064615915237e+02
2.868387647674063032e+02 2.878858525248493834e+02
2.913206205143256966e+02 2.923808238151315209e+02
2.958024762230477904e+02 2.968757213776971184e+02
3.002843319943545453e+02 3.013705458498734515e+02
3.047661877644292190e+02 3.058652982117781676e+02
3.092480435091227946e+02 3.103599791193646524e+02
3.137298992396783319e+02 3.148545894432935484e+02
3.182117550148132068e+02 3.193491300573564331e+02
3.226936107380863064e+02 3.238436017217961762e+02
3.271754664642879220e+02 3.283380050688602978e+02
3.316573222900917131e+02 3.328323409257216099e+02
3.361391780159436848e+02 3.373266100283050832e+02
3.406210337683247644e+02 3.418208130413458434e+02
3.451028895444401883e+02 3.463149506515910616e+02
3.495847452174922978e+02 3.508090236248038991e+02
3.540666009414450173e+02 3.553030326944435728e+02
3.585484567552762201e+02 3.597969784855281432e+02
3.630303125972473026e+02 3.642908616293817090e+02
3.675121682838181414e+02 3.687846827565448393e+02
3.719940240670048297e+02 3.732784426040159360e+02
3.764758797447730103e+02 3.777721416428652219e+02
3.809577355818810247e+02 3.822657806443751269e+02
3.854395912857881967e+02 3.867593601666731047e+02
3.899214470868993772e+02 3.912528807405846010e+02
3.944033027626271064e+02 3.957463431472983189e+02
3.988851586113974577e+02 4.002397477641380874e+02
4.033670144789180085e+02 4.047330953703400382e+02
4.078488703734391265e+02 4.092263865068221662e+02
4.123307262150181600e+02 4.137196215858680262e+02
4.168125820195471078e+02 4.182128013724490074e+02
4.212944377964694809e+02 4.227059261632839480e+02
4.257762935861005644e+02 4.271989965764568069e+02
4.302581493249180085e+02 4.316920132684689406e+02
