0.000000000000000000e+00 0.000000000000000000e+00
2.286312856725611908e-01 2.690662506208765237e-01
3.183405686845254490e+00 3.260362663180632392e+00
7.183729536227481560e+00 7.316978902030454535e+00
1.117882190567816458e+01 1.136642218745087796e+01
1.517272472069114642e+01 1.541440114950347962e+01
1.916578218807511291e+01 1.946077748210610991e+01
2.315840640401512118e+01 2.350513217814803113e+01
2.715053802034353936e+01 2.754775481291957462e+01
3.114192937041955389e+01 3.158834880511099286e+01
3.513266527839599007e+01 3.562773762640460973e+01
3.912265628463123335e+01 3.966497189043712979e+01
4.311186813323853784e+01 4.370075851737536254e+01
4.710074350386042141e+01 4.773492527855644596e+01
5.108810853623158010e+01 5.176764901023645393e+01
5.507485921631420922e+01 5.579897257481647443e+01
5.906126281787298637e+01 5.983001420283011385e+01
6.304707810244008215e+01 6.385939414421169147e+01
6.703174868981537315e+01 6.788737570009239164e+01
7.101592159666499526e+01 7.191461032520922458e+01
7.499884683920389250e+01 7.594100148537616235e+01
7.898126281627534695e+01 7.996649097721743260e+01
8.296251718860588653e+01 8.399017138890113188e+01
8.694276361037606193e+01 8.801071635017176220e+01
9.092196093690370162e+01 9.203255454485365306e+01
9.489977134892066601e+01 9.605088757272292810e+01
9.887683465502341562e+01 1.000700144103485627e+02
1.028530150819242266e+02 1.040916358992446362e+02
1.068271602216779144e+02 1.081118242595752150e+02
1.108003314285300576e+02 1.121315731610773128e+02
1.147727239069665472e+02 1.161464029743989954e+02
1.187437113466199605e+02 1.201563388108817492e+02
1.227133679908347688e+02 1.241676762967256451e+02
