0.000000000000000000e+00 0.000000000000000000e+00
1.478964687565924585e-01 2.177516972544899510e-01
2.789092823852038272e+00 2.923383752803154767e+00
6.462646452713555867e+00 6.702087086675264871e+00
1.013519757552341716e+01 1.047549301895683094e+01
1.380716966401913837e+01 1.424291021940979718e+01
1.747853146382296075e+01 1.800476699060700270e+01
2.114818436490733689e+01 2.176371769100978071e+01
2.481550241933378231e+01 2.551809257962675304e+01
2.848260087297201792e+01 2.926890343834021735e+01
3.214770006803487945e+01 3.301131773496591393e+01
3.581122219617130042e+01 3.674868226865514487e+01
3.947375249203305003e+01 4.048751193830054262e+01
4.313350890764181145e+01 4.421595267237090354e+01
4.679264264052277156e+01 4.794914198658999283e+01
5.044871065201510874e+01 5.167959375360632635e+01
5.410417896721271092e+01 5.539648931256505904e+01
