0.000000000000000000e+00 0.000000000000000000e+00
2.271021899886163098e-01 2.689586328561874851e-01
3.181518177156489546e+00 3.260004733562380075e+00
7.182555963720120396e+00 7.316078576630889785e+00
1.117729815908395707e+01 1.136563223092283081e+01
1.517161071099068792e+01 1.541375657396518761e+01
1.916519608241562977e+01 1.945990903482915257e+01
2.315845992941238762e+01 2.350445092849032491e+01
2.715034069603864708e+01 2.754692569098137511e+01
3.114191750376646795e+01 3.158739457054937816e+01
3.513335500981793302e+01 3.562722960593100652e+01
3.912402195965162832e+01 3.966411181874556746e+01
4.311316132220399311e+01 4.370116511855272279e+01
4.710202882474942498e+01 4.773696267013639272e+01
5.108983974625718361e+01 5.177010433217981955e+01
5.507672043172932774e+01 5.580228561607262350e+01
5.906326137928307674e+01 5.983259881032596184e+01
6.304866268416380137e+01 6.386323154237718569e+01
6.703298373873970206e+01 6.789291008225120549e+01
7.101680659350279257e+01 7.191887912496011381e+01
7.499998139832339916e+01 7.594726642500427261e+01
7.898214404582230941e+01 7.997103393121588510e+01
8.296290197164086067e+01 8.399612702435643996e+01
8.694335973691309505e+01 8.801836837982986594e+01
9.092247073109479061e+01 9.203838211825555504e+01
9.490105131758969037e+01 9.605659371437147342e+01
9.887857858781885056e+01 1.000733988123892857e+02
1.028550178351986943e+02 1.040994667940375962e+02
1.068300075186162985e+02 1.081143749496466739e+02
1.108038253367646178e+02 1.121274536221604308e+02
1.147766847596795685e+02 1.161395433141275930e+02
1.187478734271792860e+02 1.201519337921468207e+02
1.227178467276473413e+02 1.241640395038124041e+02
