0.000000000000000000e+00 0.000000000000000000e+00
3.672984970261730098e+00 3.788967255915967058e+00
7.345969944243151417e+00 7.572231535995699758e+00
1.101895492241456154e+01 1.135032645705441823e+01
1.469193990302284014e+01 1.512371453795580933e+01
1.836492488692658753e+01 1.889279927500332334e+01
2.203790987251290545e+01 2.265793465475169199e+01
2.571089486036524718e+01 2.641943299482418084e+01
2.938387986304885047e+01 3.017757101949456455e+01
3.305686483408963028e+01 3.393259527284926946e+01
3.672984982860847936e+01 3.768472613317840114e+01
4.040283483519677077e+01 4.143416152104613559e+01
4.407581982269044119e+01 4.518107973573172131e+01
4.774880482351198907e+01 4.892564201044957883e+01
5.142178980681065781e+01 5.266799453356682648e+01
5.509477483209454363e+01 5.640827052491671623e+01
5.876775984686319987e+01 6.014659128756682094e+01
