0.000000000000000000e+00 0.000000000000000000e+00
1.539140073113779650e+00 1.795406606000119254e+00
4.339056644426420917e+00 4.694966362787027947e+00
7.137942129884301323e+00 7.589428396212287709e+00
9.935510313661726656e+00 1.047965599766761180e+01
1.273160549039812039e+01 1.336287182213526847e+01
1.552606980162802230e+01 1.624117233242271752e+01
1.831858706299083650e+01 1.911794985719790674e+01
2.110907827738449782e+01 2.198803733971308816e+01
2.389743778238539562e+01 2.485689833996796239e+01
2.668341307427836995e+01 2.771621137422406633e+01
2.946706441056001680e+01 3.057363294110449203e+01
3.224814857282541425e+01 3.343440596508062868e+01
3.502635665330517156e+01 3.628029035232324162e+01
3.780192736971267919e+01 3.912215594591992840e+01
4.057487665451022707e+01 4.196999835834760972e+01
4.334460957420499483e+01 4.481885247798467731e+01
