0.000000000000000000e+00 0.000000000000000000e+00
3.718261672503642146e-01 3.718261672503633264e-01
2.847286813604588573e+00 2.847325760265683847e+00
5.322428891035761112e+00 5.322712484391526111e+00
7.797353165870308800e+00 7.797858770540916140e+00
1.027192849653887308e+01 1.027257033784662354e+01
1.274640909903605923e+01 1.274724511176197694e+01
1.522044018664136900e+01 1.522177293983151536e+01
1.769459040207282996e+01 1.769612780595457835e+01
2.016877606473829943e+01 2.017036871938405440e+01
2.264240966939577149e+01 2.264445031381077911e+01
2.511639377085028713e+01 2.511847828804209826e+01
2.759018280015190072e+01 2.759249300648752268e+01
3.006370904609964256e+01 3.006642629704701974e+01
3.253750629637248437e+01 3.254059180640609839e+01
3.501114551895606297e+01 3.501441239298273445e+01
3.748450240571278158e+01 3.748828531218837412e+01
