0.000000000000000000e+00 0.000000000000000000e+00
2.845455549700215414e-01 2.845455549700215414e-01
2.721310617378866592e+00 2.721369897177630115e+00
5.154023259768316656e+00 5.154887737962890348e+00
7.586240805175441082e+00 7.587124325788195733e+00
1.001833486225114811e+01 1.001982977935156072e+01
1.245004677590550202e+01 1.245256703909702267e+01
1.488203654891894345e+01 1.488454493713109983e+01
1.731440897989146777e+01 1.731718573861591182e+01
1.974597984285106378e+01 1.974910889548676707e+01
2.217798520486152114e+01 2.218103377903282336e+01
2.461033808452642546e+01 2.461292437276807021e+01
2.704258298379716763e+01 2.704514874827850335e+01
2.947447593883269690e+01 2.947708385186862756e+01
3.190616912047102005e+01 3.190932194838660152e+01
3.433767614071263097e+01 3.434110293300552996e+01
3.676947379252310100e+01 3.677334950606687869e+01
