0.000000000000000000e+00 0.000000000000000000e+00 0.000000000000000000e+00 0.000000000000000000e+00 0.000000000000000000e+00 0.000000000000000000e+00 0.000000000000000000e+00 0.000000000000000000e+00 0.000000000000000000e+00
9.725550277481787020e-04 4.161176579270044584e+00 4.614917971426890198e+00 4.614917971426890198e+00 4.614917971426891086e+00 4.614917971426890198e+00 4.614917971426890198e+00 4.614917971426890198e+00 4.614917971426891086e+00
1.664798670148541146e-03 6.817608728250515782e+00 8.696356206786450826e+00 9.169369753883248819e+00 9.230051752068320070e+00 9.230051750007216782e+00 9.230051750977962044e+00 9.230051745939237051e+00 9.230051753495709832e+00
4.579025148663895886e-03 8.740258765174264255e+00 1.215704089003803290e+01 1.336737624721349960e+01 1.375411862150357400e+01 1.383726862130253998e+01 1.384583185776121539e+01 1.384583186427049384e+01 1.384583187026196605e+01
5.580828187582433444e-03 1.023637787972828406e+01 1.506298557633080293e+01 1.716635079981590195e+01 1.804757004812831056e+01 1.836135410230214049e+01 1.844561866772047409e+01 1.846020189837935277e+01 1.846141870780815708e+01
7.226310235440396024e-03 1.145606518377075034e+01 1.752450213824874936e+01 2.057520868804354564e+01 2.205288126824662243e+01 2.272094585685624324e+01 2.297842931867873517e+01 2.305688455854525998e+01 2.307428380369761456e+01
1.005164419608712070e-02 1.248336822706159666e+01 1.963882226944452114e+01 2.362426806821432734e+01 2.575996055506237070e+01 2.686531875728866225e+01 2.738722412125351724e+01 2.759966186242190389e+01 2.767031627688869833e+01
1.097959362702424432e-02 1.336870293486283678e+01 2.148011857525681023e+01 2.635332571020819614e+01 2.917691025534001170e+01 3.077283371408147872e+01 3.162882949247010345e+01 3.204529049216140635e+01 3.222163177198368800e+01
1.121454700430923879e-02 1.414696242374016144e+01 2.310616647503168153e+01 2.880662735455235435e+01 3.232280390067708709e+01 3.444274663168364015e+01 3.568138187428054664e+01 3.636021768473513305e+01 3.669756901757365597e+01
1.133342410947524304e-02 1.484036961154879286e+01 2.455820331355453590e+01 3.102305266343546464e+01 3.521856925814068262e+01 3.788120470271164208e+01 3.953512499417912807e+01 4.052038260240663448e+01 4.106800126023252062e+01
1.159440913120010283e-02 1.546507797109999416e+01 2.586745978494477782e+01 3.303672909400257396e+01 3.788707948637143375e+01 4.109912038366603326e+01 4.318966137221542567e+01 4.451290248939871219e+01 4.531043713726644739e+01
1.185491258629051657e-02 1.603339140783070960e+01 2.705817436561250844e+01 3.487687543791609102e+01 4.035148757592837399e+01 4.411006272623009750e+01 4.665011584373796438e+01 4.833332651783386780e+01 4.941085061622217722e+01
1.221014809811868038e-02 1.655441546377130990e+01 2.814899071058182756e+01 3.656765690058279006e+01 4.263345566851072022e+01 4.692845696624974750e+01 4.992415082636698287e+01 5.198222873778823327e+01 5.336177770715850244e+01
1.260162296593164352e-02 1.703536052469749862e+01 2.915475304794710354e+01 3.812927758412990187e+01 4.475292743674736329e+01 4.956919074594406283e+01 5.302105584154354290e+01 5.546351941536632779e+01 5.716087435914668191e+01
1.286502122649532849e-02 1.748203898524728572e+01 3.008746169178233032e+01 3.957864188382067283e+01 4.672785702839308897e+01 5.204700903612222618e+01 5.595099313040312694e+01 5.878306665322075020e+01 6.080925165257973219e+01
1.298410351775209845e-02 1.789898856734006216e+01 3.095673151033495429e+01 4.092972524908913812e+01 4.857396729219571085e+01 5.437586831543401900e+01 5.872430722681822601e+01 6.194764208296070507e+01 6.431000915352815639e+01
1.310716625642287074e-02 1.828974851759485531e+01 3.177028761933704715e+01 4.219407585177230402e+01 5.030486777453037917e+01 5.656866704498310838e+01 6.135119573094834067e+01 6.496442463921664512e+01 6.766738534446103870e+01
