0.000000000000000000e+00 0.000000000000000000e+00
2.238765034788441799e+00 2.410010433083618953e+00
5.565041569963237400e+00 5.839622606349774259e+00
8.890779057763516846e+00 9.263681252949847789e+00
1.221553816965170824e+01 1.268332298609729492e+01
1.553889240777768421e+01 1.609725879953356298e+01
1.886092106134605473e+01 1.950624393549369628e+01
2.218121863605757582e+01 2.291047864931542932e+01
2.549973206295732098e+01 2.631011616657385588e+01
2.881660686956925588e+01 2.970523584549759022e+01
3.213146592521577816e+01 3.309591571929510678e+01
3.544440819776231422e+01 3.648220726353530097e+01
3.875496965429795182e+01 3.987485973611015311e+01
4.206305853082420754e+01 4.325223843720737449e+01
4.536845817734343456e+01 4.663898295533808636e+01
4.867105590108900515e+01 5.000740227176315500e+01
5.197120061275484204e+01 5.337194855234872648e+01
