0.000000000000000000e+00 0.000000000000000000e+00 0.000000000000000000e+00 0.000000000000000000e+00 0.000000000000000000e+00 0.000000000000000000e+00 0.000000000000000000e+00 0.000000000000000000e+00 0.000000000000000000e+00
7.251716815792619286e-04 4.161423962403095089e+00 4.569843367515786348e+00 4.569843367515786348e+00 4.569843367515786348e+00 4.569843367515786348e+00 4.569843367515786348e+00 4.569843367515787236e+00 4.569843367515788124e+00
1.490012895217070372e-02 6.818401967172686540e+00 8.659413092955711377e+00 9.090317474124047337e+00 9.140365234529168603e+00 9.140365212245846749e+00 9.140365243961625197e+00 9.140365217983699608e+00 9.140365233848090298e+00
1.689014099738423910e-02 8.743787075472111425e+00 1.213023626172381242e+01 1.328438938386559443e+01 1.363401550077735891e+01 1.370354002924117687e+01 1.370998329216311973e+01 1.370998372611727945e+01 1.370998425670406462e+01
1.815103537608954432e-02 1.024143160506930528e+01 1.504451857198464992e+01 1.709356722168309517e+01 1.791805801922608055e+01 1.819733511634763090e+01 1.826749769696157699e+01 1.827864060353863351e+01 1.827947554698429400e+01
3.548552606533889736e-02 1.146218667571081085e+01 1.751203070405932749e+01 2.051575167009177392e+01 2.192886720027932768e+01 2.254366640855480597e+01 2.276917868826163271e+01 2.283376824827619700e+01 2.284704617215771094e+01
8.015895369096560918e-02 1.249233103814334278e+01 1.963026657059177893e+01 2.357648938402163452e+01 2.564826398875857905e+01 2.668805848544393911e+01 2.716034533113750271e+01 2.734341719439282770e+01 2.740077307895055725e+01
8.100000739805640615e-02 1.338476718815183730e+01 2.147408829637235073e+01 2.631396470825379197e+01 2.907844740606089573e+01 3.060313162608956361e+01 3.139548498029790835e+01 3.176596751891066006e+01 3.191535049647719902e+01
8.177141239803570327e-02 1.416790806657469659e+01 2.310282866400006085e+01 2.877341325508771419e+01 3.223684569547116041e+01 3.428540401923009995e+01 3.545141320968942011e+01 3.606982323959023518e+01 3.636490883618561298e+01
8.192151032937280974e-02 1.486570574354423613e+01 2.455821595819422853e+01 3.099541820033961770e+01 3.514428886347341319e+01 3.773888513454876659e+01 3.931600741438161606e+01 4.023004110137235756e+01 4.072105335795261283e+01
8.228703036867413001e-02 1.549391555749017790e+01 2.587066968323823701e+01 3.301384775292510909e+01 3.782280680982206178e+01 4.097191249890555298e+01 4.298533435340701914e+01 4.423049381674473324e+01 4.495963187542725592e+01
8.292786014436172304e-02 1.606485686235427579e+01 2.706410430391098032e+01 3.485789777366942133e+01 4.029545455106791962e+01 4.399675608671032023e+01 4.646208860486010650e+01 4.806391985035097036e+01 4.906442165515343845e+01
8.333073036158540614e-02 1.658842375968353622e+01 2.815773109752093006e+01 3.655243906804280130e+01 4.258470739283802686e+01 4.682796855867830033e+01 4.975302395887916163e+01 5.172932754113980280e+01 5.302634536684713851e+01
8.373718927281567637e-02 1.707157091823076200e+01 2.916610278713868709e+01 3.811746466386577481e+01 4.471043216897034256e+01 4.948002980787079252e+01 5.286619803390566119e+01 5.522868055227328199e+01 5.684077845994736577e+01
8.412965583389095392e-02 1.752003545530519446e+01 3.010108379569783565e+01 3.956979004424592716e+01 4.669063612363098770e+01 5.196760334275797533e+01 5.581111196117897322e+01 5.856650335239403660e+01 6.050701733592889298e+01
8.451344858695773732e-02 1.793840543801623966e+01 3.097228211565318645e+01 4.092341366130272462e+01 4.854118078996141605e+01 5.430476859980517190e+01 5.859784711879677133e+01 6.174873428314508317e+01 6.402681593848565456e+01
8.471796524357629032e-02 1.833059571346651140e+01 3.178776061720692425e+01 4.219023733130359233e+01 5.027611760659002726e+01 5.650491848519057214e+01 6.123687996159677738e+01 6.478236808943032088e+01 6.740375516453681826e+01
