0.000000000000000000e+00 0.000000000000000000e+00
7.440734609949393175e-01 7.440734609949393175e-01
3.378080699625640726e+00 3.378119679816805832e+00
6.009707144865016559e+00 6.010297289038546431e+00
8.641268827252499563e+00 8.642417015744740638e+00
1.127326255000800259e+01 1.127515169340572498e+01
1.390474263704866686e+01 1.390729271254098265e+01
1.653625288873329069e+01 1.653936137206934021e+01
1.916815373961239644e+01 1.917142045308693810e+01
2.180008570927212475e+01 2.180411560029784113e+01
2.443203096254669049e+01 2.443611026708344980e+01
2.706398938615843974e+01 2.706819192466023338e+01
2.969585389109601792e+01 2.970021660440046674e+01
3.232729324962858897e+01 3.233216090189701220e+01
3.495866648157834788e+01 3.496403710714432833e+01
3.759047396165221500e+01 3.759590880611485630e+01
4.022243433898205467e+01 4.022774958983787030e+01
