0.000000000000000000e+00 0.000000000000000000e+00 0.000000000000000000e+00 0.000000000000000000e+00 0.000000000000000000e+00 0.000000000000000000e+00 0.000000000000000000e+00 0.000000000000000000e+00 0.000000000000000000e+00
1.118964130226807185e-02 4.162149042423047618e+00 7.396254274738427448e+00 7.396254274738428336e+00 7.396254274738428336e+00 7.396254274738430112e+00 7.396254274738427448e+00 7.396254274738428336e+00 7.396254274738428336e+00
5.478795771062783260e-02 6.821839263792754515e+00 1.121464957108403304e+01 1.324258368248905882e+01 1.479080306974479342e+01 1.479080340869625587e+01 1.479080368871644424e+01 1.479080336443281851e+01 1.479080331575303831e+01
6.878108108630068274e-02 8.755226952730691181e+00 1.411526668668944140e+01 1.758344902890517147e+01 2.019339215190868586e+01 2.136925310657893107e+01 2.217872918495096712e+01 2.217872072812794926e+01 2.217872882555663949e+01
6.967520930857078187e-02 1.025911166748978331e+01 1.655233613693915373e+01 2.104068552792432456e+01 2.449590873235610289e+01 2.675444280850582146e+01 2.841385348199810323e+01 2.912567755119049551e+01 2.956361562527011699e+01
6.985476507733001661e-02 1.148458981605005036e+01 1.866945381846988283e+01 2.395704782975509062e+01 2.813033399998680295e+01 3.124361080358334419e+01 3.365605061247909902e+01 3.519609525335912537e+01 3.627130398024419122e+01
7.318626993422461258e-02 1.251599840794805729e+01 2.053635004145472465e+01 2.650917886530640288e+01 3.130732356619272849e+01 3.510874093702813070e+01 3.817239715357617769e+01 4.044716161679835409e+01 4.216995768372527920e+01
8.205039569610800276e-02 1.340539490042642967e+01 2.219952150978797079e+01 2.879392816205685790e+01 3.414729534374707498e+01 3.852704600897293119e+01 4.215544114679531873e+01 4.505277568382773268e+01 4.736877764613679176e+01
8.256981993511833262e-02 1.418651427051152147e+01 2.369350499435100232e+01 3.086816100066150526e+01 3.672584956412237034e+01 4.160984619075415480e+01 4.573426550032039728e+01 4.916328058839418702e+01 5.200642935832900804e+01
8.310536362674499078e-02 1.488206498238691644e+01 2.504654612831357952e+01 3.276983800436553906e+01 3.909511699962816067e+01 4.443129590149227681e+01 4.899863201713328209e+01 5.289078780541859004e+01 5.620093714444730892e+01
8.316811938030420348e-02 1.550913017677060601e+01 2.628089081505309466e+01 3.452548752428444345e+01 4.129128864285955558e+01 4.704156294575052755e+01 5.201082321725282753e+01 5.631447333969373403e+01 6.004128601030551238e+01
8.378705296652706747e-02 1.607884252934992730e+01 2.741303933358827294e+01 3.615369868175434931e+01 4.333920524964813836e+01 4.947496894589240668e+01 5.481421208275176582e+01 5.948988482398547717e+01 6.359243490155501632e+01
8.422208100572546596e-02 1.660131975353144895e+01 2.845793039114541045e+01 3.767073938591799021e+01 4.525897736786647130e+01 5.175823258614358480e+01 5.744225083714685809e+01 6.245924600293528073e+01 6.690445419987764808e+01
8.468174773860243087e-02 1.708351563229432912e+01 2.942699839462894218e+01 3.908916906275587166e+01 4.706544154076212294e+01 5.391090331338703123e+01 5.991953507981395433e+01 6.525357319537206990e+01 7.001463127208336346e+01
8.482967895275511649e-02 1.753145560653819146e+01 3.033017811763343730e+01 4.042005283557552531e+01 4.877099227343710197e+01 5.594869353137168133e+01 6.226559388174457155e+01 6.789717180632422355e+01 7.295220339964599532e+01
8.530214804636916670e-02 1.794903592406471660e+01 3.117481875996025309e+01 4.167191215875187282e+01 5.038493593938235904e+01 5.788324576369688401e+01 6.449498903388325743e+01 7.040822038006112393e+01 7.573920579334360070e+01
8.547832554818202144e-02 1.834064814432227664e+01 3.196822124952002397e+01 4.285324882763289622e+01 5.191628389539198452e+01 5.972515867037955672e+01 6.662056293190069312e+01 7.280232209083203543e+01 7.839429648632973624e+01
