0.000000000000000000e+00 0.000000000000000000e+00
2.003542687577508197e+00 2.003542687577508197e+00
5.224158119125050348e+00 5.224174707711755516e+00
8.445231759050727760e+00 8.445254676251664705e+00
1.166630862036042515e+01 1.166633320749060410e+01
1.488737654123228538e+01 1.488738572871260502e+01
1.810833220865790949e+01 1.810835197471282143e+01
2.132929508716130940e+01 2.132928795558891721e+01
2.455019943254627890e+01 2.455023819890918801e+01
2.777110626888671874e+01 2.777120598449178246e+01
3.099199811795606863e+01 3.099212588408981617e+01
3.421288586645822960e+01 3.421301695427277423e+01
3.743376606730622314e+01 3.743390714440158717e+01
4.065463578966695479e+01 4.065478546228650458e+01
4.387548906322626863e+01 4.387564944569688663e+01
4.709633761321244094e+01 4.709653769557198189e+01
5.031714227375182702e+01 5.031740009801130498e+01
