0.000000000000000000e+00 0.000000000000000000e+00
1.049858700729538796e+00 1.049858700729537908e+00
3.820364975746325609e+00 3.820438563556179723e+00
6.590671887567451037e+00 6.590834546286618689e+00
9.360989779227505636e+00 9.361196993734452576e+00
1.213120912782757088e+01 1.213150826280308792e+01
1.490137118722802612e+01 1.490191349155184319e+01
1.767154049907760438e+01 1.767218583691527201e+01
2.044168322362031276e+01 2.044239670212353133e+01
2.321171596027517126e+01 2.321255686891137415e+01
2.598173880373026634e+01 2.598279230018447095e+01
2.875185393213028817e+01 2.875300065262851845e+01
3.152183185056389192e+01 3.152309859124005698e+01
3.429179799029363807e+01 3.429324441127046441e+01
3.706186099893785979e+01 3.706329764372358682e+01
3.983175422462569060e+01 3.983346514852608777e+01
4.260171656675645124e+01 4.260359850053251307e+01
