0.000000000000000000e+00 0.000000000000000000e+00
-1.508428060076338895e-02 -1.508428060076338895e-02
2.281182548544464783e+00 2.281312470527485203e+00
4.575318250510339801e+00 4.574804090832085279e+00
6.868685102458130132e+00 6.868237969082203520e+00
9.161930686748057440e+00 9.161511482151951213e+00
1.145511146693987214e+01 1.145557801340846638e+01
1.374815767986330073e+01 1.374874073776667771e+01
1.604119382790038983e+01 1.604191144124077439e+01
1.833496124881651212e+01 1.833585590243997387e+01
2.062872963082760691e+01 2.062973283148001968e+01
2.292256119735207420e+01 2.292284125331837430e+01
2.521558959275984790e+01 2.521599074435390619e+01
2.750856426218785700e+01 2.750904201035655916e+01
2.980232480009345153e+01 2.980287430653151404e+01
3.209528763139151408e+01 3.209588128815056507e+01
3.438819987515540788e+01 3.438972209086229270e+01
