0.000000000000000000e+00 0.000000000000000000e+00
2.182813411065670728e+00 2.182813411065670728e+00
5.489271360473678030e+00 5.489286330501697009e+00
8.795852193410194531e+00 8.795903651146737445e+00
1.210259261483338378e+01 1.210265272925570201e+01
1.540929706714075920e+01 1.540936740221217605e+01
1.871598274012732332e+01 1.871606362096382981e+01
2.202226353709867723e+01 2.202241286619319993e+01
2.532854902457143709e+01 2.532875864336445204e+01
2.863483675075155332e+01 2.863503114445948938e+01
3.194105744809538550e+01 3.194121534303052812e+01
3.524728487049561210e+01 3.524746942849106546e+01
3.855346768849462080e+01 3.855371208763054369e+01
4.185961678699268873e+01 4.185988916406776639e+01
4.516579247921139029e+01 4.516609672242695694e+01
4.847194917365887790e+01 4.847223418908821202e+01
5.177806791658169061e+01 5.177841235349524140e+01
