0.000000000000000000e+00 0.000000000000000000e+00
2.210758889270128424e+00 2.210758889270127536e+00
5.531331141542414898e+00 5.531602268208071216e+00
8.851526374041220890e+00 8.852196470487733393e+00
1.217198237497097324e+01 1.217274030097218684e+01
1.549213940971439740e+01 1.549363551379340898e+01
1.881207057748203937e+01 1.881418927685138698e+01
2.213235443685368509e+01 2.213499212260770577e+01
2.545248972356758088e+01 2.545575827370890920e+01
2.877255070533055559e+01 2.877649641764310218e+01
3.209274982741237636e+01 3.209677234119727984e+01
3.541282050481295585e+01 3.541710533309435505e+01
3.873287074588101575e+01 3.873753226579152908e+01
4.205290402790376447e+01 4.205773834330157968e+01
4.537327044146630328e+01 4.537819544697866547e+01
4.869361310481239968e+01 4.869866727774580539e+01
5.201376372967810369e+01 5.201885518311043910e+01
