0.000000000000000000e+00 0.000000000000000000e+00 0.000000000000000000e+00 0.000000000000000000e+00 0.000000000000000000e+00 0.000000000000000000e+00 0.000000000000000000e+00 0.000000000000000000e+00 0.000000000000000000e+00
6.503281604074651057e-03 4.162149024606818237e+00 7.211909466846477379e+00 7.211909466846477379e+00 7.211909466846477379e+00 7.211909466846477379e+00 7.211909466846477379e+00 7.211909466846478267e+00 7.211909466846476491e+00
7.765895161714209821e-03 6.820525196181772998e+00 1.103736457183211961e+01 1.300129585905253649e+01 1.442285104247559602e+01 1.442285101101354527e+01 1.442285098146395228e+01 1.442285099163567530e+01 1.442285114695376791e+01
7.865155378534957262e-03 8.743712765646856511e+00 1.396685539040571733e+01 1.733731074995645471e+01 1.979587965650879866e+01 2.090869261882253483e+01 2.163350488510553760e+01 2.163350486457715505e+01 2.163350498550024525e+01
8.410034716398121640e-03 1.023918988151378073e+01 1.643167727368148689e+01 2.080671773519588541e+01 2.411273577154697989e+01 2.626762026473780409e+01 2.780240772712651776e+01 2.846132231116881073e+01 2.884369895862321442e+01
8.955288644839184270e-03 1.145828817944117617e+01 1.856943591246708181e+01 2.374150985716122264e+01 2.777165039964304682e+01 3.076034362351525075e+01 3.303354702256854836e+01 3.447775286643349091e+01 3.545345067387154359e+01
9.463418813574375754e-03 1.248498577553529820e+01 2.045109480750386410e+01 2.631435270026604556e+01 3.097532225962900654e+01 3.464306146634800854e+01 3.756230239828079220e+01 3.971558460863083440e+01 4.131421263772561758e+01
9.703141882190732120e-03 1.337073180090011348e+01 2.212506469278793730e+01 2.861991360103426985e+01 3.384230377001203749e+01 3.808585381485627153e+01 4.156846824152397346e+01 4.433056914987989927e+01 4.650930563401712448e+01
9.745586116757057674e-03 1.414881850325622992e+01 2.362758709885676467e+01 3.071422363496724728e+01 3.644795697482360453e+01 4.119687001206897037e+01 4.517622391315934749e+01 4.846336573916033785e+01 5.116242163992625080e+01
1.000635984508495106e-02 1.484175452524731398e+01 2.498659655668003410e+01 3.263341792830544819e+01 3.884256783258872758e+01 4.404674104292774928e+01 4.847100149012080550e+01 5.221863492693088915e+01 5.538132424219826078e+01
1.014464365794177404e-02 1.546634256811697306e+01 2.622490620140529316e+01 3.440379487876864317e+01 4.106191739512908612e+01 4.668451068013470717e+01 5.151357521673636342e+01 5.567240148504088637e+01 5.925049842662689770e+01
1.024155928141551146e-02 1.603459763983693520e+01 2.736044861375107473e+01 3.604504528970330313e+01 4.313164035311741884e+01 4.914490397557024437e+01 5.434750412136371267e+01 5.887951137882318164e+01 6.283346253654424629e+01
1.034221616622050394e-02 1.655566436248128070e+01 2.840773137183628450e+01 3.757293252920604232e+01 4.507103205327261009e+01 5.145361006286101002e+01 5.700505757694819664e+01 6.188051587841818701e+01 6.617819526609820002e+01
1.062112085451528444e-02 1.703650521373423388e+01 2.937844352252317748e+01 3.900033481925255074e+01 4.689499380242417459e+01 5.363004622436361046e+01 5.951058842177028652e+01 6.470589746116269225e+01 6.932117585817822203e+01
1.078879571081449787e-02 1.748307739495383117e+01 3.028263021248103115e+01 4.033853856469794152e+01 4.861595868130879694e+01 5.568980316898898764e+01 6.188342550514202145e+01 6.737957705519254148e+01 7.229107610323248423e+01
1.089690538019966529e-02 1.789985000683306993e+01 3.112833908779164815e+01 4.159688821346539811e+01 5.024395038560447802e+01 5.764507717366705464e+01 6.413862031786941031e+01 6.992009706625154308e+01 7.511019219915755230e+01
1.108289516279904741e-02 1.829038048063073774e+01 3.192220400160586991e+01 4.278334087714269884e+01 5.178737896767476911e+01 5.950574398602285697e+01 6.628822815797003898e+01 7.234219943463237712e+01 7.779623802293249923e+01
