0.000000000000000000e+00 0.000000000000000000e+00
1.049868597819599181e+00 1.049868597819599181e+00
3.820364068258655710e+00 3.820275942495207300e+00
6.590631957245014050e+00 6.590574155085150210e+00
9.360859696497175975e+00 9.360823880545648734e+00
1.213104728225507678e+01 1.213103125361925905e+01
1.490120330361187229e+01 1.490123879670407803e+01
1.767147103688686727e+01 1.767140841024583864e+01
2.044151568385063555e+01 2.044147360350013543e+01
2.321162311166721182e+01 2.321164215599427649e+01
2.598161586471996998e+01 2.598174355145074799e+01
2.875171388024257624e+01 2.875179263805443242e+01
3.152165557467721868e+01 3.152187276361339485e+01
3.429156691977752303e+01 3.429195181293259509e+01
3.706148475676087628e+01 3.706188339440936375e+01
3.983135313773761510e+01 3.983178521624494550e+01
4.260129176422042008e+01 4.260168729948651389e+01
