0.000000000000000000e+00 0.000000000000000000e+00
2.449044242905329405e+00 2.606196053140028113e+00
5.882048595847649608e+00 6.142710052625570682e+00
9.314327226362568268e+00 9.673701282410231528e+00
1.274497263834781613e+01 1.320045764715272085e+01
1.617443299498863496e+01 1.672391836395806308e+01
1.960242860634173923e+01 2.024236635040251286e+01
2.302885115479791978e+01 2.375523278197453436e+01
2.645346005719869709e+01 2.725836116608628146e+01
2.987626378786453074e+01 3.076619231057155446e+01
3.329694728790580172e+01 3.427065648564020961e+01
3.671533716029596661e+01 3.776590977885888378e+01
4.013137599509030906e+01 4.125726355080220742e+01
4.354511780181989877e+01 4.475266297198193399e+01
4.695606598889450822e+01 4.824504240864580140e+01
5.036401380486455537e+01 5.174076063721422258e+01
5.376858851915298487e+01 5.521996423408157995e+01
