0.000000000000000000e+00 0.000000000000000000e+00
1.548134268741661934e+00 1.800729086811452717e+00
4.366856669694248794e+00 4.719750913378535806e+00
7.183443008357976112e+00 7.631234672190762680e+00
9.999314588922969094e+00 1.053800202513455631e+01
1.281370329382989937e+01 1.344041864428595190e+01
1.562646967100851469e+01 1.633720137392987226e+01
1.843741202126521017e+01 1.922922114963901663e+01
2.124644266857871955e+01 2.212055011608970290e+01
2.405324421849645233e+01 2.500314690849538124e+01
2.685782826473170459e+01 2.788133081080932385e+01
2.966009643109347138e+01 3.076404292408217245e+01
3.245963877965660060e+01 3.364333248933502318e+01
3.525631120966877319e+01 3.650773103885686766e+01
3.805035890464851178e+01 3.936807994419457657e+01
4.084172774139169348e+01 4.222447965743113230e+01
4.363034059793574926e+01 4.509225852057691952e+01
