0.000000000000000000e+00 0.000000000000000000e+00
1.599042447467537542e+00 1.844169699434744736e+00
4.468787386772818060e+00 4.814398356032573822e+00
7.336380274183711414e+00 7.777739571174779876e+00
1.020275908054715686e+01 1.073674581752008805e+01
1.306770755083340063e+01 1.369003665964751626e+01
1.593076618471171102e+01 1.663863370579173662e+01
1.879209529859559780e+01 1.958584247188931471e+01
2.165144126772515776e+01 2.253314799264600410e+01
2.450850472322460760e+01 2.547272246190526346e+01
2.736294297387805230e+01 2.840613840946385693e+01
3.021472182241996052e+01 3.132932558499778963e+01
3.306437805106638450e+01 3.425868722052845072e+01
3.591112075210975263e+01 3.717658970693591414e+01
3.875501385698980528e+01 4.008641252931774090e+01
4.159617098881521713e+01 4.300224408782662522e+01
4.443424154089332490e+01 4.591968453095371672e+01
