0.000000000000000000e+00 0.000000000000000000e+00 0.000000000000000000e+00 0.000000000000000000e+00 0.000000000000000000e+00 0.000000000000000000e+00 0.000000000000000000e+00 0.000000000000000000e+00 0.000000000000000000e+00
6.385342998521004176e-03 4.162149115765744867e+00 4.987777667754491162e+00 4.987777667754492938e+00 4.987777667754492050e+00 4.987777667754492050e+00 4.987777667754492050e+00 4.987777667754491162e+00 4.987777667754492050e+00
1.669030925378360564e-02 6.820492014436775108e+00 9.013210906564228964e+00 9.799071430507339642e+00 9.975012399533568441e+00 9.975012393957570112e+00 9.975012405877617283e+00 9.975012412880433388e+00 9.975012408440857570e+00
2.159604877692430230e-02 8.745762040346688693e+00 1.238893202408238636e+01 1.402115002669246380e+01 1.470466955871776094e+01 1.492102449851877566e+01 1.496137119520346914e+01 1.496137119666336979e+01 1.496137117386797399e+01
2.219193193915288201e-02 1.024326830907718033e+01 1.523155795187480344e+01 1.774324033143771473e+01 1.904700521706376648e+01 1.964916758623720838e+01 1.987640738846016220e+01 1.993732531950148612e+01 1.994671694192513911e+01
2.519713739604610009e-02 1.146433126852538820e+01 1.765070501144432669e+01 2.105340047326622255e+01 2.300343370553589040e+01 2.408000350649214027e+01 2.461560413808022574e+01 2.483985073893902751e+01 2.491354812882477177e+01
2.611092079188821052e-02 1.249188548997026160e+01 1.973544134722518351e+01 2.401092138618000149e+01 2.661290874550411445e+01 2.819909995983610074e+01 2.911448970731843033e+01 2.959270616072756255e+01 2.980896421285178022e+01
2.671630343010359190e-02 1.337831092460967675e+01 2.155733800777999676e+01 2.666591810804387208e+01 2.991892798176799673e+01 3.202480136708457792e+01 3.335541618216507231e+01 3.414770230140273100e+01 3.457773779417639304e+01
2.732474574085898625e-02 1.415672174479131762e+01 2.316903502178380592e+01 2.906028402205610206e+01 3.295661748935399515e+01 3.558269408346537688e+01 3.734324422898126983e+01 3.848347014389150900e+01 3.917862696406390199e+01
2.921320198470755622e-02 1.485073918733166209e+01 2.461100129072811882e+01 3.123133100165917497e+01 3.575614487008006392e+01 3.889928920466239504e+01 4.109388304354208543e+01 4.259878933603496876e+01 4.359108763885428317e+01
2.974102885118794226e-02 1.547571964969483460e+01 2.591237390159676934e+01 3.320937068885707077e+01 3.834185507373951651e+01 4.199652024800507633e+01 4.462432996035443722e+01 4.650070960050042146e+01 4.780796460036957285e+01
3.072204668767568314e-02 1.604380314348775727e+01 2.709659489964208845e+01 3.502116284286450565e+01 4.073647382618320734e+01 4.489462649294926422e+01 4.795259890371797695e+01 5.020188513579722667e+01 5.183279423968100730e+01
3.140101738155746947e-02 1.656502587171409857e+01 2.818262846583969150e+01 3.668983421129328804e+01 4.296094058575728525e+01 4.761196408851940731e+01 5.109577341424017050e+01 5.371664318225855084e+01 5.567446052826946357e+01
3.204862676181151337e-02 1.704620607671133214e+01 2.918465293188126353e+01 3.823385773352372041e+01 4.503302541933044978e+01 5.016397172970723517e+01 5.406820594556796777e+01 5.705795283862558875e+01 5.934285968715697379e+01
3.260763622532824452e-02 1.749304646145462883e+01 3.011431381553693853e+01 3.966898552458837912e+01 4.696880583835801559e+01 5.256488477367448553e+01 5.688298430917312487e+01 6.023813107848132375e+01 6.284863900606981701e+01
3.408423036443386511e-02 1.791055019269395743e+01 3.098150263528326320e+01 4.100886934851658339e+01 4.878291742876085380e+01 5.482807616297322539e+01 5.955229655863713134e+01 6.326879316697831257e+01 6.620252705492042367e+01
3.554409889200879635e-02 1.830188257000462926e+01 3.179339428493055308e+01 4.226404832773851439e+01 5.048725463917683243e+01 5.696472524488314093e+01 6.208619696285782652e+01 6.615942689248441866e+01 6.941350772897435206e+01
