0.000000000000000000e+00 0.000000000000000000e+00
3.718633559286415036e-01 3.718633559286432799e-01
2.847203067155971823e+00 2.847224230344916229e+00
5.322284777840756043e+00 5.322312050048659593e+00
7.797082557706369599e+00 7.797394608400056271e+00
1.027166195537990490e+01 1.027214033475261701e+01
1.274599769281629058e+01 1.274667941826522721e+01
1.521999202080777280e+01 1.522088417359165646e+01
1.769417598511204659e+01 1.769521463788728965e+01
2.016817972356206567e+01 2.016954325572032403e+01
2.264188612109167309e+01 2.264374809464586846e+01
2.511533953675759534e+01 2.511750829820307729e+01
2.758899873909544453e+01 2.759166796492636564e+01
3.006255790502176950e+01 3.006549602963799828e+01
3.253588799925113761e+01 3.253935283693387248e+01
3.500923585718975062e+01 3.501296866035431776e+01
3.748252457000309334e+01 3.748688200932702586e+01
