0.000000000000000000e+00 0.000000000000000000e+00
2.142463494853012573e+00 2.319891673372878937e+00
5.419346148180348877e+00 5.699466278069178493e+00
8.695469010742776561e+00 9.074864499052729627e+00
1.197051325406924782e+01 1.244372242619870939e+01
1.524430776490362938e+01 1.580991098963302122e+01
1.851666157816648450e+01 1.917043030152489536e+01
2.178738602255292278e+01 2.252878299233649884e+01
2.505629549698609893e+01 2.588344916312830435e+01
2.832318442726203500e+01 2.923088624320910967e+01
3.158796824053268892e+01 3.257490117381715322e+01
3.485049203733802869e+01 3.590995293470130889e+01
3.811079886898181002e+01 3.924079641489733206e+01
4.136882074555778388e+01 4.257421131703915762e+01
4.462422185413743136e+01 4.591041300753231269e+01
4.787661524350571085e+01 4.923646892770035066e+01
5.112610447748588172e+01 5.255908123137256638e+01
