0.000000000000000000e+00 0.000000000000000000e+00
1.627773021104461648e+00 1.861793963407582631e+00
4.548702081950341203e+00 4.883117818483156292e+00
7.468606005821966320e+00 7.898885954730914705e+00
1.038706799526135072e+01 1.090894113311129132e+01
1.330421537936150678e+01 1.391564757488098536e+01
1.621978652605309890e+01 1.691569149510814185e+01
1.913360703086213022e+01 1.991252354790420043e+01
2.204542991950744835e+01 2.290861908797894841e+01
2.495511989836807487e+01 2.590104842865366663e+01
2.786239844379435127e+01 2.888710297189183152e+01
3.076724055292144300e+01 3.187262815570016272e+01
3.366939304680527556e+01 3.484415329527757876e+01
3.656907212866610735e+01 3.781166432263013633e+01
3.946617536336645315e+01 4.078819080629029514e+01
4.236022258171938404e+01 4.375613375787642667e+01
4.525104665295437911e+01 4.671044440324809699e+01
