0.000000000000000000e+00 0.000000000000000000e+00
2.771723209041283553e+00 2.914532465142364082e+00
6.352682802229240977e+00 6.599589261278128838e+00
9.932231775450452105e+00 1.027890940543362319e+01
1.351114140677134046e+01 1.395432988208583325e+01
1.708888646054680649e+01 1.762557206320448699e+01
2.066444444476604048e+01 2.128897884896469606e+01
2.423707523918898943e+01 2.494754798372514415e+01
2.780802522386009201e+01 2.859993552148835860e+01
3.137685974033954395e+01 3.225456625830456403e+01
3.494391414424600129e+01 3.590872463300971162e+01
3.850828746474816455e+01 3.955671709276580827e+01
4.207038444052584225e+01 4.320155312835982642e+01
4.563015628889785091e+01 4.683015014625908634e+01
4.918718284411838226e+01 5.046942695516528943e+01
5.274136147773229766e+01 5.408894207627874096e+01
5.629304425237448584e+01 5.772299955801145188e+01
