0.000000000000000000e+00 0.000000000000000000e+00
-1.501498879156715205e-02 -1.501498879156715205e-02
2.281250199993527961e+00 2.281314498720901973e+00
4.574507462399050262e+00 4.574591217337562021e+00
6.867649374580539146e+00 6.868527857103554624e+00
9.160589305717223851e+00 9.161481340005821039e+00
1.145344470117914426e+01 1.145520974968597017e+01
1.374703537697104672e+01 1.374885588283156856e+01
1.603983185332559458e+01 1.604169173199241172e+01
1.833267809417661454e+01 1.833450692629263656e+01
2.062548926012897965e+01 2.062733468230535294e+01
2.291825061192246693e+01 2.292011660855905575e+01
2.521178952224124714e+01 2.521366189292732685e+01
2.750448241901329283e+01 2.750640106664677376e+01
2.979718487197516552e+01 2.979918863388107297e+01
3.208986584860937796e+01 3.209185320553518750e+01
3.438257127043600292e+01 3.438453325376741532e+01
