0.000000000000000000e+00 0.000000000000000000e+00
2.678589182273836578e+00 2.678589182273835689e+00
6.213961555754480948e+00 6.213946629972967983e+00
9.749301163792717162e+00 9.749274974848731290e+00
1.328449201618916575e+01 1.328448757468778041e+01
1.681967170783250154e+01 1.681969863906344642e+01
2.035483127903524903e+01 2.035476842561088162e+01
2.388983244806193085e+01 2.388984497286688935e+01
2.742475465620536568e+01 2.742485167087993858e+01
3.095971798171892431e+01 3.095987501693403843e+01
3.449464781484689269e+01 3.449486090603336663e+01
3.802963285175700747e+01 3.802978093016943006e+01
4.156419500364938102e+01 4.156441249196809196e+01
4.509905343717166204e+01 4.509938077308303406e+01
4.863388808904323213e+01 4.863432783535856174e+01
5.216880964612148119e+01 5.216928849499693399e+01
5.570372476675537854e+01 5.570420598332491124e+01
