0.000000000000000000e+00 0.000000000000000000e+00 0.000000000000000000e+00 0.000000000000000000e+00 0.000000000000000000e+00 0.000000000000000000e+00 0.000000000000000000e+00 0.000000000000000000e+00 0.000000000000000000e+00
1.116520964373179936e-02 4.162148778076321776e+00 6.774470971591240342e+00 6.774470971591238566e+00 6.774470971591240342e+00 6.774470971591240342e+00 6.774470971591239454e+00 6.774470971591240342e+00 6.774470971591239454e+00
1.161142221120302354e-02 6.821388046840375807e+00 1.062325075076466696e+01 1.241637039082741012e+01 1.354692839452722808e+01 1.354692991139798863e+01 1.354692967751981136e+01 1.354692874878240794e+01 1.354692703912276208e+01
1.223228511978613833e-02 8.744693907953674739e+00 1.363081432490958633e+01 1.673249535515727970e+01 1.883164686235184959e+01 1.978318856107379275e+01 2.031914848425510556e+01 2.031914915310596115e+01 2.031914934870044931e+01
1.320718514542268060e-02 1.024033603019342920e+01 1.616788361070180713e+01 2.023456879537771869e+01 2.317254940023687837e+01 2.505808528888019637e+01 2.630003220685570042e+01 2.682831143184123945e+01 2.709092728083685486e+01
1.340815006005777188e-02 1.146031897269819844e+01 1.836313989480118281e+01 2.322388826230626435e+01 2.689031856223485661e+01 2.955421375573130405e+01 3.148712294132554135e+01 3.268965282535369710e+01 3.343610799538971179e+01
1.441871989236496315e-02 1.248781594509203785e+01 2.028843180414909853e+01 2.585727937266324972e+01 3.016320857622535101e+01 3.348187625347127039e+01 3.603863737695415637e+01 3.788217433594665096e+01 3.918163780496744408e+01
2.203333492758780682e-02 1.337401269015072103e+01 2.199495876036117181e+01 2.822128663961763451e+01 3.310104130435833980e+01 3.698803420743410442e+01 4.009843047917799197e+01 4.251314017023740632e+01 4.435133628724402399e+01
2.391343196004254781e-02 1.415304121195225306e+01 2.352181093091101971e+01 3.036832797461964972e+01 3.577542773082227257e+01 4.016932956776985719e+01 4.377391514919558801e+01 4.669411455604089412e+01 4.902860489974365521e+01
2.440746776276770530e-02 1.484662782407299275e+01 2.489928085174069494e+01 3.233350786526214904e+01 3.823502973003004257e+01 4.309111664075514625e+01 4.714282483795552281e+01 5.051462986900215668e+01 5.329940409018969660e+01
2.489945739751030229e-02 1.547162403790102658e+01 2.615187493894677218e+01 3.414333802302628840e+01 4.051476739263892313e+01 4.579974081943796449e+01 5.026177955630934235e+01 5.404238993569858707e+01 5.723602854893554337e+01
2.549976100687882663e-02 1.604006601116000752e+01 2.729854230543126192e+01 3.581802207233478441e+01 4.263966738915384269e+01 4.832828836533985140e+01 5.317176069939394267e+01 5.732732756789474848e+01 6.089478514591933589e+01
2.611901582359353602e-02 1.656127190777808167e+01 2.835467426778160061e+01 3.737419310923056059e+01 4.462896522972513225e+01 5.070167783963653108e+01 5.590366411902745369e+01 6.040727307615906483e+01 6.431952708193088597e+01
2.672325193297113780e-02 1.704242190448066196e+01 2.933271265081175727e+01 3.882569545966993019e+01 4.649785436109944925e+01 5.293903620120718756e+01 5.848114808852496793e+01 6.331119516992370677e+01 6.754434315097026342e+01
2.720837053124269128e-02 1.748926708828985710e+01 3.024291549956354075e+01 4.018433149618501687e+01 4.825885323054111353e+01 5.505552276042705984e+01 6.092281803865456169e+01 6.606177031048923709e+01 7.059609194915843489e+01
2.803940153562278770e-02 1.790587051509536565e+01 3.109320430040058980e+01 4.145963923398464601e+01 4.992194346818740769e+01 5.706284039631783855e+01 6.324298650397003030e+01 6.867645046519329810e+01 7.349559551751285369e+01
2.853004533818689209e-02 1.829666676482375820e+01 3.189124703595070898e+01 4.266090670613699842e+01 5.149677187079271334e+01 5.897172053506349698e+01 6.545433896513402772e+01 7.117035608513246814e+01 7.626067352892012252e+01
