0.000000000000000000e+00 0.000000000000000000e+00
1.481246265252102567e+00 1.775719697288479004e+00
4.055407362792339043e+00 4.447045610346235911e+00
6.629310766556329781e+00 7.113862047825262991e+00
9.201647317383660152e+00 9.777339692357942980e+00
1.177213938161773044e+01 1.243372707544694933e+01
1.434086913621153769e+01 1.508502564763199771e+01
1.690744738381385304e+01 1.773563310308317398e+01
1.947167855761261279e+01 2.038242947749883172e+01
2.203362416342062247e+01 2.302541585695534820e+01
2.459296463183244441e+01 2.566463343648628737e+01
2.714960809921467444e+01 2.829167089356330678e+01
2.970370433679359934e+01 3.091457186683514280e+01
3.225521189660242527e+01 3.354285979181952371e+01
3.480356699801765785e+01 3.616762318907154850e+01
3.734868260351016289e+01 3.877712957542748029e+01
3.989085239839936037e+01 4.141017485525165398e+01
