0.000000000000000000e+00 0.000000000000000000e+00
7.440810734399301296e-01 7.440810734399301296e-01
3.378153050636968580e+00 3.378121496841678173e+00
6.009887083477512881e+00 6.009873991028266360e+00
8.641546926547563956e+00 8.641130128763848006e+00
1.127267245603819568e+01 1.127236678991409846e+01
1.390393510437187174e+01 1.390393278586992665e+01
1.653504206309673918e+01 1.653565278725010756e+01
1.916620011254949674e+01 1.916683439088810559e+01
2.179725160954392393e+01 2.179845887417192074e+01
2.442835652201156549e+01 2.442961830832385317e+01
2.705990306095424813e+01 2.706080811219952054e+01
2.969143486148384525e+01 2.969179373837093294e+01
3.232252284769118944e+01 3.232280067288787961e+01
3.495349110881537769e+01 3.495396444532874369e+01
3.758454961557638541e+01 3.758495017628438717e+01
4.021541975193289176e+01 4.021599828512503194e+01
