0.000000000000000000e+00 0.000000000000000000e+00
5.675161016628749167e-01 5.675161016628740285e-01
3.124601609139065594e+00 3.124614547843448609e+00
5.675891859745313184e+00 5.676001384636766289e+00
8.230791726313579915e+00 8.230978056173691826e+00
1.078562705614238304e+01 1.078587130515870385e+01
1.334048686639989967e+01 1.334080936783247573e+01
1.589366441514526862e+01 1.589475991037517488e+01
1.844682566270379453e+01 1.844917989950128856e+01
2.100055595077306236e+01 2.100360839008654779e+01
2.355359749260248847e+01 2.355742189388850960e+01
2.610660098873338342e+01 2.611111183925510915e+01
2.865959455578866866e+01 2.866536707939424033e+01
3.121256164185603410e+01 3.121913965073837716e+01
3.376613951614457676e+01 3.377271776647415180e+01
3.631969762723442585e+01 3.632634118640292797e+01
3.887263219297476269e+01 3.888047014497880127e+01
