0.000000000000000000e+00 0.000000000000000000e+00
1.849884324582247164e+00 1.849884324582247164e+00
4.996370557549377978e+00 4.996349727164757226e+00
8.142303593781383242e+00 8.142525728101833948e+00
1.128765982278483904e+01 1.128805263779815249e+01
1.443300632982799314e+01 1.443335632143049274e+01
1.757825877634989808e+01 1.757907738725084812e+01
2.072375194254820840e+01 2.072453642428438059e+01
2.386886238743720412e+01 2.386994914688822433e+01
2.701418048580386966e+01 2.701520814534118031e+01
3.015946926676166129e+01 3.016041054521151921e+01
3.330484948869602135e+01 3.330576956890563167e+01
3.644982149113175751e+01 3.645087185991651779e+01
3.959506731217958020e+01 3.959600770053802421e+01
4.274030245556912178e+01 4.274111782785848845e+01
4.588532780789259391e+01 4.588614643835310858e+01
4.903043546967017363e+01 4.903116852018629857e+01
