0.000000000000000000e+00 0.000000000000000000e+00
1.436112202499145063e+00 1.436112202499143287e+00
4.384021587333242209e+00 4.384050206621342483e+00
7.331922901171894935e+00 7.331956128940321449e+00
1.027890533814227680e+01 1.027890537027229456e+01
1.322554261531386643e+01 1.322560556663198028e+01
1.617221520414059555e+01 1.617224910074424571e+01
1.911883253328522869e+01 1.911894988434174536e+01
2.206512998819387761e+01 2.206549429613679081e+01
2.501141011222495791e+01 2.501181511943649838e+01
2.795769933546888097e+01 2.795825938328053439e+01
3.090394364183832820e+01 3.090467588049797243e+01
3.385031513857453689e+01 3.385104914287985878e+01
3.679665818000201227e+01 3.679741680621727795e+01
3.974293143043465903e+01 3.974384570894534363e+01
4.268915965653177125e+01 4.269013123929633480e+01
4.563525015047171962e+01 4.563640141116247406e+01
