0.000000000000000000e+00 0.000000000000000000e+00
2.449044345550627888e+00 2.449044345550627888e+00
5.882389589290464293e+00 5.882415011720462772e+00
9.315616212304561827e+00 9.315638151865714534e+00
1.274818886946351526e+01 1.274820085855346008e+01
1.618058592299798804e+01 1.618074549315586808e+01
1.961302584165861873e+01 1.961318418500357552e+01
2.304543147588276852e+01 2.304564797716739477e+01
2.647768049518567324e+01 2.647797006540142206e+01
2.990993740066164008e+01 2.991034145518136000e+01
3.334221165920914842e+01 3.334271678558655339e+01
3.677447357435885067e+01 3.677501505555268579e+01
4.020609104367949271e+01 4.020676095040688836e+01
4.363831122630124071e+01 4.363903022500096540e+01
4.707049495331125399e+01 4.707125292282790952e+01
5.050264900876041452e+01 5.050346312525498860e+01
5.393478947497950315e+01 5.393565835464465152e+01
