0.000000000000000000e+00 0.000000000000000000e+00
1.049870554856306981e+00 1.049870554856306093e+00
3.820270170484190153e+00 3.820359703538703577e+00
6.590565493011023790e+00 6.590734101982684834e+00
9.360765275108864358e+00 9.360916805360727011e+00
1.213088911391816183e+01 1.213114586653654570e+01
1.490113259162064452e+01 1.490139111066336319e+01
1.767124311711727103e+01 1.767150610667285804e+01
2.044126252768287699e+01 2.044153854509877277e+01
2.321135526304773933e+01 2.321168310396083356e+01
2.598132883967257101e+01 2.598172285172829277e+01
2.875133062605600998e+01 2.875180681799467308e+01
3.152127082556806670e+01 3.152191738444329516e+01
3.429130419019088549e+01 3.429186384235811147e+01
3.706123947411367681e+01 3.706197021900798916e+01
3.983119244419927441e+01 3.983200778423790211e+01
4.260105516934743974e+01 4.260198357888804566e+01
