0.000000000000000000e+00 0.000000000000000000e+00
1.636972537108645653e+00 1.636972537108643877e+00
4.680860043536144488e+00 4.680863379368791044e+00
7.725226210676360949e+00 7.725310654155963519e+00
1.076889553299931279e+01 1.076905055319101479e+01
1.381188469737852209e+01 1.381214946056165971e+01
1.685462395747504161e+01 1.685504629664624332e+01
1.989756538508940764e+01 1.989767782989459022e+01
2.294031125915365976e+01 2.294051536155694038e+01
2.598311153012866015e+01 2.598333164699334930e+01
2.902594618715772512e+01 2.902595841659070430e+01
3.206871542349527715e+01 3.206885564247134113e+01
3.511157984459295278e+01 3.511168471868111141e+01
3.815413892209623015e+01 3.815460529481531182e+01
4.119685453767896632e+01 4.119715830368062370e+01
4.423947288476598771e+01 4.423990481539212283e+01
4.728231749307519038e+01 4.728277775944964390e+01
