0.000000000000000000e+00 0.000000000000000000e+00
1.833818111874435886e+00 2.038365500433776845e+00
4.923399309519435718e+00 5.229471704866124782e+00
8.012588329192190884e+00 8.416303404829129420e+00
1.109988958311673457e+01 1.159892523275003029e+01
1.418521753428712273e+01 1.477330326226646484e+01
1.726912875351989385e+01 1.794610522075550207e+01
2.035135258053549734e+01 2.111504310115850558e+01
2.343156094600945494e+01 2.428027572863209116e+01
2.650955827941638177e+01 2.743805525714942206e+01
2.958550232274209790e+01 3.059634947081760359e+01
3.265903594729756776e+01 3.374607960755650993e+01
3.573007690414223703e+01 3.689197428762486197e+01
3.879849090226236541e+01 4.003412717420609823e+01
4.186425874807171965e+01 4.317992207977061980e+01
4.492689424244673546e+01 4.630738563159714261e+01
4.798690861881539149e+01 4.943892690304207349e+01
