0.000000000000000000e+00 0.000000000000000000e+00
1.978735836713736429e+00 2.172650795362252030e+00
5.156543632319270820e+00 5.453410285423335502e+00
8.333067885009317166e+00 8.727190789365995016e+00
1.150793750040371677e+01 1.199725691976175845e+01
1.468162024445034675e+01 1.526165783470209192e+01
1.785377877409027292e+01 1.852334876058198887e+01
2.102414418342393532e+01 2.177668544965041875e+01
2.419266377331241102e+01 2.503086154562829790e+01
2.735903019919359735e+01 2.827816772544552038e+01
3.052319083409937051e+01 3.152526849860144864e+01
3.368492966971435010e+01 3.476898962840171947e+01
3.684406016273122475e+01 3.801511407113576979e+01
4.000041498214454805e+01 4.124589314630068770e+01
4.315401418651961762e+01 4.446560543637686891e+01
4.630485366130736224e+01 4.768148691903662950e+01
4.945319718215367288e+01 5.091040302348508817e+01
