0.000000000000000000e+00 0.000000000000000000e+00
1.478917047936054274e+00 1.763496634346976677e+00
4.114030451481500705e+00 4.496774230236205483e+00
6.748040428563770732e+00 7.225156629813447751e+00
9.380718025692477369e+00 9.949142787560269596e+00
1.201182624136925448e+01 1.266875790763512200e+01
1.464107950615829878e+01 1.538065296552745664e+01
1.726838617281968880e+01 1.808779636623896891e+01
1.989321739995450145e+01 2.079453696781968119e+01
2.251580675643707607e+01 2.349831848260412670e+01
2.513569743888294994e+01 2.619082225762132765e+01
2.775317380886587415e+01 2.887906104430116727e+01
3.036823434510014152e+01 3.157123356533451641e+01
3.298041029208560815e+01 3.426162774620603813e+01
3.558935669465542873e+01 3.693627931769613326e+01
3.819556474851118111e+01 3.960705782132254882e+01
4.079886833886463648e+01 4.227651388154782097e+01
