0.000000000000000000e+00 0.000000000000000000e+00 0.000000000000000000e+00 0.000000000000000000e+00 0.000000000000000000e+00 0.000000000000000000e+00 0.000000000000000000e+00 0.000000000000000000e+00 0.000000000000000000e+00
1.449691435171729381e-02 4.162148945130518918e+00 6.372626483031705646e+00 6.372626483031704758e+00 6.372626483031706535e+00 6.372626483031705646e+00 6.372626483031705646e+00 6.372626483031705646e+00 6.372626483031705646e+00
2.233233083921287720e-02 6.822770169946417163e+00 1.024965036377639649e+01 1.186531045432597864e+01 1.274335073503857885e+01 1.274335032751938890e+01 1.274335116324436967e+01 1.274335146229373805e+01 1.274335004897289458e+01
2.953917437328631296e-02 8.748732270752958229e+00 1.333439378798855302e+01 1.616267513185596627e+01 1.793696805513615544e+01 1.873089776433949538e+01 1.911304740105022049e+01 1.911304684512041518e+01 1.911304735084699047e+01
4.035681475391204864e-02 1.024768030792927931e+01 1.594065983438376577e+01 1.970120521566724392e+01 2.229582073522554708e+01 2.391734095422321360e+01 2.490202550675438431e+01 2.531020225641022847e+01 2.548179779490068242e+01
5.156436999735256044e-02 1.147077997232464952e+01 1.818853615713402050e+01 2.274686478654166422e+01 2.606673933969513257e+01 2.841242845382122084e+01 3.003178199508798585e+01 3.100631463424081602e+01 3.155946599089180182e+01
7.676633090885831567e-02 1.250179441578528028e+01 2.015291168160115021e+01 2.544077797988394707e+01 2.940479372103438038e+01 3.238154604020830618e+01 3.459460478248108473e+01 3.614131379838384106e+01 3.717204906622168892e+01
7.709806608955832585e-02 1.339311624230863806e+01 2.188817710061206157e+01 2.786129213139331995e+01 3.241000366105845387e+01 3.594743709139076060e+01 3.869879693766522877e+01 4.077691341755342336e+01 4.229722987556721137e+01
7.977388628429768480e-02 1.417565879434711462e+01 2.343788239107071902e+01 3.005954672679530049e+01 3.515194230920585028e+01 3.919798836769594175e+01 4.243783607864099849e+01 4.500003553318963156e+01 4.698644874495420254e+01
8.180194497072378057e-02 1.487261311636418348e+01 2.483374162603160684e+01 3.206965249058978884e+01 3.767640511021121341e+01 4.219200104792979289e+01 4.587949275393739157e+01 4.888297427051796262e+01 5.130196886118818611e+01
8.214029959895434441e-02 1.550018626174131953e+01 2.610069537987047639e+01 3.391751432414985601e+01 4.001599776807497477e+01 4.497171672427335665e+01 4.907426633992508158e+01 5.248319833431239800e+01 5.530158160834186987e+01
8.339016995379783248e-02 1.607121316425862645e+01 2.725943524539234630e+01 3.562487348476515336e+01 4.219589059432895795e+01 4.756927691632014898e+01 5.206098347654344138e+01 5.584613224789682562e+01 5.903440053337014604e+01
8.445987490773665396e-02 1.659470832008241459e+01 2.832555833412573065e+01 3.720874685408310967e+01 4.423467342819149195e+01 5.000807726059858282e+01 5.486822669288882537e+01 5.900585791388196810e+01 6.253883489495228076e+01
8.579143165106176139e-02 1.707787147381150561e+01 2.931195477418692263e+01 3.868374539208645047e+01 4.614765823365911501e+01 5.230662570991864868e+01 5.751851098590883282e+01 6.198931398030075712e+01 6.584585605379436402e+01
8.632506732886696676e-02 1.752588659597798681e+01 3.022859088486993429e+01 4.006173507600146166e+01 4.794706787870817521e+01 5.447914404912508957e+01 6.002910286534946493e+01 6.481724910198708756e+01 6.897968417281654752e+01
8.767219600079674546e-02 1.794438868955569077e+01 3.108519500814176695e+01 4.135439874209711775e+01 4.964488249985148371e+01 5.653881903761262606e+01 6.241545617483276942e+01 6.750786604806289404e+01 7.196141316603828386e+01
8.795596073659289749e-02 1.833630699262804953e+01 3.188812349158926551e+01 4.257000735721083373e+01 5.124971767187354743e+01 5.849494371522219183e+01 6.468850016596240948e+01 7.007422374471008197e+01 7.480646295038995675e+01
