0.000000000000000000e+00 0.000000000000000000e+00
1.497515586688251688e-01 1.497515586688242806e-01
2.536062232106689240e+00 2.536081908474497659e+00
4.922838303401038118e+00 4.922873880069717600e+00
7.308827688929245170e+00 7.308749380423011033e+00
9.694285233895701737e+00 9.694108235869027368e+00
1.207972491692527939e+01 1.207955841477561165e+01
1.446502387391031696e+01 1.446485975747367547e+01
1.685019460142451209e+01 1.685017569467600040e+01
1.923548293452628144e+01 1.923538221268766790e+01
2.162067804550522965e+01 2.162070048486078733e+01
2.400588359529586313e+01 2.400595588603235342e+01
2.639107409095588963e+01 2.639120708238730373e+01
2.877607958091551410e+01 2.877627336859650242e+01
3.116099447258815758e+01 3.116139886660003100e+01
3.354608119135269106e+01 3.354662297115277170e+01
3.593115746257680598e+01 3.593176983167586513e+01
