0.000000000000000000e+00 0.000000000000000000e+00
1.517762447587974073e+00 1.805544582686095190e+00
4.150664414523089540e+00 4.536703318824264031e+00
6.776398727667624300e+00 7.257242893045635412e+00
9.401001696512725658e+00 9.973196464875112355e+00
1.202400171489610159e+01 1.268311009441565140e+01
1.464508962226099342e+01 1.538744436860487319e+01
1.726366824433832292e+01 1.808784921960574366e+01
1.988061795513561236e+01 2.078362282120343352e+01
2.249489548413733075e+01 2.347339718336341008e+01
2.510777828995755812e+01 2.615923650472122119e+01
2.771772988759501999e+01 2.884912251161333785e+01
3.032373156308958784e+01 3.152561370378739269e+01
3.292802706121326395e+01 3.419838884191551642e+01
3.552970188611765678e+01 3.686678840020087478e+01
3.812851672018479121e+01 3.953371812013092779e+01
4.072415864153151688e+01 4.218203854367004624e+01
