0.000000000000000000e+00 0.000000000000000000e+00
1.548125247957711004e+00 1.800724547472928982e+00
4.366862314488797026e+00 4.719087987792725869e+00
7.183476610345221225e+00 7.631410072781795506e+00
9.999349988786130794e+00 1.053813960131158467e+01
1.281375018873490035e+01 1.343981849709028609e+01
1.562649693584210553e+01 1.633752392663658526e+01
1.843740523284513699e+01 1.922947732628717432e+01
2.124640798126123542e+01 2.212226931109481143e+01
2.405317053404550620e+01 2.501134106879156604e+01
2.685748047452168308e+01 2.788902458528509953e+01
2.965947701569666606e+01 3.077772432142342751e+01
3.245851443370522560e+01 3.364898029757827658e+01
3.525488247569876421e+01 3.652459371958892120e+01
3.804817087731417757e+01 3.939301964113430188e+01
4.083835997050083932e+01 4.226226893393385353e+01
4.362510933567062921e+01 4.512342645109357875e+01
