0.000000000000000000e+00 0.000000000000000000e+00
1.477040071181065173e+00 1.777913325788894383e+00
4.009717062412317290e+00 4.407880157678260247e+00
6.541223449600595430e+00 7.031686719376624595e+00
9.071401567763141216e+00 9.650481850001629169e+00
1.159992963163005442e+01 1.226688123932045471e+01
1.412649306986083531e+01 1.487557245044475529e+01
1.665121131708250601e+01 1.747949826236008875e+01
1.917386355078171079e+01 2.007881450365421472e+01
2.169426522874337593e+01 2.267365777049383979e+01
2.421240194800165568e+01 2.527083062610795139e+01
2.672781655645287202e+01 2.785666891931160194e+01
2.924078493942770152e+01 3.043833655074860900e+01
3.175113181688099928e+01 3.300642465684160243e+01
3.425911779658330403e+01 3.558055455762382735e+01
3.676441409373686042e+01 3.816327990088563382e+01
3.926620135598238903e+01 4.074127041773066793e+01
