0.000000000000000000e+00 0.000000000000000000e+00
2.589596833706361068e+00 2.589596833706361956e+00
6.086251004608978832e+00 6.086250650249336758e+00
9.581197023073755759e+00 9.581193538578641977e+00
1.307705246685892320e+01 1.307706026125298848e+01
1.657288195176920098e+01 1.657288605479862298e+01
2.006867862387263557e+01 2.006868958087085986e+01
2.356446793803770134e+01 2.356448228047700155e+01
2.706023429475351705e+01 2.706024020624286308e+01
3.055600854550726453e+01 3.055601440336224073e+01
3.405175991869413110e+01 3.405175648202316552e+01
3.754751414752267635e+01 3.754750868525022156e+01
4.104325311410556765e+01 4.104323574022505738e+01
4.453897740526167581e+01 4.453895835630436295e+01
4.803467455725592572e+01 4.803466604086545999e+01
5.153035891012743264e+01 5.153036576348819153e+01
5.502600297590623768e+01 5.502601569660585312e+01
