0.000000000000000000e+00 0.000000000000000000e+00
1.893317297542171929e+00 1.893317297542171929e+00
5.056141159395404650e+00 5.056147685149029236e+00
8.221711239770643331e+00 8.221678718985209855e+00
1.138710586173572459e+01 1.138691144619942364e+01
1.455227660611362417e+01 1.455225052976539146e+01
1.771723239478507850e+01 1.771722056488621888e+01
2.088210152102213613e+01 2.088188689643489937e+01
2.404700700312660899e+01 2.404676658628709873e+01
2.721036507054748199e+01 2.721028942680017337e+01
3.037380332350372214e+01 3.037355937344178614e+01
3.353731793406129924e+01 3.353705913552303741e+01
3.670077146665291679e+01 3.670048466338887039e+01
3.986426789642543866e+01 3.986401550318003473e+01
4.302757713264283268e+01 4.302711648023642965e+01
4.619091257371609061e+01 4.619015084501820212e+01
4.935430861774760558e+01 4.935353228160506944e+01
