0.000000000000000000e+00 0.000000000000000000e+00
1.477074959257580922e+00 1.777910830544358056e+00
4.009765592121690148e+00 4.407842452853296678e+00
6.541335653024004770e+00 7.031663241181473012e+00
9.071472952473857987e+00 9.650393828663274221e+00
1.159995283993746540e+01 1.226416213039157554e+01
1.412672038293160703e+01 1.487646420242392864e+01
1.665149102383836066e+01 1.748474936273067470e+01
1.917402596138980897e+01 2.008881718132379035e+01
2.169421525583658195e+01 2.268311291348432235e+01
2.421200294165956279e+01 2.527305310399567517e+01
2.672736858861377840e+01 2.786715681666920474e+01
2.923998441701465723e+01 3.045777681968967343e+01
3.174953975252856253e+01 3.303410731078221829e+01
3.425632816054804408e+01 3.560754480310627201e+01
3.676022015576032231e+01 3.817714230535131037e+01
3.926122552406916100e+01 4.075438789405161089e+01
