0.000000000000000000e+00 0.000000000000000000e+00
1.328960967129789950e+00 1.328960967129789950e+00
4.225977284857582283e+00 4.225978258278096256e+00
7.120474772308941880e+00 7.120722407088702965e+00
1.001359965272772001e+01 1.001484369134561980e+01
1.290738542022187119e+01 1.290988943031602432e+01
1.580149436939126417e+01 1.580393146942544291e+01
1.869545847457497700e+01 1.869890384141883999e+01
2.158919849532777846e+01 2.159379528191760755e+01
2.448293929118605305e+01 2.448785860379399182e+01
2.737601136733230334e+01 2.738186757709658536e+01
3.026958114318112436e+01 3.027656344780223208e+01
3.316315399193779712e+01 3.317119645554474516e+01
3.605654625079912279e+01 3.606471918478978012e+01
3.895015394052815338e+01 3.895912994700606902e+01
4.184364468757954114e+01 4.185287742167432157e+01
4.473622093308395620e+01 4.474652762135198714e+01
