0.000000000000000000e+00 0.000000000000000000e+00
1.746314417668554775e+00 1.965372436477252016e+00
4.763426867458955272e+00 5.083158092381790283e+00
7.779616834920840773e+00 8.197006857680644742e+00
1.079368749415629125e+01 1.130461950540098748e+01
1.380610441758839180e+01 1.440844194685127988e+01
1.681683095753518131e+01 1.750470153401352746e+01
1.982570946706950821e+01 2.059605690786720444e+01
2.283260763788685921e+01 2.368806467820254369e+01
2.583743428954084820e+01 2.677235240900566282e+01
2.884000608867030735e+01 2.985249947519813674e+01
3.184010143443001084e+01 3.292868574794725589e+01
3.483778158778887502e+01 3.600090563487225381e+01
3.783287313656656181e+01 3.906447154885216833e+01
4.082527650532832553e+01 4.213143063240376307e+01
4.381479864262772139e+01 4.518647753144043122e+01
4.680159294183010132e+01 4.824416257514008777e+01
