0.000000000000000000e+00 0.000000000000000000e+00
1.709590399382241888e+00 1.932378956655871338e+00
4.700618838841394975e+00 5.024379899045683828e+00
7.690557328669337167e+00 8.109834769036606161e+00
1.067923273799396000e+01 1.119134153238573148e+01
1.366660301134855970e+01 1.426713632000760512e+01
1.665237268469967802e+01 1.734145414560293119e+01
1.963615782832028600e+01 2.041164301005671433e+01
2.261796806105723689e+01 2.347591599645026861e+01
2.559766591818264203e+01 2.653875691564625683e+01
2.857502455647901130e+01 2.960298944243157493e+01
3.154971947910898677e+01 3.265864592513414522e+01
3.452174354675247514e+01 3.570430652121909532e+01
3.749114711834582891e+01 3.875360705712310505e+01
4.045753991813586481e+01 4.179424269912259859e+01
4.342094858976071947e+01 4.484655579523071367e+01
4.638058214377797839e+01 4.787935381931804102e+01
