0.000000000000000000e+00 0.000000000000000000e+00
2.763175605759372822e+00 2.763175605759373710e+00
6.333707950448557611e+00 6.333717645430687604e+00
9.903628201661359043e+00 9.903687324640557677e+00
1.347354966829873213e+01 1.347354629587680463e+01
1.704340804314395541e+01 1.704348376009991739e+01
2.061249947696425977e+01 2.061348759461438362e+01
2.418014831498526718e+01 2.418186226207210865e+01
2.774762591454098981e+01 2.774974677310036952e+01
3.131519906425992872e+01 3.131795708789639932e+01
3.488250941514114345e+01 3.488565080272690722e+01
3.844981055523459190e+01 3.845391382570594629e+01
4.201712281841305696e+01 4.202196349976766498e+01
4.558426890502399687e+01 4.558998045239884789e+01
4.915156437028474556e+01 4.915782448275791694e+01
5.271895600509746771e+01 5.272535275320036874e+01
5.628615470852827940e+01 5.629297055832255126e+01
