0.000000000000000000e+00 0.000000000000000000e+00
1.917113301143683390e+00 2.118005898627036476e+00
5.050013311917252778e+00 5.352850310914984533e+00
8.182781161553524640e+00 8.583968519842876788e+00
1.131386476093454618e+01 1.180988509141092280e+01
1.444362777493158490e+01 1.502904034050816762e+01
1.757174920423669207e+01 1.824331450934754173e+01
2.069816732133528348e+01 2.145712196655448878e+01
2.382277800263111089e+01 2.466408733658475683e+01
2.694530243337463560e+01 2.786697445130903006e+01
3.006561167608687413e+01 3.107006303236249067e+01
3.318355654832696189e+01 3.426473888634556886e+01
3.629892192954736174e+01 3.745546200816622218e+01
3.941169748439930487e+01 4.064318434331971730e+01
4.252159313732946089e+01 4.383369425196572422e+01
4.562858485452598956e+01 4.702104058368793460e+01
4.873215277364913334e+01 5.018821966086323982e+01
