0.000000000000000000e+00 0.000000000000000000e+00
2.587693067305132821e+00 2.739715223249611142e+00
6.085139305417520461e+00 6.341085747348607526e+00
9.580260020453126302e+00 9.935772191512686646e+00
1.307541415619535030e+01 1.352611874426884064e+01
1.656942690073200097e+01 1.711145564839603139e+01
2.006209797224460800e+01 2.069317208310923561e+01
2.355324754225826922e+01 2.426874786622037661e+01
2.704273365491689418e+01 2.783965666974771125e+01
3.053043643186234135e+01 3.141554397329243642e+01
3.401597758209074129e+01 3.498848814056857748e+01
3.749913900777806930e+01 3.855099244807901471e+01
4.097996635423204026e+01 4.210277073912942569e+01
4.445854671097584543e+01 4.566829308495081818e+01
4.793417557071208535e+01 4.921084417492951957e+01
5.140738156514083812e+01 5.276578469624877243e+01
5.487745586864527070e+01 5.631095683411346897e+01
