0.000000000000000000e+00 0.000000000000000000e+00
9.224493565087366065e-01 9.224493565087374947e-01
3.636036684005796715e+00 3.636110576040699538e+00
6.349173373896123351e+00 6.349215090436750586e+00
9.062312482260786339e+00 9.062390958376759897e+00
1.177533538584170003e+01 1.177546335797960708e+01
1.448831186510444269e+01 1.448841954218144501e+01
1.720104252612459561e+01 1.720109116782035841e+01
1.991370572255669202e+01 1.991378910093805743e+01
2.262616385872193803e+01 2.262630291286154716e+01
2.533867088769765985e+01 2.533878119818040986e+01
2.805111590818080813e+01 2.805133721652886436e+01
3.076358034361425808e+01 3.076379870915132386e+01
3.347603856288926494e+01 3.347634677882909671e+01
3.618837719795787677e+01 3.618882184445902794e+01
3.890081264231635316e+01 3.890116007826464539e+01
4.161327289769212712e+01 4.161353907016632547e+01
