0.000000000000000000e+00 0.000000000000000000e+00
2.763175302746923911e+00 2.763175302746923911e+00
6.333711894389582042e+00 6.333706137136317693e+00
9.903696647266823305e+00 9.903641562327475611e+00
1.347364912312383467e+01 1.347367528892734967e+01
1.704340862591382688e+01 1.704330252970479975e+01
2.061280122574129336e+01 2.061225683261775288e+01
2.418039997862825885e+01 2.417985378367651350e+01
2.774756646884101485e+01 2.774706638678954818e+01
3.131500925659282331e+01 3.131466112459774109e+01
3.488203205123241446e+01 3.488192487123848196e+01
3.844943417603832359e+01 3.844966075674845030e+01
4.201669755163605657e+01 4.201708055036867506e+01
4.558343932486879169e+01 4.558440105160086375e+01
4.915078275484930259e+01 4.915175830215892461e+01
5.271764917043228849e+01 5.271945828460648187e+01
5.628448139345957912e+01 5.628673854541114707e+01
