3.489674703334518426e+02
3.526586458500699450e+02
3.513846789031525759e+02
3.522283176855179931e+02
3.564180899257215174e+02
3.552930465462663960e+02
3.534625494104529935e+02
3.528645218424990162e+02
3.542923866052573203e+02
3.568452150955035336e+02
3.519093946099684445e+02
3.424177576073439013e+02
3.441180197940018957e+02
3.431861805135923191e+02
3.389914261318689341e+02
3.202272134813744060e+02
3.185624761200338639e+02
3.159197810347819768e+02
3.137853828440657935e+02
3.136933986899240949e+02
3.135045969219216317e+02
3.146913254611040998e+02
3.077431350890784074e+02
3.042790664899850981e+02
2.945120477265883778e+02
2.905916119281823740e+02
2.946026343126550842e+02
2.866673882802680851e+02
2.873739354436665963e+02
2.808528825532102928e+02
2.816197041979132223e+02
2.911285153212045316e+02
2.879743292517395616e+02
2.871315298204825694e+02
2.854588779465277639e+02
2.864389362324982926e+02
2.832331121860120220e+02
2.831114361169792346e+02
2.742300447727513983e+02
2.759654726295213436e+02
2.704319680819540395e+02
2.659787279735253946e+02
2.696791958496212942e+02
2.658499707051530550e+02
2.605188386532197455e+02
2.570776742999881890e+02
2.590181089553220204e+02
2.687633312459995523e+02
2.656368547818288448e+02
2.714359166854192722e+02
2.745695776202627485e+02
