0.000000000000000000e+00 0.000000000000000000e+00
2.240090487735887592e+00 2.240090487735886704e+00
6.396685341263592228e+00 6.396781312354351101e+00
9.678650362116368200e+00 9.678785641693519182e+00
1.373148876793159090e+01 1.373174203826809681e+01
1.778361680501731001e+01 1.778391682226323667e+01
2.183558749539737320e+01 2.183611879038897285e+01
2.588551990088588894e+01 2.588640632022593024e+01
2.993507540941456213e+01 2.993625098547868646e+01
3.398419684630583504e+01 3.398553394050510690e+01
3.803314620242588262e+01 3.803483683693815465e+01
4.208197629027218056e+01 4.208408652257958238e+01
4.613067773832067786e+01 4.613310264171004604e+01
5.017931841109855640e+01 5.018214516814928317e+01
5.422804286088595660e+01 5.423124376426897442e+01
5.827666769582260997e+01 5.828021715188256024e+01
6.232513504092938206e+01 6.232909627648567152e+01
6.637354539139930409e+01 6.637795544022685590e+01
7.042200794900205096e+01 7.042671247088179598e+01
7.447039741774190702e+01 7.447538802728050200e+01
7.851884150160077525e+01 7.852419378710305864e+01
8.256731481010149309e+01 8.257276917826109752e+01
8.661573811421612845e+01 8.662136145012735255e+01
9.066412205864713769e+01 9.067011451130463229e+01
9.471242992117888093e+01 9.471884149511063811e+01
9.876082777809048707e+01 9.876757131566928649e+01
1.028127849472733573e+02 1.028162869641248705e+02
1.068612051445319366e+02 1.068649651519175166e+02
1.109095114356321403e+02 1.109137993389536518e+02
1.149579397728265491e+02 1.149624475564502291e+02
1.190062131338061135e+02 1.190111085911922544e+02
1.230546500154276970e+02 1.230597608053252117e+02
1.271030853359135904e+02 1.271084021097309034e+02
1.311545420841794396e+02 1.311570370802137688e+02
1.352029861599478693e+02 1.352057514882593523e+02
1.392512615777675080e+02 1.392545126203771133e+02
1.432996747691307462e+02 1.433031717973564696e+02
1.473480612688318274e+02 1.473518168099274988e+02
1.513964227779003124e+02 1.514006072074251961e+02
1.554448165692226667e+02 1.554492794939560270e+02
1.594931985262347496e+02 1.594977504631671934e+02
1.635415940022878658e+02 1.635464838536412913e+02
1.675899635641775092e+02 1.675951509697610504e+02
1.716383821837297319e+02 1.716437164919848897e+02
1.756867359171613145e+02 1.756923889965924559e+02
1.797351087902411564e+02 1.797409463564283101e+02
1.837868899713839426e+02 1.837895731375172375e+02
1.878352801993020762e+02 1.878382145701552020e+02
1.918835398163780610e+02 1.918869506003341030e+02
