0.000000000000000000e+00 0.000000000000000000e+00
2.240112665384946133e+00 2.240112665384947022e+00
6.396677159310972804e+00 6.396720238976909556e+00
9.678578296443557605e+00 9.678693819828005473e+00
1.373143989449866353e+01 1.373171631019429029e+01
1.778359291922987495e+01 1.778387836507049613e+01
2.183562167788594621e+01 2.183593753154776707e+01
2.588549043666385430e+01 2.588603843761818268e+01
2.993503128131608548e+01 2.993580237730804328e+01
3.398413112153350824e+01 3.398501782184771969e+01
3.803309023196131733e+01 3.803425864129985712e+01
4.208199480005707471e+01 4.208344356230740857e+01
4.613075511638106718e+01 4.613239803298452557e+01
5.017937139463675322e+01 5.018126489044466609e+01
5.422799847236571225e+01 5.423007384512855822e+01
5.827659320432085366e+01 5.827893223280800328e+01
6.232516545301268707e+01 6.232773703749168703e+01
6.637371282434573061e+01 6.637635125274799464e+01
7.042227636947681901e+01 7.042521349045166801e+01
7.447064762159581619e+01 7.447384355899282582e+01
7.851902398258368976e+01 7.852249345468453612e+01
8.256744197230153759e+01 8.257109828783228522e+01
8.661592132231385222e+01 8.661986000790733442e+01
9.066426930944749074e+01 9.066859939524510992e+01
9.471260036148183303e+01 9.471713762647141266e+01
9.876088355190677248e+01 9.876561071045767903e+01
1.028115426476929457e+02 1.028141176647814063e+02
1.068598580729727985e+02 1.068627211576414879e+02
1.109081807797210217e+02 1.109112704695800744e+02
1.149565795240786485e+02 1.149599003853857795e+02
1.190050034664799341e+02 1.190084247602368066e+02
1.230532765871882077e+02 1.230569464871191769e+02
1.271016817435068873e+02 1.271054710364229834e+02
1.311521317121928405e+02 1.311541316972526374e+02
1.352004713964525138e+02 1.352026566551814426e+02
1.392488063740790381e+02 1.392511445809527117e+02
1.432971190615164119e+02 1.432996339984481438e+02
1.473454864522591095e+02 1.473480921486674902e+02
1.513938098290028904e+02 1.513966809250275105e+02
1.554421621656686057e+02 1.554452140557540929e+02
1.594905401095347486e+02 1.594937061415407129e+02
1.635389280895886372e+02 1.635423222958638689e+02
1.675873232343035397e+02 1.675908878586029118e+02
1.716356782453420635e+02 1.716393817694776374e+02
1.756840925609903650e+02 1.756881163292273413e+02
1.797323813344989389e+02 1.797365918521588810e+02
1.837807662310902970e+02 1.837851424093792048e+02
1.878291218825995941e+02 1.878337093874945083e+02
1.918775112271589478e+02 1.918821240124605936e+02
