0.000000000000000000e+00 0.000000000000000000e+00
4.444329660738212340e+00 4.465759504746173114e+00
8.888659321897698362e+00 8.931320684954942024e+00
1.333298898344034633e+01 1.339668722037064086e+01
1.777731864494244007e+01 1.786186269434845286e+01
2.222164830714099537e+01 2.232685058647371434e+01
2.666597797982619866e+01 2.679165427657691012e+01
3.111030764273554894e+01 3.125627707163613422e+01
3.555463730970308234e+01 3.572072218181506287e+01
3.999896697162380832e+01 4.018499270682787738e+01
4.444329663353927629e+01 4.464909170515049652e+01
4.888762632148272758e+01 4.911302213784392734e+01
5.333195600775123779e+01 5.357678689253713600e+01
5.777628567772782731e+01 5.804038879117652527e+01
6.222061535787299391e+01 6.250383054458571053e+01
6.666494505541285776e+01 6.696711485497463912e+01
7.110927472707646757e+01 7.143024429889473481e+01
7.555360439497880520e+01 7.589322142712924801e+01
7.999793406924675310e+01 8.035604874302833878e+01
8.444226376452324700e+01 8.481872861688751186e+01
8.888659346345187373e+01 8.928126345642664319e+01
9.333092315656242022e+01 9.374365552636587040e+01
9.777525285827890400e+01 9.820590708166933780e+01
1.022195825325019456e+02 1.026680203250649157e+02
1.066639122438432423e+02 1.071299974039303038e+02
1.111082419127037042e+02 1.115918404152408243e+02
1.155525716212019347e+02 1.160535514047792560e+02
1.199969013502652047e+02 1.205151323785736253e+02
1.244412310271101205e+02 1.249765852768519778e+02
1.288855607609868343e+02 1.294379119976607626e+02
1.333298904391973565e+02 1.338991144375276576e+02
1.377742201071276895e+02 1.383601944044220886e+02
1.422185498054942059e+02 1.428211536971459452e+02
1.466628795462273729e+02 1.472819940923883451e+02
1.511072092863953173e+02 1.517427172720429098e+02
1.555515390261653010e+02 1.562033248992456436e+02
1.599958687366516301e+02 1.606638186499938001e+02
1.644401984908296868e+02 1.651242000738849924e+02
1.688845281598729002e+02 1.695844707745960704e+02
1.733288579156365756e+02 1.740446322390542946e+02
1.777731876726543874e+02 1.785046860378851079e+02
1.822175174210898376e+02 1.829646335356970894e+02
1.866618471543399096e+02 1.874244762549938628e+02
1.911061768772650282e+02 1.918842156663830565e+02
1.955505066076262324e+02 1.963438530317987443e+02
1.999948363457943685e+02 2.008033898376490640e+02
2.044391660860879369e+02 2.052628273575772937e+02
2.088834958064661009e+02 2.097221668477294543e+02
2.133278255184498278e+02 2.141814095942532106e+02
2.177721552275159524e+02 2.186405568925092098e+02
2.222164849361055587e+02 2.230996099848475467e+02
2.266608146528557768e+02 2.275585700563605656e+02
2.311051443673756864e+02 2.320174382712334591e+02
2.355494740836740561e+02 2.364762158168544488e+02
2.399938038181144861e+02 2.409349038150198226e+02
2.444381335341630859e+02 2.453935034132017279e+02
2.488824632211448034e+02 2.498520156291218655e+02
2.533267929296476382e+02 2.543104415667081639e+02
2.577711227009224331e+02 2.587687822616138078e+02
2.622154524974174024e+02 2.632270388078405858e+02
2.666597822915352936e+02 2.676852122356018526e+02
2.711041120560286686e+02 2.721433034677514797e+02
2.755484417778038733e+02 2.766013135634178752e+02
2.799927715069854912e+02 2.810592434833931748e+02
2.844371012433155101e+02 2.855170940948014504e+02
2.888814310231374520e+02 2.899748664770598339e+02
2.933257607444535893e+02 2.944325613021848085e+02
2.977700904383903548e+02 2.988901796210250268e+02
3.022144202170334779e+02 3.033477224208400003e+02
3.066587499891419384e+02 3.078051904497293663e+02
3.111030797310738762e+02 3.122625843885832637e+02
3.155474094350059318e+02 3.167199052516015172e+02
3.199917391117220404e+02 3.211771538420060210e+02
3.244360688439907108e+02 3.256343310374656426e+02
3.288803985750693073e+02 3.300914375112427592e+02
3.333247283715361391e+02 3.345484741438606875e+02
3.377690581020432319e+02 3.390054417163825065e+02
3.422133878393902364e+02 3.434623408881518571e+02
3.466577175908680033e+02 3.479191724356405757e+02
3.511020473476798998e+02 3.523759372890621080e+02
3.555463771645219140e+02 3.568326358096671811e+02
3.599907069916684463e+02 3.612892689820760097e+02
3.644350368410133001e+02 3.657458374684846945e+02
3.688793666623164427e+02 3.702023417602779318e+02
3.733236964408583276e+02 3.746587827185719561e+02
3.777680262403349616e+02 3.791151609170124175e+02
3.822123559474033527e+02 3.835714769904573131e+02
3.866566856764058002e+02 3.880277318157486093e+02
3.911010154462873061e+02 3.924839257813326867e+02
3.955453451740947344e+02 3.969400594499002750e+02
3.999896749812049848e+02 4.013961336806123654e+02
4.044340048892651112e+02 4.058521489256678478e+02
4.088783347972879483e+02 4.103081058642831067e+02
4.133226646592836460e+02 4.147640049903786235e+02
4.177669944830893201e+02 4.192198469482391943e+02
4.222113244068822269e+02 4.236756324253320258e+02
4.266556542098539921e+02 4.281313617848599051e+02
