0.000000000000000000e+00 0.000000000000000000e+00
5.366134158658180553e+00 5.389438698495813362e+00
1.073226831695216354e+01 1.077862543706298837e+01
1.609840247567538896e+01 1.616756570248220726e+01
2.146453663608114226e+01 2.155626478256269962e+01
2.683067079543372557e+01 2.694472778812254177e+01
3.219680496055713803e+01 3.233295968586373448e+01
3.756293912817324099e+01 3.772096527061159321e+01
4.292907329124367521e+01 4.310874921139968308e+01
4.829520745176297680e+01 4.849631600921092911e+01
5.366134161178395345e+01 5.388367006600832099e+01
5.902747577633899567e+01 5.927081561325707071e+01
6.439360993604394423e+01 6.465775673784392552e+01
6.975974410588932528e+01 7.004449748679354570e+01
7.512587826741895469e+01 7.543104170613045767e+01
8.049201246558169487e+01 8.081739320072418309e+01
8.585814667410355128e+01 8.620355558265366369e+01
9.122428086658779023e+01 9.158953243455266602e+01
9.659041507922739811e+01 9.697532721250878751e+01
1.019565492467444301e+02 1.023609432994443011e+02
1.073226834465169475e+02 1.077463839744614091e+02
1.126888176395365093e+02 1.131316523480052183e+02
1.180549518098032422e+02 1.185167515490185792e+02
1.234210860140476314e+02 1.239016846376300407e+02
1.287872202486460651e+02 1.292864545141771941e+02
1.341533544068568915e+02 1.346710639702834271e+02
1.395194886554909317e+02 1.400555158425238460e+02
1.448856228150681034e+02 1.454398128271554356e+02
1.502517569999596390e+02 1.508239575697475061e+02
1.556178912300728996e+02 1.562079526499307747e+02
1.609840253939926811e+02 1.615918005668489172e+02
1.663501595678459921e+02 1.669755037743642276e+02
1.717162937489750902e+02 1.723590646106992494e+02
1.770824279298259967e+02 1.777424854519779558e+02
1.824485620989935910e+02 1.831257685303116318e+02
1.878146963071315270e+02 1.885089160454573971e+02
1.931808305092313276e+02 1.938919301830609072e+02
1.985469646824312804e+02 1.992748131202512525e+02
2.039130989509192204e+02 2.046575668017017051e+02
2.092792331648783204e+02 2.100401932641718190e+02
2.146453674421334483e+02 2.154226945112428950e+02
2.200115016576442599e+02 2.208050724366920292e+02
2.253776358661579025e+02 2.261873289042825945e+02
2.307437700584841593e+02 2.315694657914490335e+02
2.361099042510585946e+02 2.369514848531029543e+02
2.414760384765698404e+02 2.423333877891485599e+02
2.468421727771624035e+02 2.477151763736734722e+02
2.522083069390228616e+02 2.530968523559858454e+02
2.575744411305705626e+02 2.584784172132759181e+02
2.629405753052834029e+02 2.638598726977025422e+02
2.683067095413746301e+02 2.692412202076540098e+02
2.736728437237765093e+02 2.746224613715755254e+02
2.790389779337954792e+02 2.800035977140979639e+02
2.844051121809906135e+02 2.853846307252006795e+02
2.897712463786837134e+02 2.907655617455681067e+02
2.951373806927459214e+02 2.961463922032010032e+02
3.005035149957967633e+02 3.015271236014477267e+02
3.058696491636652581e+02 3.069077571356957606e+02
3.112357833389245911e+02 3.122882941703802544e+02
3.166019175549661213e+02 3.176687360776310243e+02
3.219680517385945677e+02 3.230490841019769732e+02
3.273341859668913116e+02 3.284293393901988907e+02
3.327003202658185614e+02 3.338095032361097196e+02
3.380664545875852127e+02 3.391895768048439095e+02
3.434325889754815648e+02 3.445695612922283431e+02
3.487987233274571395e+02 3.499494578982101984e+02
3.541648575234383998e+02 3.553292678213776981e+02
3.595309917354548475e+02 3.607089920727028129e+02
3.648971259808487275e+02 3.660886317182857397e+02
3.702632602427532902e+02 3.714681878006484794e+02
3.756293945614418135e+02 3.768476612855877192e+02
3.809955289052286389e+02 3.822270533170968747e+02
3.863616633006381562e+02 3.876063648261916228e+02
3.917277977013963550e+02 3.929855969155356661e+02
3.970939320342508267e+02 3.983647503551565023e+02
4.024600662373256910e+02 4.037438264795923715e+02
4.078262006010608047e+02 4.091228257387703025e+02
4.131923347783820191e+02 4.145017492759048992e+02
4.185584690766675067e+02 4.198805982350471595e+02
4.239246033440622909e+02 4.252593730243679602e+02
4.292907376080106587e+02 4.306380749747820573e+02
4.346568718513500471e+02 4.360167045553388334e+02
4.400230061831431954e+02 4.413952629817377442e+02
4.453891404084372425e+02 4.467737506985113214e+02
4.507552746478961581e+02 4.521521688289891472e+02
4.561214088587234414e+02 4.575305180063180615e+02
4.614875432504584296e+02 4.629087990607264373e+02
4.668536776869090659e+02 4.682870126503686947e+02
4.722198119534583043e+02 4.736651596058667337e+02
4.775859462861158136e+02 4.790432405458317930e+02
4.829520807349070992e+02 4.844212563811753398e+02
4.883182151781347784e+02 4.897992077452447006e+02
4.936843494166013784e+02 4.951770956034317805e+02
4.990504838695343892e+02 5.005549202331138758e+02
5.044166183219608683e+02 5.059326824805609135e+02
5.097827527953683671e+02 5.113103832119363688e+02
5.151488870961102293e+02 5.166880229838795913e+02
