0.000000000000000000e+00 0.000000000000000000e+00
5.366134158296438805e+00 5.389438698677733619e+00
1.073226831661874670e+01 1.077862543719412258e+01
1.609840248065246016e+01 1.616756571050936486e+01
2.146453664187427179e+01 2.155626478357414300e+01
2.683067080564246965e+01 2.694472778947839942e+01
3.219680497092453209e+01 3.233295968428831202e+01
3.756293914284926672e+01 3.772096527514953834e+01
4.292907330592053228e+01 4.310874921687832284e+01
4.829520747171115858e+01 4.849631601432638206e+01
5.366134166319602627e+01 5.388367007264617570e+01
5.902747583110347307e+01 5.927081559625212037e+01
6.439360999345349512e+01 6.465775674434779319e+01
6.975974415691973718e+01 7.004449747516461855e+01
7.512587833619774358e+01 7.543104169517835089e+01
8.049201253370705444e+01 8.081739318252060400e+01
8.585814669987550474e+01 8.620355559641262744e+01
9.122428089283673103e+01 9.158953246325550879e+01
9.659041505885849688e+01 9.697532729181639866e+01
1.019565492342188264e+02 1.023609433734827121e+02
1.073226834507783138e+02 1.077463839976285556e+02
1.126888176669141899e+02 1.131316523616073226e+02
1.180549518324250329e+02 1.185167515894668639e+02
1.234210860080861352e+02 1.239016846972702979e+02
1.287872201862714405e+02 1.292864545190198839e+02
1.341533544098170410e+02 1.346710640197861721e+02
1.395194886442983773e+02 1.400555159332712947e+02
1.448856228117532510e+02 1.454398128990605699e+02
1.502517570561898310e+02 1.508239576833547630e+02
1.556178912447713287e+02 1.562079527692634429e+02
1.609840254891675499e+02 1.615918006961631477e+02
1.663501597379821249e+02 1.669755038889433649e+02
1.717162939027464859e+02 1.723590647896983228e+02
1.770824281626085508e+02 1.777424856400384101e+02
1.824485623263032039e+02 1.831257686874396597e+02
1.878146965797930648e+02 1.885089162940262497e+02
1.931808307981149824e+02 1.938919304950781566e+02
1.985469649862706092e+02 1.992748133799438506e+02
2.039130991509811679e+02 2.046575670468839689e+02
2.092792333211615414e+02 2.100401934991445501e+02
2.146453676004020679e+02 2.154226947288198630e+02
2.200115018661157933e+02 2.208050726418686907e+02
2.253776360538509493e+02 2.261873291994586737e+02
2.307437702603167509e+02 2.315694661008888033e+02
2.361099044736999986e+02 2.369514851622181482e+02
2.414760387013390073e+02 2.423333881092086983e+02
2.468421728720778106e+02 2.477151767817118753e+02
2.522083071972590744e+02 2.530968527322815760e+02
2.575744413887099995e+02 2.584784177017613160e+02
2.629405755633819126e+02 2.638598731620801345e+02
2.683067097597930797e+02 2.692412206702092590e+02
2.736728439371189552e+02 2.746224618477725699e+02
2.790389781848157895e+02 2.800035981884905709e+02
2.844051123969685477e+02 2.853846311140446801e+02
2.897712466591228235e+02 2.907655621435646935e+02
2.951373808770479741e+02 2.961463926961797597e+02
3.005035150959517978e+02 3.015271240015232479e+02
3.058696493138285177e+02 3.069077575079625149e+02
3.112357835611619521e+02 3.122882945063342390e+02
3.166019177450295388e+02 3.176687364715293711e+02
3.219680520629405009e+02 3.230490844568663533e+02
3.273341863120222683e+02 3.284293397501110121e+02
3.327003205288688150e+02 3.338095035968942739e+02
3.380664546980850105e+02 3.391895771747068693e+02
3.434325890367012448e+02 3.445695616684662355e+02
3.487987232513380604e+02 3.499494582016131972e+02
3.541648574240705329e+02 3.553292679926516371e+02
3.595309916354477764e+02 3.607089920811472439e+02
3.648971258489675620e+02 3.660886316859093768e+02
3.702632600396229350e+02 3.714681877109845800e+02
3.756293942368531589e+02 3.768476612355760835e+02
3.809955285829652212e+02 3.822270532673398975e+02
3.863616627758804043e+02 3.876063647750228256e+02
3.917277969513955895e+02 3.929855968633703469e+02
3.970939311981462083e+02 3.983647503473331426e+02
4.024600654010653216e+02 4.037438262179189223e+02
4.078261997648855868e+02 4.091228256053062751e+02
4.131923341208690772e+02 4.145017491878465989e+02
4.185584684049869679e+02 4.198805980605920922e+02
4.239246025856809865e+02 4.252593730665238354e+02
4.292907369319188433e+02 4.306380749394245413e+02
4.346568711629752215e+02 4.360167046957684533e+02
4.400230055275224004e+02 4.413952628762278323e+02
4.453891397131285430e+02 4.467737504997269866e+02
4.507552741798679108e+02 4.521521684071058189e+02
4.561214085230471937e+02 4.575305175325512437e+02
4.614875429086192753e+02 4.629087983501722192e+02
4.668536773477121642e+02 4.682870117703010919e+02
4.722198116165387773e+02 4.736651586452623519e+02
4.775859460728894987e+02 4.790432395844856046e+02
4.829520803372196269e+02 4.844212554533593220e+02
4.883182145701533159e+02 4.897992070025727571e+02
4.936843488226463705e+02 4.951770947296092800e+02
4.990504830693154759e+02 5.005549193351708368e+02
5.044166175092035473e+02 5.059326817468427180e+02
5.097827517865701452e+02 5.113103822813408783e+02
5.151488860820068112e+02 5.166880220723321600e+02
