6.521866027413416305e+02
6.658305000537858405e+02
5.999400085259544539e+02
6.482157221081922671e+02
6.790226271506833200e+02
6.904312332415228184e+02
7.036139732415306298e+02
6.116859267626147130e+02
5.735304104515001882e+02
5.866184449343127199e+02
6.885517114189949552e+02
6.105629858533525294e+02
6.005734840310823301e+02
5.592537785003178215e+02
6.540476889158225049e+02
7.032484584564036822e+02
7.339931604953003443e+02
6.901981628676684295e+02
6.381486314658404808e+02
6.841477820668463892e+02
6.026831637962275181e+02
6.157972715788195046e+02
6.526274654180814423e+02
5.737646548147147314e+02
6.936761151416696976e+02
6.131790548545092179e+02
6.811439442030658711e+02
6.913375404765650956e+02
6.926691258873281640e+02
6.904161313539458433e+02
6.524841753122603905e+02
6.892076225917317061e+02
5.843014106158611867e+02
5.761544527049943554e+02
5.984905953544608792e+02
6.639687728486918559e+02
6.901589094884519682e+02
5.884661890648362714e+02
6.113328946112116000e+02
6.915028252712241965e+02
5.881707238526023502e+02
6.536219781060082141e+02
6.816959025343418261e+02
6.643968402356097158e+02
6.398119313940699158e+02
6.393205835649346227e+02
6.771263026625340444e+02
6.477119835034584412e+02
5.189087124758883647e+02
6.264664537738407262e+02
6.802999715376196264e+02
5.870973296738058025e+02
6.265662270561994092e+02
5.854783724399519542e+02
6.429215999295599886e+02
6.769120606002848035e+02
5.877811255024151933e+02
6.138633870014067497e+02
5.750160032321538210e+02
5.831427228298621230e+02
6.259147234162606992e+02
6.963904337127165718e+02
6.386744915685833348e+02
6.292971083217300929e+02
5.491024040463736355e+02
6.812119853444602313e+02
5.882889782712587703e+02
7.149742981186570887e+02
6.664228102816199453e+02
6.144509159620905621e+02
6.449366162139243670e+02
6.678991151257453112e+02
5.742408820855301883e+02
5.205080314759277371e+02
6.386842834519843564e+02
6.151269595059400217e+02
6.777016121807670288e+02
7.033393117368033245e+02
6.479608166566415548e+02
6.003685312442372606e+02
5.728779972987434803e+02
6.791237834422279320e+02
6.111445603430734081e+02
5.987964245856309162e+02
6.921805422517486477e+02
5.897593495143751170e+02
6.397931918593199043e+02
6.453108536092144050e+02
6.953686217359175998e+02
6.773235643410705507e+02
6.795874943392431078e+02
6.023113475255303229e+02
7.049682763103753587e+02
6.932381280326740125e+02
6.513848345456342486e+02
5.632515503770384839e+02
5.875643191435154904e+02
6.733100935448260316e+02
6.498582441840912907e+02
6.382304273898413385e+02
