7.511669749632097819e+02
7.898922412057089559e+02
7.549697912005634635e+02
6.977508837968822490e+02
7.100537502028827248e+02
7.236694336464811386e+02
7.902424605977849978e+02
7.327811599957517501e+02
7.599121872140925689e+02
7.637877741538894725e+02
7.527357380779624236e+02
7.379096541439464545e+02
8.017983633494214928e+02
7.892755442931081689e+02
7.117670177863717527e+02
6.947372854373372775e+02
7.397267831510404221e+02
6.279026059300180123e+02
7.762685903802868097e+02
7.665808469225999033e+02
8.456696315753994213e+02
7.372631786374894318e+02
6.016508923202521828e+02
7.120809016377374974e+02
6.689541540094605807e+02
8.119444971201556882e+02
6.853901238073166269e+02
6.969942801848447971e+02
7.406309157559192045e+02
7.591825639632635330e+02
7.678969038465951371e+02
7.384605935907629828e+02
7.108974548741500712e+02
7.907034470287512704e+02
8.160135435726172091e+02
8.164210393862987303e+02
8.027224361929520455e+02
7.249148193830035325e+02
7.678538383607090054e+02
7.611773009300826516e+02
8.608213312601808411e+02
6.417429686762042138e+02
8.319321773364516730e+02
7.786617152821141872e+02
7.880410969592910533e+02
6.443098372069160860e+02
7.805962766558127441e+02
8.175594303961072455e+02
7.116104630571084044e+02
7.763621580139243861e+02
8.140734703677175048e+02
8.354910567303038533e+02
6.831726180535896447e+02
7.884950691776678013e+02
6.589730900608640241e+02
7.384616819848783962e+02
7.614378931946315561e+02
7.636142478109001104e+02
7.384944182673041269e+02
7.502511273620226575e+02
8.323237121954365421e+02
7.918839204039230708e+02
7.499383611183059202e+02
6.581107686074260528e+02
6.858574550713640292e+02
7.238212846628506441e+02
7.745911408213697769e+02
7.512797257868510314e+02
7.903946257625417502e+02
7.846959502695159472e+02
7.526242056575426886e+02
8.300071961598116559e+02
7.502785201648238171e+02
7.085493737844392399e+02
7.249369475772751912e+02
6.296322515940489666e+02
6.579007224679832007e+02
7.505524114448668342e+02
7.884223039152510637e+02
7.481311181208918697e+02
8.544445469185194497e+02
7.638679255723328652e+02
6.868158598051005583e+02
8.683303415702517896e+02
7.401279563902028258e+02
7.645291325447900590e+02
7.642356886666168521e+02
7.670112264453880471e+02
7.105920074727359861e+02
6.720674866589247358e+02
7.007335937218542767e+02
7.002320321249275139e+02
7.094229774322817548e+02
7.754558263744296482e+02
7.359861691706510101e+02
6.713402636250767728e+02
8.395605796400135432e+02
7.778366386001378032e+02
7.645387553130281049e+02
8.155981762358679816e+02
