6.100566060502673054e+02
6.529768000113499511e+02
5.868640465863555846e+02
6.221437285557860832e+02
6.647972350911416015e+02
6.644966197544989654e+02
6.887113861961554448e+02
5.870917106140644819e+02
5.501812650967485752e+02
5.617059148481337161e+02
6.613931474614169019e+02
5.847577521628679733e+02
5.880731149622102976e+02
5.347144403234436822e+02
5.981113982798084407e+02
6.620820477135101783e+02
6.746271778687180358e+02
6.634035794387734768e+02
6.248790628737631323e+02
6.421745860788718119e+02
5.736246865868025679e+02
5.754095733358651614e+02
6.264863284017300202e+02
5.609570177007897200e+02
6.656685333297820080e+02
6.007252073053700769e+02
6.355732429919905826e+02
6.660720596474425292e+02
6.657057202408972216e+02
6.760204873423068648e+02
6.243428589823913626e+02
6.631519831337603819e+02
5.596685261468765020e+02
5.349125181686110864e+02
5.710404055896722184e+02
6.373232900219443309e+02
6.320292816435570558e+02
5.640658742222872206e+02
5.871936047743542986e+02
6.623775661181421128e+02
5.633668308729812679e+02
6.395135083549185993e+02
6.650507654593930056e+02
6.370076671270579709e+02
6.009493711875223880e+02
6.257900516581164538e+02
6.623356887145235987e+02
6.347045643599270761e+02
5.076585406857163889e+02
6.128038999549687560e+02
6.539885081471428521e+02
5.482155551028148466e+02
6.147660201829565949e+02
5.598824375843208827e+02
6.044300647432822871e+02
6.411402539065186375e+02
5.757666868362279047e+02
5.882277697658255420e+02
5.614155470033273332e+02
5.699087280937208106e+02
5.864260194143641911e+02
6.668034146735870991e+02
6.119241780593850990e+02
6.030566214249504355e+02
5.382031486327761058e+02
6.633346873328754327e+02
5.745198446814024464e+02
6.737232277008747587e+02
6.518233191163348010e+02
5.884856619174711341e+02
6.558436843102557532e+02
6.500588579948729375e+02
5.350049019438502000e+02
4.971587474799845268e+02
5.864936074214565451e+02
6.024471261898443117e+02
6.509425984838512704e+02
7.022649524070739062e+02
6.099035127223939980e+02
5.744395099784861713e+02
5.329455124903805654e+02
6.493363985419191522e+02
5.980863932703044838e+02
5.447954094378860646e+02
6.501933631271105014e+02
5.495141570200570413e+02
6.225393485515365910e+02
6.455602251819522053e+02
6.400743800115203612e+02
6.368128169247540882e+02
6.647184414822156668e+02
5.890290032580238631e+02
6.644062856018931598e+02
6.644015677167260492e+02
6.123661267173639544e+02
5.388344545332205371e+02
5.490591191942074829e+02
6.317727370968825653e+02
6.255932628657081978e+02
6.109278606613337388e+02
