0.000000000000000000e+00 0.000000000000000000e+00
4.702165606612576099e+00 4.754940967421564579e+00
9.404331236870881128e+00 9.508805441934342184e+00
1.410649688114268230e+01 1.426163613471371860e+01
1.880866252221913015e+01 1.901347334955906376e+01
2.351082816960076016e+01 2.376435503169820151e+01
2.821299383507207637e+01 2.851431701589578438e+01
3.291515948851749584e+01 3.326339316400312640e+01
3.761732514077237965e+01 3.801161551441470010e+01
4.231949077215013943e+01 4.275901438945631128e+01
4.702165646077028782e+01 4.750561854334708300e+01
5.172382210837282202e+01 5.225145524871192748e+01
5.642598775967704228e+01 5.699655042010975592e+01
6.112815341994347307e+01 6.174092867692874620e+01
6.583031909120251157e+01 6.648461346639660974e+01
7.053248476661430288e+01 7.122762693662878064e+01
7.523465044452976258e+01 7.596999045770958503e+01
7.993681613722480961e+01 8.071172426621511420e+01
8.463898182162452599e+01 8.545284767582194263e+01
8.934114753560751865e+01 9.019337914426503744e+01
9.404331324289526606e+01 9.493333624024108985e+01
9.874547895886217930e+01 9.967273588125871697e+01
1.034476446928876783e+02 1.044115941845148541e+02
1.081498104136265397e+02 1.091499265546602970e+02
1.128519761377460782e+02 1.138877478036164348e+02
1.175541418832637390e+02 1.186250721334772891e+02
1.222563076357617717e+02 1.233619131014432071e+02
1.269584734014479466e+02 1.280982836783689436e+02
1.316606391578231978e+02 1.328341965593546661e+02
1.363628049401908413e+02 1.375696636874233718e+02
1.410649707019343566e+02 1.423046966173724286e+02
1.457671364922795476e+02 1.470393065051898134e+02
1.504693022863475562e+02 1.517735040332229630e+02
