0.000000000000000000e+00 0.000000000000000000e+00
4.702165625198253984e+00 4.754940963187129555e+00
9.404331269788134051e+00 9.508805420696445410e+00
1.410649689854341915e+01 1.426163614490839393e+01
1.880866249762152620e+01 1.901347335791608373e+01
2.351082819380062716e+01 2.376435505039260576e+01
2.821299385657304981e+01 2.851431702907799348e+01
3.291515950436210858e+01 3.326339320469352856e+01
3.761732518595759700e+01 3.801161554321589620e+01
4.231949082059149703e+01 4.275901440529248987e+01
4.702165651020013826e+01 4.750561855497350905e+01
5.172382212699957904e+01 5.225145525294826143e+01
5.642598777573081748e+01 5.699655045192909597e+01
6.112815343369558718e+01 6.174092870473033656e+01
6.583031909769287893e+01 6.648461345131499911e+01
7.053248476887631568e+01 7.122762694309463427e+01
7.523465044622618336e+01 7.596999046964907620e+01
7.993681613128043750e+01 8.071172423672226159e+01
8.463898182128272651e+01 8.545284764356466667e+01
8.934114751841860880e+01 9.019337912617743314e+01
9.404331323014700672e+01 9.493333625217090344e+01
9.874547894300175699e+01 9.967273589322448402e+01
1.034476446737295703e+02 1.044115941971354289e+02
1.081498104234131716e+02 1.091499265896125905e+02
1.128519761588483163e+02 1.138877479349656028e+02
1.175541419068035367e+02 1.186250725685764706e+02
1.222563076544883813e+02 1.233619135540995444e+02
1.269584734155464503e+02 1.280982838581352325e+02
1.316606391844394750e+02 1.328341967569005533e+02
1.363628049582648032e+02 1.375696638278618877e+02
1.410649707383180385e+02 1.423046967741852313e+02
1.457671365257434957e+02 1.470393066525810468e+02
1.504693023174527013e+02 1.517735041375921696e+02
