0.000000000000000000e+00 0.000000000000000000e+00
3.928104686054684436e+00 3.989571007717862994e+00
7.856209381331654029e+00 7.977496541789059314e+00
1.178431409939752328e+01 1.196386308077055460e+01
1.571241887021302830e+01 1.594875018951462309e+01
1.964052372548744785e+01 1.993223202412983852e+01
2.356862840676797788e+01 2.391437679885692091e+01
2.749673339726904686e+01 2.789524822536004578e+01
3.142483807063293710e+01 3.187490547327828239e+01
3.535294276717176842e+01 3.585340339097607654e+01
3.928104739579524107e+01 3.983079367873388321e+01
4.320915207224921062e+01 4.380712455048789167e+01
4.713725704850423170e+01 4.778244046482598151e+01
5.106536175689332424e+01 5.175678445767964320e+01
5.499346678072189576e+01 5.573019534602966729e+01
5.892157144941377567e+01 5.970271088867805531e+01
6.284967614692273230e+01 6.367436607310044394e+01
6.677778085929620033e+01 6.764519361845542278e+01
7.070588620958264414e+01 7.161522505642389547e+01
7.463399163702882788e+01 7.558448935408344482e+01
7.856209694385640319e+01 7.955301510528170184e+01
8.249020161628224912e+01 8.352082770295153580e+01
8.641830676346933160e+01 8.748795356044018945e+01
9.034641195219117549e+01 9.145441500673155133e+01
9.427451749443113727e+01 9.542023450873564627e+01
9.820262220880121617e+01 9.938543396088726922e+01
1.021307273486513765e+02 1.033500331997068002e+02
1.060588321229969608e+02 1.073140518273332020e+02
1.099869370349362612e+02 1.112775081597910400e+02
1.139150418212560680e+02 1.152404202523325694e+02
1.178431466678923698e+02 1.192028040634758526e+02
1.217712513824001519e+02 1.231646756848558368e+02
1.256993562311838843e+02 1.271260508484960354e+02
