0.000000000000000000e+00 0.000000000000000000e+00
2.977517352000975670e+00 3.060005534472626465e+00
5.955004929935984848e+00 6.117429293054579276e+00
8.932462734276811034e+00 9.172422023266079805e+00
1.190989076951836623e+01 1.222512163332620361e+01
1.488728902573495638e+01 1.527565457044926767e+01
1.786465751437289029e+01 1.832413710262617457e+01
2.084199624383154514e+01 2.137067632624716396e+01
2.381930520351904690e+01 2.441537107718913546e+01
2.679658441547987024e+01 2.745831286230528434e+01
2.977383380932778678e+01 3.049958646525693240e+01
3.275105343861725515e+01 3.353927063004417164e+01
3.572824329168115298e+01 3.657743852729622347e+01
3.870540341916980509e+01 3.961415841114481395e+01
4.168253373489226021e+01 4.264949394081629919e+01
4.465963432780665698e+01 4.568350460729083551e+01
4.763670511616381020e+01 4.871624618557643061e+01
