0.000000000000000000e+00 0.000000000000000000e+00
4.397160534329673354e+00 4.421676552783079472e+00
8.794321339729009424e+00 8.843092441775914025e+00
1.319148229809160711e+01 1.326425311967899034e+01
1.758864312084763526e+01 1.768516410935539795e+01
2.198580365384358615e+01 2.210583049263497202e+01
2.638296455534597129e+01 2.652625743935151093e+01
3.078012507395578012e+01 3.094644977054515778e+01
3.517728606949885517e+01 3.536641215038024200e+01
3.957444663021604470e+01 3.978614950443650855e+01
4.397160765565968177e+01 4.420566579918369143e+01
4.836876824763189830e+01 4.862496560159321746e+01
5.276592942324084845e+01 5.304405313632739194e+01
5.716309054542609402e+01 5.746293251009677050e+01
6.156025116854915780e+01 6.188160767462728984e+01
6.595741245032357369e+01 6.630008242646881911e+01
7.035457308667135123e+01 7.071836046782392771e+01
7.475173373271255173e+01 7.513644592352990514e+01
7.914889431035641110e+01 7.955434200217202090e+01
8.354605497681816928e+01 8.397205171578244176e+01
8.794321565725988421e+01 8.838957873373496454e+01
9.234037636181980702e+01 9.280692623402586605e+01
9.673753705614532805e+01 9.722409759732332191e+01
1.011346976655161001e+02 1.016410958475322275e+02
1.055318583678954951e+02 1.060579239237255962e+02
1.099290190577115993e+02 1.104745847907664995e+02
1.143261797931751005e+02 1.148910813324458360e+02
1.187233404706216788e+02 1.193074157718571655e+02
1.231205011951301174e+02 1.237235919985616874e+02
1.275176619624073595e+02 1.281396118938665154e+02
1.319148227209390427e+02 1.325554781720350377e+02
1.363119835184553210e+02 1.369711934112029610e+02
1.407091442689318228e+02 1.413867599033367526e+02
1.451063050593106993e+02 1.458021801825152579e+02
1.495034658643679109e+02 1.502174564843236055e+02
1.539006266166727528e+02 1.546325917174668803e+02
1.582977874562536158e+02 1.590475872246887548e+02
1.626949482970911731e+02 1.634624444243388268e+02
1.670921105249471452e+02 1.678771672453981409e+02
1.714892714185644991e+02 1.722917569970448994e+02
1.758864322681557724e+02 1.767062157375617630e+02
1.802835946268142777e+02 1.811205454169659959e+02
1.846807569995807228e+02 1.855347483060941727e+02
1.890779178337454312e+02 1.899488259316526921e+02
1.934750787403527283e+02 1.943627793811249376e+02
1.978722394179732760e+02 1.987766119569840839e+02
2.022694011788087209e+02 2.031903245577287578e+02
2.066665621159548891e+02 2.076039182762340261e+02
2.110637230630413228e+02 2.120173964721976745e+02
2.154608839673698810e+02 2.164307600262934557e+02
2.198580449353916606e+02 2.208440105824247439e+02
2.242552059058073155e+02 2.252571494244966459e+02
2.286523668326775862e+02 2.296701783514233455e+02
2.330495278622482545e+02 2.340830988269020736e+02
2.374466906719306394e+02 2.384959115101279394e+02
2.418438516425271985e+02 2.429086195637006540e+02
2.462410126631830281e+02 2.473212224793705900e+02
2.506381734724501769e+02 2.517337239011570773e+02
2.550353344991930840e+02 2.561461241352183151e+02
2.594324955454903261e+02 2.605584243606058408e+02
2.638296562482573790e+02 2.649706258884191357e+02
2.682268173166761471e+02 2.693827304269905198e+02
2.726239783761594708e+02 2.737947386504590668e+02
2.770211416892146303e+02 2.782066522305844956e+02
2.814183027833975075e+02 2.826184720841994249e+02
2.858154638861821013e+02 2.870301997318612734e+02
2.902126246232882067e+02 2.914418359196529309e+02
2.946097857466145342e+02 2.958533820589731249e+02
2.990069465383763827e+02 3.002648392590103299e+02
3.034041101109772853e+02 3.046762090788286059e+02
3.078012713019101056e+02 3.090874917423316219e+02
3.121984324651206180e+02 3.134986885960178711e+02
3.165955936920292970e+02 3.179098014724203836e+02
3.209927548694670918e+02 3.223208300876393650e+02
3.253899160583151797e+02 3.267317762726730166e+02
3.297870772538827850e+02 3.311426413013426782e+02
3.341842405488264944e+02 3.355534235796768030e+02
3.385814013897795007e+02 3.399641277595437714e+02
3.429785626130164360e+02 3.443747534371766506e+02
3.473757266044411267e+02 3.487853022691008391e+02
3.517728878477611829e+02 3.531957730206460155e+02
