0.000000000000000000e+00 0.000000000000000000e+00
4.294822370914410214e+00 4.325110944185672324e+00
8.589644757837254119e+00 8.649822910819533917e+00
1.288446715399873099e+01 1.297414642101563764e+01
1.717928956742338542e+01 1.729809160822485126e+01
2.147411225173617666e+01 2.162166817453849177e+01
2.576893500293687111e+01 2.594488524027819309e+01
3.006375745414466394e+01 3.026775194987428819e+01
3.435857992558946705e+01 3.459027693442861562e+01
3.865340241533797183e+01 3.891246848709905493e+01
4.294822492900651412e+01 4.323433466476092235e+01
4.724304744263504574e+01 4.755588321300227506e+01
5.153787042266873897e+01 5.187712158094976900e+01
5.583269298738068187e+01 5.619805696848106891e+01
6.012751554882324001e+01 6.051869629625367253e+01
6.442233814652838930e+01 6.483904640790521512e+01
6.871716073777275824e+01 6.915911380329723102e+01
7.301198334662620937e+01 7.347890449825285941e+01
7.730680593691229774e+01 7.779842473405770420e+01
8.160162856644396356e+01 8.211768037468010561e+01
8.589645114146239280e+01 8.643667748024910225e+01
9.019127390744942829e+01 9.075542073050519321e+01
9.448609659905861236e+01 9.507391589739924598e+01
9.878091929914256752e+01 9.939216812433380710e+01
1.030757419646865003e+02 1.037101824131030128e+02
1.073705646948834271e+02 1.080279635876381548e+02
1.116653882327624387e+02 1.123455163381104001e+02
1.159602113744299032e+02 1.166628452543240400e+02
1.202550341312428515e+02 1.209799547542272649e+02
1.245498568896496465e+02 1.252968490911065942e+02
1.288446796935505745e+02 1.296135325275263313e+02
1.331395025695063055e+02 1.339300095912240067e+02
1.374343254317822698e+02 1.382462828688684340e+02
1.417291479962078711e+02 1.425623571593386600e+02
1.460239708355211690e+02 1.468782359158960844e+02
1.503187936197005570e+02 1.511939236718437201e+02
1.546136161297356466e+02 1.555094221776790846e+02
1.589084388753106794e+02 1.598247357919228762e+02
1.632032614233131653e+02 1.641398677466144136e+02
1.674980843918729079e+02 1.684548212925686528e+02
1.717929073953765737e+02 1.727696000070617970e+02
1.760877303763307964e+02 1.770842060997529757e+02
1.803825532698791108e+02 1.813986429923875221e+02
1.846773765777163021e+02 1.857129134611555514e+02
1.889721996035690950e+02 1.900270205328196766e+02
1.932670220531959444e+02 1.943409675087429491e+02
1.975618449915436941e+02 1.986547564343401291e+02
2.018566680608269053e+02 2.029683894551629919e+02
2.061514911147757516e+02 2.072818704132699281e+02
2.104463141693761088e+02 2.115952002849938651e+02
2.147411374082033717e+02 2.159083822082825179e+02
2.190359601919926149e+02 2.202214186077573572e+02
2.233307833285946344e+02 2.245343118755006060e+02
2.276256063831791607e+02 2.288470648988704852e+02
2.319204288863334114e+02 2.331596783037894056e+02
2.362152513770727751e+02 2.374721552865007652e+02
2.405100742051863563e+02 2.417844973335219265e+02
2.448048974565670051e+02 2.460967074705259279e+02
2.490997222595455582e+02 2.504087872007959277e+02
2.533945456575447679e+02 2.547207396098808658e+02
2.576893689957687457e+02 2.590325634861841309e+02
2.619841918005895991e+02 2.633442636925720990e+02
2.662790146950547410e+02 2.676558415791920424e+02
2.705738373757866952e+02 2.719672970146868920e+02
2.748686606421437091e+02 2.762786341417908034e+02
