0.000000000000000000e+00 0.000000000000000000e+00
4.292304760077444215e+00 4.325110937162004454e+00
8.584609544633426736e+00 8.649758089830740460e+00
1.287691433879982128e+01 1.297395445576822226e+01
1.716921913205417383e+01 1.729771260261875554e+01
2.146152396003600415e+01 2.162104458925660211e+01
2.575382878888662219e+01 2.594396182030425990e+01
3.004613364676749399e+01 3.026647546975274850e+01
3.433843852095134253e+01 3.458859610346316060e+01
3.863074342191838184e+01 3.891033402186588575e+01
4.292304831982124824e+01 4.323169877501145208e+01
4.721535325683273498e+01 4.755270010893838162e+01
5.150765818302400589e+01 5.187334701742695131e+01
5.579996314980771643e+01 5.619364822232334689e+01
6.009226815273474642e+01 6.051361212883701057e+01
6.438457315082472121e+01 6.483324677568225525e+01
6.867687815609490087e+01 6.915256044167935556e+01
7.296918319195648905e+01 7.347156018860567883e+01
7.726148822598332799e+01 7.779025331788002973e+01
8.155379327622412688e+01 8.210864704713875994e+01
8.584609892508908047e+01 8.642674818563325800e+01
9.013840465037768013e+01 9.074456369618005169e+01
9.443070980805060799e+01 9.506209897566878908e+01
9.872301518561414468e+01 9.937936069242206827e+01
1.030153203351539730e+02 1.036963547464730055e+02
1.073076254570119659e+02 1.080130864911807151e+02
1.115999303547906294e+02 1.123295619189556476e+02
1.158922355042352308e+02 1.166457869671409924e+02
1.201845407197912152e+02 1.209617660251179814e+02
1.244768459426394429e+02 1.252775049173586552e+02
1.287691511923468113e+02 1.295930081435546413e+02
1.330614564599164282e+02 1.339082803955313636e+02
1.373537617832490980e+02 1.382233251753942795e+02
1.416460670673713764e+02 1.425381483092862993e+02
1.459383723542605935e+02 1.468527536380341871e+02
1.502306776860949640e+02 1.511671457703006354e+02
1.545229829726541766e+02 1.554813285467017749e+02
1.588152878149110165e+02 1.597953059757114715e+02
1.631075931999797035e+02 1.641090820125744472e+02
1.673998986071312629e+02 1.684226605892769157e+02
1.716922039671343327e+02 1.727360450630544051e+02
1.759845094488376844e+02 1.770492382833578517e+02
1.802768156218388071e+02 1.813622457269378572e+02
1.845691210892300660e+02 1.856750681744189251e+02
1.888614267137401725e+02 1.899877107763135200e+02
1.931537332807564553e+02 1.943001759320943336e+02
1.974460388263509572e+02 1.986124665472028710e+02
2.017383445077145723e+02 2.029245866361560218e+02
2.060306493799033092e+02 2.072365386752484824e+02
2.103229546899409002e+02 2.115483254066066365e+02
2.146152609751775344e+02 2.158599494742432228e+02
2.189075664892192492e+02 2.201714136624499645e+02
2.231998721746380170e+02 2.244827201744531635e+02
2.274921785570301154e+02 2.287938727185800758e+02
2.317844842427385856e+02 2.331048726282733128e+02
2.360767899326073120e+02 2.374157238976940789e+02
2.403690956573522612e+02 2.417264276329012773e+02
2.446614007353967963e+02 2.460369864071838037e+02
2.489537064738607626e+02 2.503474023475911565e+02
2.532460133345066424e+02 2.546576784190986018e+02
2.575383206570783727e+02 2.589678173523636815e+02
2.618306264321614663e+02 2.632778193215482361e+02
2.661229313244670038e+02 2.675876872737766803e+02
2.704152371040619869e+02 2.718974240124856010e+02
2.747075429180559922e+02 2.762070301260913538e+02
