0.000000000000000000e+00 0.000000000000000000e+00
4.294822357965794701e+00 4.325110956099413428e+00
8.589644751094533959e+00 8.649822921891498595e+00
1.288446714685100325e+01 1.297414672796077184e+01
1.717928957305920434e+01 1.729809182421751856e+01
2.147411200385113972e+01 2.162166823208794852e+01
2.576893443618503454e+01 2.594488559573201769e+01
3.006375689754253955e+01 3.026775228886926072e+01
3.435857942949740362e+01 3.459027723850043401e+01
3.865340191106812284e+01 3.891246878553437227e+01
4.294822440866818880e+01 4.323433519322716734e+01
4.724304692597308986e+01 4.755588373736046748e+01
5.153786945044548418e+01 5.187712209262094376e+01
5.583269199325702914e+01 5.619805735911761246e+01
6.012751455250796084e+01 6.051869677597714769e+01
6.442233712865893835e+01 6.483904682393912822e+01
6.871715972159711328e+01 6.915911406183032284e+01
7.301198233111449554e+01 7.347890475095579177e+01
7.730680506466435986e+01 7.779842508641434051e+01
8.160162768626301499e+01 8.211768073483898434e+01
8.589645034540663460e+01 8.643667736758553133e+01
9.019127300669424585e+01 9.075542041788077086e+01
9.448609548497859123e+01 9.507391620261492449e+01
9.878091816120846147e+01 9.939216841429099247e+01
1.030757408868707188e+02 1.037101830611407962e+02
1.073705635913702707e+02 1.080279641665101167e+02
1.116653863869968859e+02 1.123455170821442834e+02
1.159602091613058690e+02 1.166628456357749712e+02
1.202550319384494060e+02 1.209799550955521852e+02
1.245498546737407111e+02 1.252968491861427367e+02
1.288446774996171484e+02 1.296135338461513982e+02
1.331394999679842783e+02 1.339300099071654415e+02
1.374343228985722476e+02 1.382462832707743132e+02
1.417291456806097472e+02 1.425623575260581788e+02
1.460239685075289913e+02 1.468782359511723143e+02
1.503187913846435890e+02 1.511939228159222068e+02
1.546136153296893099e+02 1.555094213153976170e+02
1.589084382403368636e+02 1.598247355624373256e+02
1.632032613399510410e+02 1.641398672184091083e+02
1.674980842829239691e+02 1.684548214213800463e+02
1.717929072357403868e+02 1.727695994541808204e+02
1.760877300391227891e+02 1.770842055481855937e+02
1.803825530227889260e+02 1.813986423814336035e+02
1.846773760203299730e+02 1.857129129539601990e+02
1.889721990381773367e+02 1.900270210872995449e+02
1.932670220665503962e+02 1.943409677454666848e+02
1.975618461436308735e+02 1.986547562365412603e+02
2.018566692023093765e+02 2.029683891518183714e+02
2.061514916881652653e+02 2.072818687756706595e+02
2.104463146871570700e+02 2.115951981997387179e+02
2.147411377894745215e+02 2.159083795943344057e+02
2.190359623589010596e+02 2.202214162459720797e+02
2.233307851533039639e+02 2.245343088221297876e+02
2.276256078174512254e+02 2.288470619922236438e+02
2.319204310797339019e+02 2.331596756086617575e+02
2.362152544439883286e+02 2.374721533952184700e+02
2.405100792671122178e+02 2.417844971317971954e+02
2.448049039467332477e+02 2.460967063013424081e+02
2.490997271837680671e+02 2.504087850646205879e+02
2.533945520425238840e+02 2.547207373270261428e+02
2.576893752589024871e+02 2.590325615090399083e+02
2.619842001500718993e+02 2.633442628835705932e+02
2.662790234891531327e+02 2.676558412454483005e+02
2.705738469005312936e+02 2.719672975692938621e+02
2.748686694708015921e+02 2.762786348036752884e+02
