0.000000000000000000e+00 0.000000000000000000e+00
4.083078377482532773e+00 4.180560253989683339e+00
8.166156765213697710e+00 8.357569620034759339e+00
1.224923515757022408e+01 1.253127408866239634e+01
1.633231353381232864e+01 1.670189519211267282e+01
2.041539187413391687e+01 2.086963308515762350e+01
2.449847019291212291e+01 2.503466930838504823e+01
2.858154852481118979e+01 2.919716884171372229e+01
3.266462686578276475e+01 3.335728200254578013e+01
3.674770539878593922e+01 3.751514636226627175e+01
4.083078378281712162e+01 4.167088799347439476e+01
4.491386209168217647e+01 4.582462272845314288e+01
4.899694037245515688e+01 4.997645722876731611e+01
5.308001863076943039e+01 5.412648990801322668e+01
5.716309687011892038e+01 5.827481229855924028e+01
6.124617513274721148e+01 6.242150781315671537e+01
6.532925347313849329e+01 6.656665525310380360e+01
