0.000000000000000000e+00 0.000000000000000000e+00
4.082045252502275900e+00 4.180560321931378276e+00
8.164090713254328335e+00 8.357496600930645059e+00
1.224613598099727696e+01 1.253106238916938864e+01
1.632818123085214523e+01 1.670148552907973638e+01
2.041022655488446347e+01 2.086897193586628418e+01
2.449227174452661870e+01 2.503370801258165557e+01
2.857431694684647994e+01 2.919586311567706360e+01
3.265636218154828185e+01 3.335559148592893308e+01
3.673840743845808277e+01 3.751303408907158143e+01
4.082045268843195629e+01 4.166832050598996062e+01
4.490249781551256802e+01 4.582156836186348414e+01
4.898454297093135779e+01 4.997288723637110763e+01
5.306658824210362724e+01 5.412237774127903833e+01
5.714863336057787535e+01 5.827013301536796774e+01
6.123067853100391744e+01 6.241623884953347101e+01
6.531272375611915493e+01 6.656077555891039310e+01
