0.000000000000000000e+00 0.000000000000000000e+00
4.572291685118067051e+00 4.584691299277358745e+00
9.144583373036779150e+00 9.169317867026601121e+00
1.371687505870193391e+01 1.375388038264784640e+01
1.828916674374663387e+01 1.833837951600106919e+01
2.286145842929236238e+01 2.292281592022769843e+01
2.743375012316054296e+01 2.750719025160165643e+01
3.200604181149562066e+01 3.209150313881831096e+01
3.657833349925866173e+01 3.667575521203242772e+01
4.115062518610805853e+01 4.125994709980150077e+01
4.572291688368132156e+01 4.584407939319483205e+01
5.029520858851427079e+01 5.042815271335415162e+01
5.486750027916637151e+01 5.501216763124317310e+01
5.943979196635938678e+01 5.959612472734237087e+01
6.401208365934499511e+01 6.418002458345650041e+01
6.858437535193374401e+01 6.876386777002859674e+01
7.315666704395208342e+01 7.334765484782555234e+01
7.772895873120882015e+01 7.793138633089952805e+01
8.230125042539064850e+01 8.251506280003459892e+01
8.687354212712040180e+01 8.709868476150856509e+01
9.144583382528843174e+01 9.168225273606918790e+01
9.601812551073140867e+01 9.626576725992848083e+01
1.005904172209081366e+02 1.008492288278713431e+02
1.051627089174805860e+02 1.054326379728588137e+02
1.097350006185534141e+02 1.100159951629805306e+02
1.143072923498972528e+02 1.145993008952804360e+02
1.188795840484114876e+02 1.191825556437049443e+02
1.234518757488036300e+02 1.237657598812703412e+02
1.280241674565924086e+02 1.283489140437820595e+02
1.325964591587178347e+02 1.329320186421331584e+02
1.371687508851334201e+02 1.375150741318511223e+02
1.417410425808549235e+02 1.420980809435172318e+02
1.463133343183884847e+02 1.466810395083065259e+02
1.508856260368775679e+02 1.512639502876658071e+02
1.554579177425357557e+02 1.558468136700014099e+02
1.600302094421691379e+02 1.604296301120751309e+02
1.646025011802157678e+02 1.650124000624074938e+02
1.691747928909261418e+02 1.695951238992143999e+02
1.737470845921962450e+02 1.741778020198573245e+02
1.783193763177334858e+02 1.787604348279013493e+02
1.828916680216320287e+02 1.833430227458814841e+02
1.874639597284059960e+02 1.879255662027541689e+02
1.920362514375826777e+02 1.925080655310304678e+02
1.966085431886531865e+02 1.970905210833281558e+02
2.011808349099342763e+02 2.016729332488376940e+02
2.057531266449844054e+02 2.062553024501917776e+02
2.103254183725308053e+02 2.108376290573651772e+02
2.148977101079314593e+02 2.154199133583564105e+02
2.194700018504801164e+02 2.200021557518384725e+02
2.240422935979594854e+02 2.245843566191941250e+02
2.286145853136395374e+02 2.291665162508318758e+02
2.331868770042040637e+02 2.337486350172101766e+02
2.377591687318687832e+02 2.383307132973226601e+02
2.423314604433986119e+02 2.429127513496800930e+02
2.469037521322588304e+02 2.474947495719659400e+02
2.514760438979766946e+02 2.520767083084870137e+02
2.560483356233436893e+02 2.566586278408860267e+02
2.606206273975165573e+02 2.612405084992357160e+02
2.651929191038063323e+02 2.658223506013162591e+02
2.697652108100764963e+02 2.704041544586598320e+02
2.743375025283771151e+02 2.749859202982784154e+02
2.789097943027239239e+02 2.795676485208456370e+02
2.834820861046714526e+02 2.841493394485712543e+02
2.880543778062351521e+02 2.887309933167680924e+02
2.926266695064268788e+02 2.933126104515544057e+02
2.971989612060230002e+02 2.978941911509311922e+02
3.017712529065506715e+02 3.024757356894144777e+02
3.063435447032162529e+02 3.070572443109333562e+02
3.109158363927966775e+02 3.116387172575358591e+02
3.154881281032377274e+02 3.162201549623446226e+02
3.200604198028304950e+02 3.208015575589053583e+02
3.246327115021599639e+02 3.253829253479342469e+02
3.292050031986590852e+02 3.299642586681501371e+02
3.337772949042349637e+02 3.345455576739921071e+02
3.383495866999605823e+02 3.391268227069180057e+02
3.429218783973682889e+02 3.437080539841360860e+02
3.474941700943762726e+02 3.482892517993356023e+02
3.520664617777498506e+02 3.528704163673135099e+02
3.566387535365835788e+02 3.574515479646216249e+02
3.612110452249091281e+02 3.620326468331214755e+02
3.657833369253352771e+02 3.666137132622645822e+02
3.703556286529108661e+02 3.711947473752426276e+02
3.749279203862926124e+02 3.757757495118771658e+02
3.795002122111030758e+02 3.803567198492795569e+02
3.840725039906697020e+02 3.849376586451460298e+02
3.886447958097750188e+02 3.895185660587178518e+02
3.932170875328392867e+02 3.940994424708514998e+02
3.977893792715948393e+02 3.986802879349241380e+02
4.023616710744545344e+02 4.032611027407315305e+02
4.069339627893304510e+02 4.078418872524778180e+02
4.115062544861187916e+02 4.124226415541988899e+02
4.160785462586517269e+02 4.170033658133637573e+02
4.206508379573411958e+02 4.215840603505498052e+02
4.252231297043481391e+02 4.261647252696519672e+02
4.297954214729314231e+02 4.307453608331932173e+02
4.343677131792916839e+02 4.353259673480071115e+02
4.389400048824043097e+02 4.399065449037941562e+02
4.435122965861139051e+02 4.444870936823343754e+02
4.480845882902842163e+02 4.490676139098083581e+02
4.526568799851200993e+02 4.536481059133739109e+02
4.572291717139390244e+02 4.582285696145045222e+02
4.618014635699300925e+02 4.628090055052940102e+02
4.663737553312963655e+02 4.673894135323862429e+02
4.709460472109071816e+02 4.719697940312790934e+02
4.755183389133148353e+02 4.765501471448003485e+02
4.800906306655687104e+02 4.811304730454955916e+02
4.846629224076802984e+02 4.857107720956037724e+02
4.892352143068225132e+02 4.902910442554853034e+02
4.938075061448625434e+02 4.948712896659856142e+02
4.983797978846601495e+02 4.994515087674535607e+02
5.029520896388022493e+02 5.040317015128420053e+02
5.075243814604616546e+02 5.086118681050885471e+02
5.120966732575519700e+02 5.131920087950140896e+02
5.166689649840443508e+02 5.177721238009069111e+02
5.212412568832189663e+02 5.223522131285909609e+02
5.258135485777845588e+02 5.269322770830663103e+02
5.303858402830549039e+02 5.315123156821574639e+02
5.349581320269116986e+02 5.360923292509240810e+02
5.395304237716882199e+02 5.406723178751907426e+02
5.441027155835342910e+02 5.452522816985206191e+02
5.486750073872237863e+02 5.498322209030516206e+02
5.532472991466726171e+02 5.544121356761072548e+02
5.578195908660875375e+02 5.589920262303099889e+02
5.623918826512965552e+02 5.635718926126963879e+02
5.669641744995855106e+02 5.681517349505334096e+02
5.715364663827785989e+02 5.727315535993152480e+02
5.761087582157967972e+02 5.773113484453949695e+02
5.806810500582178065e+02 5.818911198667819917e+02
5.852533419050657812e+02 5.864708679970804042e+02
5.898256336961342186e+02 5.910505928914291189e+02
5.943979254928760838e+02 5.956302945066291841e+02
5.989702172888746645e+02 6.002099731812684240e+02
6.035425091353898779e+02 6.047896290343348937e+02
6.081148008587630329e+02 6.093692624607781454e+02
6.126870926125759524e+02 6.139488732240392892e+02
6.172593843587713991e+02 6.185284616150452166e+02
6.218316761094270078e+02 6.231080276865880023e+02
6.264039678675592313e+02 6.276875718099788628e+02
6.309762595649528976e+02 6.322670938803299805e+02
6.355485513985523767e+02 6.368465941773288250e+02
6.401208433330372145e+02 6.414260727745784152e+02
6.446931352734472966e+02 6.460055297258297742e+02
6.492654270084511836e+02 6.505849652627275646e+02
6.538377189354303027e+02 6.551643795375803165e+02
6.584100106974628943e+02 6.597437725111988129e+02
6.629823026481237775e+02 6.643231444702337285e+02
6.675545945000900474e+02 6.689024955799704912e+02
6.721268864035998831e+02 6.734818257626994864e+02
6.766991782569162979e+02 6.780611352702774184e+02
6.812714699889545500e+02 6.826404241145166907e+02
6.858437616939578447e+02 6.872196925346738681e+02
6.904160536732624678e+02 6.917989406147426052e+02
6.949883454698608602e+02 6.963781686541401541e+02
6.995606373860783833e+02 7.009573766905900811e+02
7.041329291077422567e+02 7.055365647944304328e+02
7.087052209240893035e+02 7.101157328512357481e+02
7.132775127616647524e+02 7.146948811384336295e+02
7.178498045657338480e+02 7.192740097902078560e+02
7.224220962596817799e+02 7.238531191717520414e+02
7.269943879724316957e+02 7.284322090832765753e+02
7.315666796676250669e+02 7.330112796475182222e+02
