0.000000000000000000e+00 0.000000000000000000e+00
4.570814057449432255e+00 4.584691319771407869e+00
9.141628117449965174e+00 9.169298156448896009e+00
1.371244217505940455e+01 1.375382154855982364e+01
1.828325623232415964e+01 1.833826251518485151e+01
2.285407029067931006e+01 2.292262205738347092e+01
2.742488435676204617e+01 2.750690115198262475e+01
3.199569841721813290e+01 3.209110075664714401e+01
3.656651247745071487e+01 3.667522182380696449e+01
4.113732653567191022e+01 4.125926529585909464e+01
4.570814059307482324e+01 4.584323206040645005e+01
5.027895466858679896e+01 5.042712302543935721e+01
5.484976873323275015e+01 5.501093908615089845e+01
5.942058280775853518e+01 5.959468108748752968e+01
6.399139687343373595e+01 6.417834988260187856e+01
6.856221093536267119e+01 6.876194631353493492e+01
7.313302500075609203e+01 7.334547121802602021e+01
7.770383907283880376e+01 7.792892536453483388e+01
8.227465313975014283e+01 8.251230958791930448e+01
8.684546722786548401e+01 8.709562464270737792e+01
9.141628129790478852e+01 9.167887130062436540e+01
9.598709537125358793e+01 9.626205032632748271e+01
1.005579094313913089e+02 1.008451624451708994e+02
1.051287234990192303e+02 1.054282084221917160e+02
1.096995376007916576e+02 1.100111889468751372e+02
1.142703516728599311e+02 1.145941047310449790e+02
1.188411657779628285e+02 1.191769564790171501e+02
1.234119798543971598e+02 1.237597448564444278e+02
1.279827939200125968e+02 1.283424705521177600e+02
1.325536080112912032e+02 1.329251341935944879e+02
1.371244221110131605e+02 1.375077364736129653e+02
1.416952362135728265e+02 1.420902780223931927e+02
1.462660503136287389e+02 1.466727594570475617e+02
1.508368644050248690e+02 1.512551813994425061e+02
1.554076784853554045e+02 1.558375444729933008e+02
1.599784925461264606e+02 1.604198493142864095e+02
1.645493066564854985e+02 1.650020964637041061e+02
1.691201207436571963e+02 1.695842865229948870e+02
1.736909348184296960e+02 1.741664200747888458e+02
1.782617488960802916e+02 1.787484976568565855e+02
1.828325629722302779e+02 1.833305198608532010e+02
1.874033770982834994e+02 1.879124872329638833e+02
1.919741912121819496e+02 1.924944002962357104e+02
1.965450053163513928e+02 1.970762596406177636e+02
2.011158194094014107e+02 2.016580657367963454e+02
2.056866335017592462e+02 2.062398191118130626e+02
2.102574476011724585e+02 2.108215203020674267e+02
2.148282617083517039e+02 2.154031697810374624e+02
2.193990758225539537e+02 2.199847679972812102e+02
2.239698899405793213e+02 2.245663155153763171e+02
2.285407040656420463e+02 2.291478128118346262e+02
2.331115181879054319e+02 2.337292603413641245e+02
2.376823322877596070e+02 2.383106585647865927e+02
2.422531463610083620e+02 2.428920079153294012e+02
2.468239605150993441e+02 2.474733088893428885e+02
2.513947745888326608e+02 2.520545619597355085e+02
2.559655886625443770e+02 2.566357675401794154e+02
2.605364027789548231e+02 2.612169260399554105e+02
2.651072169432657688e+02 2.657980379711336241e+02
2.696780310447844613e+02 2.703791036381053914e+02
2.742488451179534081e+02 2.749601235253699087e+02
2.788196591987798456e+02 2.795410980430500558e+02
2.833904732851386825e+02 2.841220276909564291e+02
2.879612873604745005e+02 2.887029127728242202e+02
2.925321014751469306e+02 2.932837536497834776e+02
2.971029155721727761e+02 2.978645507713500820e+02
3.016737296636592873e+02 3.024453044860280215e+02
3.062445437368415924e+02 3.070260152495372949e+02
3.108153578100140635e+02 3.116066832987946782e+02
3.153861718876462987e+02 3.161873090946401135e+02
3.199569859926208437e+02 3.207678929910903207e+02
3.245278001789246218e+02 3.253484353814280894e+02
3.290986142747544818e+02 3.299289365666264757e+02
3.336694283466767956e+02 3.345093969305647761e+02
3.382402424943948063e+02 3.390898168710875780e+02
3.428110566303550968e+02 3.436701966651093585e+02
3.473818708224441707e+02 3.482505366592273504e+02
3.519526850075895936e+02 3.528308372263277306e+02
3.565234991068458612e+02 3.574110986162545487e+02
3.610943132134943880e+02 3.619913212529144175e+02
3.656651273384669025e+02 3.665715054351743447e+02
3.702359414384874299e+02 3.711516514026532150e+02
3.748067555465154328e+02 3.757317595145169662e+02
3.793775696901649326e+02 3.803118300922250228e+02
3.839483838011096850e+02 3.848918634711802724e+02
3.885191979754989120e+02 3.894718597778718276e+02
3.930900121800171405e+02 3.940518195883266799e+02
3.976608262902907995e+02 3.986317429531490006e+02
4.022316404628410282e+02 4.032116303485601065e+02
4.068024545287278215e+02 4.077914819543402132e+02
4.113732685974532615e+02 4.123712980703737117e+02
4.159440827005686288e+02 4.169510789949952709e+02
4.205148968120561221e+02 4.215308250326044117e+02
4.250857108852982265e+02 4.261105364129442137e+02
4.296565249629634309e+02 4.306902134763447521e+02
4.342273390415695076e+02 4.352698564570088138e+02
4.387981531167537241e+02 4.398494655476239359e+02
4.433689671925266111e+02 4.444290411472223923e+02
4.479397813198132781e+02 4.490085833636838970e+02
4.525105954070131702e+02 4.535880924155801495e+02
4.570814094815024191e+02 4.581675686993734757e+02
4.616522235568360202e+02 4.627470124494772108e+02
4.662230376913433929e+02 4.673264238540227211e+02
4.707938517678582002e+02 4.719058031861574136e+02
4.753646660341270263e+02 4.764851506717458278e+02
4.799354801456734094e+02 4.810644666522256898e+02
4.845062942342706265e+02 4.856437512266441558e+02
4.890771084442270080e+02 4.902230046791476070e+02
4.936479226437580792e+02 4.948022273345339954e+02
4.982187368193483508e+02 4.993814193034929758e+02
5.027895509474155915e+02 5.039605807865917768e+02
5.073603651207499752e+02 5.085397121170726678e+02
5.119311793088330660e+02 5.131188134771143723e+02
5.165019934036974973e+02 5.176978851242344035e+02
5.210728074856533567e+02 5.222769271540307727e+02
5.256436215516503125e+02 5.268559398221241281e+02
5.302144356314904599e+02 5.314349233423192800e+02
5.347852497988586720e+02 5.360138779641899873e+02
5.393560638970006949e+02 5.405928038822337385e+02
5.439268781516611853e+02 5.451717013664028855e+02
5.484976923303156582e+02 5.497505705515484351e+02
5.530685064631122714e+02 5.543294117094658304e+02
5.576393206452260074e+02 5.589082248387929894e+02
5.622101347989805618e+02 5.634870102156912708e+02
5.667809490734219935e+02 5.680657681197014881e+02
5.713517633266608300e+02 5.726444987079366911e+02
5.759225775345007605e+02 5.772232021112617986e+02
5.804933917254920743e+02 5.818018787159321619e+02
5.850642058423923118e+02 5.863805285732427137e+02
5.896350199206747220e+02 5.909591518288531233e+02
5.942058341593495925e+02 5.955377485221747520e+02
5.987766482312983953e+02 6.001163190233203295e+02
6.033474623518216049e+02 6.046948635330054458e+02
6.079182764903957832e+02 6.092733821887156864e+02
6.124890908089969344e+02 6.138518752286470317e+02
6.170599050229272962e+02 6.184303428383145729e+02
6.216307191769267320e+02 6.230087849219885356e+02
6.262015332931472358e+02 6.275872020256484802e+02
6.307723473913588350e+02 6.321655940092434776e+02
6.353431616319683144e+02 6.367439611439338023e+02
6.399139757721080741e+02 6.413223036855277996e+02
6.444847898584398536e+02 6.459006215690599220e+02
6.490556041497181923e+02 6.504789151949721600e+02
6.536264184019921686e+02 6.550571846367014359e+02
6.581972327326094501e+02 6.596354300270259046e+02
6.627680470498160048e+02 6.642136516183816184e+02
6.673388612341212820e+02 6.687918494298655787e+02
6.719096755573407336e+02 6.733700235492908632e+02
6.764804897781716591e+02 6.779481744704684161e+02
6.810513039143876313e+02 6.825263019050019011e+02
6.856221180676832319e+02 6.871044064009980730e+02
6.901929322312180375e+02 6.916824880054824689e+02
6.947637464221683103e+02 6.962605466680578274e+02
6.993345605018525930e+02 7.008385825643529188e+02
7.039053746506018570e+02 7.054165959747501802e+02
7.084761887349387735e+02 7.099945871170175451e+02
7.130470029376471075e+02 7.145725559016937041e+02
7.176178171374940575e+02 7.191505027568921378e+02
7.221886314397386286e+02 7.237284276533675893e+02
7.267594456023343810e+02 7.283063305836820973e+02
7.313302596867904413e+02 7.328842118204157714e+02
