0.000000000000000000e+00 0.000000000000000000e+00
4.571045044515267719e+00 4.584691305465764088e+00
9.142090089116948093e+00 9.169301379941437347e+00
1.371313513436627218e+01 1.375383119545594290e+01
1.828418017896801828e+01 1.833828171274764074e+01
2.285522522410549584e+01 2.292265386601092914e+01
2.742627027760219249e+01 2.750694858641551122e+01
3.199731532552806712e+01 3.209116677768895443e+01
3.656836037327194333e+01 3.667530932604879723e+01
4.113940542235295084e+01 4.125937711629398308e+01
4.571045046844940885e+01 4.584337100056389147e+01
5.028149553148020345e+01 5.042729183666926929e+01
5.485254058008737843e+01 5.501114045552943566e+01
5.942358564424748124e+01 5.959491766582127070e+01
6.399463069146197824e+01 6.417862427255801094e+01
6.856567574369147167e+01 6.876226103765139896e+01
7.313672080152959154e+01 7.334582878372717119e+01
7.770776586079301751e+01 7.792932823069857307e+01
8.227881093185899886e+01 8.251276016998298246e+01
8.684985598543731555e+01 8.709612532887332748e+01
9.142090104419487773e+01 9.167942440025674955e+01
9.599194612585893083e+01 9.626265813217932532e+01
1.005629911862467623e+02 1.008458272180598385e+02
1.051340362545379605e+02 1.054289323708334223e+02
1.097050813240223022e+02 1.100119742478454441e+02
1.142761263773732026e+02 1.145949535255868028e+02
1.188471714688766809e+02 1.191778708643209939e+02
1.234182165266706050e+02 1.237607268998361150e+02
1.279892615944185650e+02 1.283435222848457897e+02
1.325603066419089373e+02 1.329262576223405290e+02
1.371313517282882231e+02 1.375089335606098757e+02
1.417023967946568916e+02 1.420915507030419178e+02
1.462734418482252750e+02 1.466741096226497802e+02
1.508444869342073105e+02 1.512566109190667589e+02
1.554155320316920381e+02 1.558390552296182818e+02
1.599865770974150223e+02 1.604214430826105513e+02
1.645576221911757102e+02 1.650037750157375172e+02
1.691286672394522554e+02 1.695860516522285479e+02
1.736997123103703871e+02 1.741682734454629724e+02
1.782707573735438018e+02 1.787504409931760847e+02
1.828418024206035284e+02 1.833325548299140735e+02
1.874128475385843444e+02 1.879146154964447248e+02
1.919838926071454068e+02 1.924966234898323023e+02
1.965549377081902662e+02 1.970785793047463130e+02
2.011259827890038139e+02 2.016604834539602962e+02
2.056970278687783207e+02 2.062423364431757022e+02
2.102680729555558514e+02 2.108241386933597994e+02
2.148391180502421776e+02 2.154058907720628611e+02
2.194101631521104423e+02 2.199875930942906734e+02
2.239812082604610168e+02 2.245692461158155311e+02
2.285522533338613016e+02 2.291508503627521804e+02
2.331232984296480595e+02 2.337324062248320899e+02
2.376943435169230270e+02 2.383139141642376444e+02
2.422653886387150521e+02 2.428953746491052925e+02
2.468364337000928970e+02 2.474767881132026446e+02
2.514074787797398471e+02 2.520581550050220585e+02
2.559785238649083112e+02 2.566394756792554972e+02
2.605495689262257883e+02 2.612207505946810215e+02
2.651206139866554281e+02 2.658019801566763931e+02
2.696916590503249154e+02 2.703831647783011931e+02
2.742627041298696895e+02 2.749643047913506848e+02
2.788337492251833396e+02 2.795454006680036514e+02
2.834047942861966476e+02 2.841264527941607980e+02
2.879758393420511311e+02 2.887074615515580263e+02
2.925468844016568255e+02 2.932884273086542635e+02
2.971179294797423154e+02 2.978693504913367178e+02
3.016889745393453381e+02 3.024502313912986438e+02
3.062600196227755873e+02 3.070310703415057674e+02
3.108310647171030041e+02 3.116118677542542628e+02
3.154021097689885096e+02 3.161926240215036046e+02
3.199731548509095660e+02 3.207733394687964505e+02
3.245441999338437427e+02 3.253540144364219486e+02
3.291152450000725480e+02 3.299346492362462300e+02
3.336862901750503738e+02 3.345152442276551028e+02
3.382573352778011326e+02 3.390957997744847034e+02
3.428283804571839255e+02 3.436763162046238449e+02
3.473994255514598990e+02 3.482567938692725420e+02
3.519704707230291092e+02 3.528372330531543639e+02
3.565415158496839467e+02 3.574176339959452662e+02
3.611125609299004395e+02 3.619979971010479289e+02
3.656836060339364849e+02 3.665783225773083132e+02
3.702546511217072975e+02 3.711586108520181710e+02
3.748256962176147908e+02 3.757388621479698827e+02
3.793967414059812882e+02 3.803190768897958947e+02
3.839677865929553491e+02 3.848992552611427982e+02
3.885388316954959578e+02 3.894793975955303722e+02
3.931098768840082585e+02 3.940595041680213058e+02
3.976809220664537179e+02 3.986395751949401642e+02
4.022519671864939710e+02 4.032196110586545501e+02
4.068230122416436529e+02 4.077996120192650551e+02
4.113940572979395256e+02 4.123795782720541183e+02
4.159651025026619209e+02 4.169595101535124968e+02
4.205361475611121023e+02 4.215394079029646264e+02
4.251071926144575741e+02 4.261192717508876058e+02
4.296782376861722241e+02 4.306991019676994483e+02
4.342492827522429479e+02 4.352788989710702481e+02
4.388203278149652533e+02 4.398586628407125545e+02
4.433913729693194909e+02 4.444383938012319391e+02
4.479624180330699801e+02 4.490180922255690348e+02
4.525334630872526986e+02 4.535977582700775201e+02
4.571045081493005000e+02 4.581773922772896412e+02
4.616755533857458431e+02 4.627569944256223380e+02
4.662465985074471178e+02 4.673365649379213664e+02
4.708176435833567552e+02 4.719161041091665538e+02
4.753886887639623069e+02 4.764956122689472977e+02
4.799597338720207063e+02 4.810750894602584822e+02
4.845307789788685682e+02 4.856545358816515545e+02
4.891018240509833390e+02 4.902339520188148185e+02
4.936728692397158511e+02 4.948133377433158557e+02
4.982439143094181304e+02 4.993926935070830382e+02
5.028149594250814971e+02 5.039720195176888637e+02
5.073860045346035577e+02 5.085513158713935127e+02
5.119570497031520517e+02 5.131305829449651128e+02
5.165280948186118621e+02 5.177098209481168851e+02
5.210991398709542182e+02 5.222890298509227023e+02
5.256701849261166899e+02 5.268682100695842792e+02
5.302412299932202586e+02 5.314473617034567496e+02
5.348122751373049368e+02 5.360264849968249337e+02
5.393833202228142909e+02 5.406055801676191095e+02
5.439543654824421992e+02 5.451846473843852436e+02
5.485254106482389034e+02 5.497636869082143676e+02
5.530964557688290597e+02 5.543426988591952522e+02
5.576675009962755212e+02 5.589216835131638845e+02
5.622385461378047466e+02 5.635006409343998257e+02
5.668095913430342989e+02 5.680795714227044755e+02
5.713806365839388945e+02 5.726584750780971262e+02
5.759516817786127376e+02 5.772373522882369343e+02
5.805227268540713794e+02 5.818162028877798093e+02
5.850937719321001396e+02 5.863950272963973021e+02
5.896648170633402515e+02 5.909738257654180416e+02
5.942358621454520744e+02 5.955525983041161453e+02
5.988069072049859187e+02 6.001313451778619310e+02
6.033779523140635774e+02 6.047100663271362464e+02
6.079489974550382385e+02 6.092887622496605218e+02
6.125200426102215943e+02 6.138674329911229961e+02
6.170910878673954585e+02 6.184460786531249141e+02
6.216621331775386352e+02 6.230246995335902511e+02
6.262331783088345674e+02 6.276032955076074131e+02
6.308042235270206675e+02 6.321818670121535888e+02
6.353752687554480190e+02 6.367604141789684036e+02
6.399463139710700261e+02 6.413389369794847426e+02
6.445173590499314287e+02 6.459174358745251538e+02
6.490884043286355336e+02 6.504959109153951431e+02
6.536594496139805415e+02 6.550743620979344541e+02
6.582304949345327714e+02 6.596527896902307475e+02
6.628015402458083827e+02 6.642311937748770561e+02
6.673725854089714176e+02 6.688095745425050609e+02
6.719436307130747537e+02 6.733879321328597598e+02
6.765146759216313512e+02 6.779662669724865509e+02
6.810857209912715007e+02 6.825445786918692193e+02
6.856567660856280781e+02 6.871228677029496339e+02
6.902278111434343373e+02 6.917011341539623572e+02
6.947988564813630319e+02 6.962793782629516954e+02
6.993699015469892402e+02 7.008576001953263130e+02
7.039409467716832296e+02 7.054358000452496071e+02
7.085119918969395485e+02 7.100139778807968014e+02
7.130830370866156045e+02 7.145921336785678477e+02
7.176540824026833434e+02 7.191702679252132384e+02
7.222251274564218875e+02 7.237483805896729336e+02
7.267961725191985352e+02 7.283264716400840371e+02
7.313672175718406834e+02 7.329045413140172514e+02
