0.000000000000000000e+00 0.000000000000000000e+00
4.571099923978018786e+00 4.584691304375616561e+00
9.142199848624313674e+00 9.169302141714384291e+00
1.371329977284299773e+01 1.375383346839286425e+01
1.828439969784525232e+01 1.833828623156036031e+01
2.285549962240549249e+01 2.292266135809154548e+01
2.742659955537056149e+01 2.750695975398938486e+01
3.199769948146493803e+01 3.209118232091422129e+01
3.656879940859444389e+01 3.667532992355983623e+01
4.113989933739513560e+01 4.125940343361519069e+01
4.571099926326516538e+01 4.584340369262403669e+01
5.028209920487449835e+01 5.042733155114066079e+01
5.485319913652016766e+01 5.501118782077574565e+01
5.942429908321062726e+01 5.959497329694174539e+01
6.399539901130596320e+01 6.417868877170573683e+01
6.856649894303531312e+01 6.876233503667516800e+01
7.313759887511605484e+01 7.334591286290225298e+01
7.770869880780180949e+01 7.792942297038290178e+01
8.227979874100648772e+01 8.251286613863285879e+01
8.685089869560410136e+01 8.709624307098258100e+01
9.142199863251590841e+01 9.167955448088252979e+01
9.599309856857499312e+01 9.626280109149004716e+01
1.005641984949634207e+02 1.008459835837216616e+02
1.051352984229745289e+02 1.054291026692677065e+02
1.097063983629738857e+02 1.100121589913430853e+02
1.142774983227554770e+02 1.145951532146317504e+02
1.188485982713851286e+02 1.191780859986528611e+02
1.234196982206147908e+02 1.237609579678746599e+02
1.279907981677839643e+02 1.283437697666201700e+02
1.325618981256365316e+02 1.329265219813932504e+02
1.371329980912980773e+02 1.375092152635853040e+02
1.417040980606325320e+02 1.420918502035633821e+02
1.462751980335320354e+02 1.466744273731425210e+02
1.508462979915991014e+02 1.512569473831115943e+02
1.554173979374536998e+02 1.558394108087904897e+02
1.599884978738810730e+02 1.604218181944429489e+02
1.645595978204156609e+02 1.650041701245377226e+02
1.691306978154788681e+02 1.695864671399261283e+02
1.737017977564083822e+02 1.741687097373421693e+02
1.782728976975417368e+02 1.787508985224050377e+02
1.828439976464241283e+02 1.833330340031038475e+02
1.874150976444299488e+02 1.879151166554657948e+02
1.919861975953445778e+02 1.924971470252930885e+02
1.965572975704650958e+02 1.970791255795413122e+02
2.011283975316354997e+02 2.016610528601231351e+02
2.056994975096115468e+02 2.062429293154880838e+02
2.102705974950801817e+02 2.108247554579548364e+02
2.148416974435707516e+02 2.154065317278830207e+02
2.194127973985734457e+02 2.199882586039744297e+02
2.239838973591450895e+02 2.245699365359895694e+02
2.285549973511328972e+02 2.291515660018901599e+02
2.331260972834108429e+02 2.337331474291922859e+02
2.376971972501731898e+02 2.383146812616436705e+02
2.422682972008584272e+02 2.428961680010043267e+02
2.468393971585492181e+02 2.474776080403169374e+02
2.514104971032583364e+02 2.520590017845024704e+02
2.559815970371022900e+02 2.566403496180795401e+02
2.605526970180630428e+02 2.612216519989333960e+02
2.651237970420227157e+02 2.658029093277207835e+02
2.696948969933392846e+02 2.703841220134301011e+02
2.742659969959894966e+02 2.749652904423766131e+02
2.788370969370757848e+02 2.795464150338258378e+02
2.834081968744490041e+02 2.841274960821407376e+02
2.879792968799298478e+02 2.887085340514530571e+02
2.925503968191262629e+02 2.932895292934739473e+02
2.971214967606906612e+02 2.978704821979929420e+02
3.016925967002611060e+02 3.024513930863729456e+02
3.062636966445288635e+02 3.070322623403611715e+02
3.108347966276498937e+02 3.116130903404421133e+02
3.154058966803770545e+02 3.161938774495099551e+02
3.199769966479551044e+02 3.207746239691938399e+02
3.245480966519793924e+02 3.253553302455196672e+02
3.291191966163509051e+02 3.299359966899507413e+02
3.336902965542997208e+02 3.345166235118445570e+02
3.382613964913269911e+02 3.390972111201677990e+02
3.428324965104338276e+02 3.436777598372815419e+02
3.474035965789123566e+02 3.482582699937643724e+02
3.519746966303053455e+02 3.528387418460099525e+02
3.565457965990530056e+02 3.574191757611257572e+02
3.611168965789757976e+02 3.619995720427976948e+02
3.656879965180154386e+02 3.665799309408490672e+02
3.702590964933538089e+02 3.711602528718121903e+02
3.748301964692537354e+02 3.757405380825028942e+02
3.794012965459961038e+02 3.803207868377461409e+02
3.839723964830813543e+02 3.849009994683864306e+02
3.885434964152186694e+02 3.894811762025207145e+02
3.931145963780862758e+02 3.940613173611938009e+02
3.976856963906104738e+02 3.986414233183958231e+02
4.022567963739618904e+02 4.032214943142363950e+02
4.068278963241665451e+02 4.078015304470141018e+02
4.113989962883910039e+02 4.123815321696325782e+02
4.159700962978430425e+02 4.169614996879309388e+02
4.205411962861255688e+02 4.215414332843153034e+02
4.251122962279605986e+02 4.261213331690658492e+02
4.296833961792632408e+02 4.307011996283403619e+02
4.342544961247585888e+02 4.352810330648075023e+02
4.388255960668910802e+02 4.398608334599870204e+02
4.433966960095838203e+02 4.444406012590852129e+02
4.479677959580006927e+02 4.490203366337037778e+02
4.525388958916047386e+02 4.536000399278404984e+02
4.571099959080017356e+02 4.581797112458056063e+02
4.616810958492906138e+02 4.627593510090358677e+02
4.662521958477088901e+02 4.673389591626237234e+02
4.708232957867890036e+02 4.719185361424572989e+02
4.753943957905854631e+02 4.764980820844336904e+02
4.799654957775878756e+02 4.810775973295366157e+02
4.845365957725280737e+02 4.856570821433757601e+02
4.891076957145794495e+02 4.902365365666661887e+02
4.936787957830815685e+02 4.948159610003710895e+02
4.982498957822431862e+02 4.993953555100566177e+02
5.028209957767577407e+02 5.039747203920982201e+02
5.073920957826255176e+02 5.085540559472630093e+02
5.119631958233381965e+02 5.131333621368827380e+02
5.165342959617790939e+02 5.177126393764003751e+02
5.211053959980890795e+02 5.222918877669648055e+02
5.256764959576523779e+02 5.268711075623915576e+02
5.302475959712927533e+02 5.314502989882705606e+02
5.348186959543497778e+02 5.360294622733920278e+02
5.393897959344915307e+02 5.406085974942188841e+02
5.439608960669573889e+02 5.451877048972520470e+02
5.485319961115435490e+02 5.497667847695807950e+02
5.531030961156559442e+02 5.543458372129067584e+02
5.576741960977943791e+02 5.589248624374142764e+02
5.622452961189327425e+02 5.635038605989255984e+02
5.668163962037506280e+02 5.680828318727161559e+02
5.713874963239950375e+02 5.726617766871281674e+02
5.759585963982608519e+02 5.772406949879467675e+02
5.805296963530181529e+02 5.818195867957333576e+02
5.851007963355127686e+02 5.863984527048144173e+02
5.896718963899752453e+02 5.909772925454860797e+02
5.942429963632930594e+02 5.955561065367081710e+02
5.988140963022509595e+02 6.001348949645135917e+02
6.033851963366084874e+02 6.047136581231225136e+02
6.079562963321297957e+02 6.092923958517459369e+02
6.125273963819838627e+02 6.138711086640739722e+02
6.170984965085827980e+02 6.184497963955084288e+02
6.216695964643761272e+02 6.230284593454132391e+02
6.262406964741614956e+02 6.276070978900249884e+02
6.308117964864999294e+02 6.321857118782234011e+02
6.353828965942844889e+02 6.367643016093193182e+02
6.399539967123703263e+02 6.413428672751789463e+02
6.445250967936702864e+02 6.459214090375530759e+02
6.490961969519096328e+02 6.504999269795321197e+02
6.536672971166333355e+02 6.550784212983896850e+02
6.582383973170958598e+02 6.596568920916975003e+02
6.628094975106689617e+02 6.642353393914396520e+02
6.673805975579864480e+02 6.688137635997870802e+02
6.719516977381395009e+02 6.733921646604387661e+02
6.765227978269535924e+02 6.779705428038664650e+02
6.810938977759747104e+02 6.825488982472493262e+02
6.856649977336960546e+02 6.871272310296888008e+02
6.902360978005226571e+02 6.917055413316120394e+02
6.948071977400641117e+02 6.962838295276451390e+02
6.993782976850926616e+02 7.008620952681294511e+02
7.039493978811351553e+02 7.054403390057182150e+02
7.085204980300961779e+02 7.100185610757403083e+02
7.130915981015846228e+02 7.145967611708040295e+02
7.176626980799028388e+02 7.191749397856856376e+02
7.222337981276655228e+02 7.237530967252007486e+02
7.268048983517153374e+02 7.283312324672810973e+02
7.313759982837771076e+02 7.329093468911144100e+02
