0.000000000000000000e+00 0.000000000000000000e+00
4.570873569952183857e+00 4.584691313113993694e+00
9.141747142663232850e+00 9.169298986238402449e+00
1.371262071342536615e+01 1.375382404140139592e+01
1.828349428349783423e+01 1.833826748228117864e+01
2.285436785404195703e+01 2.292263029334878865e+01
2.742524143303813133e+01 2.750691343886440876e+01
3.199611500632687822e+01 3.209111785943915152e+01
3.656698857695930371e+01 3.667524449388650964e+01
4.113786215373905009e+01 4.125929426932316346e+01
4.570873572398409124e+01 4.584326806254838971e+01
5.027960931452695803e+01 5.042716676707959778e+01
5.485048289212643624e+01 5.501099126333659939e+01
5.942135646884802469e+01 5.959474239376990568e+01
6.399223005110602003e+01 6.417842098125920813e+01
6.856310363832069754e+01 6.876202786440669001e+01
7.313397721653629446e+01 7.334556386966659147e+01
7.770485079535582429e+01 7.792902975350443739e+01
8.227572438456479631e+01 8.251242633948731964e+01
8.684659795725838194e+01 8.709575437119997332e+01
9.141747154067161318e+01 9.167901460859496865e+01
9.598834513605409313e+01 9.626220780171132674e+01
1.005592187128880539e+02 1.008453346763512428e+02
1.051300922884305749e+02 1.054283959817752674e+02
1.097009658747795982e+02 1.100113923975431192e+02
1.142718394597376204e+02 1.145943246305239569e+02
1.188427130432452969e+02 1.191771933656270619e+02
1.234135866264296055e+02 1.237599992648044349e+02
1.279844602454269307e+02 1.283427430071613458e+02
1.325553338502491556e+02 1.329254252279313846e+02
1.371262074523287424e+02 1.375080465792891005e+02
1.416970810684265416e+02 1.420906076988339350e+02
1.462679546813198499e+02 1.466731091945227377e+02
1.508388282855758007e+02 1.512555516814990142e+02
1.554097018772033607e+02 1.558379358102926631e+02
1.599805754584979240e+02 1.604202621383296901e+02
1.645514490459798651e+02 1.650025312580318655e+02
1.691223226229512591e+02 1.695847437428257081e+02
1.736931962098511519e+02 1.741669001227701870e+02
1.782640697851451250e+02 1.787490010210132425e+02
1.828349433752251230e+02 1.833310469495561676e+02
1.874058170146188331e+02 1.879130384524028727e+02
1.919766905973415021e+02 1.924949761215988531e+02
1.965475642185019751e+02 1.970768604378379223e+02
2.011184378247232871e+02 2.016586919305648280e+02
2.056893114300546301e+02 2.062404710696434051e+02
2.102601850422932728e+02 2.108221984138444327e+02
2.148310586623380232e+02 2.154038744339984532e+02
2.194019322896088795e+02 2.199854995915451923e+02
2.239728059206085504e+02 2.245670744000863408e+02
2.285436795530827112e+02 2.291485993253149331e+02
2.331145531880524118e+02 2.337300748929795304e+02
2.376854268153434759e+02 2.383115015104363579e+02
2.422563003906146264e+02 2.428928796011155384e+02
2.468271739739001305e+02 2.474742097248170865e+02
2.513980475996477253e+02 2.520554922268648568e+02
2.559689212716482984e+02 2.566367275865848114e+02
2.605397948761777798e+02 2.612179162238101640e+02
2.651106684779673515e+02 2.657990585669940629e+02
2.696815421014379126e+02 2.703801549883054349e+02
2.742524157615588365e+02 2.749612059752180926e+02
2.788232894445635566e+02 2.795422118894957748e+02
2.833941630306965180e+02 2.841231731664613562e+02
2.879650366206212198e+02 2.887040901661055159e+02
2.925359102049872035e+02 2.932849633499249080e+02
2.971067837990638054e+02 2.978657930622281356e+02
3.016776574733079315e+02 3.024465796664282493e+02
3.062485310676771633e+02 3.070273235988079250e+02
3.108194046538941961e+02 3.116080251013081579e+02
3.153902782651241523e+02 3.161886846804451920e+02
3.199611518710912037e+02 3.207693026699520829e+02
3.245320254563658864e+02 3.253498792929975707e+02
3.291028990478058631e+02 3.299304150837729139e+02
3.336737727502621738e+02 3.345109103135182522e+02
3.382446463413496076e+02 3.390913652725934071e+02
3.428155199321705595e+02 3.436717803690739856e+02
3.473863935129991205e+02 3.482521559652873293e+02
3.519572672092513130e+02 3.528324923349648543e+02
3.565281408253493964e+02 3.574127898402058463e+02
3.610990144069921826e+02 3.619930487634986207e+02
3.656698879917809109e+02 3.665732694729848049e+02
3.702407616045676377e+02 3.711534521719823942e+02
3.748116352240152764e+02 3.757335973617018681e+02
3.793825088279066904e+02 3.803137051028411975e+02
3.839533824746045525e+02 3.848937759805703536e+02
3.885242561918504407e+02 3.894738101012405878e+02
3.930951298084070231e+02 3.940538077843418705e+02
3.976660034450804915e+02 3.986337693365924224e+02
4.022368770741377375e+02 4.032136950196638168e+02
4.068077507347609298e+02 4.077935852213490193e+02
4.113786244502096565e+02 4.123734401183854743e+02
4.159494981848446287e+02 4.169532601145433546e+02
4.205203718338498220e+02 4.215330453512165150e+02
4.250912454200968114e+02 4.261127961810802276e+02
4.296621190523302403e+02 4.306925127893132412e+02
4.342329926830166187e+02 4.352721955698306715e+02
4.388038663375286887e+02 4.398518446521461556e+02
4.433747399262061322e+02 4.444314603625726932e+02
4.479456135228464859e+02 4.490110429570673887e+02
4.525164871213012248e+02 4.535905925733450204e+02
4.570873607071803235e+02 4.581701096161383475e+02
4.616582342955622380e+02 4.627495942373396929e+02
4.662291079655731210e+02 4.673290467486405646e+02
4.707999815545456954e+02 4.719084675061408802e+02
4.753708553320999499e+02 4.764878565084690081e+02
4.799417289652917589e+02 4.810672141291900061e+02
4.845126025504493441e+02 4.856465405572783993e+02
4.890834761762794187e+02 4.902258359847155589e+02
4.936543498886588850e+02 4.948051007874923926e+02
4.982252235488798533e+02 4.993843350634911076e+02
5.027960971897919649e+02 5.039635390168199365e+02
5.073669708410435533e+02 5.085427130935904643e+02
5.119378445395601602e+02 5.131218572949022700e+02
5.165087182824115644e+02 5.177009717688166575e+02
5.210795918933697521e+02 5.222800570249221437e+02
5.256504654949812902e+02 5.268591129732184299e+02
5.302213390816317542e+02 5.314381399041917575e+02
5.347922127069564340e+02 5.360171381052547304e+02
5.393630863177377250e+02 5.405961077329932323e+02
5.439339600777591386e+02 5.451750489812526439e+02
5.485048337806973677e+02 5.497539620550493282e+02
5.530757074253369865e+02 5.543328473457560222e+02
5.576465810249919741e+02 5.589117047648010157e+02
5.622174547642000562e+02 5.634905345677278774e+02
5.667883284941327702e+02 5.680693370472599781e+02
5.713592022602813358e+02 5.726481123035139262e+02
5.759300759810251975e+02 5.772268605441206546e+02
5.805009497540133907e+02 5.818055819532927444e+02
5.850718233956329186e+02 5.863842767567933834e+02
5.896426970385170989e+02 5.909629453142579223e+02
5.942135707962363540e+02 5.955415875749455381e+02
5.987844443811222845e+02 6.001202035668900407e+02
6.033553180209614766e+02 6.046987937936416984e+02
6.079261917056685434e+02 6.092773583038372180e+02
6.124970655409176743e+02 6.138558971492791443e+02
6.170679392922506850e+02 6.184344106019524361e+02
6.216388130813708131e+02 6.230128987817641928e+02
6.262096866823371784e+02 6.275913619209143235e+02
6.307805603161618819e+02 6.321698002324477557e+02
6.353514340700380671e+02 6.367482138762020440e+02
6.399223077374949753e+02 6.413266030693328048e+02
6.444931813684484041e+02 6.459049676176969115e+02
6.490640551727033198e+02 6.504833080446618396e+02
6.536349289832614886e+02 6.550616244192347040e+02
6.582058028285928231e+02 6.596399168922411036e+02
6.627766766671081768e+02 6.642181854667742300e+02
6.673475503564548035e+02 6.687964305752378777e+02
6.719184241888597171e+02 6.733746521356653147e+02
6.764892979226196985e+02 6.779528503384315172e+02
6.810601717698311859e+02 6.825310255206139800e+02
6.856310454777644736e+02 6.871091777185636147e+02
6.902019192694001504e+02 6.916873069180944640e+02
6.947727929102737789e+02 6.962654133670397414e+02
6.993436665702415667e+02 7.008434973778364565e+02
7.039145401807290909e+02 7.054215589233801893e+02
7.084854137783838723e+02 7.099995980940002482e+02
7.130562875460865371e+02 7.145776151501740969e+02
7.176271612575128529e+02 7.191556102222300524e+02
7.221980351120852220e+02 7.237335833714812452e+02
7.267689089662810602e+02 7.283115349380175303e+02
7.313397825775759884e+02 7.328894648560786891e+02
