0.000000000000000000e+00 0.000000000000000000e+00
4.570989041122757612e+00 4.584691306980383629e+00
9.141978082574761189e+00 9.169300599107376826e+00
1.371296712436817344e+01 1.375382886615073197e+01
1.828395616590964678e+01 1.833827708177348725e+01
2.285494520752266112e+01 2.292264619452788565e+01
2.742593425761980086e+01 2.750693715190712396e+01
3.199692330201911616e+01 3.209115087281437440e+01
3.656791234887716513e+01 3.667528824532116971e+01
4.113890139449773642e+01 4.125935017637428359e+01
4.570989044800521128e+01 4.584333753310834680e+01
5.028087950718803256e+01 5.042725116406201380e+01
5.485186855594118072e+01 5.501109192403432502e+01
5.942285761634971664e+01 5.959486063591670302e+01
6.399384666890924933e+01 6.417855813117283503e+01
6.856483571262236865e+01 6.876218517435098931e+01
7.313582477727366893e+01 7.334574259467194679e+01
7.770681382742316146e+01 7.792923112541151909e+01
8.227780287768712242e+01 8.251265156297148451e+01
8.684879192507426637e+01 8.709600463245251944e+01
9.141978097820285143e+01 9.167929107431935165e+01
9.599077005387712802e+01 9.626251161647348908e+01
1.005617591004459257e+02 1.008456669660140506e+02
1.051327481507389621e+02 1.054287578518219846e+02
1.097037372077538038e+02 1.100117849354234920e+02
1.142747262582215342e+02 1.145947488993994057e+02
1.188457153337477905e+02 1.191776504200005888e+02
1.234167043880072328e+02 1.237604901387005043e+02
1.279876934369720942e+02 1.283432687163665662e+02
1.325586825121672803e+02 1.329259867681787171e+02
1.371296715950960561e+02 1.375086449483911508e+02
1.417006606814571512e+02 1.420912438500387793e+02
1.462716497652735939e+02 1.466737840872309846e+02
1.508426388404969885e+02 1.512562662467172458e+02
1.554136279030816468e+02 1.558386909533035123e+02
1.599846169632328952e+02 1.604210587768861558e+02
1.645556060217375034e+02 1.650033702635801092e+02
1.691265950697897438e+02 1.695856259996480162e+02
1.736975841549989923e+02 1.741678265071263354e+02
1.782685732160838086e+02 1.787499723464307522e+02
1.828395622763292749e+02 1.833320640745876631e+02
1.874105513907760781e+02 1.879141022164390051e+02
1.919815404631073079e+02 1.924960872655838671e+02
1.965525295665401870e+02 1.970780198137227330e+02
2.011235186375758133e+02 2.016599003012333355e+02
2.056945077139555167e+02 2.062417292316307567e+02
2.102654967972756594e+02 2.108235071240298169e+02
2.148364858880991903e+02 2.154052344589338759e+02
2.194074749863178795e+02 2.199869116982825403e+02
2.239784640884980149e+02 2.245685393185326291e+02
2.285494531976120243e+02 2.291501177278166779e+02
2.331204423039367839e+02 2.337316474204100984e+02
2.376914313774395282e+02 2.383131289041462253e+02
2.422624205149567729e+02 2.428945625569471076e+02
2.468334095702619493e+02 2.474759488816968087e+02
2.514043986489880922e+02 2.520572882892984410e+02
2.559753877927927306e+02 2.566385811713050202e+02
2.605463768506720612e+02 2.612198279487952846e+02
2.651173659991349609e+02 2.658010291006461330e+02
2.696883550567946486e+02 2.703821850103472570e+02
2.742593441193106401e+02 2.749632960130292645e+02
2.788303332036581992e+02 2.795443626423833052e+02
2.834013222987380232e+02 2.841253851734533100e+02
2.879723114378998616e+02 2.887063640711035077e+02
2.925433005006574376e+02 2.932872996661437810e+02
2.971142896318729072e+02 2.978681923770781168e+02
3.016852787146026458e+02 3.024490424979445606e+02
3.062562677715476411e+02 3.070298504684547538e+02
3.108272568398872409e+02 3.116106166765689522e+02
3.153982459715604136e+02 3.161913414605890011e+02
3.199692351094908531e+02 3.207720251320112084e+02
3.245402241680843645e+02 3.253526681192754495e+02
3.291112132255425422e+02 3.299332707252295336e+02
3.336822022806697419e+02 3.345138332506018060e+02
3.382531913373519501e+02 3.390943560600487103e+02
3.428241804204457139e+02 3.436748394849367969e+02
3.473951694722221646e+02 3.482552838740870129e+02
3.519661586355004488e+02 3.528356895210337143e+02
3.565371477216854146e+02 3.574160567427221622e+02
3.611081368216367764e+02 3.619963858955094338e+02
3.656791259267264422e+02 3.665766772468448380e+02
3.702501150111240804e+02 3.711569311471466222e+02
3.748211041036144024e+02 3.757371478920269965e+02
3.793920932718513086e+02 3.803173277503708505e+02
3.839630823990797808e+02 3.848974711262623032e+02
3.885340714581217298e+02 3.894775782158657194e+02
3.931050605779516900e+02 3.940576493382995977e+02
3.976760496831283263e+02 3.986376846555479005e+02
4.022470387587521827e+02 4.032176845526883540e+02
4.068180278071325802e+02 4.077976493687339143e+02
4.113890168598885566e+02 4.123775792609351356e+02
4.159600059493969866e+02 4.169574746385673052e+02
4.205309950740823979e+02 4.215373357003178398e+02
4.251019841327679956e+02 4.261171628015484885e+02
4.296729732434819198e+02 4.306969560722629922e+02
4.342439623060578242e+02 4.352767158466649562e+02
4.388149513652253404e+02 4.398564422367809925e+02
4.433859404249869840e+02 4.444361356093984341e+02
4.479569294919165827e+02 4.490157962537732033e+02
4.525279186240700824e+02 4.535954244311367347e+02
4.570989077427440179e+02 4.581750202528801310e+02
4.616698968010750264e+02 4.627545840610191590e+02
4.662408859197061020e+02 4.673341161706641742e+02
4.708118749748807090e+02 4.719136166634406209e+02
4.753828640334981515e+02 4.764930859675143893e+02
4.799538531379072879e+02 4.810725241985832099e+02
4.845248423490589857e+02 4.856519315882255796e+02
4.890958315254717945e+02 4.902313082447913644e+02
4.936668206394769527e+02 4.948106547056607951e+02
4.982378096930289075e+02 4.993899708534560204e+02
5.028087988073368138e+02 5.039692570014733519e+02
5.073797879173023375e+02 5.085485135491902611e+02
5.119507770836347618e+02 5.131277405068003645e+02
5.165217661940059770e+02 5.177069382352899538e+02
5.210927552428399849e+02 5.222861067705729283e+02
5.256637443039704749e+02 5.268652464649561580e+02
5.302347333701862908e+02 5.314443575690354464e+02
5.348057224656378139e+02 5.360234400856859338e+02
5.393767116060236049e+02 5.406024943771592461e+02
5.439477007544408025e+02 5.451815205313828301e+02
5.485186899153139848e+02 5.497605188706412491e+02
5.530896790315368889e+02 5.543394896349444707e+02
5.576606681043765548e+02 5.589184329064069061e+02
5.622316572423012531e+02 5.634973488271160704e+02
5.668026464439319625e+02 5.680762376160093936e+02
5.713736356813745942e+02 5.726550995063171285e+02
5.759446248727304010e+02 5.772339345449934171e+02
5.805156139870728111e+02 5.818127430124801549e+02
5.850866031003496346e+02 5.863915252545959902e+02
5.896575922716908735e+02 5.909702811636203705e+02
5.942285813396603089e+02 5.955490110578284657e+02
5.987995705808317553e+02 6.001277151266315286e+02
6.033705596879324276e+02 6.047063935366895748e+02
6.079415488021868441e+02 6.092850464338966958e+02
6.125125379769940537e+02 6.138636741248274120e+02
6.170835272039946631e+02 6.184422765767446890e+02
6.216545163158823470e+02 6.230208540161495421e+02
6.262255054447950897e+02 6.275994068280106148e+02
6.307964945773036334e+02 6.321779349013197589e+02
6.353674838017201409e+02 6.367564385616203708e+02
6.399384728976035603e+02 6.413349179356663399e+02
6.445094619469548434e+02 6.459133730640123758e+02
6.490804510148661848e+02 6.504918040338886840e+02
6.536514402964301098e+02 6.550702112988228691e+02
6.582224296101501295e+02 6.596485948179062007e+02
6.627934189204080440e+02 6.642269547075129594e+02
6.673644080852926663e+02 6.688052911822799160e+02
6.719353973863371721e+02 6.733836045545413072e+02
6.765063866302214137e+02 6.779618946220753060e+02
6.810773757101446790e+02 6.825401617737589959e+02
6.856483647719828696e+02 6.871184061858640462e+02
6.902193538263902610e+02 6.916966278504394268e+02
6.947903429475205712e+02 6.962748269785172397e+02
6.993613322932121719e+02 7.008530039655011024e+02
7.039323214558839936e+02 7.054311586012787529e+02
7.085033108054744844e+02 7.100092911644715059e+02
7.130742999926683297e+02 7.145874018637141489e+02
7.176452891722195773e+02 7.191654907308532074e+02
7.222162785297687151e+02 7.237435578169142900e+02
7.267872676040232136e+02 7.283216034630601143e+02
7.313582566531440534e+02 7.328996275472582056e+02
