0.000000000000000000e+00 0.000000000000000000e+00
4.572198199412820685e+00 4.584691299351858262e+00
9.144396398005103066e+00 9.169316692889539766e+00
1.371659459910580914e+01 1.375387687584586160e+01
1.828879279703561522e+01 1.833837254014093787e+01
2.286099099535351442e+01 2.292280436250074871e+01
2.743318920206602840e+01 2.750717300891809458e+01
3.200538740269830384e+01 3.209147912850944095e+01
3.657758561215474913e+01 3.667572337001400484e+01
4.114978381205986580e+01 4.125990637589859489e+01
4.572198201133124940e+01 4.584402876452730879e+01
5.029418021093230351e+01 5.042809116843348960e+01
5.486637841630457046e+01 5.501209417688306758e+01
5.943857662347821247e+01 5.959603838881237436e+01
6.401077482148235731e+01 6.417992440666445475e+01
6.858297302267864382e+01 6.876375277625479043e+01
7.315517122319064924e+01 7.334752411434479313e+01
7.772736942356743839e+01 7.793123893900531129e+01
8.229956764181807216e+01 8.251489784542550865e+01
8.687176584886944397e+01 8.709850136932256248e+01
9.144396406475073036e+01 9.168205001464436066e+01
9.601616227509796886e+01 9.626554434671467675e+01
1.005883604781263898e+02 1.008489848739629906e+02
1.051605586864743032e+02 1.054323721404009291e+02
1.097327569100289111e+02 1.100157066290844341e+02
1.143049551226902594e+02 1.145989888508416215e+02
1.188771533341386828e+02 1.191822192900776258e+02
1.234493515448326661e+02 1.237653984281751889e+02
1.280215497817792709e+02 1.283485267185636189e+02
1.325937480129896073e+02 1.329316046938775173e+02
1.371659462361690203e+02 1.375146327973070015e+02
1.417381444785869462e+02 1.420976114822224190e+02
1.463103427183100962e+02 1.466805412152053236e+02
1.508825409495891847e+02 1.512634223992827742e+02
1.554547391679492421e+02 1.558462554976036074e+02
1.600269374241651121e+02 1.604290409618171225e+02
1.645991356392762839e+02 1.650117792221290074e+02
1.691713338444033639e+02 1.695944707235636031e+02
1.737435320580685243e+02 1.741771158675464051e+02
1.783157302723718658e+02 1.787597149976175501e+02
1.828879284996794183e+02 1.833422686285910572e+02
1.874601267271671645e+02 1.879247771115869625e+02
1.920323249619703461e+02 1.925072407907118475e+02
1.966045232228317445e+02 1.970896601483938753e+02
2.011767214567768178e+02 2.016720355264851037e+02
2.057489196900964998e+02 2.062543673208931523e+02
2.103211179305323526e+02 2.108366558608980483e+02
2.148933161787327606e+02 2.154189015367584830e+02
2.194655144338684920e+02 2.200011047347093722e+02
2.240377126930438862e+02 2.245832658298606930e+02
2.286099109590270189e+02 2.291653851302543501e+02
2.331821092218350771e+02 2.337474630295239706e+02
2.377543074412718624e+02 2.383294999035210537e+02
2.423265056740812042e+02 2.429114959909198319e+02
2.468987039613811305e+02 2.474934516982053765e+02
2.514709021905137547e+02 2.520753673989706840e+02
2.560431004127943311e+02 2.566572434051154801e+02
2.606152986403535579e+02 2.612390799964437065e+02
2.651874968564705455e+02 2.658208775208814245e+02
2.697596951152794986e+02 2.704026363025610635e+02
2.743318934212303475e+02 2.749843566173885847e+02
2.789040916360684150e+02 2.795660387879278233e+02
2.834762899077101110e+02 2.841476831610271461e+02
2.880484881209996502e+02 2.887292900504843374e+02
2.926206863339385791e+02 2.933108597266359538e+02
2.971928845606036020e+02 2.978923924285550129e+02
3.017650827842111312e+02 3.024738884835604722e+02
3.063372809982029139e+02 3.070553482607239175e+02
3.109094792127449409e+02 3.116367719397783276e+02
3.154816775336485648e+02 3.162181598664544708e+02
3.200538757620855677e+02 3.207995123056970215e+02
3.246260739912676172e+02 3.253808295809331526e+02
3.291982722350692825e+02 3.299621119000943281e+02
3.337704704877344284e+02 3.345433595419802941e+02
3.383426688101350237e+02 3.391245727637362393e+02
3.429148670485540151e+02 3.437057518214587617e+02
3.474870652584621098e+02 3.482868970337839301e+02
3.520592635817152996e+02 3.528680086501422011e+02
3.566314618392031548e+02 3.574490868062796949e+02
3.612036600492017442e+02 3.620301318679827318e+02
3.657758583966259494e+02 3.666111440896361273e+02
3.703480566377315881e+02 3.711921236207571155e+02
3.749202548847185881e+02 3.757730708375426047e+02
3.794924531255196598e+02 3.803539859063367885e+02
3.840646513364034149e+02 3.849348690419270724e+02
3.886368496010439912e+02 3.895157204226302383e+02
3.932090479260126585e+02 3.940965404492550874e+02
3.977812461798172876e+02 3.986773292087557365e+02
4.023534444392148544e+02 4.032580870306112502e+02
4.069256427723653360e+02 4.078388140736122978e+02
4.114978409819391345e+02 4.124195105355635178e+02
4.160700392651562538e+02 4.170001767903366954e+02
4.206422374823567907e+02 4.215808129226074925e+02
4.252144356997008572e+02 4.261614191915984406e+02
4.297866339414817958e+02 4.307419958083004303e+02
4.343588321626992865e+02 4.353225428499090413e+02
4.389310303786036229e+02 4.399030607280956247e+02
4.435032285950992446e+02 4.444835495577810889e+02
4.480754268120292636e+02 4.490640095222033779e+02
4.526476250331511437e+02 4.536444408979297691e+02
4.572198232696099467e+02 4.582248436953253190e+02
4.617920216479556075e+02 4.628052182503367931e+02
4.663642199103639427e+02 4.673855648152700724e+02
4.709364181469917412e+02 4.719658834704662240e+02
4.755086163906296406e+02 4.765461744969197753e+02
4.800808146531682610e+02 4.811264382163079745e+02
4.846530128659432535e+02 4.857066745296968975e+02
4.892252110915717367e+02 4.902868837585807569e+02
4.937974094411995338e+02 4.948670659879322784e+02
4.983696077829787328e+02 4.994472215883156423e+02
5.029418060504482355e+02 5.040273505802240948e+02
5.075140043242969341e+02 5.086074532947554303e+02
5.120862025699761944e+02 5.131875297358633361e+02
5.166584007823466891e+02 5.177675802309324808e+02
5.212305992050213490e+02 5.223476047775134248e+02
5.258027975911854810e+02 5.269276036344830345e+02
5.303749958041994432e+02 5.315075769685529394e+02
5.349471940604794327e+02 5.360875249975656516e+02
5.395193923178961768e+02 5.406674478591498882e+02
5.440915907110522767e+02 5.452473457022967978e+02
5.486637890124296746e+02 5.498272186675610556e+02
5.532359872856532093e+02 5.544070669461476655e+02
5.578081855177557600e+02 5.589868907889248248e+02
5.623803838152877006e+02 5.635666902920744405e+02
5.669525821762090345e+02 5.681464655265087913e+02
5.715247805716740004e+02 5.727262166875815410e+02
5.760969789171012962e+02 5.773059439121400374e+02
5.806691771452675539e+02 5.818856475300225384e+02
5.852413755887885145e+02 5.864653275924740683e+02
5.898135738314874743e+02 5.910449839972910695e+02
5.943857721414958633e+02 5.956246170765514307e+02
5.989579704744161290e+02 6.002042272034459529e+02
6.035301688960378215e+02 6.047838143409128406e+02
6.081023671928574004e+02 6.093633786197212885e+02
6.126745654268021326e+02 6.139429200521509529e+02
6.172467637606489461e+02 6.185224389675363454e+02
6.218189620241097373e+02 6.231019352785126557e+02
6.263911604587859756e+02 6.276814094559620116e+02
6.309633588199951646e+02 6.322608613878099959e+02
6.355355571985825236e+02 6.368402913124962197e+02
6.401077556528191508e+02 6.414196993719480133e+02
6.446799540073855042e+02 6.459990857116329153e+02
6.492521524396431687e+02 6.505784502790864963e+02
6.538243508793534602e+02 6.551577933574794770e+02
6.583965491313249458e+02 6.597371150239134749e+02
6.629687475944581365e+02 6.643164154777623480e+02
6.675409458874900110e+02 6.688956949786106634e+02
6.721131442987716582e+02 6.734749532987812017e+02
6.766853426631851107e+02 6.780541907929692798e+02
6.812575409022102804e+02 6.826334075729284905e+02
6.858297391503372182e+02 6.872126037795846969e+02
6.904019373661997179e+02 6.917917793184924449e+02
6.949741355797139022e+02 6.963709347618155334e+02
6.995463337953719929e+02 7.009500698688948432e+02
7.041185320278007111e+02 7.055291849210805140e+02
7.086907302561563711e+02 7.101082797306737575e+02
7.132629286000046704e+02 7.146873546931096826e+02
7.178351269206273173e+02 7.192664098683139855e+02
7.224073253445981209e+02 7.238454453292147264e+02
7.269795236423811957e+02 7.284244613235227916e+02
7.315517221138462673e+02 7.330034578725098982e+02
