0.000000000000000000e+00 0.000000000000000000e+00
4.572229991566614693e+00 4.584691299292757094e+00
9.144459982415211741e+00 9.169317093918364137e+00
1.371668997317216920e+01 1.375387807236621640e+01
1.828891996497885231e+01 1.833837491970637856e+01
2.286114995692777185e+01 2.292280830557390203e+01
2.743337995638126259e+01 2.750717888909029796e+01
3.200560995034979328e+01 3.209148731456178183e+01
3.657783994190324961e+01 3.667573422761578428e+01
4.115006993567735094e+01 4.125992026255062228e+01
4.572229993006163795e+01 4.584404602796894324e+01
5.029452994020930134e+01 5.042811215210168285e+01
5.486675993879748603e+01 5.501211922105827767e+01
5.943898993044022916e+01 5.959606782694126537e+01
6.401121992556255691e+01 6.417995856890715345e+01
6.858344992539626617e+01 6.876379199208915338e+01
7.315567992431931543e+01 7.334756869593545048e+01
7.772790992392634735e+01 7.793128920230647338e+01
8.230013992309561388e+01 8.251495409565544037e+01
8.687236991524693508e+01 8.709856389468649240e+01
9.144459991936454912e+01 9.168211913377805899e+01
9.601682991097190722e+01 9.626562034839611215e+01
1.005890599058473072e+02 1.008490680474558161e+02
1.051612898992520684e+02 1.054324627710528546e+02
1.097335199060360083e+02 1.100158049972886261e+02
1.143057499115001576e+02 1.145990952350803695e+02
1.188779799232955980e+02 1.191823339590147270e+02
1.234502099609663048e+02 1.237655216546714456e+02
1.280224399742406547e+02 1.283486587624466893e+02
1.325946699982025621e+02 1.329317458043178704e+02
1.371669000299364143e+02 1.375147832416342908e+02
1.417391300326071928e+02 1.420977715072509682e+02
1.463113600651385013e+02 1.466807110503224862e+02
1.508835901114038620e+02 1.512636023074078366e+02
1.554558201236197874e+02 1.558464457377097006e+02
1.600280501250044836e+02 1.604292417967786264e+02
1.646002801585673296e+02 1.650119908432063767e+02
1.691725101799350455e+02 1.695946933320651908e+02
1.737447402087073272e+02 1.741773496706392734e+02
1.783169702158991754e+02 1.787599602953043814e+02
1.828892002119305857e+02 1.833425255769086277e+02
1.874614302126946086e+02 1.879250459545552587e+02
1.920336602169449236e+02 1.925075217764559738e+02
1.966058902587141688e+02 1.970899534729350080e+02
2.011781202785481639e+02 2.016723414267703447e+02
2.057503502886684146e+02 2.062546859718469250e+02
2.103225803313927145e+02 2.108369875002657636e+02
2.148948103725276724e+02 2.154192463921909848e+02
2.194670403917404826e+02 2.200014629632531751e+02
2.240392704436764575e+02 2.245836376103417820e+02
2.286115005187581630e+02 2.291657706697101275e+02
2.331837305805316305e+02 2.337478624874451612e+02
2.377559605880536822e+02 2.383299134442811464e+02
2.423281906053200032e+02 2.429119238573363191e+02
2.469004206128298620e+02 2.474938940967965948e+02
2.514726506291933958e+02 2.520758244574624598e+02
2.560448806711897305e+02 2.566577152445739785e+02
2.606171107555171602e+02 2.612395667928901730e+02
2.651893407694052485e+02 2.658213795012562741e+02
2.697615707757196901e+02 2.704031536392743647e+02
2.743338007838023032e+02 2.749848894364075704e+02
2.789060308709785545e+02 2.795665872720842913e+02
2.834782609424685802e+02 2.841482474671142882e+02
2.880504910474641633e+02 2.887298703444106991e+02
2.926227211014714840e+02 2.933114562006975348e+02
2.971949511785227287e+02 2.978930052905177490e+02
3.017671811960236141e+02 3.024745178867772211e+02
3.063394113139807473e+02 3.070559942759249452e+02
3.109116413460070589e+02 3.116374347281911241e+02
3.154838714030410074e+02 3.162188396103158539e+02
3.200561014093951826e+02 3.208002090733580758e+02
3.246283314153283754e+02 3.253815435588990681e+02
3.292005615172340072e+02 3.299628432135881440e+02
3.337727915282766844e+02 3.345441082885418496e+02
3.383450216430879891e+02 3.391253391556127781e+02
3.429172517475214477e+02 3.437065360026028884e+02
3.474894818661828708e+02 3.482876991393496269e+02
3.520617119819745540e+02 3.528688287397766885e+02
3.566339420457221649e+02 3.574499250897421234e+02
3.612061720470026103e+02 3.620309884105228093e+02
3.657784021893007207e+02 3.666120191004898743e+02
3.703506322698059989e+02 3.711930172419444034e+02
3.749228623086070229e+02 3.757739830664800138e+02
3.794950923797058522e+02 3.803549169203590736e+02
3.840673223834085093e+02 3.849358190082762121e+02
3.886395524130047079e+02 3.895166894703158391e+02
3.932117824301583369e+02 3.940975287094462374e+02
3.977840124452191048e+02 3.986783368005956163e+02
4.023562424994569255e+02 4.032591140881295928e+02
4.069284725049796521e+02 4.078398606566739772e+02
4.115007025729507291e+02 4.124205768470773137e+02
4.160729326452745909e+02 4.170012628488015025e+02
4.206451626495701248e+02 4.215819188712996493e+02
4.252173926928547303e+02 4.261625451593769185e+02
4.297896227043420936e+02 4.307431418864728130e+02
4.343618527405419059e+02 4.353237092512314916e+02
4.389340827492624157e+02 4.399042474440335582e+02
4.435063127585334541e+02 4.444847566368180765e+02
4.480785427682885711e+02 4.490652371107649969e+02
4.526507727686790759e+02 4.536456891327404719e+02
4.572230027768288210e+02 4.582261127105849710e+02
4.617952329478437150e+02 4.628065081051341281e+02
4.663674630644711669e+02 4.673868755579165395e+02
4.709396930724554977e+02 4.719672153398623777e+02
4.755119230805165671e+02 4.765475276584722906e+02
4.800841530926924747e+02 4.811278126126638881e+02
4.846563831527302568e+02 4.857080702760358690e+02
4.892286131851012101e+02 4.902883010265052235e+02
4.938008433267391410e+02 4.948685047655427525e+02
4.983730733469379857e+02 4.994486819766689791e+02
5.029453034070722310e+02 5.040288326287595737e+02
5.075175335052770151e+02 5.086089570159898585e+02
5.120897635117684104e+02 5.131890553314897261e+02
5.166619935432047441e+02 5.177691277176875246e+02
5.212342237046400442e+02 5.223491743033871444e+02
5.258064538620855046e+02 5.269291953555691634e+02
5.303786839877694774e+02 5.315091909117734303e+02
5.349509140369752913e+02 5.360891612574466762e+02
5.395231441005246324e+02 5.406691064935378108e+02
5.440953743207019215e+02 5.452490269488818058e+02
5.486676044311482201e+02 5.498289225261844422e+02
5.532398346255654360e+02 5.544087934351484819e+02
5.578120647737885065e+02 5.589886399891538531e+02
5.623842948975532181e+02 5.635684623228775081e+02
5.669565250512440571e+02 5.681482604273153356e+02
5.715287552394561317e+02 5.727280345659478371e+02
5.761009853777488843e+02 5.773077848079856267e+02
5.806732154302662821e+02 5.818875114870481866e+02
5.852454455027111635e+02 5.864672146934785815e+02
5.898176755148319899e+02 5.910468944687677322e+02
5.943899056165741968e+02 5.956265508877327193e+02
5.989621357169316980e+02 6.002061843842039934e+02
6.035343659127179308e+02 6.047857949888655185e+02
6.081065959674110672e+02 6.093653827684915996e+02
6.126788259942754848e+02 6.139449478010892562e+02
6.172510560408029505e+02 6.185244902904626088e+02
6.218232860956595687e+02 6.231040103420793912e+02
6.263955161525518633e+02 6.276835082285369936e+02
6.309677461863323060e+02 6.322629840456677357e+02
6.355399763575444467e+02 6.368424378695917767e+02
6.401122066130774328e+02 6.414218698987743892e+02
6.446844368524320998e+02 6.460012802641203962e+02
6.492566670849957973e+02 6.505806689839416777e+02
6.538288973174754801e+02 6.551600362623121327e+02
6.584011274291578957e+02 6.597393822026981525e+02
6.629733576859525783e+02 6.643187069854964193e+02
6.675455877768798700e+02 6.688980107081390543e+02
6.721178179906341938e+02 6.734772935629682706e+02
6.766900481491495611e+02 6.780565555208721662e+02
6.812622781827218432e+02 6.826357968407019143e+02
6.858345082810780013e+02 6.872150176589652801e+02
6.904067382854321977e+02 6.917942179910694449e+02
6.949789684939655672e+02 6.963733981421215731e+02
6.995511985020832526e+02 7.009525580573756542e+02
7.041234285805765012e+02 7.055316978155724428e+02
7.086956586341132152e+02 7.101108176832186700e+02
7.132678887771639893e+02 7.146899176332195793e+02
7.178401188911125246e+02 7.192689979696222053e+02
7.224123488905377144e+02 7.238480586214488994e+02
7.269845788890163476e+02 7.284270997495995061e+02
7.315568088876821093e+02 7.330061215283985803e+02
