0.000000000000000000e+00 0.000000000000000000e+00
4.653348269387855396e+00 4.673183287670754638e+00
9.306696538576627376e+00 9.346192697200226718e+00
1.396004480757480692e+01 1.401903128775964369e+01
1.861339308221260325e+01 1.869170204517096323e+01
2.326674135168618562e+01 2.336420787065789995e+01
2.792008962221494883e+01 2.803655159800798202e+01
3.257343789251093824e+01 3.270873598385206549e+01
3.722678617016553204e+01 3.738076371963386180e+01
4.188013444441251920e+01 4.205263741459516780e+01
4.653348273719501549e+01 4.672435963053092678e+01
5.118683100731099955e+01 5.139593285662445510e+01
5.584017927799924053e+01 5.606735952218677710e+01
6.049352757139715209e+01 6.073864200744576181e+01
6.514687585383197188e+01 6.540978260959812474e+01
6.980022414019272503e+01 7.008078360539467155e+01
7.445357241362425782e+01 7.475164716832256318e+01
7.910692069106309532e+01 7.942237548688277116e+01
8.376026899325802333e+01 8.409297063567937869e+01
8.841361729466760266e+01 8.876343467150834954e+01
9.306696557630355926e+01 9.343376960342970960e+01
9.772031384665265819e+01 9.810397740633763419e+01
1.023736621337998258e+02 1.027740600115776317e+02
1.070270104436933138e+02 1.074440192274374226e+02
1.116803587434665701e+02 1.121138569141903929e+02
1.163337070732723504e+02 1.167835748800979871e+02
1.209870554043823461e+02 1.214531748502782875e+02
1.256404036939714643e+02 1.261226585644378133e+02
1.302937519760614293e+02 1.307920276824849850e+02
1.349471003146500152e+02 1.354612838668247718e+02
1.396004485993239541e+02 1.401304286640547048e+02
1.442537968916134048e+02 1.447994636880202961e+02
1.489071451784624855e+02 1.494683904993708268e+02
1.535604934707412212e+02 1.541372105901170926e+02
1.582138418048141943e+02 1.588059253753585267e+02
1.628671901567904570e+02 1.634745363352704430e+02
1.675205384480289865e+02 1.681430449032035312e+02
1.721738867294165516e+02 1.728114524438834962e+02
1.768272350517055429e+02 1.774797603137539852e+02
1.814805833456101425e+02 1.821479698005733212e+02
1.861339316982648882e+02 1.868160822360107431e+02
1.907872800550490240e+02 1.914840989591263281e+02
1.954406283593818330e+02 1.961520211342186712e+02
2.000939766349635534e+02 2.008198501150254458e+02
2.047473249360305658e+02 2.054875869599090947e+02
2.094006732450633876e+02 2.101552329410603193e+02
2.140540216043171711e+02 2.148227891061191031e+02
2.187073699762443084e+02 2.194902567559477973e+02
2.233607183488005035e+02 2.241576368815348701e+02
2.280140667216507495e+02 2.288249305423552755e+02
2.326674150938001446e+02 2.334921389685991926e+02
2.373207634641910886e+02 2.381592630258346048e+02
2.419741118304413590e+02 2.428263038699948311e+02
2.466274601927136132e+02 2.474932624962423802e+02
2.512808085836590237e+02 2.521601398847070641e+02
2.559341569321874488e+02 2.568269370268899365e+02
2.605875052707434634e+02 2.614936548061996859e+02
2.652408536102135486e+02 2.661602942814900530e+02
2.698942019392972043e+02 2.708268564180263525e+02
2.745475502714815548e+02 2.754933420088610774e+02
2.792008985913315655e+02 2.801597519507221818e+02
2.838542469134907833e+02 2.848260871841243329e+02
2.885075952549562430e+02 2.894923485237945897e+02
2.931609435773673340e+02 2.941585368048461078e+02
2.978142919024610933e+02 2.988246528735363086e+02
3.024676402676486191e+02 3.034906976100535303e+02
3.071209886083162814e+02 3.081566717833679832e+02
3.117743369753374623e+02 3.128225761567719019e+02
3.164276853382905301e+02 3.174884114022136714e+02
3.210810337071037566e+02 3.221541784308452065e+02
3.257343820777825840e+02 3.268198780318384706e+02
3.303877304421722556e+02 3.314855107936930381e+02
3.350410788012715102e+02 3.361510776461186083e+02
3.396944271511340503e+02 3.408165791914376541e+02
3.443477755061788912e+02 3.454820160649750846e+02
3.490011238965247458e+02 3.501473889752520563e+02
3.536544722168521275e+02 3.548126987033855357e+02
3.583078205018284734e+02 3.594779458050886092e+02
3.629611689397438568e+02 3.641431310755978075e+02
3.676145172626096382e+02 3.688082550754290878e+02
3.722678656034399864e+02 3.734733184864167015e+02
3.769212139769086320e+02 3.781383219764805972e+02
3.815745623695098629e+02 3.828032661522731814e+02
3.862279106569084206e+02 3.874681514670863862e+02
3.908812589824285055e+02 3.921329785990966457e+02
3.955346074287080000e+02 3.967977481239035455e+02
4.001879558766544278e+02 4.014624607552043472e+02
4.048413042304571263e+02 4.061271169343717133e+02
4.094946526583270270e+02 4.107917173362708354e+02
4.141480009906547366e+02 4.154562624117086784e+02
4.188013492710381911e+02 4.201207528805564380e+02
4.234546976715100186e+02 4.247851891092425376e+02
4.281080459604675070e+02 4.294495716448813027e+02
4.327613942491997250e+02 4.341139010358513701e+02
4.374147426008851198e+02 4.387781777970008079e+02
4.420680908781422431e+02 4.434424025671736445e+02
4.467214392042106965e+02 4.481065756707544097e+02
4.513747876249381079e+02 4.527706975553230677e+02
4.560281359539037567e+02 4.574347688138783496e+02
4.606814842289930994e+02 4.620987900316322339e+02
4.653348326167962909e+02 4.667627614770068476e+02
4.699881811312164928e+02 4.714266838766997125e+02
4.746415294204881548e+02 4.760905573126491959e+02
4.792948777569871481e+02 4.807543826847411310e+02
4.839482260235829472e+02 4.854181600427560284e+02
4.886015743943541452e+02 4.900818899784441101e+02
4.932549228419628662e+02 4.947455730403023608e+02
4.979082713031464209e+02 4.994092094636580441e+02
5.025616196856429951e+02 5.040727998859620698e+02
5.072149680714618398e+02 5.087363446945479382e+02
5.118683164355308577e+02 5.133998441843544924e+02
5.165216648980959917e+02 5.180632987959735374e+02
5.211750131904288992e+02 5.227267087508685108e+02
5.258283615900656969e+02 5.273900745609015530e+02
5.304817099593907415e+02 5.320533966741245422e+02
5.351350584284198248e+02 5.367166756490629496e+02
5.397884067191573649e+02 5.413799116548645998e+02
5.444417551214041850e+02 5.460431049930423342e+02
5.490951036239429186e+02 5.507062563404954290e+02
5.537484521426665651e+02 5.553693657269236610e+02
5.584018004226281846e+02 5.600324337274472555e+02
5.630551487606037426e+02 5.646954604682282479e+02
5.677084970740590961e+02 5.693584466085341091e+02
5.723618456519305937e+02 5.740213922617305116e+02
5.770151939642853449e+02 5.786842979865776897e+02
5.816685423821051018e+02 5.833471638893112186e+02
5.863218907356092586e+02 5.880099903419621796e+02
5.909752392647220631e+02 5.926727776173211168e+02
5.956285876511359447e+02 5.973355262880235159e+02
6.002819359804529995e+02 6.019982366198729551e+02
6.049352843711778860e+02 6.066609086887324338e+02
6.095886327241087201e+02 6.113235430400254700e+02
6.142419810845233314e+02 6.159861400208608302e+02
6.188953295805258676e+02 6.206486998436233762e+02
6.235486781478031162e+02 6.253112226709665720e+02
6.282020266535141673e+02 6.299737091153400570e+02
6.328553752003405179e+02 6.346361592045807356e+02
6.375087236994336308e+02 6.392985731126725568e+02
6.421620722208606367e+02 6.439609513801754019e+02
6.468154205192579411e+02 6.486232943056040767e+02
6.514687690788032342e+02 6.532856020547301341e+02
6.561221174876250188e+02 6.579478748871101743e+02
6.607754659014462959e+02 6.626101131120232139e+02
6.654288143158937601e+02 6.672723170052502155e+02
6.700821626785294711e+02 6.719344867933704109e+02
