0.000000000000000000e+00 0.000000000000000000e+00
4.383642276358956202e+00 4.398712811608815443e+00
8.767284552723143776e+00 8.797323580859119474e+00
1.315092683143340935e+01 1.319583369748072244e+01
1.753456911324130729e+01 1.759424453101118146e+01
2.191821139008020580e+01 2.199255741487729665e+01
2.630185367688050135e+01 2.639077365828830324e+01
3.068549595434210886e+01 3.078889454453424435e+01
3.506913823722918977e+01 3.518692133251899890e+01
3.945278051572634581e+01 3.958485525359912316e+01
4.383642279290025101e+01 4.398269752168475577e+01
4.822006508299755012e+01 4.838044932922866082e+01
5.260370736233815592e+01 5.277811182888623875e+01
5.698734964836182115e+01 5.717568615984218638e+01
6.137099194511012001e+01 6.157317343542615617e+01
6.575463422287637627e+01 6.597057476975035684e+01
7.013827652202341767e+01 7.036789122228404381e+01
7.452191882370246390e+01 7.476512387765718870e+01
7.890556111987490340e+01 7.916227374322423316e+01
8.328920341171881603e+01 8.355934184179986346e+01
8.767284571447518715e+01 8.795632917823760977e+01
9.205648803819764225e+01 9.235323673017194324e+01
9.644013032470888902e+01 9.675006548017650232e+01
1.008237726490766448e+02 1.011468163519849099e+02
1.052074149320488772e+02 1.055434902561392789e+02
1.095910572129266995e+02 1.099400881447792671e+02
1.139746994901710622e+02 1.143366108707573687e+02
1.183583417805914735e+02 1.187330593799449616e+02
1.227419840698138387e+02 1.231294344862433263e+02
1.271256263469538226e+02 1.275257370252726474e+02
1.315092686709095346e+02 1.319219678421838182e+02
1.358929109546051563e+02 1.363181277650849950e+02
1.402765532475023917e+02 1.407142176021264959e+02
1.446601955875457293e+02 1.451102381534778090e+02
1.490438379399327005e+02 1.495061901885552516e+02
1.534274802179771768e+02 1.539020744988995375e+02
1.578111225396904160e+02 1.582978917796394853e+02
1.621947648401217634e+02 1.626936428046453784e+02
1.665784071397228558e+02 1.670893283040651909e+02
1.709620494261715749e+02 1.714849489940498586e+02
1.753456917415301461e+02 1.758805055825189356e+02
1.797293340221460767e+02 1.802759988078498168e+02
1.841129763115078788e+02 1.846714293044746569e+02
1.884966185979593547e+02 1.890667976810697724e+02
1.928802609039666436e+02 1.934621046929139254e+02
1.972639031893716322e+02 1.978573509460326250e+02
2.016475455367516361e+02 2.022525370558513487e+02
2.060311878210709438e+02 2.066476637356297488e+02
2.104148301978330551e+02 2.110427315345345960e+02
2.147984725178430381e+02 2.154377410867176081e+02
2.191821148631623259e+02 2.198326930021233352e+02
2.235657572014445691e+02 2.242275878605785238e+02
2.279493995376750490e+02 2.286224262390409194e+02
2.323330418433782256e+02 2.330172087064229629e+02
2.367166841764017988e+02 2.374119358215301077e+02
2.411003264899089515e+02 2.418066081322458558e+02
2.454839688186996227e+02 2.462012261632794434e+02
2.498676111441595822e+02 2.505957905316824679e+02
2.542512534664246004e+02 2.549903017813782640e+02
2.586348957878924466e+02 2.593847604002629623e+02
2.630185381090429360e+02 2.637791669025062333e+02
2.674021804930973758e+02 2.681735217470052248e+02
2.717858228801333098e+02 2.725678254019018141e+02
2.761694652375973646e+02 2.769620785025906002e+02
2.805531075516935289e+02 2.813562814640030183e+02
2.849367499207864398e+02 2.857504347047603801e+02
2.893203922649020114e+02 2.901445388172434150e+02
2.937040345584629222e+02 2.945385941242353738e+02
2.980876769028998865e+02 2.989326011374740233e+02
3.024713192406289863e+02 3.033265603236026209e+02
3.068549615760443885e+02 3.077204722545031927e+02
3.112386038615793495e+02 3.121143371929022692e+02
3.156222462729728591e+02 3.165081555886490605e+02
3.200058886248409635e+02 3.209019279135378611e+02
3.243895310404689099e+02 3.252956546808534313e+02
3.287731733349625074e+02 3.296893360980678267e+02
3.331568156842757276e+02 3.340829727950867891e+02
3.375404581030672375e+02 3.384765651034451821e+02
3.419241004373382111e+02 3.428701133914305501e+02
3.463077427707402194e+02 3.472636180280107965e+02
3.506913851143722809e+02 3.516570793286061303e+02
3.550750274606028825e+02 3.560504977823032959e+02
3.594586697924655141e+02 3.604438739074777232e+02
3.638423121269739795e+02 3.648372078605982551e+02
3.682259544754861054e+02 3.692305000325385436e+02
3.726095968212127900e+02 3.736237507887259994e+02
3.769932391607181899e+02 3.780169606006777485e+02
3.813768815076436454e+02 3.824101297731966724e+02
3.857605237949352386e+02 3.868032586586817843e+02
3.901441661292089407e+02 3.911963474936321745e+02
3.945278084491944242e+02 3.955893967886091787e+02
3.989114509430611406e+02 3.999824067257150091e+02
4.032950933685735890e+02 4.043753776385799483e+02
4.076787357911317713e+02 4.087683100619723291e+02
4.120623781224480808e+02 4.131612040780063353e+02
4.164460204539441293e+02 4.175540602092127074e+02
4.208296628598906182e+02 4.219468786415237105e+02
4.252133053271816721e+02 4.263396596363417075e+02
4.295969476629484802e+02 4.307324036264868710e+02
4.339805901065557237e+02 4.351251109750087380e+02
4.383642324776234886e+02 4.395177817353703063e+02
4.427478748344985888e+02 4.439104164132987762e+02
4.471315172586860740e+02 4.483030152350505091e+02
4.515151595978576324e+02 4.526955784256784909e+02
4.558988018916141982e+02 4.570881065173331308e+02
4.602824442570876045e+02 4.614805995818212523e+02
4.646660867118748683e+02 4.658730578093227450e+02
4.690497290025430175e+02 4.702654815259435281e+02
4.734333713346256900e+02 4.746578710537916663e+02
4.778170138114659267e+02 4.790502267498624747e+02
4.822006562248728869e+02 4.834425488769171579e+02
4.865842986048371017e+02 4.878348375396433312e+02
4.909679410106679143e+02 4.922270930785863357e+02
4.953515833824881156e+02 4.966193158940135959e+02
4.997352258629662174e+02 5.010115061651061978e+02
5.041188681634640716e+02 5.054036640943295424e+02
5.085025106381866635e+02 5.097957897275657615e+02
5.128861529699556741e+02 5.141878836475252683e+02
5.172697953068516199e+02 5.185799457963580608e+02
5.216534375995759092e+02 5.229719766106688894e+02
5.260370798904712046e+02 5.273639761680213951e+02
5.304207222286358956e+02 5.317559448527974837e+02
5.348043645761526932e+02 5.361478829151558330e+02
5.391880070681156667e+02 5.405397904647943506e+02
5.435716495663918977e+02 5.449316680178509387e+02
5.479552920463202099e+02 5.493235153654228498e+02
5.523389343706287491e+02 5.537153331266021041e+02
5.567225768723799320e+02 5.581071210986256119e+02
5.611062193705591881e+02 5.624988798581267702e+02
5.654898616560575419e+02 5.668906094963517717e+02
5.698735041741966825e+02 5.712823102971321987e+02
5.742571464601689968e+02 5.756739822471862453e+02
5.786407888661237848e+02 5.800656257224744650e+02
5.830244313389359831e+02 5.844572407936716445e+02
5.874080737930221403e+02 5.888488280087219664e+02
5.917917163457200331e+02 5.932403871721401174e+02
5.961753587023644059e+02 5.976319187312110444e+02
6.005590010296856462e+02 6.020234228488701547e+02
6.049426435777245388e+02 6.064148994847339509e+02
6.093262859440363854e+02 6.108063492101484826e+02
6.137099285030768669e+02 6.151977718950449798e+02
6.180935709211159974e+02 6.195891677074448580e+02
6.224772134098573133e+02 6.239805370052031321e+02
6.268608559235310622e+02 6.283718800871905614e+02
6.312444982298534342e+02 6.327631969250733164e+02
