0.000000000000000000e+00 0.000000000000000000e+00
4.382707102864582538e+00 4.397279680012878167e+00
8.765414205732779962e+00 8.794462062488413778e+00
1.314812130905673371e+01 1.319154845867243964e+01
1.753082841282140336e+01 1.758854015261237436e+01
2.191353552083220890e+01 2.198543840480292033e+01
2.629624263411415797e+01 2.638224444485774356e+01
3.067894973761039523e+01 3.077895947891379080e+01
3.506165684131809002e+01 3.517558470191850972e+01
3.944436396266897304e+01 3.957212126825037757e+01
4.382707107066163132e+01 4.396857031234603141e+01
4.820977818058359787e+01 4.836493296229832595e+01
5.259248528800725353e+01 5.276121030622081776e+01
5.697519239141262659e+01 5.715740342211913116e+01
6.135789950484068811e+01 6.155351338333716171e+01
6.574060662866713756e+01 6.594954120039511736e+01
7.012331375793297639e+01 7.034548788840844225e+01
7.450602089848561604e+01 7.474135446418603124e+01
7.888872800935116913e+01 7.913714189704805335e+01
8.327143512515458212e+01 8.353285116424561352e+01
8.765414223665425197e+01 8.792848318701624066e+01
9.203684937070480032e+01 9.232403888086125221e+01
9.641955650074820028e+01 9.671951918287061289e+01
1.008022636079580820e+02 1.011149249777828487e+02
1.051849707119578738e+02 1.055102571480068718e+02
1.095676778600205239e+02 1.099055165434136256e+02
1.139503849634399018e+02 1.143007039924222568e+02
1.183330920803667254e+02 1.186958203595829531e+02
1.227157992050668724e+02 1.230908664631174645e+02
1.270985063167459401e+02 1.274858430865254775e+02
1.314812134846139884e+02 1.318807510562059235e+02
1.358639206382496241e+02 1.362755911017898711e+02
1.402466277811366240e+02 1.406703640325467290e+02
1.446293349015652154e+02 1.450650706160577101e+02
1.490120420222689290e+02 1.494597114958884276e+02
1.533947491277097015e+02 1.538542874650593717e+02
1.577774562767865518e+02 1.582487992069972620e+02
1.621601633891544623e+02 1.626432474523760163e+02
1.665428705158818161e+02 1.670376328788556748e+02
1.709255776237875466e+02 1.714319561530018632e+02
1.753082848135813094e+02 1.758262180204120568e+02
1.796909919928287422e+02 1.802204190234371595e+02
1.840736991891680532e+02 1.846145598878383396e+02
1.884564063435684886e+02 1.890086411856083828e+02
1.928391134898753876e+02 1.934026636652833417e+02
1.972218206022644722e+02 1.977966278481201812e+02
2.016045277531803208e+02 2.021905343285525873e+02
2.059872349256702933e+02 2.065843837415422399e+02
2.103699420989212854e+02 2.109781766410984005e+02
2.147526492877897795e+02 2.153719136686168270e+02
2.191353564598925345e+02 2.197655953380157428e+02
2.235180636235959923e+02 2.241592222311674902e+02
2.279007707856224556e+02 2.285527948968066880e+02
2.322834779477525160e+02 2.329463138046425570e+02
2.366661851079982739e+02 2.373397796302320728e+02
2.410488922668176883e+02 2.417331928158646974e+02
2.454315993710607131e+02 2.461265538941377713e+02
2.498143065232614504e+02 2.505198634279072110e+02
2.541970136698762417e+02 2.549131218063535016e+02
2.585797208012522788e+02 2.593063297144786929e+02
2.629624280158010947e+02 2.636994874830449476e+02
2.673451351713201234e+02 2.680925956830749897e+02
2.717278423429517034e+02 2.724856547835853462e+02
2.761105495270593906e+02 2.768786650918430041e+02
2.804932567725163608e+02 2.812716272585169008e+02
2.848759639389034533e+02 2.856645417387686621e+02
2.892586711094629663e+02 2.900574088681308922e+02
2.936413782834604831e+02 2.944502290849916335e+02
2.980240853972454715e+02 2.988430029913401995e+02
3.024067925817596461e+02 3.032357308492525476e+02
3.067894997550752691e+02 3.076284131508666633e+02
3.111722068728957424e+02 3.120210503324364026e+02
3.155549139866584483e+02 3.164136427824690827e+02
3.199376212117533669e+02 3.208061909238179510e+02
3.243203283359398483e+02 3.251986951974091085e+02
3.287030355208547121e+02 3.295911558364139182e+02
3.330857427882163506e+02 3.339835734537552412e+02
3.374684499536782596e+02 3.383759483591289268e+02
3.418511572279481925e+02 3.427682808992666423e+02
3.462338643879469373e+02 3.471605714297444933e+02
3.506165715651528103e+02 3.515528202238987205e+02
3.549992787727617838e+02 3.559450278253746092e+02
3.593819859317312648e+02 3.603371945000310461e+02
3.637646930924480557e+02 3.647293207606385295e+02
3.681474002671009771e+02 3.691214067047470735e+02
3.725301074213218726e+02 3.735134528595497159e+02
3.769128145849730913e+02 3.779054595091928377e+02
3.812955217572022093e+02 3.822974269879305780e+02
3.856782290368198574e+02 3.866893558076039312e+02
3.900609362182581208e+02 3.910812459695251846e+02
3.944436433897844836e+02 3.954730981033835633e+02
3.988263506730718859e+02 3.998649122335329480e+02
4.032090579269997193e+02 4.042566889474745722e+02
4.075917651765176402e+02 4.086484284669372755e+02
4.119744723063232641e+02 4.130401311664723494e+02
4.163571794634248135e+02 4.174317971583179769e+02
4.207398866901511383e+02 4.218234268853702815e+02
4.251225939883130422e+02 4.262150204992558429e+02
4.295053011096953242e+02 4.306065784902115183e+02
4.338880083032964876e+02 4.349981010709958014e+02
4.382707154583213196e+02 4.393895886072203325e+02
4.426534225905930953e+02 4.437810412041445716e+02
4.470361297220000552e+02 4.481724592214616223e+02
4.514188368407320695e+02 4.525638430283883622e+02
4.558015441464143578e+02 4.569551928234069464e+02
4.601842513416369229e+02 4.613465087675274390e+02
4.645669584613702909e+02 4.657377912136422538e+02
4.689496658069863884e+02 4.701290403941660543e+02
4.733323731262049705e+02 4.745202566314328010e+02
4.777150804423041563e+02 4.789114401782402410e+02
4.820977876773866910e+02 4.833025912947098277e+02
4.864804950325313371e+02 4.876937103939091571e+02
4.908632022071352594e+02 4.920847974375347462e+02
4.952459093400602796e+02 4.964758528646290756e+02
4.996286165801634525e+02 5.008668768915222245e+02
5.040113238625355621e+02 5.052578695012344951e+02
5.083940311879973706e+02 5.096488311995560139e+02
5.127767383930230380e+02 5.140397622833223750e+02
5.171594455598270770e+02 5.184306628269544035e+02
5.215421526932000234e+02 5.228215329670803158e+02
5.259248600480218556e+02 5.272123730116736624e+02
5.303075673221561601e+02 5.316031833294654234e+02
5.346902746015781531e+02 5.359939640084288612e+02
5.390729818764151560e+02 5.403847152319574434e+02
5.434556890461137755e+02 5.447754372221590984e+02
5.478383962592498619e+02 5.491661303095908124e+02
5.522211034398928859e+02 5.535567948784516830e+02
5.566038105604877728e+02 5.579474309317695315e+02
5.609865178814322917e+02 5.623380385643326917e+02
5.653692249975146069e+02 5.667286179440767455e+02
5.697519323243186591e+02 5.711191695554628041e+02
5.741346395052943308e+02 5.755096933650197570e+02
5.785173467187212282e+02 5.799001898004124769e+02
5.829000539519772701e+02 5.842906586945387062e+02
5.872827611465461359e+02 5.886811004450821656e+02
5.916654684669495055e+02 5.930715153879267518e+02
5.960481756540494871e+02 5.974619035673738381e+02
6.004308828050734519e+02 6.018522653015859305e+02
6.048135899472354140e+02 6.062426005979561978e+02
6.091962971304458279e+02 6.106329095338429624e+02
6.135790043015022093e+02 6.150231924364477436e+02
6.179617116110000552e+02 6.194134495263322151e+02
6.223444189794192880e+02 6.238036809144533663e+02
6.267271263736095079e+02 6.281938870843937366e+02
6.311098336668267166e+02 6.325840678379954625e+02
