0.000000000000000000e+00 0.000000000000000000e+00
4.385723697889508443e+00 4.399378809063024143e+00
8.771447396305536159e+00 8.798673675593237320e+00
1.315717109683490094e+01 1.319788563867009756e+01
1.754289480027774317e+01 1.759701572453684193e+01
2.192861849872508628e+01 2.199606492889274278e+01
2.631434219787881545e+01 2.639503424522361641e+01
3.070006589637151961e+01 3.079392463408971281e+01
3.508578959811013931e+01 3.519273705433653276e+01
3.947151330879012221e+01 3.959147242532353062e+01
4.385723700752697596e+01 4.399013167742539565e+01
4.824296071260903318e+01 4.838871569307961096e+01
5.262868441188189195e+01 5.278722536175853008e+01
5.701440811053520008e+01 5.718566155462665535e+01
6.140013181581204549e+01 6.158402511777710231e+01
6.578585552807412284e+01 6.598231690886146339e+01
7.017157925326058887e+01 7.038053771393686020e+01
7.455730296714980909e+01 7.477868836938884556e+01
7.894302667426038056e+01 7.917676968910231494e+01
8.332875039347740653e+01 8.357478242328033957e+01
8.771447411964109619e+01 8.797272733008767887e+01
9.210019782109571906e+01 9.237060519007567905e+01
9.648592156962708088e+01 9.676841675753584582e+01
1.008716453012973204e+02 1.011661627404309343e+02
1.052573690432252818e+02 1.055638438609164211e+02
1.096430927663487296e+02 1.099614608192110836e+02
1.140288164756336755e+02 1.143590143311254792e+02
1.184145401855372199e+02 1.187565050492056571e+02
1.228002639218745173e+02 1.231539336792401969e+02
1.271859876358786750e+02 1.275513008618887056e+02
1.315717113799628351e+02 1.319486072520072639e+02
1.359574350995272027e+02 1.363458534940380105e+02
1.403431588044919067e+02 1.407430402548424127e+02
1.447288825200383258e+02 1.451401681088180737e+02
1.491146062572088908e+02 1.495372376520874695e+02
1.535003299831846562e+02 1.539342495574055363e+02
1.578860536951232802e+02 1.583312043391417490e+02
1.622717774016315957e+02 1.627281026468553193e+02
1.666575011781334581e+02 1.671249450145132869e+02
1.710432249637509017e+02 1.715217320108098704e+02
1.754289486684063490e+02 1.759184641789417469e+02
1.798146724517106350e+02 1.803151420863385113e+02
1.842003961754278123e+02 1.847117663137590284e+02
1.885861198887044736e+02 1.891083373520702651e+02
1.929718436099629173e+02 1.935048556972285496e+02
1.973575673823089573e+02 1.979013219394825569e+02
2.017432911065863550e+02 2.022977365478713807e+02
2.061290148936100479e+02 2.066941000322344451e+02
2.105147386708832187e+02 2.110904129280486927e+02
2.149004624536743506e+02 2.154866756085831412e+02
2.192861862209141464e+02 2.198828886399349472e+02
2.236719099916911091e+02 2.242790524177053157e+02
2.280576337511385532e+02 2.286751675255589760e+02
2.324433575077791545e+02 2.330712344156530946e+02
2.368290812421412852e+02 2.374672534247224007e+02
2.412148049720772747e+02 2.418632250450195329e+02
2.456005287371551731e+02 2.462591497047623932e+02
2.499862524845971166e+02 2.506550279518505988e+02
2.543719762291219695e+02 2.550508601316512340e+02
2.587576999729137128e+02 2.594466466843227863e+02
2.631434237144121653e+02 2.638423879107378980e+02
2.675291474662334963e+02 2.682380844176998380e+02
2.719148712404348771e+02 2.726337364251224358e+02
2.763005949949936735e+02 2.770293444673865224e+02
2.806863187587853190e+02 2.814249089038821126e+02
2.850720425179208064e+02 2.858204300835209324e+02
2.894577662404373086e+02 2.902159085137142256e+02
2.938434900094467821e+02 2.946113443719150382e+02
2.982292137759323509e+02 2.990067381286434625e+02
3.026149375365599781e+02 3.034020902549834773e+02
3.070006612567308366e+02 3.077974010345578790e+02
3.113863850094255667e+02 3.121926708130660586e+02
3.157721087717998216e+02 3.165878998770742783e+02
3.201578325448851956e+02 3.209830887032730971e+02
3.245435562598153751e+02 3.253782375909873963e+02
3.289292799742395346e+02 3.297733467672819643e+02
3.333150037417658496e+02 3.341684167521095219e+02
3.377007275019287817e+02 3.385634477795728117e+02
3.420864512579141774e+02 3.429584402540784822e+02
3.464721751094485285e+02 3.473533943305754406e+02
3.508578988775767584e+02 3.517483104110010572e+02
3.552436226913771407e+02 3.561431888693806513e+02
3.596293464437425200e+02 3.605380300405304297e+02
3.640150702965457867e+02 3.649328341222671384e+02
3.684007940670762196e+02 3.693276015937668149e+02
3.727865178377211350e+02 3.737223325626857786e+02
3.771722416333068963e+02 3.781170274649797420e+02
3.815579654238852640e+02 3.825116864977661635e+02
3.859436891780545693e+02 3.869063099855383712e+02
3.903294129345206329e+02 3.913008981521654164e+02
3.947151367509208058e+02 3.956954513117993883e+02
3.991008605346812601e+02 4.000899698939547307e+02
4.034865843777672580e+02 4.044844539217763213e+02
4.078723082244393936e+02 4.088789039325463364e+02
4.122580319537701712e+02 4.132733199658028411e+02
4.166437556900326058e+02 4.176677024079961029e+02
4.210294794832195180e+02 4.220620516504142188e+02
4.254152033559531674e+02 4.264563677723139108e+02
4.298009271600928969e+02 4.308506509952318311e+02
4.341866508923782249e+02 4.352449017137081455e+02
4.385723746996791306e+02 4.396391200287798711e+02
4.429580984483923203e+02 4.440333061662188356e+02
4.473438223163473140e+02 4.484274605522952015e+02
4.517295460982186341e+02 4.528215834509881574e+02
4.561152699136463298e+02 4.572156749452854001e+02
4.605009936364480723e+02 4.616097352155568387e+02
4.648867173499111232e+02 4.660037646418662689e+02
4.692724412800106961e+02 4.703977633498465138e+02
4.736581651988541353e+02 4.747917317253221086e+02
4.780438891388770912e+02 4.791856697954135598e+02
4.824296129096080676e+02 4.835795781070536350e+02
4.868153367549005566e+02 4.879734565281799519e+02
4.912010605420258571e+02 4.923673054310559678e+02
4.955867843766064880e+02 4.967611249515979353e+02
4.999725082015113458e+02 5.011549155720317685e+02
5.043582320377893211e+02 5.055486771263298920e+02
5.087439557829169416e+02 5.099424100474605552e+02
5.131296795570855238e+02 5.143361146173892848e+02
5.175154033181901241e+02 5.187297909161991356e+02
5.219011272506251089e+02 5.231234390025658740e+02
5.262868510173989307e+02 5.275170592301877832e+02
5.306725747581051564e+02 5.319106518764347129e+02
5.350582986360457198e+02 5.363042169330993829e+02
5.394440223857875480e+02 5.406977547119408882e+02
5.438297461086094700e+02 5.450912653739245570e+02
5.482154698838597824e+02 5.494847491829641513e+02
5.526011936809311464e+02 5.538782064468185808e+02
5.569869176104436974e+02 5.582716372500713078e+02
5.613726415275466479e+02 5.626650415944104680e+02
5.657583652846792575e+02 5.670584196817928841e+02
5.701440892662221813e+02 5.714517719427427664e+02
5.745298130136050077e+02 5.758450984057344613e+02
5.789155367630255569e+02 5.802383993230637316e+02
5.833012604750897481e+02 5.846316746501354373e+02
5.876869843730942193e+02 5.890249248410711971e+02
5.920727081238727578e+02 5.934181497093885582e+02
5.964584318971915309e+02 5.978113497930464746e+02
6.008441557750554693e+02 6.022045250833315322e+02
6.052298796872081539e+02 6.065976756798311271e+02
6.096156036693682836e+02 6.109908019626813029e+02
6.140013274327724275e+02 6.153839037987351048e+02
6.183870514362455424e+02 6.197769816054326384e+02
6.227727753213030155e+02 6.241700354589282824e+02
6.271584992624103734e+02 6.285630657335997284e+02
6.315442230319971486e+02 6.329560722906468300e+02
