0.000000000000000000e+00 0.000000000000000000e+00
4.384364998424380211e+00 4.398464120063757754e+00
8.768729996795237014e+00 8.796837949459867190e+00
1.315309499586356345e+01 1.319512265231655235e+01
1.753746000026714924e+01 1.759331937378684785e+01
2.192182499973058185e+01 2.199142924079145089e+01
2.630618999882380393e+01 2.638945335074664200e+01
3.069055499793776676e+01 3.078739277805302166e+01
3.507492000031572843e+01 3.518524858587112192e+01
3.945928500006195350e+01 3.958302181286494204e+01
4.384365001424011155e+01 4.398071348310274686e+01
4.822801501622741682e+01 4.837832460291113534e+01
5.261238001795361185e+01 5.277585614787419388e+01
5.699674501893794343e+01 5.717330908400938938e+01
6.138111002013762629e+01 6.157068436295475067e+01
6.576547501971676013e+01 6.596798293028740545e+01
7.014984005301914749e+01 7.036520565424513052e+01
7.453420506017963021e+01 7.476235346374005530e+01
7.891857007102299804e+01 7.915942723053277064e+01
8.330293507297200506e+01 8.355642782390978596e+01
8.768730010236883743e+01 8.795335609285163514e+01
9.207166510431581230e+01 9.235021287984903893e+01
9.645603010652416742e+01 9.674699903337538842e+01
1.008403951561727183e+02 1.011437153189274625e+02
1.052247601573234874e+02 1.055403625268024825e+02
1.096091251951931724e+02 1.099369414758571253e+02
1.139934902506743697e+02 1.143334528746839567e+02
1.183778552631580681e+02 1.187298975202689348e+02
1.227622202742292643e+02 1.231262761850009326e+02
1.271465852997994830e+02 1.275225895460182244e+02
1.315309503394133799e+02 1.319188383049771573e+02
1.359153153413186033e+02 1.363150231917251745e+02
1.402996803567710913e+02 1.407111449468411877e+02
1.446840453728141256e+02 1.451072041662042409e+02
1.490684104286121681e+02 1.495032015778250525e+02
1.534527754944346611e+02 1.538991378322540982e+02
1.578371405243300956e+02 1.582950135641584950e+02
1.622215055994145416e+02 1.626908294274483069e+02
1.666058706819318900e+02 1.670865860857359735e+02
1.709902356917817201e+02 1.714822840886059794e+02
1.753746007530999691e+02 1.758779240833042365e+02
1.797589657668667655e+02 1.802735066712589287e+02
1.841433308249351057e+02 1.846690324693120147e+02
1.885276958327806085e+02 1.890645019736664381e+02
1.929120608477761039e+02 1.934599158351214498e+02
1.972964258582906041e+02 1.978552745973819356e+02
2.016807908648395369e+02 2.022505788147217629e+02
2.060651559002261592e+02 2.066458290949784100e+02
2.104495209996466940e+02 2.110410258418516491e+02
2.148338860980999243e+02 2.154361696593018678e+02
2.192182511664001652e+02 2.198312610330511916e+02
2.236026162268973678e+02 2.242263006235624232e+02
2.279869812850683388e+02 2.286212887853023119e+02
2.323713463424493284e+02 2.330162260643090804e+02
2.367557113871674233e+02 2.374111129708324484e+02
2.411400764405027530e+02 2.418059499268257468e+02
2.455244415288952382e+02 2.462007374611574164e+02
2.499088065770128537e+02 2.505954760254955431e+02
2.542931716495584169e+02 2.549901661609251278e+02
2.586775366931040026e+02 2.593848082829338182e+02
2.630619017139849802e+02 2.637794028310664771e+02
2.674462667665559366e+02 2.681739502293801820e+02
2.718306318424728829e+02 2.725684508644199013e+02
2.762149969231611522e+02 2.769629053095179074e+02
2.805993619449850485e+02 2.813573138567466572e+02
2.849837270096676320e+02 2.857516769367173310e+02
2.893680921447644323e+02 2.901459951097191379e+02
2.937524572135449716e+02 2.945402686548505926e+02
2.981368222803090475e+02 2.989344980137187804e+02
3.025211872945702112e+02 3.033286836066957335e+02
3.069055523424931380e+02 3.077228257882106277e+02
3.112899174001894380e+02 3.121169250213418991e+02
3.156742824620784518e+02 3.165109815971532043e+02
3.200586475376567250e+02 3.209049959014060960e+02
3.244430126237443801e+02 3.252989684257437943e+02
3.288273777023252933e+02 3.296928993919235609e+02
3.332117427702004306e+02 3.340867892569301603e+02
3.375961079121049124e+02 3.384806383685704532e+02
3.419804729677127852e+02 3.428744470476325432e+02
3.463648380509913522e+02 3.472682155285548333e+02
3.507492031215856514e+02 3.516619442447914139e+02
3.551335681868014262e+02 3.560556335941919883e+02
3.595179333428176847e+02 3.604492838719533552e+02
3.639022983993722846e+02 3.648428954359640670e+02
3.682866634701271096e+02 3.692364686309545050e+02
3.726710285162131413e+02 3.736300036768208201e+02
3.770553935915005468e+02 3.780235011445957980e+02
3.814397586633361925e+02 3.824169611546529950e+02
3.858241238073865134e+02 3.868103839937182329e+02
3.902084888639503220e+02 3.912037698504219634e+02
3.945928539568141105e+02 3.955971191875016757e+02
3.989772189756217813e+02 3.999904323035477773e+02
4.033615841214071907e+02 4.043837094740953262e+02
4.077459492669561314e+02 4.087769511317770821e+02
4.121303144496846471e+02 4.131701573481674359e+02
4.165146794837963284e+02 4.175633285382818372e+02
4.208990445470193436e+02 4.219564649510654704e+02
4.252834097307420507e+02 4.263495667762730363e+02
4.296677747691600189e+02 4.307426345462034192e+02
4.340521399458974656e+02 4.351356683416978512e+02
4.384365049890926684e+02 4.395286685023671680e+02
4.428208699998949669e+02 4.439216351253230641e+02
4.472052350121297195e+02 4.483145686063214725e+02
4.515896000264684744e+02 4.527074691044247174e+02
4.559739650423096577e+02 4.571003370011706011e+02
4.603583300585002576e+02 4.614931725885195419e+02
4.647426950634775267e+02 4.658859760554018408e+02
4.691270601724825156e+02 4.702787474784257711e+02
4.735114253697303184e+02 4.746714871963935138e+02
4.778957904239458685e+02 4.790641954763962076e+02
4.822801555236130753e+02 4.834568727074569665e+02
4.866645207734377436e+02 4.878495188802504572e+02
4.910488858985586376e+02 4.922421344663212608e+02
4.954332510450925611e+02 4.966347194592073606e+02
4.998176161244047080e+02 5.010272744163747802e+02
5.042019812342329033e+02 5.054197991341976604e+02
5.085863462646275366e+02 5.098122940971743446e+02
5.129707114599697206e+02 5.142047596236553773e+02
5.173550765189136200e+02 5.185971957065457900e+02
5.217394416558635157e+02 5.229896025099099006e+02
5.261238066801560080e+02 5.273819804268266580e+02
5.305081718290612116e+02 5.317743295953919187e+02
5.348925369279162396e+02 5.361666502334003326e+02
5.392769020529154886e+02 5.405589425946444635e+02
5.436612671547311493e+02 5.449512068180230244e+02
5.480456323176283604e+02 5.493434431377883129e+02
5.524299973866284290e+02 5.537356520070196666e+02
5.568143624092880373e+02 5.581278332262668300e+02
5.611987276296204072e+02 5.625199871820823319e+02
5.655830927132577699e+02 5.669121140285230922e+02
5.699674579661127609e+02 5.713042137961292610e+02
5.743518229781867603e+02 5.756962869226930479e+02
5.787361880756822075e+02 5.800883333650589293e+02
5.831205530820805052e+02 5.844803536241670372e+02
5.875049182675410293e+02 5.888723477675677032e+02
5.918892835593101154e+02 5.932643157545994654e+02
5.962736486319521418e+02 5.976562580960421656e+02
6.006580139109546508e+02 6.020481747989507539e+02
6.050423790169566018e+02 6.064400659443699624e+02
6.094267441033598516e+02 6.108319317840843041e+02
6.138111092209576327e+02 6.152237724073519303e+02
6.181954743322446575e+02 6.196155882852838204e+02
6.225798394243784060e+02 6.240073792254179352e+02
6.269642047623385679e+02 6.283991456408559770e+02
6.313485699007333096e+02 6.327908875734492540e+02
