0.000000000000000000e+00 0.000000000000000000e+00
4.653530755417480513e+00 4.671434079664082972e+00
9.307061510948839711e+00 9.342725064215965602e+00
1.396059226781371798e+01 1.401387525515987598e+01
1.861412302978989075e+01 1.868488689794988034e+01
2.326765378668140372e+01 2.335576218422053074e+01
2.792118454393893145e+01 2.802650325874294168e+01
3.257471530066419518e+01 3.269711221373539445e+01
3.722824606003091219e+01 3.736759109382040123e+01
4.188177681896168281e+01 4.203794188148283695e+01
4.653530759813577333e+01 4.670816654289991732e+01
5.118883837374058032e+01 5.137826696230968082e+01
5.584236913088848553e+01 5.604824501184209851e+01
6.049589990269095097e+01 6.071810251713367990e+01
6.514943066340654809e+01 6.538784124696915967e+01
6.980296143622665284e+01 7.005746295778351396e+01
7.445649221971311249e+01 7.472696932550925908e+01
7.911002298669365018e+01 7.939636202900588557e+01
8.376355375838278405e+01 8.406564270698254404e+01
8.841708451841938654e+01 8.873481293985295792e+01
9.307061528353216318e+01 9.340387429358779059e+01
9.772414605865836279e+01 9.807282833222572549e+01
1.023776768592816211e+02 1.027416765042207913e+02
1.070312076178504128e+02 1.074104202882834187e+02
1.116847384315209126e+02 1.120790611181465408e+02
1.163382691904120207e+02 1.167476003679983307e+02
1.209917999741841186e+02 1.214160394523163404e+02
1.256453307847136500e+02 1.260843796898362967e+02
1.302988615641741035e+02 1.307526224635036556e+02
1.349523923281700490e+02 1.354207690027098181e+02
1.396059231337846711e+02 1.400888205993551878e+02
1.442594539261012585e+02 1.447567784759756364e+02
1.489129847492052363e+02 1.494246438983732332e+02
1.535665155250362091e+02 1.540924180094648648e+02
1.582200463219453468e+02 1.587601019984405752e+02
1.628735771613769430e+02 1.634276970975730023e+02
1.675271079330598241e+02 1.680952043321351823e+02
1.721806387348882481e+02 1.727626248184437259e+02
1.768341694997476452e+02 1.774299596353374113e+02
1.814877002655474030e+02 1.820972098926225726e+02
1.861412310628278988e+02 1.867643766011840967e+02
1.907947618280141455e+02 1.914314608482835638e+02
1.954482926433919374e+02 1.960984635731866206e+02
2.001018234503339386e+02 2.007653857621972406e+02
2.047553542471626145e+02 2.054322284474042704e+02
2.094088850874563832e+02 2.100989925732150709e+02
2.140624158668136090e+02 2.147656789818860830e+02
2.187159467246570443e+02 2.194322886637772569e+02
2.233694775847679921e+02 2.240988225145145520e+02
2.280230084482370216e+02 2.287652814176452409e+02
2.326765393062804890e+02 2.334316662498524693e+02
2.373300701626072851e+02 2.380979778787727241e+02
2.419836010155499082e+02 2.427642171309493051e+02
2.466371318640718755e+02 2.474303848763890414e+02
2.512906627061605889e+02 2.520964818894636608e+02
2.559441935405104971e+02 2.567625089498567945e+02
2.605977243208438949e+02 2.614284668895791697e+02
2.652512550989332567e+02 2.660943564369466685e+02
2.699047859146396604e+02 2.707601784015705562e+02
2.745583167066573083e+02 2.754259335233838897e+02
2.792118475284665919e+02 2.800916224219255923e+02
2.838653783381973312e+02 2.847572459320336975e+02
2.885189091469655978e+02 2.894228048270344402e+02
2.931724399573229221e+02 2.940882996146401638e+02
2.978259707693490554e+02 2.987537311903610089e+02
3.024795015864829111e+02 3.034191000091984733e+02
3.071330324145850454e+02 3.080844069886439911e+02
3.117865632540795104e+02 3.127496526090944258e+02
3.164400941084463739e+02 3.174148375498613177e+02
3.210936249627773122e+02 3.220799624193273871e+02
3.257471558166512295e+02 3.267450278397401462e+02
3.304006866681188512e+02 3.314100345116311246e+02
3.350542175143957593e+02 3.360749830180774325e+02
3.397077483512331924e+02 3.407398739551596236e+02
3.443612791791325662e+02 3.454047078136248388e+02
3.490148100249707568e+02 3.500694851929222295e+02
3.536683408316930581e+02 3.547342066822156426e+02
3.583218716035117382e+02 3.593988729415759167e+02
3.629754024389373512e+02 3.640634844406914681e+02
3.676289332500035698e+02 3.687280417775061778e+02
3.722824640769308644e+02 3.733925453347081884e+02
3.769359949341360334e+02 3.780569958017094336e+02
3.815895257983754618e+02 3.827213936231054845e+02
3.862430565698361988e+02 3.873857394226247379e+02
3.908965873804847888e+02 3.920500335987777021e+02
3.955501182192822398e+02 3.967142765424516710e+02
4.002036490195155238e+02 4.013784689557883212e+02
4.048571798618974640e+02 4.060426112833335992e+02
4.095107107772844302e+02 4.107067039332981153e+02
4.141642416339198007e+02 4.153707473571632818e+02
4.188177725886816916e+02 4.200347420647898389e+02
4.234713034784161891e+02 4.246986883997034283e+02
4.281248343943254895e+02 4.293625870156690212e+02
4.327783652168920980e+02 4.340264382523509994e+02
4.374318959852050739e+02 4.386902425997884620e+02
4.420854268686570094e+02 4.433540003966644463e+02
4.467389576476796265e+02 4.480177120602628520e+02
4.513924884605229408e+02 4.526813780402441694e+02
4.560460193099050912e+02 4.573449987946732449e+02
4.606995501019720223e+02 4.620085747300167327e+02
4.653530809521539595e+02 4.666721061253365406e+02
4.700066119528060540e+02 4.713355937278047350e+02
4.746601427234014636e+02 4.759990375901653579e+02
4.793136736893966372e+02 4.806624380980675824e+02
4.839672045865230530e+02 4.853257956535342146e+02
4.886207354179775848e+02 4.899891107095794496e+02
4.932742664124675684e+02 4.946523836965035343e+02
4.979277973594487321e+02 4.993156148957798450e+02
5.025813281767784133e+02 5.039788049169380884e+02
5.072348590485054274e+02 5.086419536194806597e+02
5.118883900328409027e+02 5.133050617836329366e+02
5.165419207992893007e+02 5.179681296177852801e+02
5.211954516581549797e+02 5.226311574854371429e+02
5.258489824376752040e+02 5.272941455938170066e+02
5.305025133194454838e+02 5.319570942787569265e+02
5.351560442767905670e+02 5.366200041220765797e+02
5.398095751870973800e+02 5.412828752578809599e+02
5.444631062471079304e+02 5.459457079966443871e+02
5.491166371456449724e+02 5.506085028343369459e+02
5.537701681514748770e+02 5.552712597655386162e+02
5.584236989178813246e+02 5.599339794345969494e+02
5.630772297436760709e+02 5.645966618290706265e+02
5.677307605296914517e+02 5.692593075824429434e+02
5.723842913025657708e+02 5.739219168651106884e+02
5.770378223782126952e+02 5.785844899393041487e+02
5.816913532811934147e+02 5.832470271776306845e+02
5.863448843592958610e+02 5.879095286194381060e+02
5.909984152686547532e+02 5.925719946041888306e+02
5.956519462941513439e+02 5.972344256644155394e+02
6.003054771099668869e+02 6.018968221193526915e+02
6.049590079450617850e+02 6.065591838025000015e+02
6.096125387844504075e+02 6.112215114306759460e+02
6.142660696300276868e+02 6.158838049930606076e+02
6.189196006143314435e+02 6.205460650509970719e+02
6.235731315441277047e+02 6.252082915712181830e+02
6.282266625845728640e+02 6.298704849678892970e+02
6.328801936199909051e+02 6.345326454057066030e+02
6.375337245934903194e+02 6.391947731235882202e+02
6.421872555433332082e+02 6.438568683533771946e+02
6.468407866381744498e+02 6.485189313584223783e+02
6.514943176831229721e+02 6.531809625453272474e+02
6.561478485785748944e+02 6.578429620054450879e+02
6.608013794792766475e+02 6.625049299749559850e+02
6.654549103810463748e+02 6.671668666930878544e+02
6.701084412324423738e+02 6.718287724050170482e+02
