0.000000000000000000e+00 0.000000000000000000e+00
4.381656855059277156e+00 4.397279679860057300e+00
8.763313709874674728e+00 8.794448615683695181e+00
1.314497056532707475e+01 1.319150838848550578e+01
1.752662742527575901e+01 1.758846055063655101e+01
2.190828428465471944e+01 2.198530660912887669e+01
2.628994114977052021e+01 2.638204805759384186e+01
3.067159800720644824e+01 3.077868633994290803e+01
3.505325486592819573e+01 3.517522288979392897e+01
3.943491172178805471e+01 3.957165909400640658e+01
4.381656858178513403e+01 4.396799630563301520e+01
4.819822544340223658e+01 4.836423588171773957e+01
5.257988230134432683e+01 5.276037912234188099e+01
5.696153916088358926e+01 5.715642730537975780e+01
6.134319602501653179e+01 6.155238169189161823e+01
6.572485288558260663e+01 6.594824352488753050e+01
7.010650974468018148e+01 7.034401401221403205e+01
7.448816660838893711e+01 7.473969432008141212e+01
7.886982349124754421e+01 7.913528563691573936e+01
8.325148035941373337e+01 8.353078910850842931e+01
8.763313722423640684e+01 8.792620582028382614e+01
9.201479408601053933e+01 9.232153686770634238e+01
9.639645098246334953e+01 9.671678336470799309e+01
1.007781078869281686e+02 1.011119463428536847e+02
1.051597647417187602e+02 1.055070268310382318e+02
1.095414216275632810e+02 1.099020258463071684e+02
1.139230785150432581e+02 1.142969443824099187e+02
1.183047353839240259e+02 1.186917834800742213e+02
1.226863922828721911e+02 1.230865440227365326e+02
1.270680491406683075e+02 1.274812270223828250e+02
1.314497060116870557e+02 1.318758333197678780e+02
1.358313628988348114e+02 1.362703638971559883e+02
1.402130197724901564e+02 1.406648195982977541e+02
1.445946766799287957e+02 1.450592013277060062e+02
1.489763335768505499e+02 1.494535100061488606e+02
1.533579904938761160e+02 1.538477463728929138e+02
1.577396473955213878e+02 1.582419113358610616e+02
1.621213043141646892e+02 1.626360057464715396e+02
1.665029612238299705e+02 1.670300302893602975e+02
1.708846181011792851e+02 1.714239858237437488e+02
1.752662749799850985e+02 1.758178731715279923e+02
1.796479318420470577e+02 1.802116929993399594e+02
1.840295887100369328e+02 1.846054461045977746e+02
1.884112455715052192e+02 1.889991332692146102e+02
1.927929024915185323e+02 1.933927551860866174e+02
1.971745594328152720e+02 1.977863125720554649e+02
2.015562163549165007e+02 2.021798061296665878e+02
2.059378732228506976e+02 2.065732365581069985e+02
2.103195301783694049e+02 2.109666045218680779e+02
2.147011871045647240e+02 2.153599106830754408e+02
2.190828440168669431e+02 2.197531557507804223e+02
2.234645009340095498e+02 2.241463403318459768e+02
2.278461578272248858e+02 2.285394650799315173e+02
2.322278147683574048e+02 2.329325305998042666e+02
2.366094716385419474e+02 2.373255375144354673e+02
2.409911285129836642e+02 2.417184864220324698e+02
2.453727854813923557e+02 2.461113779433355546e+02
2.497544423853428839e+02 2.505042126633657631e+02
2.541360992856884877e+02 2.548969912088526257e+02
2.585177561610660177e+02 2.592897140193186942e+02
2.628994130380192473e+02 2.636823818615420123e+02
2.672810699429986698e+02 2.680749951453593667e+02
2.716627268538642852e+02 2.724675543948813470e+02
2.760443837900163544e+02 2.768600602467360545e+02
2.804260407177042111e+02 2.812525131074322644e+02
2.848076975893380336e+02 2.856449136496433425e+02
2.891893545119235682e+02 2.900372622995091660e+02
2.935710114147738636e+02 2.944295594666973557e+02
2.979526683580406825e+02 2.988218058560493660e+02
3.023343252795014564e+02 3.032140018732252429e+02
3.067159822092858121e+02 3.076061480279016678e+02
3.110976391157126955e+02 3.119982447084477144e+02
3.154792960193392446e+02 3.163902924421346370e+02
3.198609528913682993e+02 3.207822916225316021e+02
3.242426097970121646e+02 3.251742428619824068e+02
3.286242667335664578e+02 3.295661464339910935e+02
3.330059237527185587e+02 3.339580029501217950e+02
3.373875806646317983e+02 3.383498128013156929e+02
3.417692375775176856e+02 3.427415763859983713e+02
3.461508944904526288e+02 3.471332941075800136e+02
3.505325514145308716e+02 3.515249664518798909e+02
3.549142083398140812e+02 3.559165937419562056e+02
3.592958652514968207e+02 3.603081763513194460e+02
3.636775221639744586e+02 3.646997149007044072e+02
3.680591790904464347e+02 3.690912095294930850e+02
3.724408359980868681e+02 3.734826607625718680e+02
3.768224929135581078e+02 3.778740690846857433e+02
3.812041499154360054e+02 3.822654346768746336e+02
3.855858067795592206e+02 3.866567581381367518e+02
3.899674636913217682e+02 3.910480395762418198e+02
3.943491205772547801e+02 3.954392795488153070e+02
3.987307774677468615e+02 3.998304784726973935e+02
4.031124344776229691e+02 4.042216364309371670e+02
4.074940914813445261e+02 4.086127540866017398e+02
4.118757485581297715e+02 4.130038317291820249e+02
4.162574054210340933e+02 4.173948695066063692e+02
4.206390623380509624e+02 4.217858679403447013e+02
4.250207193923981777e+02 4.261768271344103027e+02
4.294023764501948790e+02 4.305677476854201586e+02
4.337840333758804263e+02 4.349586297663702226e+02
4.381656903270721841e+02 4.393494738585036430e+02
4.425473472461364395e+02 4.437402801138867972e+02
4.469290041146090289e+02 4.481310489054594655e+02
4.513106610177793527e+02 4.525217806535586078e+02
4.556923179793794816e+02 4.569124754668732749e+02
4.600739750430058166e+02 4.613031337372483449e+02
4.644556319577682189e+02 4.656937557617703192e+02
4.688372889846389171e+02 4.700843418691192710e+02
4.732189460642437098e+02 4.744748922189451150e+02
4.776006030608693891e+02 4.788654071607920173e+02
4.819822601355299980e+02 4.832558871743270288e+02
4.863639172435581486e+02 4.876463322753901366e+02
4.907455741797110136e+02 4.920367429722151655e+02
4.951272310836992574e+02 4.964271192519350961e+02
4.995088880551493276e+02 5.008174616098225442e+02
5.038905451739507271e+02 5.052077704505164775e+02
5.082722022329118090e+02 5.095980457901843579e+02
5.126538591361554609e+02 5.139882879163544658e+02
5.170355160596072892e+02 5.183784970841329596e+02
5.214171729534175483e+02 5.227686734881339135e+02
5.257988299741605260e+02 5.271588174204209736e+02
5.301804868858411055e+02 5.315489292277067079e+02
5.345621438856309169e+02 5.359390093256638465e+02
5.389438009182105134e+02 5.403290575661105777e+02
5.433254578098668617e+02 5.447190745257801154e+02
5.477071149680107283e+02 5.491090600778762791e+02
5.520887719101425546e+02 5.534990147364657105e+02
5.564704289798833088e+02 5.578889386207861207e+02
5.608520860482785793e+02 5.622788321677862768e+02
5.652337431083379897e+02 5.666686953134413898e+02
5.696154001734001895e+02 5.710585284937844790e+02
5.739970570602811222e+02 5.754483318599311588e+02
5.783787140204141224e+02 5.798381057140045414e+02
5.827603709275157371e+02 5.842278501032041049e+02
5.871420278786192739e+02 5.886175653610803238e+02
5.915236850192382008e+02 5.930072516172485848e+02
5.959053419907560283e+02 5.973969091212126159e+02
6.002869989371164365e+02 6.017865381240275156e+02
6.046686559054912777e+02 6.061761387278037319e+02
6.090503128520489327e+02 6.105657113523899397e+02
6.134319698532179927e+02 6.149552559456921017e+02
6.178136268306726606e+02 6.193447726443168904e+02
6.221952838990699775e+02 6.237342618521624900e+02
6.265769409806965768e+02 6.281237238801506919e+02
6.309585980572288690e+02 6.325131587187049718e+02
