0.000000000000000000e+00 0.000000000000000000e+00
4.386549078515335154e+00 4.399927087113121082e+00
8.773098158355406184e+00 8.799774080296947076e+00
1.315964723973934269e+01 1.319954194948097914e+01
1.754619631800603941e+01 1.759923164511533145e+01
2.193274539681904756e+01 2.199884410096247578e+01
2.631929448574147301e+01 2.639838022666517148e+01
3.070584356445495899e+01 3.079784092963837949e+01
3.509239264658729951e+01 3.519722708790938270e+01
3.947894172571730564e+01 3.959653958379396954e+01
4.386549080812181955e+01 4.399577926375702930e+01
4.825203989451284770e+01 4.839494695797384338e+01
5.263858897346966614e+01 5.279404349713274769e+01
5.702513806652054029e+01 5.719306968811689984e+01
6.141168714718292421e+01 6.159202632754141860e+01
6.579823622646142667e+01 6.599091420091383497e+01
7.018478533058791413e+01 7.038973407700470375e+01
7.457133441081327874e+01 7.478848672104197703e+01
7.895788350923899657e+01 7.918717286139150247e+01
8.334443260374820284e+01 8.358579324623258344e+01
8.773098170081311764e+01 8.798434859296457944e+01
9.211753078060965549e+01 9.238283958861424594e+01
9.650407988792480296e+01 9.678126696424921249e+01
1.008906290195190820e+02 1.011796313847198689e+02
1.052771780983407837e+02 1.055779334967661924e+02
1.096637271783675089e+02 1.099761740221042601e+02
1.140502762683170488e+02 1.143743535540193648e+02
1.184368253486953506e+02 1.187724727694384228e+02
1.228233744284004558e+02 1.231705322891076690e+02
1.272099235177507381e+02 1.275685327402789682e+02
1.315964726413969856e+02 1.319664747516995362e+02
1.359830217821901499e+02 1.363643588911316442e+02
1.403695709186531815e+02 1.407621857995492860e+02
1.447561200008114497e+02 1.451599560631991892e+02
1.491426690970252480e+02 1.495576702193054075e+02
1.535292182105764311e+02 1.539553287852017434e+02
1.579157673659081524e+02 1.583529323873296732e+02
1.623023164514367522e+02 1.627504815875917359e+02
1.666888655336913132e+02 1.671479768762046092e+02
1.710754146324310909e+02 1.715454188452022777e+02
1.754619637146794844e+02 1.759428080124735345e+02
1.798485128046040131e+02 1.803401448443704567e+02
1.842350618948203476e+02 1.847374298732376587e+02
1.886216110501686103e+02 1.891346636664209200e+02
1.930081602211914173e+02 1.935318465668174213e+02
1.973947093084821631e+02 1.979289791954974476e+02
2.017812584250637542e+02 2.023260619781255514e+02
2.061678075888938224e+02 2.067230954300201233e+02
2.105543566937471951e+02 2.111200799773103256e+02
2.149409058570745970e+02 2.155170161102479369e+02
2.193274550042273745e+02 2.199139042827103481e+02
2.237140041926446656e+02 2.243107449337654202e+02
2.281005533725551970e+02 2.287075384341911786e+02
2.324871025423245214e+02 2.331042852866764292e+02
2.368736517052516888e+02 2.375009859778099326e+02
2.412602008835304446e+02 2.418976408564102485e+02
2.456467500685494372e+02 2.462942503622074355e+02
2.500332991960778202e+02 2.506908148899531739e+02
2.544198483207369463e+02 2.550873348508422964e+02
2.588063974440169659e+02 2.594838107381513055e+02
2.631929465746775350e+02 2.638802427488236617e+02
2.675794957065086805e+02 2.682766314172970397e+02
2.719660448617300972e+02 2.726729771730195466e+02
2.763525939637670490e+02 2.770692802428483219e+02
2.807391430671513604e+02 2.814655411562991958e+02
2.851256922122621518e+02 2.858617601529645071e+02
2.895122413581543697e+02 2.902579376851892903e+02
2.938987905080525707e+02 2.946540740586868310e+02
2.982853396556407120e+02 2.990501696406250858e+02
3.026718888694276757e+02 3.034462247505135224e+02
3.070584379678812752e+02 3.078422398880842934e+02
3.114449870626556844e+02 3.122382152280044352e+02
3.158315361636593934e+02 3.166341510794138685e+02
3.202180853210004443e+02 3.210300478873987231e+02
3.246046344855668622e+02 3.254259060355237807e+02
3.289911836464428916e+02 3.298217256899805534e+02
3.333777327945389857e+02 3.342175072996148515e+02
3.377642819316523628e+02 3.386132511564824199e+02
3.421508311086315643e+02 3.430089575421217774e+02
3.465373802442888973e+02 3.474046267432531749e+02
3.509239294663304918e+02 3.518002589832634612e+02
3.553104786089184017e+02 3.561958546882029850e+02
3.596970277410845256e+02 3.605914142673237848e+02
3.640835768775878023e+02 3.649869377303366491e+02
3.684701260286957449e+02 3.693824255424520402e+02
3.728566752778625641e+02 3.737778779276288788e+02
3.772432244903449714e+02 3.781732953299735982e+02
3.816297736740614255e+02 3.825686778630835079e+02
3.860163227867733440e+02 3.869640259489129903e+02
3.904028719238913254e+02 3.913593396457566769e+02
3.947894210406312254e+02 3.957546192721372904e+02
3.991759703280412168e+02 4.001498652777213465e+02
4.035625195507002445e+02 4.045450777418750476e+02
4.079490687786613989e+02 4.089402570679593509e+02
4.123356178858916792e+02 4.133354033420374662e+02
4.167221670908942315e+02 4.177305169808630581e+02
4.211087161823630822e+02 4.221255982180432511e+02
4.254952654303760937e+02 4.265206472863574163e+02
4.298818147161293837e+02 4.309156642486601072e+02
4.342683639518874088e+02 4.353106496001017831e+02
4.386549131353004896e+02 4.397056035559264728e+02
4.430414624359856361e+02 4.441005261648664373e+02
4.474280117192157036e+02 4.484954178442282000e+02
4.518145608540187368e+02 4.528902787345996899e+02
4.562011101013865755e+02 4.572851090484634824e+02
4.605876593319279664e+02 4.616799090744015643e+02
4.649742085075794762e+02 4.660746790439554843e+02
4.693607578451191102e+02 4.704694190203299513e+02
4.737473070947715428e+02 4.748641294091250415e+02
4.781338562758895137e+02 4.792588105313790265e+02
4.825204054309723460e+02 4.836534622372472541e+02
4.869069545182131833e+02 4.880480849169886142e+02
4.912935036992126356e+02 4.924426788110243933e+02
4.956800530009965087e+02 4.968372441986444983e+02
5.000666021529698924e+02 5.012317812934227277e+02
5.044531512471418750e+02 5.056262901346776175e+02
5.088397005673144804e+02 5.100207710103512682e+02
5.132262498729105573e+02 5.144152242308496170e+02
5.176127990169070472e+02 5.188096498745536564e+02
5.219993481171391068e+02 5.232040480575740276e+02
5.263858972185898892e+02 5.275984189880588247e+02
5.307724464191778679e+02 5.319927628676434779e+02
5.351589955761185138e+02 5.363870799541027736e+02
5.395455446790209635e+02 5.407813704308312026e+02
5.439320939402737167e+02 5.451756344224201030e+02
5.483186431234196334e+02 5.495698724045785184e+02
5.527051923139744076e+02 5.539640841484650764e+02
5.570917414899280402e+02 5.583582700535002914e+02
5.614782906052907947e+02 5.627524302200479269e+02
5.658648397097288125e+02 5.671465649392637260e+02
5.702513890916931132e+02 5.715406741901128953e+02
5.746379382521220123e+02 5.759347581955398709e+02
5.790244876161666525e+02 5.803288171420171011e+02
5.834110366998525024e+02 5.847228512219655840e+02
5.877975860018144658e+02 5.891168605617957610e+02
5.921841351323471372e+02 5.935108453511161315e+02
5.965706842972939512e+02 5.979048058381234796e+02
6.009572336473811447e+02 6.022987422387202514e+02
6.053437828134979100e+02 6.066926545281318113e+02
6.097303319822160574e+02 6.110865429530263100e+02
6.141168812461266953e+02 6.154804076810679589e+02
6.185034305013364246e+02 6.198742487006916235e+02
6.228899797846659112e+02 6.242680664811592806e+02
6.272765291056447268e+02 6.286618609115739673e+02
6.316630784150970612e+02 6.330556323233990952e+02
