0.000000000000000000e+00 0.000000000000000000e+00
4.653530756975147398e+00 4.671635879867780616e+00
9.307061514003201808e+00 9.343125385952362194e+00
1.396059227226176525e+01 1.401447090045149224e+01
1.861412303635647447e+01 1.868567474537596240e+01
2.326765379673665279e+01 2.335673918833944995e+01
2.792118455430510693e+01 2.802766644208495705e+01
3.257471531966864120e+01 3.269845867222626623e+01
3.722824608060133755e+01 3.736911798858803735e+01
4.188177684252483601e+01 4.203964644183482591e+01
4.653530760332623117e+01 4.671004606260079584e+01
5.118883836522401509e+01 5.138031879501994581e+01
5.584236913150827775e+01 5.605046657239431340e+01
6.049589988977355404e+01 6.072049126482543357e+01
6.514943065053969917e+01 6.539039473805956959e+01
6.980296142497778078e+01 7.006017875825365593e+01
7.445649220401313073e+01 7.472984510722488949e+01
7.911002298643762742e+01 7.939939545070976123e+01
8.376355378441294874e+01 8.406883149711075021e+01
8.841708454588810184e+01 8.873815489017363234e+01
9.307061530670060279e+01 9.340736727280575735e+01
9.772414607036881762e+01 9.807647019240476993e+01
1.023776768720380517e+02 1.027454651542995521e+02
1.070312076399218597e+02 1.074143536773043621e+02
1.116847384105250853e+02 1.120831372445015006e+02
1.163382691962904687e+02 1.167518173145997480e+02
1.209917999675257363e+02 1.214203953270774718e+02
1.256453307473786936e+02 1.260888726127272008e+02
1.302988615238069485e+02 1.307572505763320692e+02
1.349523923430230070e+02 1.354255305278843196e+02
1.396059231151789959e+02 1.400937137660919518e+02
1.442594539178036541e+02 1.447618015567276473e+02
1.489129846807921638e+02 1.494297951689032118e+02
1.535665154982588092e+02 1.540976958979955498e+02
1.582200462808936265e+02 1.587655048935973809e+02
1.628735771176036167e+02 1.634332232964875971e+02
1.675271079351543904e+02 1.681008523059426807e+02
1.721806387730146355e+02 1.727683930529847771e+02
1.768341695907106157e+02 1.774358466634675437e+02
1.814877003583654869e+02 1.821032142098590612e+02
1.861412312127425253e+02 1.867704967200612032e+02
1.907947620598908145e+02 1.914376953717633683e+02
1.954482928512631759e+02 1.961048110767228536e+02
2.001018236186986599e+02 2.007718449357467136e+02
2.047553544008883364e+02 2.054387978872122176e+02
2.094088852618251337e+02 2.101056709516215619e+02
2.140624161046594054e+02 2.147724650618257556e+02
2.187159468766478199e+02 2.194391811672111885e+02
2.233694777379624838e+02 2.241058201458151302e+02
2.280230085996846583e+02 2.287723830377715331e+02
2.326765394600829495e+02 2.334388706219914980e+02
2.373300703184321776e+02 2.381052837512790461e+02
2.419836011733093528e+02 2.427716233389942886e+02
2.466371320232658206e+02 2.474378902233301858e+02
2.512906629043921498e+02 2.521040852685738969e+02
2.559441937390797079e+02 2.567702092861463825e+02
2.605977245651397993e+02 2.614362630622006236e+02
2.652512553854971884e+02 2.661022473757032571e+02
2.699047861693422874e+02 2.707681629839748894e+02
2.745583169937956427e+02 2.754340107024099780e+02
2.792118478039652700e+02 2.800997912485457846e+02
2.838653786158486128e+02 2.847655054043380574e+02
2.885189094317352101e+02 2.894311539477283759e+02
2.931724402465139292e+02 2.940967374312313041e+02
2.978259710599596701e+02 2.987622567009826184e+02
3.024795018768069212e+02 3.034277123843711479e+02
3.071330327048844993e+02 3.080931051414608532e+02
3.117865635046115358e+02 3.127584357143982743e+02
3.164400943557168375e+02 3.174237046591808848e+02
3.210936252210155999e+02 3.220889127072035762e+02
3.257471560776325532e+02 3.267540605350270653e+02
3.304006869288105577e+02 3.314191486283323229e+02
3.350542177761366247e+02 3.360841777231804031e+02
3.397077486132521926e+02 3.407491483813755622e+02
3.443612794468713787e+02 3.454140612495586424e+02
3.490148102949752342e+02 3.500789168320860654e+02
3.536683411090994582e+02 3.547437158068669874e+02
3.583218719488867237e+02 3.594084586181560326e+02
3.629754027854554579e+02 3.640731459103265024e+02
3.676289335977834298e+02 3.687377783555312476e+02
3.722824644263341725e+02 3.734023563229591787e+02
3.769359952855879783e+02 3.780668805077707475e+02
3.815895261513617811e+02 3.827313512805410483e+02
3.862430571248166871e+02 3.873957693487395773e+02
3.908965879376107750e+02 3.920601350231380593e+02
3.955501187297910519e+02 3.967244489190134118e+02
4.002036495556632758e+02 4.013887114781238665e+02
4.048571803997997449e+02 4.060529232669850899e+02
4.095107113168800197e+02 4.107170847242426817e+02
4.141642421754322640e+02 4.153811963274333721e+02
4.188177730197237452e+02 4.200452585065756921e+02
4.234713039110333739e+02 4.247092717230240169e+02
4.281248346880797158e+02 4.293732365749248743e+02
4.327783655657007671e+02 4.340371534721456328e+02
4.374318964183361231e+02 4.387010228843001869e+02
4.420854273755123813e+02 4.433648451443552858e+02
4.467389581458706402e+02 4.480286207741756357e+02
4.513924889186397991e+02 4.526923500157890885e+02
4.560460197309118371e+02 4.573560335090184026e+02
4.606995506650533230e+02 4.620196716965776886e+02
4.653530814388028602e+02 4.666832647701329506e+02
4.700066124387077480e+02 4.713468133961721378e+02
4.746601433559791872e+02 4.760103176584031530e+02
4.793136742340259389e+02 4.806737782898891282e+02
4.839672051927051371e+02 4.853371952622128447e+02
4.886207360759734684e+02 4.900005693247692307e+02
4.932742670660040858e+02 4.946639006250599664e+02
4.979277980746905996e+02 4.993271896709526345e+02
5.025813288935393075e+02 5.039904368111252779e+02
5.072348598054855984e+02 5.086536425912852906e+02
5.118883906432207027e+02 5.133168071106870229e+02
5.165419214313640168e+02 5.179799307266033566e+02
5.211954522570755444e+02 5.226430139228439202e+02
5.258489830863504721e+02 5.273060570106023306e+02
5.305025139440725752e+02 5.319690603409748064e+02
5.351560449031056805e+02 5.366320242102220845e+02
5.398095759488523981e+02 5.412949490097558964e+02
5.444631067299405913e+02 5.459578348150564580e+02
5.491166375471392485e+02 5.506206823448331988e+02
5.537701685502022428e+02 5.552834916400337306e+02
5.584236993804539679e+02 5.599462631198898634e+02
5.630772301641927697e+02 5.646089971326289287e+02
5.677307612234933458e+02 5.692716938451767419e+02
5.723842920157570688e+02 5.739343535737752973e+02
5.770378227864321161e+02 5.785969768298616600e+02
5.816913536910839184e+02 5.832595635493914870e+02
5.863448845202758548e+02 5.879221143289138354e+02
5.909984155454351367e+02 5.925846293661717255e+02
5.956519465804378797e+02 5.972471089888339293e+02
6.003054774207166702e+02 6.019095533546009165e+02
6.049590082594766045e+02 6.065719630206365309e+02
6.096125391005937217e+02 6.112343380521822382e+02
6.142660698732277069e+02 6.158966785811735463e+02
6.189196008592537055e+02 6.205589851446283092e+02
6.235731316266942486e+02 6.252212578032757619e+02
6.282266626687636517e+02 6.298834971480029026e+02
6.328801937057021405e+02 6.345457031853799208e+02
6.375337248283203735e+02 6.392078760368285657e+02
6.421872556220511115e+02 6.438700161884526096e+02
6.468407867130242721e+02 6.485321238915651065e+02
6.514943177593493147e+02 6.531941992990944073e+02
6.561478486565388266e+02 6.578562426768280602e+02
6.608013795590361497e+02 6.625182541980162796e+02
6.654549103709450719e+02 6.671802341417587741e+02
6.701084411630181421e+02 6.718421827550889702e+02
