0.000000000000000000e+00 0.000000000000000000e+00
4.668708406771663988e+00 4.802036098442988177e+00
9.337416819429613213e+00 9.596244492647109325e+00
1.400612523779784979e+01 1.438347930291296706e+01
1.867483365416465801e+01 1.916446436217346871e+01
2.334354208475750170e+01 2.393981809770262359e+01
2.801225051727080739e+01 2.871007276740257552e+01
3.268095895862387579e+01 3.347568948102403397e+01
3.734966739467901675e+01 3.823707041300864518e+01
4.201837580379601889e+01 4.299456805452147279e+01
4.668708424348925234e+01 4.774849331500448812e+01
5.135579265910770630e+01 5.249912130562868384e+01
5.602450107651475264e+01 5.724669705465360892e+01
6.069320950567770012e+01 6.199143939259414537e+01
6.536191795483307487e+01 6.673354471523890652e+01
7.003062642853093678e+01 7.147318966428527176e+01
7.469933485240493098e+01 7.621053397967246212e+01
