0.000000000000000000e+00 0.000000000000000000e+00
3.645236923964353615e+00 3.763743033395435589e+00
7.290473851496951596e+00 7.521543215757800382e+00
1.093571078300879051e+01 1.127396678418285525e+01
1.458094771635817821e+01 1.502150324920174285e+01
1.822618465389088982e+01 1.876457863465577702e+01
2.187142159173281541e+01 2.250356584897104995e+01
2.551665851596230539e+01 2.623879320940452331e+01
2.916189547249319602e+01 2.997055114168203716e+01
3.280713240195900227e+01 3.369909782978532320e+01
3.645236936972577269e+01 3.742466385350704883e+01
4.009760631262436448e+01 4.114745578741151633e+01
4.374284325382522098e+01 4.486765956963498070e+01
4.738808019029835350e+01 4.858544307152290287e+01
5.103331713420273985e+01 5.230095850023141679e+01
5.467855406748991243e+01 5.601434405156615526e+01
5.832379105913773287e+01 5.972572571643654271e+01
