0.000000000000000000e+00 0.000000000000000000e+00
3.658219676393004605e+00 3.775359792816414206e+00
7.316439356340092459e+00 7.544909727956213175e+00
1.097465904026722328e+01 1.130919770075000841e+01
1.463287872673326717e+01 1.506869811469736042e+01
1.829109841689651716e+01 1.882382435724908021e+01
2.194931811344958561e+01 2.257493877058815102e+01
2.560753781057522005e+01 2.632236075266270348e+01
2.926575751984559304e+01 3.006637310932892149e+01
3.292397720159232222e+01 3.380722750115452868e+01
3.658219688827487204e+01 3.754514891210754968e+01
4.024041657125985694e+01 4.128033909745523999e+01
4.389863628218173375e+01 4.501297973885075976e+01
4.755685598023724481e+01 4.874323514231367938e+01
5.121507567126433003e+01 5.247125406919643353e+01
5.487329536446026168e+01 5.619717197953765719e+01
5.853151506225241718e+01 5.992111240280648587e+01
