0.000000000000000000e+00 0.000000000000000000e+00
2.005005202485672822e+00 2.004353800409678588e+00
5.883558285468613036e+00 5.885859518187482209e+00
9.759011382679162239e+00 9.760502422026792857e+00
1.363202848307690829e+01 1.363261741876926436e+01
1.750413115080904802e+01 1.750559571959482241e+01
2.137403545906218127e+01 2.137888017071379210e+01
2.524562326040914684e+01 2.525085088442590120e+01
2.911755198423821156e+01 2.912225276053844070e+01
3.298973651414286934e+01 3.299347484346887427e+01
3.686092559054300466e+01 3.686503447402694178e+01
4.073235395561324168e+01 4.073721394013573160e+01
4.460359481189043862e+01 4.460941157413545000e+01
4.847538130172664950e+01 4.847960718658679014e+01
5.234740338336845866e+01 5.234972975687843189e+01
5.621827750114622546e+01 5.621860999655694258e+01
6.008873748361066447e+01 6.008986947839208881e+01
6.396005704759652133e+01 6.396097377057871824e+01
6.783133689010729483e+01 6.783138727830710479e+01
7.170260965839371181e+01 7.170218195578723908e+01
7.557411875951947877e+01 7.557403584796995233e+01
7.944582638726319601e+01 7.944493227968537497e+01
8.331653515495904117e+01 8.331645769614452490e+01
8.718760368663777172e+01 8.718696908599005724e+01
9.105713716215920783e+01 9.105932857243550416e+01
9.492709328057927110e+01 9.492976431314198749e+01
9.879879575696932648e+01 9.880069241941686187e+01
1.026697827165099284e+02 1.026712878022440378e+02
1.065390522144293470e+02 1.065423343173878834e+02
1.104092732390386118e+02 1.104136437126557269e+02
1.142801740892676889e+02 1.142848681886231645e+02
1.181497701474459916e+02 1.181556492713655189e+02
1.220188712032966407e+02 1.220266126027140814e+02
