0.000000000000000000e+00 0.000000000000000000e+00
5.949986373026898256e+00 5.968234532482601828e+00
1.189997269306914163e+01 1.193633729024815437e+01
1.784995908822595112e+01 1.790431009888487424e+01
2.379994555206811668e+01 2.387215513169262948e+01
2.974993190671954579e+01 2.983987376033559968e+01
3.569991812519073449e+01 3.580746816510280439e+01
4.164990480022431996e+01 4.177493941041900882e+01
4.759989134846574643e+01 4.774228982117709563e+01
5.354987765433746461e+01 5.370952064792082581e+01
5.949986389911883577e+01 5.967663373157697038e+01
6.544985044039033539e+01 6.564363071162559038e+01
7.139983700528632937e+01 7.161051288563254502e+01
7.734982348540991381e+01 7.757728198245459339e+01
8.329980974428573859e+01 8.354393947760151207e+01
8.924979605258813820e+01 8.951048728898823015e+01
9.519978232947667607e+01 9.547692609254116292e+01
1.011497689459330473e+02 1.014432579278182089e+02
1.070997552375781368e+02 1.074094838621382735e+02
1.130497415193099755e+02 1.133756050802217601e+02
1.189997280132618585e+02 1.193416233275115985e+02
1.249497144228903664e+02 1.253075397017107093e+02
1.308997007669661912e+02 1.312733554709003556e+02
1.368496874010776310e+02 1.372390717218763143e+02
1.427996736401903775e+02 1.432046899423761488e+02
1.487496598674976553e+02 1.491702111207396229e+02
1.546996461025266854e+02 1.551356366248998597e+02
1.606496323780403372e+02 1.611009679665434078e+02
1.665996186199524232e+02 1.670662059925948313e+02
1.725496049860980747e+02 1.730313515342546964e+02
1.784995912742396058e+02 1.789964061587568267e+02
1.844495775159979303e+02 1.849613707764560786e+02
1.903995640600767274e+02 1.909262463791910989e+02
1.963495503019910302e+02 1.968910336799678475e+02
2.022995365447436029e+02 2.028557342005190947e+02
2.082495228622244099e+02 2.088203487605611883e+02
2.141995091166742782e+02 2.147848785604158479e+02
2.201494955599500258e+02 2.207493246902883186e+02
2.260994818788581142e+02 2.267136874709119070e+02
2.320494681262558458e+02 2.326779683290603771e+02
2.379994543730971372e+02 2.386421684015579103e+02
2.439494406450551196e+02 2.446062879592979584e+02
2.498994268909611378e+02 2.505703286552843565e+02
2.558494131322858607e+02 2.565342906186548362e+02
2.617993994269765494e+02 2.624981753995332383e+02
2.677493858479884921e+02 2.684619831448229093e+02
2.736993720807794830e+02 2.744257150797157010e+02
2.796493586320075337e+02 2.803893719966558251e+02
2.855993448853300833e+02 2.863529551414265484e+02
2.915493311147710642e+02 2.923164648554079577e+02
2.974993175645008705e+02 2.982799016315386211e+02
3.034493038935322033e+02 3.042432668881471045e+02
3.093992901397717787e+02 3.102065609039466381e+02
3.153492763885532213e+02 3.161697846048070346e+02
3.212992626371840288e+02 3.221329387201302552e+02
3.272492491136092667e+02 3.280960240503356431e+02
3.331992353596361909e+02 3.340590412271404830e+02
3.391492216048546879e+02 3.400219911461942388e+02
3.450992079770427381e+02 3.459848741732173494e+02
3.510491944963088713e+02 3.519476911745760503e+02
3.569991809402931153e+02 3.579104429357331014e+02
3.629491673098142428e+02 3.638731297944627840e+02
3.688991537662219571e+02 3.698357525208677998e+02
3.748491399877846675e+02 3.757983118722050904e+02
3.807991263546561527e+02 3.817608085196542334e+02
3.867491125699370969e+02 3.877232430143149031e+02
3.926990991129492272e+02 3.936856159021393751e+02
3.986490853583823082e+02 3.996479277934920447e+02
4.045990716606365822e+02 4.056101792891385003e+02
4.105490579638434383e+02 4.115723712704966601e+02
4.164990442838033005e+02 4.175345039253960522e+02
4.224490305174671789e+02 4.234965777903995559e+02
4.283990167840323693e+02 4.294585937947002208e+02
4.343490030125240082e+02 4.354205524025645104e+02
4.402989892587341387e+02 4.413824539352003740e+02
4.462489754960322443e+02 4.473442988727040301e+02
4.521989617135089929e+02 4.533060879153412657e+02
4.581489479463731413e+02 4.592678218376662471e+02
4.640989343586526275e+02 4.652295006812618681e+02
4.700489205983565171e+02 4.711911251832110565e+02
4.759989068840509390e+02 4.771526961110561160e+02
4.819488931542832688e+02 4.831142136387361461e+02
4.878988796031487709e+02 4.890756782781272705e+02
4.938488658576888497e+02 4.950370905607439909e+02
4.997988520974523681e+02 5.009984511205335593e+02
5.057488385156087816e+02 5.069597599120911582e+02
5.116988247725784049e+02 5.129210180182815293e+02
5.176488112259082754e+02 5.188822256713190200e+02
5.235987974813549499e+02 5.248433832118400915e+02
5.295487838159513103e+02 5.308044911410714803e+02
5.354987700602871428e+02 5.367655499110563824e+02
5.414487564068685970e+02 5.427265599649762180e+02
5.473987426535508121e+02 5.486875217085009808e+02
5.533487289015509987e+02 5.546484355122366878e+02
5.592987151245816904e+02 5.606093018895286377e+02
5.652487013509969529e+02 5.665701209727935748e+02
5.711986875750994841e+02 5.725308932948585152e+02
5.771486738005860389e+02 5.784916194159980023e+02
5.830986600328481018e+02 5.844522996066775704e+02
5.890486462659455356e+02 5.904129343192751094e+02
5.949986324988420847e+02 5.963735239387954152e+02
6.009486187324124558e+02 6.023340688437191375e+02
6.068986049619206824e+02 6.082945695579915082e+02
6.128485911937950732e+02 6.142550261486233012e+02
6.187985774228254741e+02 6.202154391318326816e+02
6.247485636549469064e+02 6.261758088696158211e+02
6.306985498908832142e+02 6.321361357573380246e+02
6.366485361269819805e+02 6.380964200692455961e+02
6.425985224683811339e+02 6.440566621935279272e+02
6.485485087066388132e+02 6.500168624759364775e+02
6.544984949453332774e+02 6.559770212620903749e+02
6.604484811848602703e+02 6.619371388862098229e+02
6.663984674795790397e+02 6.678972156718658653e+02
