0.000000000000000000e+00 0.000000000000000000e+00
4.438419339393224305e+00 4.457268577020953693e+00
8.876838678745814448e+00 8.914382333434446082e+00
1.331525801839709189e+01 1.337134382949666822e+01
1.775367735869555830e+01 1.782815555528509321e+01
2.219209670176886462e+01 2.228481994008540212e+01
2.663051604271453954e+01 2.674133935715863331e+01
3.106893538662733789e+01 3.119771612843389619e+01
3.550735473296087719e+01 3.565395250507096137e+01
3.994577407743208397e+01 4.011005069993525751e+01
4.438419343725524158e+01 4.456601287247897858e+01
4.882261278588222808e+01 4.902184112922417114e+01
5.326103215225923293e+01 5.347753750191904487e+01
5.769945150142072521e+01 5.793310402178188667e+01
6.213787087529442488e+01 6.238854265600734550e+01
6.657629022036839217e+01 6.684385531582030637e+01
7.101470957118962701e+01 7.129904389221596261e+01
7.545312891338812733e+01 7.575411020286091457e+01
7.989154827634197886e+01 8.020905603205522993e+01
8.432996764005262946e+01 8.466388313218044459e+01
8.876838701953710142e+01 8.911859321828245584e+01
9.320680640552851060e+01 9.357318800702788053e+01
9.764522578227058602e+01 9.802766912115376385e+01
1.020836451452938149e+02 1.024820381573610319e+02
1.065220645363124561e+02 1.069362967016134860e+02
1.109604838887773610e+02 1.113904462610622375e+02
1.153989032412580116e+02 1.158444883668231569e+02
1.198373225961474589e+02 1.202984245203225555e+02
1.242757419985248362e+02 1.247522561409568880e+02
1.287141614051525380e+02 1.292059846296306489e+02
1.331525807530013026e+02 1.336596114157863155e+02
1.375910001281681048e+02 1.381131378799368008e+02
1.420294195382786597e+02 1.425665653117009128e+02
1.464678389510823422e+02 1.470198949803704238e+02
1.509062583134746944e+02 1.514731282306092055e+02
1.553446776738791755e+02 1.559262662757034263e+02
1.597830970919416984e+02 1.603793103881142201e+02
1.642215164563166354e+02 1.648322617449949803e+02
1.686599358121429759e+02 1.692851215604112554e+02
1.730983551679238417e+02 1.737378910037973299e+02
1.775367746009828522e+02 1.781905712015341976e+02
1.819751940285969738e+02 1.826431632520949222e+02
1.864136133931473864e+02 1.870956682792726156e+02
1.908520327736723061e+02 1.915480873305615432e+02
1.952904522136856826e+02 1.960004214826192310e+02
1.997288716122678807e+02 2.004526717524707919e+02
2.041672909580670421e+02 2.049048391701878415e+02
2.086057103306602869e+02 2.093569247370644746e+02
2.130441296813944518e+02 2.138089294159243821e+02
2.174825490588398793e+02 2.182608541296229419e+02
2.219209684124302271e+02 2.227126999430851129e+02
2.263593877615751353e+02 2.271644677080896599e+02
2.307978072167869925e+02 2.316161583907406794e+02
2.352362266833965805e+02 2.360677727704669451e+02
2.396746460921499420e+02 2.405193118149044267e+02
2.441130654430324114e+02 2.449707764355500217e+02
2.485514847911309744e+02 2.494221674387825942e+02
2.529899041582594919e+02 2.538734856973456715e+02
2.574283235827068097e+02 2.583247319393452699e+02
2.618667430047433982e+02 2.627759069916214116e+02
2.663051623884423407e+02 2.672270117084117373e+02
2.707435817354642040e+02 2.716780469133429960e+02
2.751820011920389106e+02 2.761290133299268064e+02
2.796204205714721525e+02 2.805799116002594360e+02
2.840588399196032015e+02 2.850307425870399243e+02
2.884972592840575771e+02 2.894815071012328076e+02
2.929356787216881912e+02 2.939322056856127574e+02
2.973740982168185951e+02 2.983828391809075811e+02
3.018125176147814841e+02 3.028334081664700079e+02
3.062509370156000159e+02 3.072839134036058795e+02
3.106893563734457757e+02 3.117343554785677497e+02
3.151277757980977867e+02 3.161847351344999879e+02
3.195661951786167947e+02 3.206350530428508137e+02
3.240046145417767889e+02 3.250853097943408443e+02
3.284430339410574788e+02 3.295355061247794310e+02
3.328814532951877254e+02 3.339856425241611078e+02
3.373198727977531917e+02 3.384357196420045284e+02
3.417582921444250132e+02 3.428857382214024483e+02
3.461967115211955957e+02 3.473356986592253861e+02
3.506351308827250932e+02 3.517856016291782453e+02
3.550735504062505470e+02 3.562354477120151159e+02
3.595119697630734663e+02 3.606852375462402733e+02
3.639503891681980576e+02 3.651349714431716507e+02
3.683888085967930692e+02 3.695846501752293420e+02
3.728272280048190623e+02 3.740342742844924260e+02
3.772656474124589749e+02 3.784838441767481072e+02
3.817040667810305195e+02 3.829333604682563532e+02
3.861424862074446764e+02 3.873828237262086418e+02
3.905809055634054516e+02 3.918322343228902582e+02
3.950193249864162794e+02 3.962815929176344980e+02
3.994577445508929259e+02 4.007308999381178864e+02
4.038961639548147105e+02 4.051801557928233706e+02
4.083345834837658686e+02 4.096293611585533654e+02
4.127730028814989964e+02 4.140785164075065268e+02
4.172114222768509535e+02 4.185276219639810620e+02
4.216498417313149503e+02 4.229766782921041113e+02
4.260882610820555101e+02 4.274256859045949568e+02
4.305266804839751558e+02 4.318746452508401035e+02
4.349650998482013051e+02 4.363235567219113022e+02
4.394035192611758021e+02 4.407724206875239474e+02
4.438419387941777927e+02 4.452212378539207975e+02
4.482803583765278290e+02 4.496700084432832227e+02
4.527187779563258800e+02 4.541187329402212072e+02
4.571571973036379859e+02 4.585674116483806984e+02
4.615956168132299808e+02 4.630160450326077353e+02
4.660340362050067142e+02 4.674646335850027299e+02
4.704724556268873812e+02 4.719131774453926482e+02
4.749108751092081775e+02 4.763616773390771186e+02
4.793492946612711307e+02 4.808101334028287965e+02
4.837877140743049722e+02 4.852585462190403405e+02
4.882261335136170146e+02 4.897069160020936920e+02
4.926645529140342887e+02 4.941552432900172107e+02
4.971029724801330190e+02 4.986035282708243130e+02
