0.000000000000000000e+00 0.000000000000000000e+00
5.948050934476821539e+00 5.968234804617559952e+00
1.189610193598431565e+01 1.193630834529597884e+01
1.784415300768213797e+01 1.790422363675114426e+01
2.379220411959535753e+01 2.387198292325695803e+01
2.974025534350892741e+01 2.983958829672232582e+01
3.568830645900924026e+01 3.580704281776865372e+01
4.163635757058725062e+01 4.177434803990843193e+01
4.758440865242831563e+01 4.774150682762606124e+01
5.353245972881577330e+01 5.370852127672238652e+01
5.948051071108015719e+01 5.967539319574136414e+01
6.542856169069152372e+01 6.564212493657106506e+01
7.137661263416711677e+01 7.160871862870598648e+01
7.732466388316001371e+01 7.757517633510735777e+01
8.327271486252131183e+01 8.354149981682574833e+01
8.922076608282108623e+01 8.950769128149461551e+01
9.516881720613980633e+01 9.547375233834651453e+01
1.011168681834147094e+02 1.014396853630530444e+02
1.070649193092460507e+02 1.074054914371030236e+02
1.130129706294056859e+02 1.133711728379469434e+02
1.189610216074730715e+02 1.193367311754104350e+02
1.249090728801035795e+02 1.253021680099603401e+02
1.308571238416049596e+02 1.312674855172355421e+02
1.368051748479398100e+02 1.372326849548857979e+02
1.427532258211512044e+02 1.431977675040907911e+02
1.487012770009761482e+02 1.491627352959804682e+02
1.546493281506687083e+02 1.551275896062301172e+02
1.605973791042724201e+02 1.610923324645380319e+02
1.665454300659292812e+02 1.670569646707931213e+02
1.724934810941331307e+02 1.730214878985214284e+02
1.784415320565350669e+02 1.789859035704963048e+02
1.843895830623069969e+02 1.849502134407733251e+02
1.903376341027051524e+02 1.909144182645253522e+02
1.962856851194077308e+02 1.968785199537756796e+02
2.022337360692950199e+02 2.028425192988276535e+02
2.081817870325969295e+02 2.088064180684088456e+02
2.141298380436672346e+02 2.147702172907733029e+02
2.200778890090883237e+02 2.207339178217697508e+02
2.260259399756828884e+02 2.266975212612717883e+02
2.319739909426256759e+02 2.326610288053245199e+02
2.379220419463129872e+02 2.386244417857023450e+02
2.438700929118020326e+02 2.445877610381445493e+02
2.498181438739519535e+02 2.505509880298611733e+02
2.557661948346875533e+02 2.565141235514865912e+02
2.617142457917406091e+02 2.624771688044553457e+02
2.676622967524118621e+02 2.684401249074924181e+02
2.736103478822608395e+02 2.744029929676117945e+02
2.795583988268838880e+02 2.803657738338457079e+02
2.855064500229453870e+02 2.863284688603916948e+02
2.914545010540568910e+02 2.922910789502105331e+02
2.974025519960506472e+02 2.982536047025446919e+02
3.033506032170646449e+02 3.042160475202192060e+02
3.092986541825580389e+02 3.101784080097680771e+02
3.152467051509591442e+02 3.161406873432289331e+02
3.211947561705457019e+02 3.221028864706074160e+02
3.271428071373655939e+02 3.280650060241991923e+02
3.330908583220463015e+02 3.340270469765895314e+02
3.390389092862376401e+02 3.399890102656851241e+02
3.449869602282528831e+02 3.459508965978199058e+02
3.509350113891395040e+02 3.519127070212572335e+02
3.568830625714779217e+02 3.578744425861829086e+02
3.628311136632521539e+02 3.638361036269429860e+02
3.687791648363703416e+02 3.697976910817650378e+02
3.747272159361666013e+02 3.757592058716452925e+02
3.806752669688230526e+02 3.817206488137810538e+02
3.866233182202371381e+02 3.876820205440274094e+02
3.925713694251005563e+02 3.936433217709469545e+02
3.985194206464917102e+02 3.996045531589396660e+02
4.044674717401838961e+02 4.055657156409952790e+02
4.104155228115539558e+02 4.115268097573325576e+02
4.163635738056671016e+02 4.174878364942226199e+02
4.223116250226375996e+02 4.234487961794489479e+02
4.282596762634460106e+02 4.294096897585255306e+02
4.342077272107456452e+02 4.353705177798289583e+02
4.401557782586368148e+02 4.413312809483462047e+02
4.461038292947556556e+02 4.472919801828196569e+02
4.520518802322094416e+02 4.532526159942158301e+02
4.579999313683416631e+02 4.592131888814557215e+02
4.639479824012997256e+02 4.651736994851397640e+02
4.698960333716013338e+02 4.711341484294159159e+02
4.758440843252386685e+02 4.770945362878434253e+02
4.817921355147930171e+02 4.830548635470341878e+02
4.877401868286543731e+02 4.890151310687580235e+02
4.936882378489076473e+02 4.949753391255754309e+02
4.996362889566260037e+02 5.009354883075627640e+02
5.055843401414030041e+02 5.068955793347414556e+02
5.115323912956743584e+02 5.128556130780956437e+02
5.174804422686975158e+02 5.188155896903705298e+02
5.234284932379371185e+02 5.247755097959051227e+02
5.293765443057425273e+02 5.307353739179093282e+02
5.353245952690424474e+02 5.366951826287445328e+02
5.412726462320283645e+02 5.426549363995495696e+02
5.472206971976910381e+02 5.486146357735281072e+02
5.531687481739329542e+02 5.545742811911035233e+02
5.591167991264111379e+02 5.605338732039220986e+02
5.650648500714758029e+02 5.664934120434060105e+02
5.710129010159790823e+02 5.724528984860878609e+02
5.769609520512622112e+02 5.784123328277100882e+02
5.829090030038128134e+02 5.843717157465639502e+02
5.888570539562440445e+02 5.903310475478236867e+02
5.948051049084624537e+02 5.962903287550752793e+02
6.007531558664362592e+02 6.022495598277668023e+02
6.067012068154251665e+02 6.082087412357526546e+02
6.126492577630286860e+02 6.141678733576621880e+02
6.185973087122245033e+02 6.201269566560679323e+02
6.245453596630218271e+02 6.260859916557410543e+02
6.304934106168727794e+02 6.320449788310936583e+02
6.364414617092966182e+02 6.380039182023735975e+02
6.423895126673482991e+02 6.439628104291551836e+02
6.483375636247899365e+02 6.499216559176443297e+02
6.542856145850551002e+02 6.558804550720790303e+02
6.602336655442250049e+02 6.618392082894322357e+02
6.661817165054235375e+02 6.677979159568865271e+02
