0.000000000000000000e+00 0.000000000000000000e+00
4.438419339827497367e+00 4.457268577008216326e+00
8.876838679145201638e+00 8.914382333444848427e+00
1.331525801879680060e+01 1.337134382950747025e+01
1.775367735909991396e+01 1.782815555530581975e+01
2.219209669869619006e+01 2.228481994417131773e+01
2.663051603854049176e+01 2.674133936072303186e+01
3.106893537874079669e+01 3.119771613195550941e+01
3.550735473080840165e+01 3.565395250718148645e+01
3.994577407092276644e+01 4.011005069735109885e+01
4.438419343434186715e+01 4.456601287012462365e+01
4.882261278278053851e+01 4.902184110894351221e+01
5.326103214922814999e+01 5.347753748237332161e+01
5.769945149603677237e+01 5.793310400291828444e+01
6.213787084978128661e+01 6.238854263721417226e+01
6.657629022534548824e+01 6.684385529694016270e+01
7.101470957628096414e+01 7.129904386917785075e+01
7.545312892998254028e+01 7.575411016790303620e+01
7.989154827030966999e+01 8.020905597935173148e+01
8.432996762946403635e+01 8.466388307814312952e+01
8.876838698101136060e+01 8.911859316058362879e+01
9.320680636675072606e+01 9.357318792628967685e+01
9.764522571216414804e+01 9.802766899991053151e+01
1.020836450581124382e+02 1.024820380387084526e+02
1.065220644375784929e+02 1.069362965840691970e+02
1.109604838161790497e+02 1.113904461436468694e+02
1.153989031884867700e+02 1.158444882646238767e+02
1.198373225540527471e+02 1.202984244214941043e+02
1.242757419569772708e+02 1.247522560425173879e+02
1.287141613446880797e+02 1.292059845333942008e+02
1.331525807355222355e+02 1.336596113546060280e+02
1.375910001003825585e+02 1.381131378190600287e+02
1.420294194583442504e+02 1.425665652555171050e+02
1.464678388709273804e+02 1.470198949425970056e+02
1.509062582360446925e+02 1.514731282034596234e+02
1.553446776128762963e+02 1.559262662842729128e+02
1.597830969755419233e+02 1.603793104270325784e+02
1.642215163501894608e+02 1.648322618284711609e+02
1.686599357228608937e+02 1.692851216789923114e+02
1.730983550785474563e+02 1.737378910927161542e+02
1.775367744317116205e+02 1.781905713003137066e+02
1.819751938329987979e+02 1.826431633500979785e+02
1.864136132171465192e+02 1.870956683301712360e+02
1.908520326528523015e+02 1.915480873892009868e+02
1.952904520121352903e+02 1.960004215350649019e+02
1.997288713941225353e+02 2.004526717849977899e+02
2.041672908332014913e+02 2.049048391387328252e+02
2.086057101814577663e+02 2.093569246920738749e+02
2.130441295789328819e+02 2.138089293449017134e+02
2.174825490360333902e+02 2.182608540597997830e+02
2.219209684564505665e+02 2.227126998721585949e+02
2.263593879162670532e+02 2.271644675846302448e+02
2.307978072747083047e+02 2.316161581892864092e+02
2.352362266904278840e+02 2.360677725930318616e+02
2.396746460990924561e+02 2.405193116653066170e+02
2.441130655129861680e+02 2.449707762756954992e+02
2.485514849463587552e+02 2.494221673207283629e+02
2.529899043152909428e+02 2.538734854835278725e+02
2.574283237383464211e+02 2.583247317925758466e+02
2.618667431061060142e+02 2.627759068498545503e+02
2.663051624898846512e+02 2.672270115573371072e+02
2.707435819083840443e+02 2.716780467638262166e+02
2.751820013818098687e+02 2.761290131898389291e+02
2.796204207845464680e+02 2.805799114479547143e+02
2.840588401519003696e+02 2.850307425021334780e+02
2.884972595569286113e+02 2.894815068879965452e+02
2.929356790095066572e+02 2.939322055357612271e+02
2.973740984195938495e+02 2.983828390034912559e+02
3.018125178793184205e+02 3.028334080608800605e+02
3.062509372558493510e+02 3.072839132998317382e+02
3.106893566137676430e+02 3.117343553788833788e+02
3.151277760507457515e+02 3.161847350418968290e+02
3.195661954132955316e+02 3.206350530719530525e+02
3.240046147800312610e+02 3.250853098895328230e+02
3.284430341786926419e+02 3.295355061830028944e+02
3.328814535298014334e+02 3.339856426096629320e+02
3.373198729238778242e+02 3.384357197260261501e+02
3.417582923497238880e+02 3.428857382973817494e+02
3.461967117379720094e+02 3.473356987878376003e+02
3.506351312227486119e+02 3.517856017314803694e+02
3.550735506962132604e+02 3.562354477611850143e+02
3.595119700529860438e+02 3.606852374480848766e+02
3.639503894607751135e+02 3.651349713467105289e+02
3.683888088909959606e+02 3.695846501045496098e+02
3.728272283133659926e+02 3.740342742140344967e+02
3.772656477950156386e+02 3.784838441091231971e+02
3.817040671637656146e+02 3.829333604724366751e+02
3.861424866076196736e+02 3.873828237341051590e+02
3.905809059636058009e+02 3.918322343295936321e+02
3.950193253420711699e+02 3.962815929270418565e+02
3.994577448001310245e+02 4.007308999486311905e+02
4.038961642039632238e+02 4.051801558072979788e+02
4.083345837332274186e+02 4.096293611451026209e+02
4.127730030819191711e+02 4.140785163251705399e+02
4.172114224365473092e+02 4.185276218841703439e+02
4.216498418712255898e+02 4.229766782144140507e+02
4.260882612361346560e+02 4.274256857369584282e+02
4.305266806127755785e+02 4.318746450200547429e+02
4.349651001556728716e+02 4.363235564298349800e+02
4.394035195659050714e+02 4.407724204471404619e+02
4.438419390991626869e+02 4.452212376165341539e+02
4.482803586817669839e+02 4.496700081697233600e+02
4.527187781876460804e+02 4.541187324846631554e+02
4.571571975349484092e+02 4.585674111910587953e+02
4.615956170369441907e+02 4.630160445787686285e+02
4.660340363982734857e+02 4.674646331341780865e+02
4.704724558200472302e+02 4.719131771110679665e+02
4.749108752622090606e+02 4.763616769313169925e+02
4.793492948139232794e+02 4.808101331186506968e+02
4.837877143893566654e+02 4.852585459311894738e+02
4.882261338280110294e+02 4.897069158455039997e+02
4.926645533448776177e+02 4.941552431365234952e+02
4.971029729133468891e+02 4.986035280920029891e+02
