0.000000000000000000e+00 0.000000000000000000e+00
4.438257916316271867e+00 4.457268579008301757e+00
8.876515833609028405e+00 8.914379231499554024e+00
1.331477375041190570e+01 1.337133459902529431e+01
1.775303166759274376e+01 1.782813725013672723e+01
2.219128958403249996e+01 2.228478969001337617e+01
2.662954750141049232e+01 2.674129436489437950e+01
3.106780541799390249e+01 3.119765366895133241e+01
3.550606333859492736e+01 3.565386992196025773e+01
3.994432125688310009e+01 4.010994539520259394e+01
4.438257919567450926e+01 4.456588232434428676e+01
4.882083712467368031e+01 4.902168285529649694e+01
5.325909506414320305e+01 5.347734911500194244e+01
5.769735300286812674e+01 5.793288317568870127e+01
6.213561093447518147e+01 6.238828706100057531e+01
6.657386885337169247e+01 6.684356273666585935e+01
7.101212678230339748e+01 7.129871214562643900e+01
7.545038471882054409e+01 7.575373713207274307e+01
7.988864265434528988e+01 8.020863959081211192e+01
8.432690057157618924e+01 8.466342127989256028e+01
8.876515849966432370e+01 8.911808397354703004e+01
9.320341646297777061e+01 9.357262942795597382e+01
9.764167438654403952e+01 9.802705928686165748e+01
1.020799323115221711e+02 1.024813752404415084e+02
1.065181902399626637e+02 1.069355788851845546e+02
1.109564482101331180e+02 1.113896717777878109e+02
1.153947061380755201e+02 1.158436554897989055e+02
1.198329640951844652e+02 1.202975315348628556e+02
1.242712220749908880e+02 1.247513014066408061e+02
1.287094800328342217e+02 1.292049665455119225e+02
1.331477379648466695e+02 1.336585283769184400e+02
1.375859958863058523e+02 1.381119883346859183e+02
1.420242538272358104e+02 1.425653477332346597e+02
1.464625118166159723e+02 1.470186078937093725e+02
1.509007697665920205e+02 1.514717702019956960e+02
1.553390276956460241e+02 1.559248359148147642e+02
1.597772856869233351e+02 1.603778062484942950e+02
1.642155436214617623e+02 1.648306824776224175e+02
1.686538015579498051e+02 1.692834658221208883e+02
1.730920595013867569e+02 1.737361574858551307e+02
1.775303174661752905e+02 1.781887586029520207e+02
1.819685754108338358e+02 1.826412703216286104e+02
1.864068333822243630e+02 1.870936937542415706e+02
1.908450913667689974e+02 1.915460300219320970e+02
1.952833493640764004e+02 1.959982802020562076e+02
1.997216073186474148e+02 2.004504452875163452e+02
2.041598652550762836e+02 2.049025264401498134e+02
2.085981231832849971e+02 2.093545245520240314e+02
2.130363811652480877e+02 2.138064407824196280e+02
2.174746390956996720e+02 2.182582759918660429e+02
2.219128970222577379e+02 2.227100312010750258e+02
2.263511549627635304e+02 2.271617073735903887e+02
2.307894129651794515e+02 2.316133054167859200e+02
2.352276708950982993e+02 2.360648262599469547e+02
2.396659288323746750e+02 2.405162707016247623e+02
2.441041867849900200e+02 2.449676397357752933e+02
2.485424447591573767e+02 2.494189342571359020e+02
2.529807027029791868e+02 2.538701550515942813e+02
2.574189607015262027e+02 2.583213030013671414e+02
2.618572186704482760e+02 2.627723789297428993e+02
2.662954766311411277e+02 2.672233835556636450e+02
2.707337345785051639e+02 2.716743178058547414e+02
2.751719925000779767e+02 2.761251823888164836e+02
2.796102504841418295e+02 2.805759781238089090e+02
2.840485084351449814e+02 2.850267057201626812e+02
2.884867663970127296e+02 2.894773659890291810e+02
2.929250244741110691e+02 2.939279595591744965e+02
2.973632824610463672e+02 2.983784872748532280e+02
3.018015403931661922e+02 3.028289497242289485e+02
3.062397983286695080e+02 3.072793476840881794e+02
3.106780562639087293e+02 3.117296817527850976e+02
3.151163142630048242e+02 3.161799526976358266e+02
3.195545722020028734e+02 3.206301611691382618e+02
3.239928301455564110e+02 3.250803077973410495e+02
3.284310881218297027e+02 3.295303933118414648e+02
3.328693460510837667e+02 3.339804182422739132e+02
3.373076040703790568e+02 3.384303832854430993e+02
3.417458621789611470e+02 3.428802890740774956e+02
3.461841201355383646e+02 3.473301360791247134e+02
3.506223782156234279e+02 3.517799251012087325e+02
3.550606361910243436e+02 3.562296564822951268e+02
3.594988941314378508e+02 3.606793310758366715e+02
3.639371521152052082e+02 3.651289491164299079e+02
3.683754101200925675e+02 3.695785113815427394e+02
3.728136681051922778e+02 3.740280184713316203e+02
3.772519260898023958e+02 3.784774708230790452e+02
3.816901840353320949e+02 3.829268689696024239e+02
3.861284419630586626e+02 3.873762136354756080e+02
3.905666998960277851e+02 3.918255049988691212e+02
3.950049578239730295e+02 3.962747437806524431e+02
3.994432157598451454e+02 4.007239305116792139e+02
4.038814737388250933e+02 4.051730656044375110e+02
4.083197318446655117e+02 4.096221496061915559e+02
4.127579897750601958e+02 4.140711829930096997e+02
4.171962477500067052e+02 4.185201662336766049e+02
4.216345057741795017e+02 4.229690997667726151e+02
4.260727638230284811e+02 4.274179841967261950e+02
4.305110218473738541e+02 4.318668198890142662e+02
4.349492799642370073e+02 4.363156071082348717e+02
4.393875380070937808e+02 4.407643464656409833e+02
4.438257961171229908e+02 4.452130385827450709e+02
4.482640542766965837e+02 4.496616836992610615e+02
4.527023123390447381e+02 4.541102821981831426e+02
4.571405702844846246e+02 4.585588344026604091e+02
4.615788284245517161e+02 4.630073408837381521e+02
4.660170863725214758e+02 4.674558020642006113e+02
4.704553443643094397e+02 4.719042183004868320e+02
4.748936023858549333e+02 4.763525902024616698e+02
4.793318603948993086e+02 4.808009179387748873e+02
4.837701183880402596e+02 4.852492019040280411e+02
4.882083764782669277e+02 4.896974424816362443e+02
4.926466344129240724e+02 4.941456401863748624e+02
4.970848926092656939e+02 4.985937951395429764e+02
