0.000000000000000000e+00 0.000000000000000000e+00
4.439441598618900642e+00 4.457268574604472455e+00
8.878883197548745443e+00 8.914401328845517725e+00
1.331832479662595503e+01 1.337140034407805089e+01
1.775776639567195048e+01 1.782826764809686892e+01
2.219720800287121776e+01 2.228500522309602871e+01
2.663664960260169323e+01 2.674161500725227469e+01
3.107609120578897333e+01 3.119809890405557340e+01
3.551553281692334707e+01 3.565445875401571385e+01
3.995497441747073708e+01 4.011069638410438642e+01
4.439441602046576918e+01 4.456681356774549840e+01
4.883385762820245901e+01 4.902281202666618753e+01
5.327329925374026232e+01 5.347869346920155920e+01
5.771274086243089130e+01 5.793445955445542950e+01
6.215218248982512250e+01 6.239011191730595840e+01
6.659162409924888948e+01 6.684565214182755710e+01
7.103106571530761926e+01 7.130108179673486291e+01
7.547050731811056323e+01 7.575640237300518720e+01
7.990994895452844560e+01 8.021161540370670195e+01
8.434939058777925425e+01 8.466672233171499329e+01
8.878883219820359329e+01 8.912172461729218753e+01
9.322827384370367554e+01 9.357662361844157317e+01
9.766771549230392679e+01 9.803142073133818712e+01
1.021071571018159432e+02 1.024861173351029606e+02
1.065465987252344746e+02 1.069407147209774962e+02
1.109860403698792481e+02 1.113952141978506347e+02
1.154254819998083406e+02 1.158496170586072935e+02
1.198649236132119142e+02 1.203039245062916365e+02
1.243043652759429278e+02 1.247581377630676798e+02
1.287438068827991628e+02 1.292122580821854285e+02
1.331832484866080222e+02 1.336662865915001817e+02
1.376226900907265929e+02 1.381202244851848491e+02
1.420621317060821980e+02 1.425740728349880442e+02
1.465015733177159518e+02 1.470278327854142617e+02
1.509410149814205511e+02 1.514815054358610666e+02
1.553804566370370708e+02 1.559350918496366489e+02
1.598198982570299904e+02 1.603885930799093558e+02
1.642593398770801514e+02 1.648420101802649924e+02
1.686987814919625066e+02 1.692953441030431350e+02
1.731382231247634422e+02 1.737485958963599160e+02
1.775776647703555682e+02 1.782017665397536348e+02
1.820171063847995470e+02 1.826548569684161123e+02
1.864565480466548024e+02 1.871078680645034922e+02
1.908959896518575761e+02 1.915608008862732277e+02
1.953354312651399312e+02 1.960136562876381845e+02
1.997748728967353600e+02 2.004664350647523747e+02
2.042143145138370244e+02 2.049191381974870296e+02
2.086537561245553150e+02 2.093717665566697121e+02
2.130931977460724056e+02 2.138243209379058101e+02
2.175326394081457124e+02 2.182768021829740235e+02
2.219720811126855438e+02 2.227292111618347121e+02
2.264115228060198319e+02 2.271815486566880509e+02
2.308509644905931282e+02 2.316338154965475269e+02
2.352904061165838812e+02 2.360860124361904866e+02
2.397298477356072226e+02 2.405381401605636711e+02
2.441692893456260833e+02 2.449901994754371799e+02
2.486087310201416756e+02 2.494421911330903754e+02
2.530481726477184452e+02 2.538941159220553345e+02
2.574876143361071286e+02 2.583459744189277103e+02
2.619270559725826502e+02 2.627977674200878369e+02
2.663664976203322112e+02 2.672494956178051098e+02
2.708059392894834332e+02 2.717011597622944805e+02
2.752453808987081629e+02 2.761527604325075913e+02
2.796848225296557189e+02 2.806042982859949007e+02
2.841242641784609759e+02 2.850557739896779594e+02
2.885637058247200457e+02 2.895071882997388002e+02
2.930031475804970569e+02 2.939585417440385982e+02
2.974425892337067125e+02 2.984098349272430823e+02
3.018820309627499228e+02 3.028610684717771164e+02
3.063214726357010704e+02 3.073122429485764542e+02
3.107609142529660744e+02 3.117633589443508413e+02
3.152003558964592003e+02 3.162144172307145027e+02
3.196397975241779932e+02 3.206654181584125354e+02
3.240792391508988430e+02 3.251163623792854196e+02
3.285186808096933646e+02 3.295672505389148910e+02
3.329581224738968785e+02 3.340180831321127357e+02
3.373975641705832231e+02 3.384688606286528625e+02
3.418370058343816140e+02 3.429195836737378613e+02
3.462764474661854592e+02 3.473702526315470323e+02
3.507158890913565301e+02 3.518208681239638054e+02
3.551553307473219547e+02 3.562714307435726937e+02
3.595947724262852034e+02 3.607219407894264123e+02
3.640342141969823047e+02 3.651723988822105866e+02
3.684736558868918337e+02 3.696228056994654025e+02
3.729130975536691039e+02 3.740731614980668382e+02
3.773525392264865559e+02 3.785234666886124160e+02
3.817919808555353143e+02 3.829737219636016334e+02
3.862314224693110987e+02 3.874239276418622921e+02
3.906708640847285778e+02 3.918740842822590480e+02
3.951103056949103802e+02 3.963241922404745310e+02
3.995497473124318049e+02 4.007742520242031787e+02
4.039891889737793917e+02 4.052242638838904440e+02
4.084286306185960598e+02 4.096742284200177551e+02
4.128680723451350900e+02 4.141241460735886903e+02
4.173075140425219161e+02 4.185740173596824434e+02
4.217469558337679700e+02 4.230238424563605122e+02
4.261863976396542739e+02 4.274736217754687004e+02
4.306258394690432851e+02 4.319233559313211117e+02
4.350652812460576797e+02 4.363730453133891274e+02
4.395047229135449243e+02 4.408226901159525823e+02
4.439441647089284402e+02 4.452722908162186286e+02
4.483836065520787315e+02 4.497218478865556790e+02
4.528230481859311567e+02 4.541713617301357431e+02
4.572624900009901694e+02 4.586208326042821000e+02
4.617019316174672667e+02 4.630702607329365605e+02
4.661413734778054163e+02 4.675196466632555712e+02
4.705808151612449137e+02 4.719689907577043186e+02
4.750202568821408704e+02 4.764182932973299103e+02
4.794596986951909230e+02 4.808675548236296891e+02
4.838991403146191601e+02 4.853167755506382832e+02
4.883385820173938328e+02 4.897659557404149382e+02
4.927780236482721534e+02 4.942150957454611557e+02
4.972174653758643785e+02 4.986641960393332624e+02
