0.000000000000000000e+00 0.000000000000000000e+00
5.949986703837097046e+00 5.968234541718261177e+00
1.189997317409409661e+01 1.193633734432767923e+01
1.784995949973805551e+01 1.790431045768403351e+01
2.379994580436550677e+01 2.387215525315113140e+01
2.974993216985892275e+01 2.983987372653856696e+01
3.569991838055947397e+01 3.580746796050958380e+01
4.164990469353941194e+01 4.177493923511426033e+01
4.759989129361012061e+01 4.774228957204399393e+01
5.354987785138879275e+01 5.370952045405786635e+01
5.949986410911618151e+01 5.967663342414048344e+01
6.544985038137306788e+01 6.564363048123317412e+01
7.139983663685507054e+01 7.161051263273668610e+01
7.734982289416899448e+01 7.757728174946110755e+01
8.329980945521944591e+01 8.354393956293517931e+01
8.924979588560546517e+01 8.951048721993301172e+01
9.519978214864985944e+01 9.547692634319992067e+01
1.011497687473397775e+02 1.014432581056637446e+02
1.070997552837851572e+02 1.074094840641729149e+02
1.130497415434399215e+02 1.133756054790212744e+02
1.189997278820143265e+02 1.193416236045716801e+02
1.249497141380613527e+02 1.253075400031093096e+02
1.308997005508679479e+02 1.312733555831853778e+02
1.368496867866718674e+02 1.372390720721205071e+02
1.427996730149413054e+02 1.432046904130146459e+02
1.487496592422236290e+02 1.491702115811866634e+02
1.546996454770915932e+02 1.551356371482819156e+02
1.606496321028259331e+02 1.611009681881241704e+02
1.665996183448539512e+02 1.670662062281998317e+02
1.725496045883040210e+02 1.730313519959794348e+02
1.784995909207100908e+02 1.789964063614876295e+02
1.844495772340699205e+02 1.849613709632501468e+02
1.903995636316406319e+02 1.909262465691996056e+02
1.963495498735096874e+02 1.968910342158046092e+02
2.022995361065847533e+02 2.028557350042561893e+02
2.082495223506765569e+02 2.088203499049338916e+02
2.141995085955934712e+02 2.147848799370661936e+02
2.201494948426656038e+02 2.207493260515711029e+02
2.260994810899821346e+02 2.267136888954607628e+02
2.320494673373922296e+02 2.326779699117935252e+02
2.379994535843619872e+02 2.386421696084711357e+02
2.439494398300936382e+02 2.446062893638273295e+02
2.498994264133003753e+02 2.505703300482866496e+02
2.558494126869268257e+02 2.565342920971141325e+02
2.617993990467058438e+02 2.624981768364930304e+02
2.677493853290322363e+02 2.684619845854224423e+02
2.736993717341967454e+02 2.744257167468639409e+02
2.796493581431064399e+02 2.803893740492874258e+02
2.855993445828103177e+02 2.863529568119043915e+02
2.915493309715258192e+02 2.923164665489888421e+02
2.974993174345270859e+02 2.982799034735412533e+02
3.034493036725561979e+02 3.042432687011963708e+02
3.093992899275818900e+02 3.102065626947754708e+02
3.153492761754004050e+02 3.161697864609513999e+02
3.212992624248632865e+02 3.221329405676401620e+02
3.272492486972197980e+02 3.280960258870433108e+02
3.331992349434267453e+02 3.340590432076557477e+02
3.391492211879896104e+02 3.400219929188762080e+02
3.450992076312624022e+02 3.459848757535332879e+02
3.510491938778965277e+02 3.519476925874511153e+02
3.569991803217984625e+02 3.579104443381552301e+02
3.629491666926187463e+02 3.638731310401547034e+02
3.688991531480115782e+02 3.698357537771489660e+02
3.748491394084091439e+02 3.757983131333039069e+02
3.807991256577223567e+02 3.817608097707474144e+02
3.867491119372402864e+02 3.877232440914499421e+02
3.926990984323658722e+02 3.936856170389539784e+02
3.986490847070901395e+02 3.996479291372030502e+02
4.045990710168752571e+02 4.056101805770982764e+02
4.105490573203661597e+02 4.115723723017816837e+02
4.164990435714945534e+02 4.175345047713368558e+02
4.224490298071613097e+02 4.234965788053430629e+02
4.283990163154065840e+02 4.294585946157249055e+02
4.343490026417163108e+02 4.354205529938500945e+02
4.402989891368931694e+02 4.413824544533998733e+02
4.462489753766228660e+02 4.473442997188323602e+02
4.521989615942251248e+02 4.533060887626895692e+02
4.581489481310642304e+02 4.592678227805052984e+02
4.640989343854251956e+02 4.652295018040628634e+02
4.700489206190800928e+02 4.711911262704979890e+02
4.759989068529255292e+02 4.771526971317128982e+02
4.819488931378973575e+02 4.831142146521744962e+02
4.878988795860897199e+02 4.890756792863120950e+02
4.938488658217209490e+02 4.950370915942287979e+02
4.997988520602945073e+02 5.009984518611972817e+02
5.057488384110415609e+02 5.069597607109332102e+02
5.116988246670192666e+02 5.129210188368213039e+02
5.176488109433576028e+02 5.188822264454047399e+02
5.235987975231253131e+02 5.248433839773514364e+02
5.295487837698858584e+02 5.308044919045146344e+02
5.354987700514534481e+02 5.367655506710423197e+02
5.414487563017946741e+02 5.427265607466943038e+02
5.473987425514490042e+02 5.486875224854088628e+02
5.533487287967767543e+02 5.546484362359574334e+02
5.592987150296155505e+02 5.606093026088808529e+02
5.652487012792754513e+02 5.665701216895691914e+02
5.711986875040086034e+02 5.725308939902377006e+02
5.771486737298694152e+02 5.784916200275611118e+02
5.830986599877396657e+02 5.844523002235911235e+02
5.890486462209177034e+02 5.904129349275982577e+02
5.949986324535504991e+02 5.963735245437948151e+02
6.009486186908222862e+02 6.023340694447140322e+02
6.068986049203551829e+02 6.082945700045427202e+02
6.128485911843167742e+02 6.142550265932177354e+02
6.187985774523021973e+02 6.202154396571171446e+02
6.247485636835192508e+02 6.261758093928897324e+02
6.306985499180143506e+02 6.321361362395250580e+02
6.366485361549450772e+02 6.380964205495829447e+02
6.425985223923945568e+02 6.440566626797699428e+02
6.485485086744242835e+02 6.500168630542576693e+02
6.544984949128278231e+02 6.559770218313390160e+02
6.604484811562949744e+02 6.619371394454360598e+02
6.663984674004384487e+02 6.678972162236581198e+02
