0.000000000000000000e+00 0.000000000000000000e+00
4.438257916801052971e+00 4.457268579581534773e+00
8.876515834132266747e+00 8.914379232273269338e+00
1.331477375084718417e+01 1.337133459979157379e+01
1.775303166811209366e+01 1.782813725087995493e+01
2.219128958730529533e+01 2.228478969069355742e+01
2.662954750401279824e+01 2.674129436555669770e+01
3.106780543299174724e+01 3.119765366806805318e+01
3.550606335365780808e+01 3.565386991647515913e+01
3.994432127106984609e+01 4.010994539380329371e+01
4.438257920677010304e+01 4.456588232287904816e+01
4.882083713369901545e+01 4.902168285347544696e+01
5.325909507701965140e+01 5.347734911378466194e+01
5.769735302079853767e+01 5.793288317719751035e+01
6.213561094157064701e+01 6.238828706263495860e+01
6.657386889538993557e+01 6.684356273837022400e+01
7.101212683893442090e+01 7.129871211308565648e+01
7.545038475814010326e+01 7.575373712304697449e+01
7.988864271776373016e+01 8.020863956634690339e+01
8.432690065222817566e+01 8.466342125969529775e+01
8.876515860550338743e+01 8.911808394677990464e+01
9.320341656774530747e+01 9.357262938123322726e+01
9.764167451526515151e+01 9.802705925284494981e+01
1.020799324445622176e+02 1.024813751882083181e+02
1.065181903730138941e+02 1.069355788384486488e+02
1.109564483123833440e+02 1.113896717554991795e+02
1.153947062696147583e+02 1.158436554635274831e+02
1.198329641880734613e+02 1.202975315175851136e+02
1.242712221693527397e+02 1.247513013901348415e+02
1.287094800912397830e+02 1.292049665134948100e+02
1.331477380362681231e+02 1.336585283371802575e+02
1.375859959656814340e+02 1.381119882957115692e+02
1.420242539553159702e+02 1.425653476539284839e+02
1.464625119432956524e+02 1.470186078620025683e+02
1.509007699122930717e+02 1.514717701221812263e+02
1.553390278653123175e+02 1.559248358205438478e+02
1.597772858403916985e+02 1.603778061177503105e+02
1.642155437728085872e+02 1.648306823624890285e+02
1.686538017598685713e+02 1.692834656941481626e+02
1.730920597040837947e+02 1.737361573508464971e+02
1.775303176687384052e+02 1.781887584681434191e+02
1.819685756052857073e+02 1.826412701989094671e+02
1.864068335488026094e+02 1.870936936433043911e+02
1.908450914797287510e+02 1.915460299204206649e+02
1.952833494099711515e+02 1.959982801139603055e+02
1.997216073395110811e+02 2.004504452549271036e+02
2.041598652851187694e+02 2.049025263911602792e+02
2.085981232166728887e+02 2.093545245938710764e+02
2.130363812411336539e+02 2.138064408068565285e+02
2.174746391681821081e+02 2.182582759949568469e+02
2.219128972019408366e+02 2.227100311808364381e+02
2.263511552255548054e+02 2.271617072673263067e+02
2.307894131695477995e+02 2.316133052736090576e+02
2.352276712008913933e+02 2.360648260703906089e+02
2.396659291400190455e+02 2.405162705779717953e+02
2.441041871777100027e+02 2.449676396757666339e+02
2.485424451450025458e+02 2.494189341996152507e+02
2.529807030712363485e+02 2.538701550342498194e+02
2.574189610696295745e+02 2.583213029099375149e+02
2.618572190887648503e+02 2.627723787987417836e+02
2.662954770495367711e+02 2.672233834278217728e+02
2.707337349730476035e+02 2.716743177196025272e+02
2.751719929009528869e+02 2.761251822400242872e+02
2.796102508308695747e+02 2.805759780098855458e+02
2.840485088411548986e+02 2.850267055656496495e+02
2.884867668030982486e+02 2.894773658388417061e+02
2.929250248758627322e+02 2.939279593401250850e+02
2.973632828722704744e+02 2.983784870581217774e+02
3.018015408966164728e+02 3.028289495108052733e+02
3.062397989311212427e+02 3.072793474753253236e+02
3.106780568659930850e+02 3.117296815464019346e+02
3.151163148650333596e+02 3.161799526041976947e+02
3.195545728039440974e+02 3.206301610505031476e+02
3.239928307501597260e+02 3.250803077741941252e+02
3.284310887262831784e+02 3.295303933232798954e+02
3.328693466619613446e+02 3.339804182328196589e+02
3.373076045940498489e+02 3.384303833260441934e+02
3.417458625165659214e+02 3.428802891154359145e+02
3.461841204731414336e+02 3.473301361395467666e+02
3.506223785545183773e+02 3.517799250544226197e+02
3.550606364848539442e+02 3.562296564662147489e+02
3.594988944521951453e+02 3.606793310688934753e+02
3.639371524372764952e+02 3.651289491108419725e+02
3.683754104355659820e+02 3.695785113870125542e+02
3.728136684202055449e+02 3.740280184788089741e+02
3.772519264049061576e+02 3.784774708541166319e+02
3.816901843504307976e+02 3.829268691241578608e+02
3.861284423663963707e+02 3.873762136902672637e+02
3.905667004065442143e+02 3.918255050580486341e+02
3.950049583378851139e+02 3.962747439293386265e+02
3.994432163240446698e+02 4.007239306639083907e+02
4.038814743045073783e+02 4.051730657466977163e+02
4.083197324101175809e+02 4.096221497413488351e+02
4.127579903786907494e+02 4.140711831131952181e+02
4.171962485278260147e+02 4.185201664432960911e+02
4.216345065403178296e+02 4.229690999981889945e+02
4.260727645632121039e+02 4.274179843152579679e+02
4.305110225170990361e+02 4.318668199225795661e+02
4.349492804607303356e+02 4.363156073208810994e+02
4.393875384499419852e+02 4.407643466929608280e+02
4.438257965598626811e+02 4.452130388109010255e+02
4.482640547195721865e+02 4.496616839381540558e+02
4.527023126620932203e+02 4.541102824283325390e+02
4.571405707961241660e+02 4.585588347090700836e+02
4.615788287461736559e+02 4.630073411949442743e+02
4.660170867683874008e+02 4.674558024983646760e+02
4.704553447665633712e+02 4.719042189088017381e+02
4.748936028727333678e+02 4.763525908108512112e+02
4.793318609938752388e+02 4.808009184699353682e+02
4.837701189869525251e+02 4.852492025605405388e+02
4.882083770006836403e+02 4.896974431193650616e+02
4.926466349694953806e+02 4.941456408104986622e+02
4.970848931657606045e+02 4.985937959646154241e+02
