0.000000000000000000e+00 0.000000000000000000e+00
4.328936855633615188e+00 4.366782347216742188e+00
8.657873819581595853e+00 8.732909451453458871e+00
1.298681083668898495e+01 1.309840436304761369e+01
1.731574797350227968e+01 1.746328740958525572e+01
2.164468516272713217e+01 2.182757943550141988e+01
2.597362202939073583e+01 2.619129970926666573e+01
3.030255929940193482e+01 3.055446622886151431e+01
3.463149619529769296e+01 3.491709706320748552e+01
3.896043356204681629e+01 3.927920851017114501e+01
4.328937040632504818e+01 4.364081670733185803e+01
4.761830723713396196e+01 4.800193676738794579e+01
5.194724412689899395e+01 5.236258315710912825e+01
5.627618107379400669e+01 5.672277012039747035e+01
6.060511850978181769e+01 6.108251085715507855e+01
6.493405582856573233e+01 6.544181760899513733e+01
6.926299282081316733e+01 6.980070333892888357e+01
7.359192972968651247e+01 7.415917918334261572e+01
7.792086660961257394e+01 7.851725592736477211e+01
8.224980445120706918e+01 8.287494469120287022e+01
8.657874131351681513e+01 8.723225670214547733e+01
9.090767818537577227e+01 9.158920086352895851e+01
9.523661513626031194e+01 9.594578638342305510e+01
9.956555234476394389e+01 1.003020230916502129e+02
1.038944893668842155e+02 1.046579199907052669e+02
1.082234272897148912e+02 1.090134853995134279e+02
1.125523642510621869e+02 1.133687262597302094e+02
1.168813011112623457e+02 1.177236514136189953e+02
1.212102385247524410e+02 1.220782689790389099e+02
1.255391766876053339e+02 1.264325860250809228e+02
1.298681139451495881e+02 1.307866095961779820e+02
1.341970509022108331e+02 1.351403462933802757e+02
1.385259881679839680e+02 1.394938018384322334e+02
1.428549250307442833e+02 1.438469828724756212e+02
1.471838626077513936e+02 1.481998961391275031e+02
1.515127995835647141e+02 1.525525480943803132e+02
1.558417364487353893e+02 1.569049440554718728e+02
1.601706741170656869e+02 1.612570890311791061e+02
1.644996111528408846e+02 1.656089881340813008e+02
1.688285481792967175e+02 1.699606486867797344e+02
1.731574851241111901e+02 1.743120728071926919e+02
1.774864223491369444e+02 1.786632674893245962e+02
1.818153592423853695e+02 1.830142362278174062e+02
1.861442979507849600e+02 1.873649841920362746e+02
1.904732365155744560e+02 1.917155159941667648e+02
1.948021733634727184e+02 1.960658362899798988e+02
1.991311151053234312e+02 2.004159478775228536e+02
2.034600521628705678e+02 2.047658563915341574e+02
2.077889889908302621e+02 2.091155639540604341e+02
