0.000000000000000000e+00 0.000000000000000000e+00
4.325433438686287602e+00 4.366782284587825913e+00
8.650867099891048184e+00 8.732785423126546931e+00
1.297630089609779347e+01 1.309803907543142643e+01
1.730173482894775816e+01 1.746256942367085330e+01
2.162716850347001341e+01 2.182640316664965496e+01
2.595260198314731070e+01 2.618956508649534243e+01
3.027803581485628825e+01 3.055207821319680761e+01
3.460346932528272390e+01 3.491396455093206441e+01
3.892890330166753188e+01 3.927524541522940638e+01
4.325433677158757462e+01 4.363594049299167921e+01
4.757977027207928700e+01 4.799606934189203145e+01
5.190520376915779366e+01 5.235564927176732652e+01
5.623063727960126101e+01 5.671469807772118088e+01
6.055607081078208864e+01 6.107323189182892520e+01
6.488150481836591155e+01 6.543126681242847553e+01
6.920693889322593861e+01 6.978881750984797350e+01
7.353237237640742308e+01 7.414589841326393582e+01
7.785780586213061838e+01 7.850252309228424963e+01
8.218323945584265289e+01 8.285870491307352381e+01
8.650867328714534210e+01 8.721445659477450363e+01
9.083410686740228357e+01 9.156978949391458400e+01
9.515954074378865357e+01 9.592471630683323269e+01
9.948497452493026572e+01 1.002792465845100480e+02
1.038104083118049346e+02 1.046333917101908355e+02
1.081358419936916988e+02 1.089871616605639133e+02
1.124612758803306605e+02 1.133405664331873197e+02
1.167867095784498872e+02 1.176936160516894176e+02
1.211121437479872043e+02 1.220463191096409901e+02
1.254375773585486513e+02 1.263986828797666249e+02
1.297630122330170934e+02 1.307507179254577068e+02
1.340884457077565628e+02 1.351024307135697597e+02
1.384138793537478591e+02 1.394538295078731949e+02
1.427393130599486994e+02 1.438049217844971963e+02
1.470647468128377966e+02 1.481557162890410666e+02
1.513901804330720609e+02 1.525062172522940500e+02
1.557156140459218250e+02 1.568564343693462888e+02
1.600410481271586036e+02 1.612063717636767421e+02
1.643664816923897547e+02 1.655560361563655363e+02
1.686919151753009203e+02 1.699054351424603624e+02
1.730173500008924634e+02 1.742545733940307855e+02
1.773427841681997563e+02 1.786034561292348712e+02
1.816682180669017157e+02 1.829520901333486336e+02
1.859936517527527258e+02 1.873004793074419467e+02
1.903190853444111212e+02 1.916486287504233701e+02
1.946445199925406087e+02 1.959965444461604420e+02
1.989699548946959169e+02 2.003442308477834217e+02
2.032953884115006531e+02 2.046916945650886532e+02
2.076208220135544025e+02 2.090389381179724069e+02
