0.000000000000000000e+00 0.000000000000000000e+00
4.322803509209133921e+00 4.366782284248939661e+00
8.645607007744896322e+00 8.732685114190323006e+00
1.296841054433206430e+01 1.309774382886824284e+01
1.729121423548289727e+01 1.746199013457740890e+01
2.161401807874017322e+01 2.182545527614556136e+01
2.593682191542466597e+01 2.618816812358942769e+01
3.025962585708216324e+01 3.055015682032208701e+01
3.458242936136457502e+01 3.491144717799679142e+01
3.890523339608002118e+01 3.927206329596707235e+01
4.322803700114616277e+01 4.363202945478293771e+01
4.755084054295502938e+01 4.799136749100942723e+01
5.187364437130315054e+01 5.235009861135374365e+01
5.619644832588512173e+01 5.670824211128024217e+01
6.051925188228140229e+01 6.106581824134955383e+01
6.484205604237806142e+01 6.542284438242674582e+01
6.916486019772464999e+01 6.977933761593661188e+01
7.348766374510508115e+01 7.413531525761904106e+01
7.781046738766684712e+01 7.849079299836944301e+01
8.213327142867785824e+01 8.284578489611335783e+01
8.645607501430640696e+01 8.720030639443294262e+01
9.077887861502436806e+01 9.155437045701647492e+01
9.510168223372416207e+01 9.590799086148939523e+01
9.942448591579261574e+01 1.002611792135497808e+02
1.037472903435756137e+02 1.046139487070906853e+02
1.080700948052678712e+02 1.089663104038648953e+02
1.123928983895990825e+02 1.133182748068427941e+02
1.167157022968673914e+02 1.176698529384936194e+02
1.210385062821042936e+02 1.220210552857971322e+02
1.253613105622359853e+02 1.263718923726519847e+02
1.296841145471115908e+02 1.307223716621088272e+02
1.340069187455187034e+02 1.350725035828157843e+02
1.383297226271979810e+02 1.394222968574749189e+02
1.426525271589462420e+02 1.437717599952728165e+02
1.469753313434477207e+02 1.481209003264483215e+02
1.512981354143556132e+02 1.524697264185484187e+02
1.556209390652606999e+02 1.568182453356257611e+02
1.599437437522518053e+02 1.611664653859313603e+02
1.642665473190410239e+02 1.655143914487712209e+02
1.685893517419169712e+02 1.698620325973228091e+02
1.729121556401849489e+02 1.742093932905671068e+02
1.772349603291808648e+02 1.785564807781251204e+02
1.815577645242280482e+02 1.829033006029835065e+02
1.858805682065695919e+02 1.872498606158902703e+02
1.902033719604793021e+02 1.915961636790087255e+02
1.945261763245039219e+02 1.959422166774305651e+02
1.988489806070189161e+02 2.002880261994218927e+02
2.031717857454993350e+02 2.046335964127418379e+02
2.074945903198199630e+02 2.089789319094015809e+02
