0.000000000000000000e+00 0.000000000000000000e+00
5.477939131166440490e+00 5.495663280387228511e+00
1.095587826290238276e+01 1.099118121628906408e+01
1.643381739354374105e+01 1.648655621156436979e+01
2.191175652955107012e+01 2.198179060945808772e+01
2.738969566111774157e+01 2.747688669506842984e+01
3.286763479221871620e+01 3.297184669403383594e+01
3.834557392380843055e+01 3.846667278725556827e+01
4.382351305516482398e+01 4.396136709962488709e+01
4.930145220792223171e+01 4.945593170751891421e+01
5.477939133866779997e+01 5.495036862266625377e+01
6.025733047636612127e+01 6.044467983318247661e+01
6.573526963651532640e+01 6.593886726402891441e+01
7.121320880221554717e+01 7.143293280387655386e+01
7.669114795936479823e+01 7.692687832375304424e+01
8.216908711359857875e+01 8.242070557360290195e+01
8.764702625241261558e+01 8.791441634521368087e+01
9.312496539033462284e+01 9.340801237072352592e+01
9.860290453531048627e+01 9.890149535161066296e+01
1.040808437100204742e+02 1.043948668668788287e+02
1.095587828491957794e+02 1.098881286037034499e+02
1.150367219833172783e+02 1.153812820771350545e+02
1.205146611241061976e+02 1.208743288652970307e+02
1.259926002766649873e+02 1.263672704664650723e+02
1.314705394766648681e+02 1.318601083576921269e+02
1.369484786441167330e+02 1.373528440346693174e+02
1.424264178020475242e+02 1.428454788713943344e+02
1.479043569401768536e+02 1.483380142277432583e+02
1.533822960868232599e+02 1.538304515199871503e+02
1.588602352862917257e+02 1.593227920852223747e+02
1.643381745033474886e+02 1.648150371635945817e+02
1.698161136608884192e+02 1.703071880567278242e+02
1.752940528267828029e+02 1.757992460401376036e+02
1.807719919782932152e+02 1.812912123028174847e+02
1.862499311592935101e+02 1.867830880479891675e+02
1.917278703141666938e+02 1.922748744627091639e+02
1.972058094572871028e+02 1.977665727170730463e+02
2.026837486025063981e+02 2.032581839776033235e+02
2.081616877436290451e+02 2.087497093129478571e+02
2.136396269130484882e+02 2.142411498402892676e+02
2.191175660749276233e+02 2.197325066461211236e+02
2.245955053252178004e+02 2.252237807018406102e+02
2.300734444654821118e+02 2.307149731649919318e+02
2.355513837205350001e+02 2.362060849562230942e+02
2.410293229732267832e+02 2.416971171066059014e+02
2.465072622235635720e+02 2.471880704583393822e+02
2.519852014721455191e+02 2.526789461298753281e+02
2.574631407178594031e+02 2.581697449773063227e+02
2.629410799365472258e+02 2.636604680043486155e+02
2.684190191843620141e+02 2.691511160820408577e+02
2.738969584603962630e+02 2.746416900000447754e+02
2.793748976492780685e+02 2.801321906990249886e+02
2.848528368644619491e+02 2.856226190529271776e+02
2.903307760197767493e+02 2.911129759279181144e+02
2.958087152119916254e+02 2.966032621406460521e+02
3.012866545072787403e+02 3.020934784365455243e+02
3.067645936765738952e+02 3.075836257308034760e+02
3.122425328209993154e+02 3.130737046151062941e+02
3.177204719677572484e+02 3.185637159869392008e+02
3.231984111766190040e+02 3.240536606584214496e+02
3.286763504444936643e+02 3.295435393315567012e+02
3.341542897581928173e+02 3.350333527266139981e+02
3.396322289525164138e+02 3.405231016943233726e+02
3.451101681007753541e+02 3.460127868190472782e+02
3.505881072523596913e+02 3.515024086291774665e+02
3.560660464816587023e+02 3.569919681126881983e+02
3.615439856920776265e+02 3.624814657599122256e+02
3.670219248289113239e+02 3.679709022893683255e+02
3.724998639726217107e+02 3.734602783154967938e+02
3.779778031897515689e+02 3.789495946154631838e+02
3.834557423341922799e+02 3.844388516802026174e+02
3.889336815173985542e+02 3.899280501615496632e+02
3.944116206638785798e+02 3.954171907167633435e+02
3.998895598443558583e+02 4.009062739620476350e+02
4.053674990698580132e+02 4.063953003639327335e+02
4.108454382144087731e+02 4.118842706600746624e+02
4.163233774084375227e+02 4.173731853298505143e+02
4.218013166004654408e+02 4.228620449437627826e+02
4.272792557433639331e+02 4.283508501487943931e+02
4.327571948994526565e+02 4.338396013737622070e+02
4.382351342278079755e+02 4.393282992513476302e+02
4.437130735212971331e+02 4.448169443097707472e+02
4.491910128237759636e+02 4.503055370193141016e+02
4.546689521676934760e+02 4.557940780381896388e+02
4.601468913158009855e+02 4.612825678291505938e+02
4.656248306994593804e+02 4.667710067698616285e+02
4.711027699673252300e+02 4.722593955431673862e+02
4.765807091236601991e+02 4.777477344465338547e+02
4.820586482817476508e+02 4.832360240696980327e+02
4.875365876274204879e+02 4.887242647724442577e+02
4.930145269998830599e+02 4.942124569587928704e+02
4.984924663053752738e+02 4.997006013670184075e+02
5.039704054927697712e+02 5.051886982286681587e+02
5.094483446502875950e+02 5.106767481661633497e+02
5.149262838114211718e+02 5.161647516277288332e+02
5.204042230585936295e+02 5.216527087221470538e+02
5.258821623965458230e+02 5.271406201994333287e+02
5.313601018076526543e+02 5.326284863367984599e+02
5.368380410156756852e+02 5.381163075723014799e+02
5.423159801860152811e+02 5.436040843951177521e+02
5.477939194519721013e+02 5.490918172287226753e+02
5.532718585950040051e+02 5.545795063762830068e+02
5.587497977352841190e+02 5.600671520815259328e+02
5.642277369465316497e+02 5.655547550271865020e+02
5.697056761457361063e+02 5.710423154410198094e+02
5.751836154574033344e+02 5.765298337885169531e+02
5.806615547215382094e+02 5.820173104633018966e+02
5.861394941572318658e+02 5.875047456246114734e+02
5.916174334161912611e+02 5.929921398771100485e+02
5.970953727001583502e+02 5.984794934957461692e+02
6.025733120125653386e+02 6.039668066771172334e+02
6.080512514237276491e+02 6.094540798544119298e+02
6.135291908680155757e+02 6.149413135772997521e+02
6.190071301665296915e+02 6.204285078848398598e+02
6.244850694544074940e+02 6.259156635558169910e+02
6.299630088512398061e+02 6.314027803995368231e+02
6.354409480266363062e+02 6.368898589259292748e+02
6.409188872540383954e+02 6.423768995672933215e+02
6.463968264673511612e+02 6.478639027086987880e+02
6.518747658143681747e+02 6.533508683835908641e+02
6.573527050620248247e+02 6.588377970831594439e+02
6.628306442938808232e+02 6.643246891190982524e+02
6.683085834644806482e+02 6.698115448338847955e+02
6.737865226817044686e+02 6.752983645483452619e+02
6.792644619160603270e+02 6.807851483862220903e+02
6.847424012754707974e+02 6.862718966758288843e+02
6.902203404377883089e+02 6.917586097319501732e+02
6.956982797590594600e+02 6.972452880912227329e+02
7.011762191729208098e+02 7.027319315528889092e+02
