0.000000000000000000e+00 0.000000000000000000e+00
4.539822425642418224e+00 4.555643783034573069e+00
9.079644850414437585e+00 9.111173568089146357e+00
1.361946727561866766e+01 1.366659100988592002e+01
1.815928970407078680e+01 1.822189773357022347e+01
2.269911212990954041e+01 2.277709532217708954e+01
2.723893455961937704e+01 2.733218532776689358e+01
3.177875698563730822e+01 3.188716926433682630e+01
3.631857941408233614e+01 3.644204862808515344e+01
4.085840185828261895e+01 4.099682486385475499e+01
4.539822428387732600e+01 4.555149939974337769e+01
4.993804671275580631e+01 5.010607363133388503e+01
5.447786915796726959e+01 5.466054891399635096e+01
5.901769160593752162e+01 5.921492661069035535e+01
6.355751403372409669e+01 6.376920799868160117e+01
6.809733646905119997e+01 6.832339439871567777e+01
7.263715892241388872e+01 7.287748705259944870e+01
7.717698134902016704e+01 7.743148719306753947e+01
8.171680381772199553e+01 8.198539602833889717e+01
8.625662627365893798e+01 8.653921475680404285e+01
9.079644871255101179e+01 9.109294456363318204e+01
9.533627114566259309e+01 9.564658652389906024e+01
9.987609359619969496e+01 1.002001418244805393e+02
1.044159160235206087e+02 1.047536115077766112e+02
1.089557385099304554e+02 1.093069966708719392e+02
1.134955609504991685e+02 1.138602984102383289e+02
1.180353834368772823e+02 1.184135177345735883e+02
1.225752059177885371e+02 1.229666556033278084e+02
1.271150284120333538e+02 1.275197130880135319e+02
1.316548508536365887e+02 1.320726911597030835e+02
1.361946732971920540e+02 1.366255907643428600e+02
1.407344957934050740e+02 1.411784128558696239e+02
1.452743182813607916e+02 1.457311583444319751e+02
1.498141407253607440e+02 1.502838281522056718e+02
1.543539632259545442e+02 1.548364231849673445e+02
1.588937857167263985e+02 1.593889443377100292e+02
1.634336081987908074e+02 1.639413924535395495e+02
1.679734306777570225e+02 1.684937683548478731e+02
1.725132531547613723e+02 1.730460728991286885e+02
1.770530756322127388e+02 1.775983069290691390e+02
1.815928981090416983e+02 1.821504712059613666e+02
1.861327205862859557e+02 1.867025665783042143e+02
1.906725430239605430e+02 1.912545937615981018e+02
1.952123655025493463e+02 1.958065535375905597e+02
1.997521879757513830e+02 2.003584466894342597e+02
2.042920104483796706e+02 2.049102739347389672e+02
2.088318329210452475e+02 2.094620359548941337e+02
2.133716554521882927e+02 2.140137335335735429e+02
2.179114779228175394e+02 2.185653673865809878e+02
2.224513003805919311e+02 2.231169381741445932e+02
2.269911228696785770e+02 2.276684466252871175e+02
2.315309453760245333e+02 2.322198932871593797e+02
2.360707678938247227e+02 2.367712789144249825e+02
2.406105903964426034e+02 2.413226040877200376e+02
2.451504129195072608e+02 2.458738694807794332e+02
2.496902354837087330e+02 2.504250757265785410e+02
2.542300579857134153e+02 2.549762234504564162e+02
2.587698804818357985e+02 2.595273133077816965e+02
2.633097029638205981e+02 2.640783459215041376e+02
2.678495255089632110e+02 2.686293216769793730e+02
2.723893479389996628e+02 2.731802414038023699e+02
2.769291705017406002e+02 2.777311054415897047e+02
2.814689929790928318e+02 2.822819144589462894e+02
2.860088154971645054e+02 2.868326691060373719e+02
2.905486379768897223e+02 2.913833697531736675e+02
2.950884604924670498e+02 2.959340170114078319e+02
2.996282829848140636e+02 3.004846115460209148e+02
3.041681054848633607e+02 3.050351536309024141e+02
3.087079279578126716e+02 3.095856439039941961e+02
3.132477504513284430e+02 3.141360828709906627e+02
3.177875729544311980e+02 3.186864711629397675e+02
3.223273954164968131e+02 3.232368090068721358e+02
3.268672179546786083e+02 3.277870970236011772e+02
3.314070404185966936e+02 3.323373358031388989e+02
3.359468629629693055e+02 3.368875256753091207e+02
3.404866854259477691e+02 3.414376670777259051e+02
3.450265079041408853e+02 3.459877605631897950e+02
3.495663303816505731e+02 3.505378065451063776e+02
3.541061528239472409e+02 3.550878055053464095e+02
3.586459754394760466e+02 3.596377577709148454e+02
3.631857980284472660e+02 3.641876639599855139e+02
3.677256205273796468e+02 3.687375241819325993e+02
3.722654430610991767e+02 3.732873391256608784e+02
3.768052656301859429e+02 3.778371092066215624e+02
3.813450881065983822e+02 3.823868347614475169e+02
3.858849106582820809e+02 3.869365162529313125e+02
3.904247331247770489e+02 3.914861538346401062e+02
3.949645557581063713e+02 3.960357481935134274e+02
3.995043782622426534e+02 4.005852995161897638e+02
4.040442007860043532e+02 4.051348082924602068e+02
4.085840233262319998e+02 4.096842748845641609e+02
4.131238457644376467e+02 4.142336997623388015e+02
4.176636682123842661e+02 4.187830832187887609e+02
4.222034908572907170e+02 4.233324255389584323e+02
4.267433133456160022e+02 4.278817271015660708e+02
4.312831357835165136e+02 4.324309882519283406e+02
4.358229583008373993e+02 4.369802093032328116e+02
4.403627808416027847e+02 4.415293907584981525e+02
4.449026033470250923e+02 4.460785329103515551e+02
4.494424259052551633e+02 4.506276360174567799e+02
4.539822484509350033e+02 4.551767004655552000e+02
4.585220710335655667e+02 4.597257267135436791e+02
4.630618936411223672e+02 4.642747147258950235e+02
4.676017160805172352e+02 4.688236650672443488e+02
4.721415385455669593e+02 4.733725779029895193e+02
4.766813610103200176e+02 4.779214537291034617e+02
4.812211836480915963e+02 4.824702927356717623e+02
4.857610061492133582e+02 4.870190954566023152e+02
4.903008288517404480e+02 4.915678618002582425e+02
4.948406513203048007e+02 4.961165922602313003e+02
4.993804738575882425e+02 5.006652871076557858e+02
5.039202963472895362e+02 5.052139466884651711e+02
5.084601188495003043e+02 5.097625714304842859e+02
5.129999415174478372e+02 5.143111613658586521e+02
5.175397641292563549e+02 5.188597167062324615e+02
5.220795866277835557e+02 5.234082380996026131e+02
5.266194093318792966e+02 5.279567255224444580e+02
5.311592319274609508e+02 5.325051792966969515e+02
5.356990546492039584e+02 5.370535997527991867e+02
5.402388772077578096e+02 5.416019868902404824e+02
5.447786998166475314e+02 5.461503410483630887e+02
5.493185222882291328e+02 5.506986628361312341e+02
5.538583447329912133e+02 5.552469520959864440e+02
5.583981673556792202e+02 5.597952091527988614e+02
5.629379898137801774e+02 5.643434345160972043e+02
5.674778125226833936e+02 5.688916283315335249e+02
5.720176351631712350e+02 5.734397906601254817e+02
5.765574577105486469e+02 5.779879219075769470e+02
5.810972804127708287e+02 5.825360223436452998e+02
