0.000000000000000000e+00 0.000000000000000000e+00
4.539822425129901973e+00 4.555643783572855376e+00
9.079644850095803577e+00 9.111173568753697438e+00
1.361946727639424992e+01 1.366659101054243663e+01
1.815928970124922870e+01 1.822189773422931580e+01
2.269911212731921779e+01 2.277709532436935547e+01
2.723893455263734609e+01 2.733218532455405381e+01
3.177875699111274344e+01 3.188716926331579060e+01
3.631857941964300096e+01 3.644204863162640606e+01
4.085840186556546172e+01 4.099682486739826714e+01
4.539822429175637097e+01 4.555149940154846178e+01
4.993804671728393885e+01 5.010607363399302017e+01
5.447786916767411469e+01 5.466054891918350478e+01
5.901769161224127913e+01 5.921492661740039409e+01
6.355751404079403244e+01 6.376920800553891411e+01
6.809733646701435816e+01 6.832339440330402169e+01
7.263715890084063176e+01 7.287748705689892859e+01
7.717698136068351289e+01 7.743148719624772980e+01
8.171680380529241461e+01 8.198539602453243447e+01
8.625662623303890086e+01 8.653921476834814541e+01
9.079644867430843647e+01 9.109294456667717554e+01
9.533627114285228288e+01 9.564658652521779914e+01
9.987609360358430877e+01 1.002001418110725126e+02
1.044159160313838868e+02 1.047536114895956700e+02
1.089557384703448406e+02 1.093069966548299874e+02
1.134955609023152618e+02 1.138602983667788919e+02
1.180353833361545242e+02 1.184135176681005390e+02
1.225752057991757908e+02 1.229666555363747023e+02
1.271150282467939405e+02 1.275197130290753194e+02
1.316548506883767402e+02 1.320726910768833591e+02
1.361946731535234392e+02 1.366255907167019643e+02
1.407344956274443462e+02 1.411784128066072697e+02
1.452743180857718528e+02 1.457311582945682176e+02
1.498141405307436287e+02 1.502838281283301853e+02
1.543539629617466744e+02 1.548364231973818619e+02
1.588937854480871579e+02 1.593889443279995817e+02
1.634336079292472732e+02 1.639413924481549998e+02
1.679734304080142238e+02 1.684937683675792641e+02
1.725132528877743994e+02 1.730460729683210843e+02
1.770530753805342670e+02 1.775983069982654001e+02
1.815928978543261110e+02 1.821504713007213638e+02
1.861327202987260137e+02 1.867025666545046647e+02
1.906725427734176037e+02 1.912545938498135456e+02
1.952123652487931906e+02 1.958065536400879125e+02
1.997521877232643419e+02 2.003584468075373479e+02
2.042920102367287143e+02 2.049102741132837764e+02
2.088318327088998956e+02 2.094620361700659714e+02
2.133716551810171609e+02 2.140137337254239469e+02
2.179114776226818435e+02 2.185653675213700069e+02
2.224513000824570668e+02 2.231169383195423848e+02
2.269911225443080127e+02 2.276684466619180398e+02
2.315309450515937613e+02 2.322198933822806168e+02
2.360707675707238309e+02 2.367712789557749034e+02
2.406105900124716470e+02 2.413226041236582091e+02
2.451504125345806244e+02 2.458738696064571627e+02
2.496902350490779838e+02 2.504250759707715304e+02
2.542300575241220599e+02 2.549762237003296832e+02
2.587698800730264566e+02 2.595273135730198533e+02
2.633097025840047536e+02 2.640783460521761299e+02
2.678495250733740818e+02 2.686293219044753755e+02
2.723893476213391409e+02 2.731802415201899521e+02
2.769291701866064273e+02 2.777311056205293198e+02
2.814689926618469826e+02 2.822819147479759749e+02
2.860088151908389023e+02 2.868326693938653307e+02
2.905486376749432793e+02 2.913833700225794701e+02
2.950884601299366636e+02 2.959340172567680725e+02
2.996282826224072551e+02 3.004846118146864455e+02
3.041681051231565789e+02 3.050351539338340103e+02
3.087079275965625698e+02 3.095856442205212602e+02
3.132477500901246685e+02 3.141360832757591197e+02
3.177875725337025870e+02 3.186864715416858189e+02
3.223273950307070663e+02 3.232368094948009229e+02
3.268672175189932432e+02 3.277870976403473833e+02
3.314070399775725946e+02 3.323373363622552006e+02
3.359468625117472129e+02 3.368875261569396571e+02
3.404866850592078436e+02 3.414376674941730130e+02
3.450265076818565149e+02 3.459877608930531778e+02
3.495663302768865606e+02 3.505378068687716109e+02
3.541061527442038823e+02 3.550878058760710019e+02
3.586459752287892115e+02 3.596377581143860880e+02
3.631857976667115508e+02 3.641876642756958518e+02
3.677256201823772699e+02 3.687375245514535891e+02
3.722654427748449280e+02 3.732873395034581563e+02
3.768052652659008572e+02 3.778371096053230076e+02
3.813450878327718101e+02 3.823868351269271670e+02
3.858849103044665299e+02 3.869365164343806782e+02
3.904247328702006143e+02 3.914861540135993891e+02
3.949645555097782221e+02 3.960357483215635739e+02
3.995043780292417068e+02 4.005852996728043536e+02
4.040442004663813123e+02 4.051348084837838996e+02
4.085840229191093727e+02 4.096842751286848738e+02
4.131238453645765958e+02 4.142336999178153292e+02
4.176636679434170105e+02 4.187830834132303721e+02
4.222034904265025830e+02 4.233324258109888660e+02
4.267433129148919306e+02 4.278817273897191171e+02
4.312831353536844290e+02 4.324309885042541737e+02
4.358229579070477939e+02 4.369802095893477372e+02
4.403627804137680641e+02 4.415293910488599636e+02
4.449026029916571474e+02 4.460785331918081056e+02
4.494424256594409144e+02 4.506276363851167162e+02
4.539822481114083530e+02 4.551767009033133036e+02
4.585220706941152002e+02 4.597257269482148558e+02
4.630618931400292126e+02 4.642747149952230075e+02
4.676017156986217742e+02 4.688236653400496721e+02
4.721415381476472248e+02 4.733725781946141069e+02
4.766813608158261673e+02 4.779214540125241228e+02
4.812211832494891723e+02 4.824702930102037044e+02
4.857610058897520844e+02 4.870190957292451230e+02
4.903008285614673127e+02 4.915678620697655106e+02
4.948406512314393240e+02 4.961165924884151082e+02
4.993804737681983852e+02 5.006652873317593730e+02
5.039202962584300849e+02 5.052139469685312747e+02
5.084601187065397880e+02 5.097625715718810966e+02
5.129999413682825207e+02 5.143111615057536028e+02
5.175397639801547029e+02 5.188597169785422238e+02
5.220795865951359929e+02 5.234082381858972894e+02
5.266194092995499432e+02 5.279567255191498134e+02
5.311592319723616811e+02 5.325051792314129671e+02
5.356990543985371005e+02 5.370535994079514239e+02
5.402388768280407021e+02 5.416019866636195275e+02
5.447786994369313334e+02 5.461503411202700136e+02
5.493185218884477763e+02 5.506986629057453229e+02
5.538583446111431385e+02 5.552469521638707874e+02
5.583981671540949492e+02 5.597952092967864246e+02
5.629379897323847217e+02 5.643434345692139686e+02
5.674778122602458552e+02 5.688916283485161784e+02
5.720176349059117911e+02 5.734397907595526931e+02
5.765574573440912900e+02 5.779879219399215344e+02
5.810972800463354133e+02 5.825360221865526000e+02
