0.000000000000000000e+00 0.000000000000000000e+00
4.539822424802995471e+00 4.555643783575857420e+00
9.079644849732121159e+00 9.111173569384131810e+00
1.361946727483475783e+01 1.366659101115760322e+01
1.815928969976813079e+01 1.822189773494291387e+01
2.269911213382718529e+01 2.277709532487290289e+01
2.723893455939083452e+01 2.733218532510237253e+01
3.177875698699789808e+01 3.188716926243481353e+01
3.631857941261102241e+01 3.644204862824145152e+01
4.085840184094547567e+01 4.099682486396365988e+01
4.539822426717222470e+01 4.555149939784163848e+01
4.993804670641626586e+01 5.010607363062784714e+01
5.447786913493217753e+01 5.466054891102243118e+01
5.901769157951176226e+01 5.921492658827096278e+01
6.355751402396933258e+01 6.376920797665413687e+01
6.809733645462110019e+01 6.832339436384154396e+01
7.263715889022824967e+01 7.287748701725432454e+01
7.717698132263367938e+01 7.743148716930687669e+01
8.171680376769774057e+01 8.198539600357869972e+01
8.625662620340196440e+01 8.653921471839991852e+01
9.079644865117509767e+01 9.109294449923675074e+01
9.533627112049094876e+01 9.564658648539352725e+01
9.987609355565841440e+01 1.002001417483037358e+02
1.044159159884662103e+02 1.047536114292066713e+02
1.089557384421361519e+02 1.093069965938073267e+02
1.134955608906514328e+02 1.138602982932827672e+02
1.180353833423320395e+02 1.184135175686391790e+02
1.225752058010034489e+02 1.229666554397615528e+02
1.271150282337687258e+02 1.275197129084481134e+02
1.316548506753543961e+02 1.320726909638751181e+02
1.361946731189254933e+02 1.366255905696030766e+02
1.407344955521985241e+02 1.411784126412037779e+02
1.452743180106102159e+02 1.457311581296927159e+02
1.498141404555158260e+02 1.502838279232383911e+02
1.543539629481117572e+02 1.548364229785029522e+02
1.588937854327181185e+02 1.593889441276319872e+02
1.634336079330583971e+02 1.639413922253457940e+02
1.679734304126243956e+02 1.684937681218855232e+02
1.725132528914701879e+02 1.730460726471566772e+02
1.770530753865427869e+02 1.775983066957384722e+02
1.815928978655253161e+02 1.821504710055058354e+02
1.861327203445620171e+02 1.867025663650068452e+02
1.906725427922777385e+02 1.912545935584232097e+02
1.952123652670449019e+02 1.958065533796371938e+02
1.997521877160700967e+02 2.003584465330149271e+02
2.042920101880541779e+02 2.049102737848194238e+02
2.088318326592343794e+02 2.094620358609230379e+02
2.133716551293071575e+02 2.140137334276130900e+02
2.179114775645925874e+02 2.185653673374233676e+02
2.224513000922891592e+02 2.231169380727309317e+02
2.269911226164359732e+02 2.276684464747118568e+02
2.315309451218385277e+02 2.322198931169819218e+02
2.360707676647452047e+02 2.367712788032119988e+02
2.406105901904638813e+02 2.413226040647653576e+02
2.451504127371847517e+02 2.458738695399788980e+02
2.496902352025138327e+02 2.504250758087862323e+02
2.542300577476232490e+02 2.549762235634930221e+02
2.587698802454399924e+02 2.595273133853144145e+02
2.633097027272327182e+02 2.640783459338774151e+02
2.678495251999583502e+02 2.686293216819825034e+02
2.723893477832121448e+02 2.731802413775212131e+02
2.769291703148339820e+02 2.777311054272469164e+02
2.814689928157487770e+02 2.822819144906250131e+02
2.860088153317224737e+02 2.868326691185959589e+02
2.905486378978897619e+02 2.913833698759193567e+02
2.950884603851489487e+02 2.959340172606614487e+02
2.996282828769623165e+02 3.004846117439508930e+02
3.041681053675006297e+02 3.050351539557930209e+02
3.087079278397914663e+02 3.095856442648102984e+02
3.132477503323016208e+02 3.141360833016836978e+02
3.177875728339890884e+02 3.186864715686896261e+02
3.223273952960621500e+02 3.232368095222806232e+02
3.268672177833100818e+02 3.277870976386449229e+02
3.314070403714935082e+02 3.323373363525207651e+02
3.359468628254227269e+02 3.368875261373766534e+02
3.404866852872679601e+02 3.414376676544666225e+02
3.450265077654698302e+02 3.459877611352196709e+02
3.495663302432533328e+02 3.505378070830748243e+02
3.541061528698635357e+02 3.550878059191387592e+02
3.586459753571824081e+02 3.596377581600764870e+02
3.631857977930246761e+02 3.641876643412572889e+02
3.677256202309285982e+02 3.687375247361317747e+02
3.722654428621631268e+02 3.732873396762042262e+02
3.768052653005067896e+02 3.778371097606767535e+02
3.813450877767037355e+02 3.823868353024793123e+02
3.858849102144138783e+02 3.869365167871789595e+02
3.904247326580930348e+02 3.914861543894526221e+02
3.949645552389705472e+02 3.960357486362048007e+02
3.995043776706900189e+02 4.005852999576586626e+02
4.040442001277746158e+02 4.051348087701015288e+02
4.085840227426654110e+02 4.096842754637464736e+02
4.131238451826019400e+02 4.142337002586120889e+02
4.176636677429905831e+02 4.187830835959030651e+02
4.222034902260198805e+02 4.233324258275077909e+02
4.267433127427879072e+02 4.278817273868718303e+02
4.312831351815772791e+02 4.324309885542738812e+02
4.358229576432193539e+02 4.369802096866329748e+02
4.403627801498163876e+02 4.415293910938154340e+02
4.449026026589671687e+02 4.460785332316553990e+02
4.494424252500921284e+02 4.506276363190962115e+02
4.539822477923487440e+02 4.551767008336169056e+02
4.585220703689724360e+02 4.597257268239375776e+02
4.630618929251149893e+02 4.642747148947829601e+02
4.676017154759175583e+02 4.688236652803024072e+02
4.721415381442088801e+02 4.733725782807618998e+02
4.766813606079669512e+02 4.779214542298677770e+02
4.812211832257956985e+02 4.824702933907793749e+02
4.857610056800342591e+02 4.870190961075941232e+02
4.903008282270232598e+02 4.915678624445691298e+02
4.948406507409381447e+02 4.961165930360159564e+02
4.993804732706109917e+02 5.006652878782481366e+02
5.039202957312648437e+02 5.052139476853540145e+02
5.084601181763395061e+02 5.097625722835060742e+02
5.129999406730711371e+02 5.143111622126511975e+02
5.175397631419693880e+02 5.188597175734413440e+02
5.220795857489289347e+02 5.234082389158018032e+02
5.266194084538943798e+02 5.279567263468406964e+02
5.311592311268645972e+02 5.325051801748660409e+02
5.356990538486355717e+02 5.370536004653934015e+02
5.402388763274291250e+02 5.416019877130121358e+02
5.447786989364601595e+02 5.461503420835474572e+02
5.493185214874628173e+02 5.506986638645091716e+02
5.538583439668379924e+02 5.552469531174766644e+02
5.583981665122237246e+02 5.597952103297363919e+02
5.629379889640764532e+02 5.643434357625299072e+02
5.674778116644465626e+02 5.688916293691682995e+02
5.720176343097830340e+02 5.734397916863350702e+02
5.765574567601374838e+02 5.779879229836310515e+02
5.810972794623195341e+02 5.825360231986828694e+02
