0.000000000000000000e+00 0.000000000000000000e+00
4.539822424824331293e+00 4.555643782540047759e+00
9.079644849749218594e+00 9.111173567606194013e+00
1.361946727460485995e+01 1.366659100939463478e+01
1.815928969961252193e+01 1.822189773320412343e+01
2.269911212913682164e+01 2.277709532246095847e+01
2.723893455468865454e+01 2.733218532808206902e+01
3.177875698070645072e+01 3.188716926776103122e+01
3.631857940921739214e+01 3.644204863422663720e+01
4.085840185056899543e+01 4.099682487547015342e+01
4.539822427755927237e+01 4.555149941001165104e+01
4.993804672262865552e+01 5.010607364127951513e+01
5.447786915762988258e+01 5.466054892313764668e+01
5.901769158394056092e+01 5.921492662096108006e+01
6.355751404275864758e+01 6.376920800880402851e+01
6.809733647793194677e+01 6.832339442099210203e+01
7.263715890972281386e+01 7.287748707395635961e+01
7.717698134797547027e+01 7.743148720562081166e+01
8.171680378712306947e+01 8.198539603107930418e+01
8.625662622498177257e+01 8.653921475658528095e+01
9.079644866364270683e+01 9.109294454000686869e+01
9.533627111681730071e+01 9.564658652389019267e+01
9.987609359556080335e+01 1.002001417911208279e+02
1.044159160210230368e+02 1.047536114661426438e+02
1.089557384838552423e+02 1.093069966240331468e+02
1.134955609236881173e+02 1.138602983845960637e+02
1.180353833579219440e+02 1.184135177257170142e+02
1.225752058023616371e+02 1.229666555938335080e+02
1.271150282351266867e+02 1.275197130744633682e+02
1.316548506767189508e+02 1.320726911394523881e+02
1.361946731111172255e+02 1.366255907360477124e+02
1.407344955840383136e+02 1.411784128064827826e+02
1.452743180423928493e+02 1.457311582941360655e+02
1.498141405377835156e+02 1.502838281499277855e+02
1.543539630291696199e+02 1.548364231661935264e+02
1.588937855175822733e+02 1.593889443216094151e+02
1.634336079996975570e+02 1.639413924134144622e+02
1.679734304785628751e+02 1.684937683727740705e+02
1.725132529835854598e+02 1.730460729012418710e+02
1.770530754624712415e+02 1.775983069354219026e+02
1.815928979396098839e+02 1.821504712183802042e+02
1.861327204124849004e+02 1.867025665692643202e+02
1.906725428879643687e+02 1.912545937443411503e+02
1.952123653642537988e+02 1.958065535198968519e+02
1.997521878984841806e+02 2.003584466724393849e+02
2.042920103720578311e+02 2.049102739290577517e+02
2.088318328983471588e+02 2.094620360101120582e+02
2.133716553669547977e+02 2.140137335897019000e+02
2.179114778374187154e+02 2.185653674942109603e+02
2.224513003118552206e+02 2.231169382312292555e+02
2.269911228021673821e+02 2.276684466286088195e+02
2.315309453075992110e+02 2.322198932863237815e+02
2.360707678255903375e+02 2.367712788582922769e+02
2.406105903508997699e+02 2.413226040292910284e+02
2.451504128350819087e+02 2.458738694910684899e+02
2.496902353496710987e+02 2.504250757420093123e+02
2.542300577800525616e+02 2.549762235054288055e+02
2.587698802109107419e+02 2.595273133469731306e+02
2.633097026533725966e+02 2.640783459470682146e+02
2.678495251292052899e+02 2.686293217169023819e+02
2.723893476234869695e+02 2.731802413625352983e+02
2.769291701711947553e+02 2.777311054709879841e+02
2.814689926714904686e+02 2.822819145483206853e+02
2.860088151679094608e+02 2.868326691818861605e+02
2.905486376437282843e+02 2.913833698406943995e+02
2.950884601290233604e+02 2.959340171221822402e+02
2.996282826254164320e+02 3.004846115519193290e+02
3.041681051258988191e+02 3.050351537558081532e+02
3.087079275987597953e+02 3.095856440799791471e+02
3.132477500921570481e+02 3.141360830725785718e+02
3.177875725938365008e+02 3.186864713397006312e+02
3.223273950979953497e+02 3.232368092549415906e+02
3.268672175858201285e+02 3.277870972942075696e+02
3.314070401934882284e+02 3.323373360997165378e+02
3.359468626770175206e+02 3.368875260381700514e+02
3.404866851398403469e+02 3.414376673703231972e+02
3.450265076185980320e+02 3.459877607698534803e+02
3.495663300972750562e+02 3.505378066568977715e+02
3.541061527103585149e+02 3.550878054916865949e+02
3.586459752889300603e+02 3.596377577346402177e+02
3.631857978462307983e+02 3.641876638936860218e+02
3.677256203200462892e+02 3.687375241052159254e+02
3.722654429548723556e+02 3.732873390483072740e+02
3.768052654521576414e+02 3.778371091258885599e+02
3.813450878855271071e+02 3.823868346794953368e+02
3.858849103182743647e+02 3.869365161689709112e+02
3.904247329630247805e+02 3.914861537679945513e+02
3.949645554280630790e+02 3.960357480345180079e+02
3.995043779084924154e+02 4.005852993530576782e+02
4.040442003537589244e+02 4.051348082799625558e+02
4.085840227989763207e+02 4.096842750472765147e+02
4.131238452453173977e+02 4.142336998841600462e+02
4.176636676922198603e+02 4.187830831863929006e+02
4.222034902434635910e+02 4.233324254653621210e+02
4.267433127963329298e+02 4.278817270260105374e+02
4.312831352299961054e+02 4.324309881805352234e+02
4.358229577391413159e+02 4.369802092299656238e+02
4.403627802454191169e+02 4.415293906127286618e+02
4.449026028248616171e+02 4.460785327547075099e+02
4.494424254178802585e+02 4.506276358926709236e+02
4.539822479640788515e+02 4.551767004160414558e+02
4.585220706093833769e+02 4.597257264071273539e+02
4.630618932071248537e+02 4.642747144138887734e+02
4.676017157869115408e+02 4.688236646772575114e+02
4.721415383407263562e+02 4.733725775667296602e+02
4.766813607778070150e+02 4.779214534009205977e+02
4.812211832348793905e+02 4.824702924186064479e+02
4.857610058346772348e+02 4.870190951656017546e+02
4.903008282991788747e+02 4.915678615962731328e+02
4.948406508131930650e+02 4.961165920552480770e+02
4.993804733502331601e+02 5.006652869018131469e+02
5.039202959683084373e+02 5.052139464836166098e+02
5.084601184106327310e+02 5.097625710874121410e+02
5.129999408929343190e+02 5.143111610218292071e+02
5.175397635049088194e+02 5.188597164066259211e+02
5.220795861114272611e+02 5.234082376065682638e+02
5.266194088164512550e+02 5.279567249475230710e+02
5.311592314890099260e+02 5.325051785961456972e+02
5.356990542110357865e+02 5.370535988640834830e+02
5.402388767263491900e+02 5.416019861288812081e+02
5.447786993560480369e+02 5.461503405310010066e+02
5.493185219099218557e+02 5.506986623193188279e+02
5.538583445709890611e+02 5.552469515803903732e+02
5.583981671175290558e+02 5.597952086415375561e+02
5.629379898058733716e+02 5.643434339067465544e+02
5.674778124297395152e+02 5.688916276769949718e+02
5.720176350752597045e+02 5.734397899940647676e+02
5.765574575282842034e+02 5.779879211706025899e+02
5.810972802304954712e+02 5.825360214049425167e+02
