0.000000000000000000e+00 0.000000000000000000e+00
5.477939130480174335e+00 5.495663280382170335e+00
1.095587826085539085e+01 1.099118121628483635e+01
1.643381739149383947e+01 1.648655621403942462e+01
2.191175652310896282e+01 2.198179061106120002e+01
2.738969565469034961e+01 2.747688669607907741e+01
3.286763478557521978e+01 3.297184669054608008e+01
3.834557392025827482e+01 3.846667278593911021e+01
4.382351307028280019e+01 4.396136708847193830e+01
4.930145221652480814e+01 4.945593169688926594e+01
5.477939134782533870e+01 5.495036859942604224e+01
6.025733050181908368e+01 6.044467979378318745e+01
6.573526966195433374e+01 6.593886722511876997e+01
7.121320880460801561e+01 7.143293276537647785e+01
7.669114795773960225e+01 7.692687825909226262e+01
8.216908710535136606e+01 8.242070551101976150e+01
8.764702625209062603e+01 8.791441628158830213e+01
9.312496540348726626e+01 9.340801228886121521e+01
9.860290454845718955e+01 9.890149524732011344e+01
1.040808437218980487e+02 1.043948667639841261e+02
1.095587828922609788e+02 1.098881284762368864e+02
1.150367220517828883e+02 1.153812819423949918e+02
1.205146611898333049e+02 1.208743287402900108e+02
1.259926003438511657e+02 1.263672703831609567e+02
1.314705395083499013e+02 1.318601082740321999e+02
1.369484786752709624e+02 1.373528439254951650e+02
1.424264178286763070e+02 1.428454787635559455e+02
1.479043569940962470e+02 1.483380141582874217e+02
1.533822961461503098e+02 1.538304514569179275e+02
1.588602352791327519e+02 1.593227919433080046e+02
1.643381744364290000e+02 1.648150370097421558e+02
1.698161136011840142e+02 1.703071878965957922e+02
1.752940527596956599e+02 1.757992458561487865e+02
1.807719919550882537e+02 1.812912120811883483e+02
1.862499311090132323e+02 1.867830878315398024e+02
1.917278702927039831e+02 1.922748742654530361e+02
1.972058095024700606e+02 1.977665725309990421e+02
2.026837486453545694e+02 2.032581837839842933e+02
2.081616877835241723e+02 2.087497091026229725e+02
2.136396269418188751e+02 2.142411496248023468e+02
2.191175661017348375e+02 2.197325064699142558e+02
2.245955053454056838e+02 2.252237805454948045e+02
2.300734444854472258e+02 2.307149730236681080e+02
2.355513837381791973e+02 2.362060848439420511e+02
2.410293229901016048e+02 2.416971168850930667e+02
2.465072622402467459e+02 2.471880702833294094e+02
2.519852014882378342e+02 2.526789459660614909e+02
2.574631407333521338e+02 2.581697448670645372e+02
2.629410798855784606e+02 2.636604678563215884e+02
2.684190191341893978e+02 2.691511158492760387e+02
2.738969584028669715e+02 2.746416897672421555e+02
2.793748976741997012e+02 2.801321904521695387e+02
2.848528368878183983e+02 2.856226188284935574e+02
2.903307760438585774e+02 2.911129756550980119e+02
2.958087152354196405e+02 2.966032618142779711e+02
3.012866545147774104e+02 3.020934781286499629e+02
3.067645937737717645e+02 3.075836254548215720e+02
3.122425329373961631e+02 3.130737043578927796e+02
3.177204720781915057e+02 3.185637157850097765e+02
3.231984112151640147e+02 3.240536604473517741e+02
3.286763504804150671e+02 3.295435390906849875e+02
3.341542896230124597e+02 3.350333524726257224e+02
3.396322287548721306e+02 3.405231014409655472e+02
3.451101680420018738e+02 3.460127865661131636e+02
3.505881072772502876e+02 3.515024083743663823e+02
3.560660464764202970e+02 3.569919677402416482e+02
3.615439856860052714e+02 3.624814654413287940e+02
3.670219248753392662e+02 3.679709019712541931e+02
3.724998640602952946e+02 3.734602780005770910e+02
3.779778032074292469e+02 3.789495943304083312e+02
3.834557423518750738e+02 3.844388514534295496e+02
3.889336815060140680e+02 3.899280499582670245e+02
3.944116206842239762e+02 3.954171905918336734e+02
3.998895598487985694e+02 4.009062737773180629e+02
4.053674990209365205e+02 4.063953001852512443e+02
4.108454383089629118e+02 4.118842704865730866e+02
4.163233776170976626e+02 4.173731851757473237e+02
4.218013167662502383e+02 4.228620447894367089e+02
4.272792560048693531e+02 4.283508500536181600e+02
4.327571951757668103e+02 4.338396012973078086e+02
4.382351345037463943e+02 4.393282992172526633e+02
4.437130738078177501e+02 4.448169442527735100e+02
4.491910131100515855e+02 4.503055369624047444e+02
4.546689524594382874e+02 4.557940780260333895e+02
4.601468918127740153e+02 4.612825677309210732e+02
4.656248311962507387e+02 4.667710066542151708e+02
4.711027705562745496e+02 4.722593954429500513e+02
4.765807097131379351e+02 4.777477343496353797e+02
4.820586488650172896e+02 4.832360239761471803e+02
4.875365880461451979e+02 4.887242646563329345e+02
4.930145274203100598e+02 4.942124570127159586e+02
4.984924666469871681e+02 4.997006013560105657e+02
5.039704058314617328e+02 5.051886984088040435e+02
5.094483450724200679e+02 5.106767481814716234e+02
5.149262842127826616e+02 5.161647516105394971e+02
5.204042234480274374e+02 5.216527087447669828e+02
5.258821627753544590e+02 5.271406201562671185e+02
5.313601019334537341e+02 5.326284864088488575e+02
5.368380412426788553e+02 5.381163076513545320e+02
5.423159804082245046e+02 5.436040846256618124e+02
5.477939196740834404e+02 5.490918173750206961e+02
5.532718590637211946e+02 5.545795066136649893e+02
5.587497982078687073e+02 5.600671523987660976e+02
5.642277374722655168e+02 5.655547552668662092e+02
5.697056766714247260e+02 5.710423156806880343e+02
5.751836160762121608e+02 5.765298340298251105e+02
5.806615553006911341e+02 5.820173107070970673e+02
5.861394947095108137e+02 5.875047459537956911e+02
5.916174338759072953e+02 5.929921403345571207e+02
5.970953730305473073e+02 5.984794939165343521e+02
6.025733122926454826e+02 6.039668070648801859e+02
6.080512515244895440e+02 6.094540803845795836e+02
6.135291909497543656e+02 6.149413139604235994e+02
6.190071302520000245e+02 6.204285082923283881e+02
6.244850695460447696e+02 6.259156638606057186e+02
6.299630089364911782e+02 6.314027806752352490e+02
6.354409481922157283e+02 6.368898591846555064e+02
6.409188874983306050e+02 6.423768998277029141e+02
6.463968267779027883e+02 6.478639029875025699e+02
6.518747660801872144e+02 6.533508689220034285e+02
6.573527052680046836e+02 6.588377976193294217e+02
6.628306444378740707e+02 6.643246896917091817e+02
6.683085836379106013e+02 6.698115454686037538e+02
6.737865229002422893e+02 6.752983650247889500e+02
6.792644621344597908e+02 6.807851488219134808e+02
6.847424016178072179e+02 6.862718970991561491e+02
6.902203408111836325e+02 6.917586102807977113e+02
6.956982800888590646e+02 6.972452885415518722e+02
7.011762195695238233e+02 7.027319319814735081e+02
