0.000000000000000000e+00 0.000000000000000000e+00
4.539822425060730637e+00 4.555643783161839266e+00
9.079644849919727534e+00 9.111173568122469035e+00
1.361946727535284296e+01 1.366659100991588716e+01
1.815928970065654369e+01 1.822189773488635112e+01
2.269911213439127451e+01 2.277709532467650888e+01
2.723893455993098911e+01 2.733218532930473543e+01
3.177875698594381859e+01 3.188716926597367518e+01
3.631857941355979591e+01 3.644204863416725004e+01
4.085840184048282708e+01 4.099682486985055618e+01
4.539822426666808042e+01 4.555149940349063797e+01
4.993804670786174427e+01 5.010607363470333553e+01
5.447786913506276107e+01 5.466054892160111933e+01
5.901769158304300333e+01 5.921492662054845368e+01
6.355751403191849391e+01 6.376920803017375761e+01
6.809733648747703683e+01 6.832339441467624397e+01
7.263715893885833452e+01 7.287748706634953066e+01
7.717698139615114883e+01 7.743148720435965515e+01
8.171680383557276173e+01 8.198539604174951023e+01
8.625662629108757073e+01 8.653921477047529720e+01
9.079644875946294746e+01 9.109294453463280661e+01
9.533627120902541208e+01 9.564658649552004022e+01
9.987609365678076756e+01 1.002001417692474092e+02
1.044159160843998109e+02 1.047536114478464526e+02
1.089557385233640048e+02 1.093069966117616048e+02
1.134955609800288840e+02 1.138602983657546872e+02
1.180353834499840389e+02 1.184135176477523572e+02
1.225752059060517638e+02 1.229666555263197267e+02
1.271150283407924917e+02 1.275197129998427954e+02
1.316548507854374748e+02 1.320726910490547255e+02
1.361946732138231653e+02 1.366255906902029551e+02
1.407344957065328686e+02 1.411784127858672093e+02
1.452743181648737618e+02 1.457311582744149518e+02
1.498141406009712000e+02 1.502838281200325241e+02
1.543539630922041397e+02 1.548364231603440544e+02
1.588937855770080887e+02 1.593889443498621858e+02
1.634336080350470581e+02 1.639413924320981835e+02
1.679734305147663633e+02 1.684937683329857521e+02
1.725132529835039463e+02 1.730460728963866472e+02
1.770530754606425603e+02 1.775983069414666033e+02
1.815928979382796342e+02 1.821504712545437599e+02
1.861327204146872418e+02 1.867025666245330626e+02
1.906725428885863778e+02 1.912545938282022746e+02
1.952123653573622448e+02 1.958065536294877802e+02
1.997521878331918401e+02 2.003584467998259981e+02
2.042920103164763077e+02 2.049102740144678023e+02
2.088318327869097857e+02 2.094620361163464963e+02
2.133716552566009454e+02 2.140137337443520664e+02
2.179114777263403084e+02 2.185653676021129286e+02
2.224513001943764721e+02 2.231169383870501122e+02
2.269911226828384088e+02 2.276684467551561966e+02
2.315309451895341510e+02 2.322198933955658617e+02
2.360707677075635047e+02 2.367712789788784278e+02
2.406105902356284787e+02 2.413226041650191291e+02
2.451504127588102051e+02 2.458738696452168426e+02
2.496902352005382397e+02 2.504250759052562216e+02
2.542300577700430040e+02 2.549762236071780990e+02
2.587698802643536169e+02 2.595273134001323569e+02
2.633097027856144905e+02 2.640783458957513403e+02
2.678495252718400934e+02 2.686293216498509082e+02
2.723893477454903405e+02 2.731802413476555103e+02
2.769291702213945996e+02 2.777311054218171193e+02
2.814689926903833452e+02 2.822819144811828664e+02
2.860088151538628267e+02 2.868326690983632830e+02
2.905486376382751814e+02 2.913833697276480734e+02
2.950884601937441403e+02 2.959340170235400365e+02
2.996282827091511081e+02 3.004846114311285419e+02
3.041681052503794831e+02 3.050351535499801230e+02
3.087079276919250219e+02 3.095856438582801502e+02
3.132477501848753718e+02 3.141360828624532928e+02
3.177875726089494037e+02 3.186864710684596957e+02
3.223273950710473628e+02 3.232368089859635347e+02
3.268672175593220572e+02 3.277870970123743177e+02
3.314070400282207061e+02 3.323373357290540753e+02
3.359468625633277270e+02 3.368875254959735912e+02
3.404866850314355133e+02 3.414376670143662977e+02
3.450265075661974379e+02 3.459877605936150076e+02
3.495663300439138084e+02 3.505378065793984774e+02
3.541061525883234822e+02 3.550878054019267438e+02
3.586459750755859659e+02 3.596377576807602736e+02
3.631857976615337975e+02 3.641876638414033778e+02
3.677256201535107039e+02 3.687375240941485117e+02
3.722654427438043854e+02 3.732873390385015000e+02
3.768052653658447753e+02 3.778371091550818619e+02
3.813450879322894025e+02 3.823868346874880899e+02
3.858849103649281460e+02 3.869365159928111098e+02
3.904247329304338336e+02 3.914861537201531974e+02
3.949645555594519806e+02 3.960357480242520296e+02
3.995043781205205278e+02 4.005852993456159084e+02
4.040442007425422162e+02 4.051348080957898219e+02
4.085840232852365261e+02 4.096842746857988686e+02
4.131238457321646820e+02 4.142336994780783925e+02
4.176636682504939699e+02 4.187830829422275656e+02
4.222034908110808828e+02 4.233324252188649552e+02
4.267433132995851679e+02 4.278817267828312083e+02
4.312831359565217895e+02 4.324309879249174742e+02
4.358229583872231387e+02 4.369802090630537919e+02
4.403627808939629631e+02 4.415293904908028253e+02
4.449026033293644105e+02 4.460785327463074168e+02
4.494424257682145480e+02 4.506276358427985542e+02
4.539822483143368004e+02 4.551767003582976940e+02
4.585220708966818393e+02 4.597257263512437930e+02
4.630618934678392975e+02 4.642747144890892628e+02
4.676017159754678119e+02 4.688236647523618785e+02
4.721415385886862168e+02 4.733725777047816905e+02
4.766813610509472028e+02 4.779214534880695169e+02
4.812211835119646821e+02 4.824702925915700007e+02
4.857610059660837578e+02 4.870190953643148077e+02
4.903008284265164889e+02 4.915678617051474930e+02
4.948406509615766709e+02 4.961165921610627265e+02
4.993804734620160275e+02 5.006652870825826653e+02
5.039202959167562312e+02 5.052139467121631355e+02
5.084601184498823159e+02 5.097625713866979140e+02
5.129999411341739233e+02 5.143111613197121414e+02
5.175397637461736622e+02 5.188597167030465016e+02
5.220795862718761100e+02 5.234082379289519622e+02
5.266194089768675894e+02 5.279567253358987955e+02
5.311592314604074545e+02 5.325051788656368217e+02
5.356990541823531657e+02 5.370535990085055573e+02
5.402388768601713309e+02 5.416019862658483817e+02
5.447786994690914071e+02 5.461503406305216686e+02
5.493185222019935736e+02 5.506986624186371273e+02
5.538583447562435822e+02 5.552469516800181282e+02
5.583981671786382321e+02 5.597952088229717447e+02
5.629379899256549606e+02 5.643434343432631977e+02
5.674778124128974923e+02 5.688916279901454800e+02
5.720176349903667870e+02 5.734397903089983402e+02
5.765574575601586957e+02 5.779879215032154889e+02
5.810972802623196003e+02 5.825360218503606120e+02
