0.000000000000000000e+00 0.000000000000000000e+00
5.477939130376489274e+00 5.495663280616920332e+00
1.095587826086732974e+01 1.099118121648768032e+01
1.643381739146295928e+01 1.648655621219958434e+01
2.191175652307606470e+01 2.198179060938732476e+01
2.738969565464970302e+01 2.747688669355956037e+01
3.286763478546716044e+01 3.297184669283878122e+01
3.834557392127792497e+01 3.846667278602368611e+01
4.382351306955058590e+01 4.396136708812257154e+01
4.930145220295388242e+01 4.945593169562896207e+01
5.477939133668244409e+01 5.495036859854084810e+01
6.025733047438099987e+01 6.044467980771191407e+01
6.573526963453267058e+01 6.593886723878534895e+01
7.121320877504393820e+01 7.143293277877788228e+01
7.669114792442621820e+01 7.692687829349354445e+01
8.216908706233826365e+01 8.242070554312620345e+01
8.764702620419663504e+01 8.791441631416932978e+01
9.312496533670713461e+01 9.340801235807951741e+01
9.860290448316698075e+01 9.890149531991326626e+01
1.040808436573149436e+02 1.043948668755802487e+02
1.095587827938251166e+02 1.098881285771627176e+02
1.150367219517146111e+02 1.153812820448983416e+02
1.205146610997713310e+02 1.208743288329162340e+02
1.259926002325024683e+02 1.263672704461294245e+02
1.314705393774699473e+02 1.318601083401827907e+02
1.369484785429943372e+02 1.373528440210143344e+02
1.424264177180848492e+02 1.428454788476419139e+02
1.479043569224830605e+02 1.483380141970420425e+02
1.533822960664228958e+02 1.538304514595357659e+02
1.588602352577270267e+02 1.593227920079386593e+02
1.643381744343229798e+02 1.648150370813393693e+02
1.698161135973316505e+02 1.703071879351631424e+02
1.752940527968397078e+02 1.757992459251258595e+02
1.807719920218949881e+02 1.812912121793021925e+02
1.862499311725255211e+02 1.867830879470593004e+02
1.917278703923867056e+02 1.922748743747663696e+02
1.972058096248831021e+02 1.977665726461213467e+02
2.026837487865839762e+02 2.032581838759856510e+02
2.081616879434922112e+02 2.087497091902561692e+02
2.136396271706914831e+02 2.142411497838766650e+02
2.191175663644920064e+02 2.197325066234786846e+02
2.245955055125199920e+02 2.252237807760103010e+02
2.300734446989193316e+02 2.307149732408199156e+02
2.355513839512191794e+02 2.362060849727854759e+02
2.410293232052032408e+02 2.416971171105312806e+02
2.465072624553437777e+02 2.471880704965537916e+02
2.519852017046180208e+02 2.526789462241662818e+02
2.574631409485226641e+02 2.581697451491357924e+02
2.629410801599379965e+02 2.636604681550188616e+02
2.684190194077706337e+02 2.691511162341076897e+02
2.738969586307185864e+02 2.746416901736474756e+02
2.793748978313309408e+02 2.801321908826769800e+02
2.848528370478331908e+02 2.856226192799763339e+02
2.903307763165356619e+02 2.911129761495112689e+02
2.958087155251081981e+02 2.966032623662039214e+02
3.012866546798090894e+02 3.020934787062028022e+02
3.067645938478068501e+02 3.075836259264316368e+02
3.122425330922737317e+02 3.130737049604366007e+02
3.177204722286013521e+02 3.185637164954191576e+02
3.231984114435708761e+02 3.240536611800891933e+02
3.286763507114729919e+02 3.295435399063900377e+02
3.341542899616416662e+02 3.350333532767624547e+02
3.396322291433313012e+02 3.405231022302725705e+02
3.451101683743077047e+02 3.460127871975890343e+02
3.505881076932256519e+02 3.515024091797253050e+02
3.560660469846519618e+02 3.569919686429614103e+02
3.615439861920862086e+02 3.624814662810784966e+02
3.670219254965730329e+02 3.679709028090309175e+02
3.724998647765585247e+02 3.734602788365770039e+02
3.779778039789052855e+02 3.789495950444712662e+02
3.834557432100241954e+02 3.844388520568844569e+02
3.889336823641510250e+02 3.899280505592818145e+02
3.944116216074884278e+02 3.954171912369475876e+02
3.998895608580945691e+02 4.009062744049452931e+02
4.053675001255711550e+02 4.063953008172269961e+02
4.108454393443797130e+02 4.118842711397578569e+02
4.163233784850339134e+02 4.173731858642338466e+02
4.218013176638073674e+02 4.228620455219744940e+02
4.272792568661913037e+02 4.283508506742400641e+02
4.327571960900560271e+02 4.338396019845968112e+02
4.382351354175402207e+02 4.393283000406381120e+02
4.437130747110161337e+02 4.448169450784444621e+02
4.491910140132844163e+02 4.503055378155174822e+02
4.546689531863685261e+02 4.557940788458878387e+02
4.601468925400116632e+02 4.612825686153641982e+02
4.656248319237123496e+02 4.667710074678733463e+02
4.711027712845176438e+02 4.722593960121658938e+02
4.765807104533562324e+02 4.777477349639723343e+02
4.820586496726874088e+02 4.832360245917871566e+02
4.875365888574623341e+02 4.887242653255129881e+02
4.930145282297584117e+02 4.942124575289417976e+02
4.984924674383324827e+02 4.997006019859808248e+02
5.039704066362895674e+02 5.051886988889236818e+02
5.094483458460523480e+02 5.106767486615398752e+02
5.149262850960657261e+02 5.161647519005603044e+02
5.204042245113282661e+02 5.216527089736803191e+02
5.258821636622132019e+02 5.271406203644967263e+02
5.313601029408889644e+02 5.326284864579619125e+02
5.368380422687131386e+02 5.381163077203556213e+02
5.423159814333807844e+02 5.436040845365305358e+02
5.477939206993180505e+02 5.490918171796820388e+02
5.532718599524580441e+02 5.545795062191548368e+02
5.587497991267098314e+02 5.600671519840949486e+02
5.642277383082762299e+02 5.655547548594420277e+02
5.697056776410772727e+02 5.710423152769537865e+02
5.751836168645152156e+02 5.765298336322869091e+02
5.806615560108962200e+02 5.820173103143104072e+02
5.861394952648615799e+02 5.875047454809121064e+02
5.916174345595435398e+02 5.929921398475707974e+02
5.970953739865676653e+02 5.984794933921789379e+02
6.025733132629054580e+02 6.039668065778073469e+02
6.080512527015084743e+02 6.094540799253295518e+02
6.135291918951642174e+02 6.149413135011509439e+02
6.190071311977321784e+02 6.204285080774710650e+02
6.244850704036955449e+02 6.259156637526139093e+02
6.299630098537877529e+02 6.314027805897624148e+02
6.354409490355769776e+02 6.368898591195202243e+02
6.409188883515098496e+02 6.423768997254162514e+02
6.463968275658895664e+02 6.478639028941756806e+02
6.518747669250064973e+02 6.533508686811344432e+02
6.573527060818662449e+02 6.588377973840586037e+02
6.628306455017414009e+02 6.643246896456876129e+02
6.683085846625995146e+02 6.698115452632883944e+02
6.737865238793377785e+02 6.752983648021900080e+02
6.792644631136253111e+02 6.807851486308354652e+02
6.847424023519970433e+02 6.862718969149150325e+02
6.902203416030897642e+02 6.917586100769863151e+02
6.956982809246391071e+02 6.972452884089650524e+02
7.011762203049815980e+02 7.027319318608513186e+02
