0.000000000000000000e+00 0.000000000000000000e+00
4.579263527094846964e+00 4.595599213800628746e+00
9.158527053980627386e+00 9.191083731009197066e+00
1.373779058133925446e+01 1.378645516908307656e+01
1.831705410902842956e+01 1.838171511952195658e+01
2.289631764455049279e+01 2.297686512252624880e+01
2.747558117239509556e+01 2.757190670379927866e+01
3.205484470439631650e+01 3.216684135213569817e+01
3.663410823822282225e+01 3.676167052592550277e+01
4.121337176981610639e+01 4.135639564092696219e+01
4.579263530635491009e+01 4.595101811202623310e+01
5.037189884015121777e+01 5.054553929263851586e+01
5.495116237431082595e+01 5.513996053899683147e+01
5.953042591718395471e+01 5.973428317830349954e+01
6.410968945363300975e+01 6.432850847705330466e+01
6.868895298750240386e+01 6.892263773020575002e+01
7.326821651912482025e+01 7.351667214762116487e+01
7.784748005349950972e+01 7.811061296076938731e+01
8.242674358147195335e+01 8.270446134494699209e+01
8.700600711873292425e+01 8.729821850871192623e+01
9.158527067101135799e+01 9.189188555126818869e+01
9.616453421543212698e+01 9.648546363718268992e+01
1.007437977725365954e+02 1.010789538601981405e+02
1.053230613468639945e+02 1.056723573237062226e+02
1.099023249121964483e+02 1.102656750360453657e+02
1.144815884668994954e+02 1.148589080873097572e+02
1.190608520365017853e+02 1.194520575064924799e+02
1.236401156010695104e+02 1.240451242799919100e+02
1.282193791513095107e+02 1.286381094139291008e+02
1.327986427153942373e+02 1.332310138643730397e+02
1.373779062528880388e+02 1.378238386006453311e+02
1.419571697969474258e+02 1.424165845575956837e+02
1.465364333914336612e+02 1.470092526692083936e+02
1.511156969191403903e+02 1.516018438467486931e+02
1.556949604510713812e+02 1.561943589537587513e+02
1.602742240028954939e+02 1.607867988430140258e+02
1.648534875540420899e+02 1.653791644055079928e+02
1.694327511204788834e+02 1.699714564829543235e+02
1.740120146760022237e+02 1.745636759275196823e+02
1.785912782388159599e+02 1.791558235202256242e+02
1.831705417808960306e+02 1.837479000510440414e+02
1.877498053644172842e+02 1.883399063085844318e+02
1.923290689107253684e+02 1.929318430945467640e+02
1.969083324576399718e+02 1.975237111940830346e+02
2.014875960459258408e+02 2.021155112860037946e+02
2.060668595955708611e+02 2.067072441465392671e+02
2.106461231431286478e+02 2.112989105706968473e+02
2.152253867194423833e+02 2.158905111744232954e+02
2.198046502662836588e+02 2.204820466886049246e+02
2.243839138345410049e+02 2.250735177781949119e+02
2.289631773802078669e+02 2.296649251864371308e+02
2.335424409115010462e+02 2.342562695215873418e+02
2.381217045456150174e+02 2.388475514628314613e+02
2.427009681767502514e+02 2.434387716711232770e+02
2.472802317583877993e+02 2.480299308072782196e+02
2.518594953179833738e+02 2.526210294227999213e+02
2.564387589390209428e+02 2.572120682084185432e+02
2.610180225907532758e+02 2.618030478228128572e+02
2.655972861303386026e+02 2.663939687251128703e+02
2.701765496709443823e+02 2.709848316087940248e+02
2.747558133046426860e+02 2.755756370053007913e+02
2.793350769655787076e+02 2.801663854757018726e+02
2.839143405554115134e+02 2.847570776895455538e+02
2.884936041049743949e+02 2.893477140475074521e+02
2.930728676580887395e+02 2.939382952625248890e+02
2.976521312520679317e+02 2.985288218076146904e+02
3.022313948323276804e+02 3.031192941006290198e+02
3.068106584153637186e+02 3.077097128687189524e+02
3.113899219542666401e+02 3.123000784282727409e+02
3.159691854937601079e+02 3.168903914302499061e+02
3.205484490588756898e+02 3.214806523331927792e+02
3.251277126557173460e+02 3.260708616847981602e+02
3.297069761950085649e+02 3.306610197826114472e+02
3.342862397396485221e+02 3.352511273339584932e+02
3.388655033812322017e+02 3.398411847280065672e+02
3.434447670296537467e+02 3.444311923777264610e+02
3.480240306298675250e+02 3.490211508244708511e+02
3.526032941903279152e+02 3.536110605212597875e+02
3.571825577501926432e+02 3.582009217906207255e+02
3.617618213268980298e+02 3.627907352057471826e+02
3.663410850139384820e+02 3.673805011616055936e+02
3.709203485537130973e+02 3.719702201365329302e+02
3.754996122016644335e+02 3.765598923914897114e+02
3.800788758658917459e+02 3.811495185740450324e+02
3.846581394519740229e+02 3.857390990215225202e+02
3.892374030434771157e+02 3.903286340223428397e+02
3.938166666339078006e+02 3.949181241032236471e+02
3.983959301794052408e+02 3.995075696434682300e+02
4.029751937189179785e+02 4.040969709010424822e+02
4.075544572839477837e+02 4.086863283844111834e+02
4.121337208943712085e+02 4.132756425352696397e+02
4.167129844870684678e+02 4.178649135719463175e+02
4.212922480842105415e+02 4.224541419058033398e+02
4.258715116797046676e+02 4.270433279351719307e+02
4.304507752243097798e+02 4.316324720515706304e+02
4.350300388873561133e+02 4.362215745851227666e+02
4.396093024880189546e+02 4.408106358766385711e+02
4.441885661665462521e+02 4.453996563475312769e+02
4.487678297205669082e+02 4.499886363562672500e+02
4.533470932595213299e+02 4.545775762064151309e+02
4.579263568108444815e+02 4.591664760894103665e+02
4.625056205321142215e+02 4.637553365586532550e+02
4.670848840817937457e+02 4.683441578158902985e+02
4.716641476197351608e+02 4.729329401461078533e+02
4.762434113364864743e+02 4.775216839118047574e+02
4.808226750814986872e+02 4.821103894050625058e+02
4.854019388024372574e+02 4.866990569660538313e+02
4.899812025139723346e+02 4.912876868781796702e+02
4.945604660570555779e+02 4.958762794959353073e+02
4.991397298033551237e+02 5.004648351648879725e+02
5.037189934426999685e+02 5.050533541310785495e+02
5.082982570787720533e+02 5.096418365734411395e+02
5.128775206271628804e+02 5.142302829261723218e+02
5.174567843039041009e+02 5.188186933467995914e+02
5.220360479061324668e+02 5.234070682073731859e+02
5.266153115375566358e+02 5.279954078209759700e+02
5.311945751473913333e+02 5.325837124451023783e+02
5.357738387290976334e+02 5.371719821275177082e+02
5.403531023962750623e+02 5.417602173154022012e+02
5.449323660377033320e+02 5.463484183372648886e+02
5.495116295936613824e+02 5.509365854876366484e+02
5.540908931726816036e+02 5.555247188336447834e+02
5.586701567962879835e+02 5.601128188317433114e+02
5.632494205808952756e+02 5.647008857155268515e+02
5.678286841946431878e+02 5.692889196834426002e+02
5.724079477661257442e+02 5.738769207750842725e+02
5.769872114370168674e+02 5.784648894570677840e+02
5.815664750349991436e+02 5.830528259386093168e+02
5.861457386914119070e+02 5.876407304351523635e+02
