0.000000000000000000e+00 0.000000000000000000e+00
4.539822425799826533e+00 4.555643783437728800e+00
9.079644850565891545e+00 9.111173568661159905e+00
1.361946727541485558e+01 1.366659101311656599e+01
1.815928970030103784e+01 1.822189773674644897e+01
2.269911213387081972e+01 2.277709532706403905e+01
2.723893455916948980e+01 2.733218532938716550e+01
3.177875698507214963e+01 3.188716926915021332e+01
3.631857941155862335e+01 3.644204863396110738e+01
4.085840183760089417e+01 4.099682487612702175e+01
4.539822426600730410e+01 4.555149941072541253e+01
4.993804669224216752e+01 5.010607364401001718e+01
5.447786911866341342e+01 5.466054892453377079e+01
5.901769154507563542e+01 5.921492661871133123e+01
6.355751397201682806e+01 6.376920802864039217e+01
6.809733642319605451e+01 6.832339441362522336e+01
7.263715888206419891e+01 7.287748706790259234e+01
7.717698133886665346e+01 7.743148719429667892e+01
8.171680377834179865e+01 8.198539603810465337e+01
8.625662622287251224e+01 8.653921475593919865e+01
9.079644866170190198e+01 9.109294451682123395e+01
9.533627110546919425e+01 9.564658647734864871e+01
9.987609353313217753e+01 1.002001417512057344e+02
1.044159159732570572e+02 1.047536114299199284e+02
1.089557384019955322e+02 1.093069965958923575e+02
1.134955608480313316e+02 1.138602983526051133e+02
1.180353832823336404e+02 1.184135176365887219e+02
1.225752057303601248e+02 1.229666555229913740e+02
1.271150281684287506e+02 1.275197129900278128e+02
1.316548506083668997e+02 1.320726910452762013e+02
1.361946730519462960e+02 1.366255906974570848e+02
1.407344955050355679e+02 1.411784127653918972e+02
1.452743179634110788e+02 1.457311582610516894e+02
1.498141404083197870e+02 1.502838280902851693e+02
1.543539628507601833e+02 1.548364231153819333e+02
1.588937853080616946e+02 1.593889442578352202e+02
1.634336077907590834e+02 1.639413923974051386e+02
1.679734302697733597e+02 1.684937683349199347e+02
1.725132527515468155e+02 1.730460729358922549e+02
1.770530752281778746e+02 1.775983070099306929e+02
1.815928977057681664e+02 1.821504713370720765e+02
1.861327201410274768e+02 1.867025666929330043e+02
1.906725426161866324e+02 1.912545938747134358e+02
1.952123651110471485e+02 1.958065536833125861e+02
1.997521875871783550e+02 2.003584468345017058e+02
2.042920100852940664e+02 2.049102741406551900e+02
2.088318325733035294e+02 2.094620362447653861e+02
2.133716550236241289e+02 2.140137338830800786e+02
2.179114774935888761e+02 2.185653677399559172e+02
2.224512999654568262e+02 2.231169385214037391e+02
2.269911224546929134e+02 2.276684469329041463e+02
2.315309450040965089e+02 2.322198935569893763e+02
2.360707675243839390e+02 2.367712791508133137e+02
2.406105900500369046e+02 2.413226043150741589e+02
2.451504125729933889e+02 2.458738697005712481e+02
2.496902350237646431e+02 2.504250759431165534e+02
2.542300574719092765e+02 2.549762236809484648e+02
2.587698799674249130e+02 2.595273135595341500e+02
2.633097024368261145e+02 2.640783461169171460e+02
2.678495249094263500e+02 2.686293218574133448e+02
2.723893474362398024e+02 2.731802415902652683e+02
2.769291700167180466e+02 2.777311056306259616e+02
2.814689924945537314e+02 2.822819146927343468e+02
2.860088150853706566e+02 2.868326693030202250e+02
2.905486375660326530e+02 2.913833699441463523e+02
2.950884600519337937e+02 2.959340172771199491e+02
2.996282825080214707e+02 3.004846118123755332e+02
3.041681050785732623e+02 3.050351539336821247e+02
3.087079276285449509e+02 3.095856443175117647e+02
3.132477501220386102e+02 3.141360834266556026e+02
3.177875726229182192e+02 3.186864717078375406e+02
3.223273951383121130e+02 3.232368096101812398e+02
3.268672176254661395e+02 3.277870976257614757e+02
3.314070400843883135e+02 3.323373363396983677e+02
3.359468626177840633e+02 3.368875261521745870e+02
3.404866851351285959e+02 3.414376676065132870e+02
3.450265075852726682e+02 3.459877611121661971e+02
3.495663301307715187e+02 3.505378070925458474e+02
3.541061526316149184e+02 3.550878060062171357e+02
3.586459751178603028e+02 3.596377582447503301e+02
3.631857977067339789e+02 3.641876644016495561e+02
3.677256201974344094e+02 3.687375246990449114e+02
3.722654427677267677e+02 3.732873396389366007e+02
3.768052652290157312e+02 3.778371096057883278e+02
3.813450877054512489e+02 3.823868351506769727e+02
3.858849102010855177e+02 3.869365166359734758e+02
3.904247326387946941e+02 3.914861542145776525e+02
3.949645550934105813e+02 3.960357484693874994e+02
3.995043776418345942e+02 4.005852999112321982e+02
4.040442000895479282e+02 4.051348086952987160e+02
4.085840226218665521e+02 4.096842752796090963e+02
4.131238452868592503e+02 4.142337001960327143e+02
4.176636677310179380e+02 4.187830835117142669e+02
4.222034902140285340e+02 4.233324257704323372e+02
4.267433127361146035e+02 4.278817273293483368e+02
4.312831353049532481e+02 4.324309884880435675e+02
4.358229577376329757e+02 4.369802095360388421e+02
4.403627803120992894e+02 4.415293909059373618e+02
4.449026029169967842e+02 4.460785330563955995e+02
4.494424253577861350e+02 4.506276361613529389e+02
4.539822479041559973e+02 4.551767005284217475e+02
4.585220704868021357e+02 4.597257266298101399e+02
4.630618930426504676e+02 4.642747147334172269e+02
4.676017155501409661e+02 4.688236649951637673e+02
4.721415380158274502e+02 4.733725780174063402e+02
4.766813604776820057e+02 4.779214538254628337e+02
4.812211830033086244e+02 4.824702927935676371e+02
4.857610054575561662e+02 4.870190955123183585e+02
4.903008279540406420e+02 4.915678619671900833e+02
4.948406504797818002e+02 4.961165924224176251e+02
4.993804730354616481e+02 5.006652874097899257e+02
5.039202955111999245e+02 5.052139470018028078e+02
5.084601179890547655e+02 5.097625716012262274e+02
5.129999406177932997e+02 5.143111615322574153e+02
5.175397632295674839e+02 5.188597171128656100e+02
5.220795858360307875e+02 5.234082384651295570e+02
5.266194085411923425e+02 5.279567257854314448e+02
5.311592312141079901e+02 5.325051794085351275e+02
5.356990539359285322e+02 5.370535996109886128e+02
5.402388763829044365e+02 5.416019868695084369e+02
5.447786988240586652e+02 5.461503411911747889e+02
5.493185213755979248e+02 5.506986629751588680e+02
5.538583439020139849e+02 5.552469522311015453e+02
5.583981664492093842e+02 5.597952093874114325e+02
5.629379891030579302e+02 5.643434346511858166e+02
5.674778117280081915e+02 5.688916282928807959e+02
5.720176343734134434e+02 5.734397906771621365e+02
5.765574568557235580e+02 5.779879218199214392e+02
5.810972795578893511e+02 5.825360221577016091e+02
