0.000000000000000000e+00 0.000000000000000000e+00
4.579263526614938407e+00 4.595599214320476023e+00
9.158527053502668380e+00 9.191083731520228284e+00
1.373779058078425841e+01 1.378645517382492969e+01
1.831705410847500559e+01 1.838171512204127112e+01
2.289631764399077696e+01 2.297686512503733525e+01
2.747558117875597006e+01 2.757190670355820217e+01
3.205484470587821022e+01 3.216684135582427473e+01
3.663410823350900358e+01 3.676167052718536610e+01
4.121337176107755340e+01 4.135639564605629914e+01
4.579263530707973473e+01 4.595101811830198812e+01
5.037189883926345857e+01 5.054553932259111093e+01
5.495116237395412639e+01 5.513996056747691910e+01
5.953042590958114033e+01 5.973428321663528351e+01
6.410968945455607582e+01 6.432850850699547607e+01
6.868895298845652064e+01 6.892263775469396592e+01
7.326821651909168054e+01 7.351667217200855475e+01
7.784748005579058372e+01 7.811061296448880853e+01
8.242674358954653258e+01 8.270446134761503743e+01
8.700600712058832187e+01 8.729821849674489442e+01
9.158527065914867649e+01 9.189188553938942050e+01
9.616453420064553370e+01 9.648546363013423388e+01
1.007437977576310573e+02 1.010789538405204837e+02
1.053230612982875698e+02 1.056723572653902750e+02
1.099023248411627947e+02 1.102656749839677843e+02
1.144815883716536575e+02 1.148589080351359968e+02
1.190608519303177104e+02 1.194520574432509648e+02
1.236401154886952298e+02 1.240451242164918995e+02
1.282193790389436572e+02 1.286381093500059478e+02
1.327986425759336271e+02 1.332310138008368199e+02
1.373779061149166978e+02 1.378238385292851831e+02
1.419571696529349083e+02 1.424165844850730309e+02
1.465364332408562404e+02 1.470092525962536456e+02
1.511156968334102544e+02 1.516018437731218569e+02
1.556949603951854897e+02 1.561943588384127111e+02
1.602742239469584149e+02 1.607867987293631984e+02
1.648534874896212159e+02 1.653791643018512616e+02
1.694327510293434216e+02 1.699714564056808399e+02
1.740120146103946865e+02 1.745636757951762945e+02
1.785912781448105875e+02 1.791558233888613927e+02
1.831705416988305899e+02 1.837478999100407009e+02
1.877498052782225955e+02 1.883399061869013167e+02
1.923290688705938010e+02 1.929318429785047329e+02
1.969083324608296266e+02 1.975237110148507327e+02
2.014875960775797807e+02 2.021155111330435261e+02
2.060668596288326171e+02 2.067072440316932500e+02
2.106461231915831149e+02 2.112989104057645022e+02
2.152253867693702034e+02 2.158905109936552549e+02
2.198046503710691582e+02 2.204820465454500891e+02
2.243839139171820989e+02 2.250735176868528242e+02
2.289631774628935545e+02 2.296649250595263538e+02
2.335424410272457010e+02 2.342562693653063377e+02
2.381217046635920838e+02 2.388475513152707208e+02
2.427009682167478672e+02 2.434387715249083044e+02
2.472802317722700991e+02 2.480299306537140183e+02
2.518594953351853860e+02 2.526210293062434289e+02
2.564387589759728598e+02 2.572120680961359085e+02
2.610180226232498057e+02 2.618030477018480155e+02
2.655972861605649769e+02 2.663939686200876622e+02
2.701765498075802157e+02 2.709848315254774889e+02
2.747558133544703196e+02 2.755756368737081630e+02
2.793350770128411114e+02 2.801663853620877376e+02
2.839143406027488936e+02 2.847570775382109787e+02
2.884936041388386911e+02 2.893477139303540753e+02
2.930728677863569374e+02 2.939382950851123724e+02
2.976521313807394336e+02 2.985288215260566176e+02
3.022313950062700769e+02 3.031192938294324222e+02
3.068106585444704137e+02 3.077097124861596171e+02
3.113899220994641155e+02 3.123000780951352908e+02
3.159691856906273415e+02 3.168903910274578948e+02
3.205484492574338447e+02 3.214806518951893395e+02
3.251277127915708434e+02 3.260708611368730772e+02
3.297069763398777695e+02 3.306610193405121549e+02
3.342862399083537071e+02 3.352511268157621771e+02
3.388655035499877499e+02 3.398411842209036422e+02
3.434447671418905088e+02 3.444311918190348365e+02
3.480240306943512110e+02 3.490211502251837601e+02
3.526032942470847047e+02 3.536110599153078624e+02
3.571825577929474775e+02 3.582009213032641242e+02
3.617618213330640629e+02 3.627907346771509083e+02
3.663410849857896778e+02 3.673805007072757007e+02
3.709203486164047945e+02 3.719702197047568575e+02
3.754996122651770634e+02 3.765598920289377247e+02
3.800788759289659993e+02 3.811495182614253849e+02
3.846581395149806326e+02 3.857390985976442153e+02
3.892374031064319979e+02 3.903286336773164749e+02
3.938166666812785479e+02 3.949181236395264136e+02
3.983959302332808079e+02 3.995075690422094112e+02
4.029751938598143397e+02 4.040969702781018782e+02
4.075544574087448382e+02 4.086863277632021436e+02
4.121337210167254170e+02 4.132756418062961643e+02
4.167129846090550132e+02 4.178649129493389296e+02
4.212922482062261338e+02 4.224541412863126197e+02
4.258715118017219083e+02 4.270433273837339812e+02
4.304507753463107065e+02 4.316324715009602642e+02
4.350300389270832966e+02 4.362215740371926813e+02
4.396093025276075537e+02 4.408106354629515522e+02
4.441885662061023936e+02 4.453996559315353352e+02
4.487678297491553394e+02 4.499886360102498770e+02
4.533470932881105000e+02 4.545775758618779037e+02
4.579263568430022815e+02 4.591664759026286902e+02
4.625056203861759059e+02 4.637553362511810633e+02
4.670848839407171909e+02 4.683441575091830487e+02
4.716641474875434596e+02 4.729329398379139775e+02
4.762434112044326184e+02 4.775216836607797859e+02
4.808226749493880448e+02 4.821103891533928731e+02
4.854019385138642519e+02 4.866990567701946020e+02
4.899812022490091294e+02 4.912876866904315989e+02
4.945604659160991332e+02 4.958762794210269931e+02
4.991397296787666846e+02 5.004648350027867423e+02
5.037189933216079112e+02 5.050533539674053145e+02
5.082982568980236238e+02 5.096418363625954839e+02
5.128775205549236489e+02 5.142302826095959745e+02
5.174567841088786508e+02 5.188186931675080587e+02
5.220360477862864172e+02 5.234070680415776451e+02
5.266153113611128447e+02 5.279954076554217863e+02
5.311945749708536368e+02 5.325837121557710816e+02
5.357738386327923763e+02 5.371719819914660548e+02
5.403531022673523694e+02 5.417602172337246884e+02
5.449323658498092300e+02 5.463484182438060088e+02
5.495116294742364289e+02 5.509365852753413719e+02
5.540908930514037820e+02 5.555247186204447871e+02
5.586701566749370613e+02 5.601128185519261251e+02
5.632494202761022279e+02 5.647008854425415620e+02
5.678286838896708559e+02 5.692889194461180296e+02
5.724079474611298792e+02 5.738769205943536917e+02
5.769872111317658891e+02 5.784648892396248812e+02
5.815664747297741997e+02 5.830528258096632044e+02
5.861457383825800207e+02 5.876407303335247434e+02
