0.000000000000000000e+00 0.000000000000000000e+00
4.528036213309434288e+00 4.545945311663250443e+00
9.056072426716090362e+00 9.091743933005599132e+00
1.358410864019914399e+01 1.363739827497685297e+01
1.811214486084337238e+01 1.818291070658472819e+01
2.264018107479893871e+01 2.272828351884037090e+01
2.716821728937502201e+01 2.727351895668931903e+01
3.169625351374304500e+01 3.181861921290725448e+01
3.622428974271382884e+01 3.636358643113325684e+01
4.075232595845664463e+01 4.090842271134292218e+01
4.528036218038212724e+01 4.545313006217882190e+01
4.980839840513024797e+01 4.999771052577760599e+01
5.433643464266889112e+01 5.454216598297136898e+01
5.886447089799268184e+01 5.908649840029094946e+01
6.339250714746681581e+01 6.363070957519450133e+01
6.792054338872657127e+01 6.817480135481743275e+01
7.244857960813547493e+01 7.271877554058029602e+01
7.697661586499549458e+01 7.726263386568004421e+01
8.150465209664409372e+01 8.180637798824447771e+01
8.603268835246132085e+01 8.635000959290098876e+01
9.056072457708370393e+01 9.089353029029490472e+01
9.508876082470999336e+01 9.543694168457237481e+01
9.961679705607416224e+01 9.998024531436577433e+01
1.041448333003173161e+02 1.045234427322058082e+02
1.086728695232029764e+02 1.090665354161256175e+02
1.132009057828900751e+02 1.136095248377885270e+02
1.177289420003110365e+02 1.181524123720649300e+02
1.222569782503268527e+02 1.226951994633224103e+02
1.267850145220231184e+02 1.272378874577834154e+02
1.313130507509269194e+02 1.317804777359966124e+02
1.358410870556913608e+02 1.363229716065770560e+02
1.403691232720788946e+02 1.408653703163075193e+02
1.448971595656163629e+02 1.454076751746395928e+02
1.494251958002492984e+02 1.499498874240901785e+02
1.539532321232246090e+02 1.544920082028193065e+02
1.584812684091131700e+02 1.590340387586279007e+02
1.630093047365388088e+02 1.635759803235487482e+02
1.675373410147960840e+02 1.681178338901933671e+02
1.720653772968583723e+02 1.726596006651617756e+02
1.765934135755260854e+02 1.772012818299116930e+02
1.811214498489361517e+02 1.817428783747846524e+02
1.856494861195138810e+02 1.862843913099173392e+02
1.901775223835116435e+02 1.908258216801297635e+02
1.947055586491349288e+02 1.953671706385069058e+02
1.992335949132586279e+02 1.999084390141873087e+02
2.037616312404719281e+02 2.044496279819698259e+02
2.082896675304375265e+02 2.089907383803399625e+02
2.128177037743066080e+02 2.135317711340871654e+02
2.173457400564933550e+02 2.180727271954124831e+02
2.218737762949587875e+02 2.226136075643491381e+02
2.264018125438619222e+02 2.271544130444967777e+02
2.309298488249219190e+02 2.316951444910392297e+02
2.354578851809847606e+02 2.362358028840712905e+02
2.399859214467712434e+02 2.407763890706343091e+02
2.445139577089174168e+02 2.453169036977013775e+02
2.490419940904636178e+02 2.498573477226418049e+02
2.535700304056405798e+02 2.543977220304807929e+02
2.580980666751380568e+02 2.589380272125470128e+02
2.626261029673715939e+02 2.634782642470520386e+02
2.671541392880685066e+02 2.680184338325386761e+02
2.716821756350916530e+02 2.725585367181334959e+02
2.762102119796091984e+02 2.770985735977051831e+02
2.807382482449350505e+02 2.816385451937403559e+02
2.852662845022338161e+02 2.861784523897376857e+02
2.897943209122247481e+02 2.907182957349775734e+02
2.943223573072360182e+02 2.952580759614894532e+02
2.988503935883016425e+02 2.997977937548314458e+02
3.033784298797128258e+02 3.043374497943290180e+02
3.079064663004302815e+02 3.088770447254123042e+02
3.124345025497981396e+02 3.134165792135386255e+02
3.169625388858478914e+02 3.179560538882272454e+02
3.214905752762014117e+02 3.224954694167049638e+02
3.260186117170430862e+02 3.270348263762922443e+02
3.305466481678961941e+02 3.315741251996451524e+02
3.350746845969359811e+02 3.361133666641802620e+02
3.396027210121480948e+02 3.406525514461985722e+02
3.441307574195705001e+02 3.451916799622588314e+02
3.486587938422252364e+02 3.497307528853272061e+02
3.531868300744097269e+02 3.542697709297407869e+02
3.577148665328579682e+02 3.588087342925329040e+02
3.622429028686171932e+02 3.633476437389716125e+02
3.667709391797825447e+02 3.678864997939739965e+02
3.712989755796381246e+02 3.724253029662415884e+02
3.758270118849534356e+02 3.769640537938383886e+02
3.803550483429688711e+02 3.815027528028401775e+02
3.848830848004816403e+02 3.860414003595013810e+02
3.894111212288376009e+02 3.905799972055390299e+02
3.939391575007564370e+02 3.951185435718055032e+02
3.984671939546976773e+02 3.996570401244466098e+02
4.029952301970336066e+02 4.041954874511595222e+02
4.075232665148730575e+02 4.087338857126296716e+02
4.120513028479285254e+02 4.132722357051175095e+02
4.165793393044990012e+02 4.178105377324766891e+02
4.211073755593666874e+02 4.223487919804305761e+02
4.256354118318933502e+02 4.268869991870932381e+02
4.301634481187109031e+02 4.314251596656948209e+02
4.346914845923842563e+02 4.359632739715745515e+02
