0.000000000000000000e+00 0.000000000000000000e+00
4.359364230627710945e+00 4.381345694340113894e+00
8.718728462103440435e+00 8.762471952253591212e+00
1.307809269805608032e+01 1.314338317054224525e+01
1.743745692984926876e+01 1.752408361004267334e+01
2.179682116084212140e+01 2.190457741532651426e+01
2.615618539546067467e+01 2.628486859645671814e+01
3.051554962920624803e+01 3.066496106552412471e+01
3.487491386407355520e+01 3.504485860097097571e+01
3.923427811297435142e+01 3.942456489226695027e+01
4.359364236349496480e+01 4.380408351508224030e+01
4.795300659512052022e+01 4.818341797221325606e+01
5.231237086080417953e+01 5.256257162592653032e+01
5.667173509458949354e+01 5.694154774958711585e+01
6.103109936193726526e+01 6.132034954580810648e+01
6.539046359635170802e+01 6.569898015408645620e+01
6.974982783478699844e+01 7.007744259615350302e+01
7.410919210524977530e+01 7.445573979912407481e+01
7.846855638976282421e+01 7.883387468331150671e+01
8.282792065308518659e+01 8.321185002797744801e+01
8.718728493290146275e+01 8.758966856404109080e+01
9.154664917632945276e+01 9.196733294822765004e+01
9.590601342651734740e+01 9.634484575878306600e+01
1.002653777140133684e+02 1.007222095438730634e+02
1.046247419752335759e+02 1.050994267260025765e+02
1.089841062305761170e+02 1.094764997360697407e+02
1.133434705217932645e+02 1.138534309596768423e+02
1.177028348301410006e+02 1.182302225978216939e+02
1.220621990776761407e+02 1.226068769027670697e+02
1.264215633307207725e+02 1.269833961293310267e+02
1.307809275654308294e+02 1.313597822944504969e+02
1.351402918521476408e+02 1.357360375916066459e+02
1.394996561384102165e+02 1.401121639453506305e+02
1.438590203949025010e+02 1.444881633854480469e+02
1.482183846338051012e+02 1.488640378790513239e+02
1.525777489515799061e+02 1.532397892793390497e+02
1.569371132248995764e+02 1.576154193995783146e+02
1.612964775250313210e+02 1.619909300469324762e+02
1.656558418023462025e+02 1.663663230803718989e+02
1.700152060780771990e+02 1.707416001445347149e+02
1.743745703508744214e+02 1.751167630299405289e+02
1.787339346255694181e+02 1.794918132086609148e+02
1.830932989199737904e+02 1.838667524104425297e+02
1.874526631951581521e+02 1.882415823337290703e+02
1.918120274696549359e+02 1.926163043581387342e+02
1.961713918351015309e+02 1.969909200697450160e+02
2.005307561123859159e+02 2.013654308376460733e+02
2.048901204146962982e+02 2.057398383207592758e+02
2.092494846901273604e+02 2.101141437930178597e+02
2.136088489525421892e+02 2.144883486211413697e+02
2.179682132317524861e+02 2.188624542424120705e+02
2.223275775519660726e+02 2.232364620809395888e+02
2.266869418908341061e+02 2.276103733408814094e+02
2.310463061662511279e+02 2.319841893205714030e+02
2.354056704039793999e+02 2.363579112475655393e+02
2.397650347729698410e+02 2.407315404160534626e+02
2.441243990714093286e+02 2.451050779312720920e+02
2.484837633725553587e+02 2.494785251071078278e+02
2.528431277302134674e+02 2.538518830352219311e+02
2.572024920626880089e+02 2.582251528469329287e+02
2.615618563154264962e+02 2.625983356471823527e+02
2.659212205685092272e+02 2.669714326300181710e+02
2.702805848656063290e+02 2.713444448168897907e+02
2.746399491167263704e+02 2.757173732615256085e+02
2.789993133959553120e+02 2.800902189991405180e+02
2.833586776867032313e+02 2.844629830684400531e+02
2.877180420864610255e+02 2.888356665102718921e+02
2.920774064378864523e+02 2.932082702341854770e+02
2.964367707884782703e+02 2.975807951959447450e+02
3.007961352181871462e+02 3.019532423579753981e+02
3.051554995036742071e+02 3.063256126763839120e+02
3.095148637537778313e+02 3.106979070254501494e+02
3.138742281802395837e+02 3.150701263402807513e+02
3.182335925252839957e+02 3.194422714880378180e+02
3.225929569587508468e+02 3.238143433593961049e+02
3.269523212676583057e+02 3.281863427862488152e+02
3.313116857163323630e+02 3.325582704265967209e+02
3.356710500939526582e+02 3.369301272200946755e+02
3.400304144885652136e+02 3.413019140600057426e+02
3.443897788940462306e+02 3.456736316288069020e+02
3.487491432945307110e+02 3.500452807900834387e+02
3.531085077732649324e+02 3.544168623063741279e+02
3.574678720112104315e+02 3.587883768818331873e+02
3.618272363047208273e+02 3.631598254163976662e+02
3.661866005503247266e+02 3.675312083441249342e+02
3.705459649363259587e+02 3.719025266125348708e+02
3.749053292758294447e+02 3.762737808120826912e+02
3.792646936233397810e+02 3.806449718839791103e+02
3.836240578965418990e+02 3.850161001937288461e+02
3.879834221733376580e+02 3.893871664911658854e+02
3.923427866697137461e+02 3.937581714426349890e+02
3.967021509592086090e+02 3.981291157473466455e+02
4.010615152187653507e+02 4.025000001778368528e+02
4.054208795640317931e+02 4.068708251748965949e+02
4.097802438157792153e+02 4.112415913799831060e+02
4.141396081196783712e+02 4.156122993547575106e+02
4.184989724828952831e+02 4.199829495369596657e+02
