0.000000000000000000e+00 0.000000000000000000e+00
4.360953660603801296e+00 4.382369677953787956e+00
8.721907321280653491e+00 8.764532433332316685e+00
1.308286098171216238e+01 1.314649227839954015e+01
1.744381464616138544e+01 1.752825311494424199e+01
2.180476830738688321e+01 2.190981872551543574e+01
2.616572196839640796e+01 2.629119278661685044e+01
3.052667563200195389e+01 3.067237889079626711e+01
3.488762930052744338e+01 3.505338049877475015e+01
3.924858296117039913e+01 3.943420099424773184e+01
4.360953663862773055e+01 4.381484365955235916e+01
4.797049030368736311e+01 4.819531169654700875e+01
5.233144398333102743e+01 5.257560823076039469e+01
5.669239766945494807e+01 5.695573629725025455e+01
6.105335133586457630e+01 6.133569884674194839e+01
6.541430500004219084e+01 6.571549870832360796e+01
6.977525867111947377e+01 7.009513872878844154e+01
7.413621237829607935e+01 7.447462161098921740e+01
7.849716605972827210e+01 7.885395004531025620e+01
8.285811973980759149e+01 8.323312658870023029e+01
8.721907341765674460e+01 8.761215379376352530e+01
9.158002709795005103e+01 9.199103410369205847e+01
9.594098082640945790e+01 9.636976989053465559e+01
1.003019344933202035e+02 1.007483635846187298e+02
1.046628881642439239e+02 1.051268174033748437e+02
1.090238418345716411e+02 1.095051336205726216e+02
1.133847955549231301e+02 1.138833143890213222e+02
1.177457492824582062e+02 1.182613618608776846e+02
1.221067029861873579e+02 1.226392780878953488e+02
1.264676566806965923e+02 1.270170651035676315e+02
1.308286103642053035e+02 1.313947248172857485e+02
1.351895640577144206e+02 1.357722592995597495e+02
1.395505177378194048e+02 1.401496703305829783e+02
1.439114714628862544e+02 1.445269598120463002e+02
1.482724251505820234e+02 1.489041295362122241e+02
1.526333788793897384e+02 1.532811813389173210e+02
1.569943325677918438e+02 1.576581169397164501e+02
1.613552863011505565e+02 1.620349379504542355e+02
1.657162400050287658e+02 1.664116460461975180e+02
1.700771937094983457e+02 1.707882428632527194e+02
1.744381474526096554e+02 1.751647299619610294e+02
1.787991012368516976e+02 1.795411089128214712e+02
1.831600549602326282e+02 1.839173812365565936e+02
1.875210086942313410e+02 1.882935484258444774e+02
1.918819623987677687e+02 1.926696119388699913e+02
1.962429161695036157e+02 1.970455732386928958e+02
2.006038698418982449e+02 2.014214337034526920e+02
2.049648235600752173e+02 2.057971945866418650e+02
2.093257773245867384e+02 2.101728573204772488e+02
2.136867310323490301e+02 2.145484233099053881e+02
2.180476847425887854e+02 2.189238936373434399e+02
2.224086384814490032e+02 2.232992696897140377e+02
2.267695922665106423e+02 2.276745526987368180e+02
2.311305459750671218e+02 2.320497438245833450e+02
2.354914997531536756e+02 2.364248442854974428e+02
2.398524534703087738e+02 2.407998552579350360e+02
2.442134071991574729e+02 2.451747777913502091e+02
2.485743609700512593e+02 2.495496131966179405e+02
2.529353146536028021e+02 2.539243623701734691e+02
2.572962684307088352e+02 2.582990265384875102e+02
2.616572221370645366e+02 2.626736066061605470e+02
2.660181758327991020e+02 2.670481037264701172e+02
2.703791295537101860e+02 2.714225189713532131e+02
2.747400832514074409e+02 2.757968533135814937e+02
2.791010370123457847e+02 2.801711077082499060e+02
2.834619907330202864e+02 2.845452830818599068e+02
2.878229445217342004e+02 2.889193804260298748e+02
2.921838983850458362e+02 2.932934006134187257e+02
2.965448522035848669e+02 2.976673445959767150e+02
3.009058058952846295e+02 3.020412132591578143e+02
3.052667596967821737e+02 3.064150074674553252e+02
3.096277133691650647e+02 3.107887281322953754e+02
3.139886671238273266e+02 3.151623760909935186e+02
3.183496208540460657e+02 3.195359521894553154e+02
3.227105747459308986e+02 3.239094572493337409e+02
3.270715286228340801e+02 3.282828919276697661e+02
3.314324824988294722e+02 3.326562572970537417e+02
3.357934363364004184e+02 3.370295538809782556e+02
3.401543902364946916e+02 3.414027825674012320e+02
3.445153440726531926e+02 3.457759440822230772e+02
3.488762979285260712e+02 3.501490392282310040e+02
3.532372516610573712e+02 3.545220687141288067e+02
3.575982054628901778e+02 3.588950331764051498e+02
3.619591592518166863e+02 3.632679334200805670e+02
3.663201130393774747e+02 3.676407700168105066e+02
3.706810667222302982e+02 3.720135438907758498e+02
3.750420204897266672e+02 3.763862555888634347e+02
3.794029742590264505e+02 3.807589055471773918e+02
3.837639279666655057e+02 3.851314947941922355e+02
3.881248818967640659e+02 3.895040236273234768e+02
3.924858356143818696e+02 3.938764929491128441e+02
3.968467894123066912e+02 3.982489032221915295e+02
4.012077431232401068e+02 4.026212551937841226e+02
4.055686967968609906e+02 4.069935492892976754e+02
4.099296506689014450e+02 4.113657860540355955e+02
4.142906043849949356e+02 4.157379663166123009e+02
4.186515583463219627e+02 4.201100905707517086e+02
