0.000000000000000000e+00 0.000000000000000000e+00
4.527168487469721114e+00 4.545945312375102354e+00
9.054336975020147449e+00 9.091729633697852364e+00
1.358150546275346926e+01 1.363735573818851421e+01
1.810867396010159780e+01 1.818282633853228702e+01
2.263584245148616958e+01 2.272814405860714615e+01
2.716301094136713346e+01 2.727331147147897639e+01
3.169017943337811261e+01 3.181833108127283083e+01
3.621734792731103170e+01 3.636320534233152557e+01
4.074451641865077534e+01 4.090793662567378419e+01
4.527168492580945269e+01 4.545252725559888063e+01
4.979885342435824214e+01 4.999697950854496042e+01
5.432602192290352150e+01 5.454129560559010059e+01
5.885319045333818622e+01 5.908547766575746607e+01
6.338035896193908769e+01 6.362952782363169035e+01
6.790752746156763919e+01 6.817344815967240379e+01
7.243469596276852940e+01 7.271724063975717911e+01
7.696186445655075659e+01 7.726090725402498549e+01
8.148903296527575435e+01 8.180444994744155451e+01
8.601620149586682373e+01 8.634787057344431105e+01
9.054337001180797984e+01 9.089117095701342919e+01
9.507053852563642238e+01 9.543435287236212616e+01
9.959770701857092945e+01 9.997741810452802724e+01
1.041248755774394397e+02 1.045203684235268327e+02
1.086520440739175228e+02 1.090632054333662779e+02
1.131792125764661563e+02 1.136059307791226587e+02
1.177063811093627805e+02 1.181485460328641466e+02
1.222335496413435862e+02 1.226910527710010257e+02
1.267607181559818486e+02 1.272334526250784279e+02
1.312878867181864564e+02 1.317757469732337654e+02
1.358150552110409990e+02 1.363179373963509988e+02
1.403422237390280429e+02 1.408600252635231982e+02
1.448693922401677696e+02 1.454020119989692148e+02
1.493965607560472790e+02 1.499438990059353216e+02
1.539237292626982594e+02 1.544856876126289649e+02
1.584508977986348555e+02 1.590273792426759769e+02
1.629780663056550907e+02 1.635689750645058211e+02
1.675052348612646540e+02 1.681104763795961219e+02
1.720324034157458755e+02 1.726518845246292244e+02
1.765595719706998352e+02 1.771932005722481449e+02
1.810867405239555978e+02 1.817344258432005404e+02
1.856139090675726209e+02 1.862755614595510565e+02
1.901410776039237760e+02 1.908166086401963639e+02
1.946682461433080391e+02 1.953575684938504935e+02
1.991954146817116680e+02 1.998984421044495434e+02
2.037225832237913608e+02 2.044392305862979526e+02
2.082497517653754358e+02 2.089799349538544675e+02
2.127769203051767022e+02 2.135205562082447841e+02
2.173040888540010087e+02 2.180610954757739819e+02
2.218312574831922461e+02 2.226015537145029271e+02
2.263584260110945365e+02 2.271419320036262093e+02
2.308855945681720812e+02 2.316822312155717327e+02
2.354127632075151553e+02 2.362224524080630772e+02
2.399399317467364767e+02 2.407625965094170226e+02
2.444671003370526137e+02 2.453026643969529061e+02
2.489942689822653108e+02 2.498426568101128851e+02
2.535214374974852944e+02 2.543825748083810083e+02
2.580486060176890533e+02 2.589224192458929110e+02
2.625757745294332608e+02 2.634621909861793938e+02
2.671029430431952960e+02 2.680018908594663571e+02
2.716301115511270723e+02 2.725415197847793252e+02
2.761572801800407433e+02 2.770810784451875293e+02
2.806844488318666322e+02 2.816205676430909648e+02
2.852116173423978012e+02 2.861599883238940834e+02
2.897387860346072443e+02 2.906993411036399948e+02
2.942659545678793052e+02 2.952386267970914560e+02
2.987931230684167758e+02 2.997778461121270652e+02
3.033202915677678675e+02 3.043169998277822970e+02
3.078474602219986309e+02 3.088560886607039606e+02
3.123746287408498574e+02 3.133951133319587825e+02
3.169017973802780261e+02 3.179340745050318446e+02
3.214289660240926878e+02 3.224729729365451476e+02
3.259561347445070965e+02 3.270118092407640233e+02
3.304833034704231522e+02 3.315505839197579689e+02
3.350104721535388421e+02 3.360892977823901902e+02
3.395376408268642194e+02 3.406279514872152276e+02
3.440648095080086932e+02 3.451665457517135565e+02
3.485919781760071601e+02 3.497050810823855045e+02
3.531191469088290660e+02 3.542435581148520214e+02
3.576463156537117243e+02 3.587819773993037415e+02
3.621734842545394031e+02 3.633203396512056997e+02
3.667006528377857535e+02 3.678586453379870704e+02
3.712278213720830990e+02 3.723968951737067528e+02
3.757549899344994628e+02 3.769350896608453922e+02
3.802821585467492014e+02 3.814732292431459655e+02
3.848093271779258657e+02 3.860113146710700676e+02
3.893364959615521457e+02 3.905493463783190009e+02
3.938636645145228954e+02 3.950873250277295483e+02
3.983908332394492504e+02 3.996252510820334010e+02
4.029180018321018224e+02 4.041631250187622300e+02
4.074451704757940433e+02 4.087009473113511717e+02
4.119723390253177513e+02 4.132387184449156621e+02
4.164995075267605671e+02 4.177764388266886044e+02
4.210266761989881275e+02 4.223141090810609057e+02
4.255538447619118188e+02 4.268517298391739132e+02
4.300810132601424129e+02 4.313893012715623172e+02
4.346081817925892778e+02 4.359268239738714783e+02
