0.000000000000000000e+00 0.000000000000000000e+00
4.522948226408709083e+00 4.547690301007847324e+00
9.045896455455480378e+00 9.095104477145589783e+00
1.356884468798538279e+01 1.364224870314795979e+01
1.809179292193530841e+01 1.818912894924678270e+01
2.261474114935009538e+01 2.273575098510395875e+01
2.713768937938650438e+01 2.728212040596749688e+01
3.166063761189693793e+01 3.182824259581781590e+01
3.618358584932382627e+01 3.637412279666809667e+01
4.070653409365812081e+01 4.091976609225858397e+01
4.522948232160015891e+01 4.546517738512286400e+01
4.975243054892420957e+01 5.001036143241759646e+01
5.427537877970873126e+01 5.455532282337850347e+01
5.879832702251230359e+01 5.910006605821388348e+01
6.332127525478233565e+01 6.364459545375112270e+01
6.784422351992373024e+01 6.818891525098899820e+01
7.236717174917258433e+01 7.273302951563799468e+01
7.689011999971134514e+01 7.727694227173873287e+01
8.141306824345920745e+01 8.182065731120786722e+01
8.593601651131335473e+01 8.636417839801072205e+01
9.045896477600140884e+01 9.090750916223993272e+01
9.498191301253112329e+01 9.545065317535491545e+01
9.950486131031286163e+01 9.999361381659207382e+01
1.040278095961498082e+02 1.045363944776498073e+02
1.085507578593701083e+02 1.090789983840088837e+02
1.130737061265888315e+02 1.136214287720961238e+02
1.175966543656631984e+02 1.181636886267327071e+02
1.221196026183247767e+02 1.227057810077107263e+02
1.266425509349444667e+02 1.272477087970258083e+02
1.311654992200052163e+02 1.317894748733766903e+02
1.356884474514993144e+02 1.363310820225857185e+02
1.402113957604762788e+02 1.408725329077257697e+02
1.447343440376463946e+02 1.454138301637174209e+02
1.492572923727060754e+02 1.499549763587229450e+02
1.537802406952042134e+02 1.544959740242349540e+02
1.583031889786360580e+02 1.590368256094513697e+02
1.628261372349288649e+02 1.635775334680475908e+02
1.673490855319601849e+02 1.681180999721327112e+02
1.718720338242821413e+02 1.726585272265124331e+02
1.763949821150354182e+02 1.771988176483632742e+02
1.809179304024781914e+02 1.817389732856662476e+02
1.854408786810669767e+02 1.862789962095269232e+02
1.899638269586029082e+02 1.908188885626354363e+02
1.944867752389023394e+02 1.953586522862046877e+02
1.990097235329049568e+02 1.998982893961921832e+02
2.035326718124347849e+02 2.044378018983090897e+02
2.080556201810895800e+02 2.089771915497281043e+02
2.125785684610021065e+02 2.135164601872436663e+02
2.171015167453168999e+02 2.180556095985121772e+02
2.216244651139896291e+02 2.225946416618727426e+02
2.261474133842008882e+02 2.271335579681845047e+02
2.306703616823266714e+02 2.316723601444724636e+02
2.351933100584717522e+02 2.362110499784204194e+02
2.397162584484296985e+02 2.407496289941396981e+02
2.442392067253717869e+02 2.452880988199084413e+02
2.487621550255918237e+02 2.498264608907145430e+02
2.532851032627148129e+02 2.543647167533596303e+02
2.578080515084258195e+02 2.589028679512349527e+02
2.623309997586011946e+02 2.634409158100913260e+02
2.668539479994237809e+02 2.679788618611349307e+02
2.713768962462162335e+02 2.725167075269816905e+02
2.758998446187321747e+02 2.770544540153748017e+02
2.804227928519941315e+02 2.815921027325402974e+02
2.849457412357555768e+02 2.861296550217594472e+02
2.894686894762389784e+02 2.906671120564148509e+02
2.939916377620770049e+02 2.952044750933351338e+02
2.985145862085386170e+02 2.997417454295115817e+02
3.030375345086575862e+02 3.042789242724884957e+02
3.075604829616472102e+02 3.088160127990631736e+02
3.120834313592873741e+02 3.133530121512235951e+02
3.166063797321291986e+02 3.178899234659044737e+02
3.211293281809810196e+02 3.224267478993239138e+02
3.256522766123956103e+02 3.269634864827529555e+02
3.301752250071864410e+02 3.315001401467492883e+02
3.346981734306255021e+02 3.360367100970670435e+02
3.392211218418747194e+02 3.405731973359958147e+02
3.437440701356202908e+02 3.451096029009592598e+02
3.482670185454195462e+02 3.496459279168717558e+02
3.527899669036365822e+02 3.541821733017792440e+02
3.573129153394886544e+02 3.587183397469542570e+02
3.618358635923450493e+02 3.632544283596872674e+02
3.663588119030492862e+02 3.677904402658460867e+02
3.708817602130312707e+02 3.723263761059204171e+02
3.754047085364877603e+02 3.768622368792262591e+02
3.799276568839487709e+02 3.813980234102855320e+02
3.844506052895278572e+02 3.859337365038379630e+02
3.889735537653041320e+02 3.904693773719242245e+02
3.934965020374622782e+02 3.950049465738991330e+02
3.980194503915145106e+02 3.995404448362511403e+02
4.025423987729096211e+02 4.040758728694271440e+02
4.070653472480213395e+02 4.086112317725174989e+02
4.115882955165052408e+02 4.131465223517436698e+02
4.161112438123216180e+02 4.176817450739332571e+02
4.206341921403550828e+02 4.222169009058117126e+02
4.251571405665870884e+02 4.267519905639703666e+02
4.296800888154523363e+02 4.312870144306027669e+02
4.342030370645777566e+02 4.358219735030593256e+02
