0.000000000000000000e+00 0.000000000000000000e+00
4.523128542511161143e+00 4.546200616277238815e+00
9.046257088790678580e+00 9.092159455516526378e+00
1.356938563139710396e+01 1.363788159960009239e+01
1.809251418059219674e+01 1.818337197699848673e+01
2.261564272622196370e+01 2.272863534364191906e+01
2.713877127067897987e+01 2.727367633107273548e+01
3.166189981582652280e+01 3.181849942047102076e+01
3.618502836118020127e+01 3.636310897039982848e+01
4.070815690871795312e+01 4.090750918987083651e+01
4.523128548175932906e+01 4.545170416658396562e+01
4.975441402573333960e+01 4.999569791846698763e+01
5.427754258148019062e+01 5.453949427567138031e+01
5.880067112558587894e+01 5.908309696033016678e+01
6.332379971483114645e+01 6.362650964532220144e+01
6.784692826927316389e+01 6.816973587818169733e+01
7.237005683121071797e+01 7.271277911434299313e+01
7.689318540860904250e+01 7.725564272022958789e+01
8.141631397850504470e+01 8.179832990527538072e+01
8.593944256264234127e+01 8.634084385635091508e+01
9.046257114426548185e+01 9.088318768838706774e+01
9.498569971303246007e+01 9.542536437674047534e+01
9.950882829255274942e+01 9.996737685334358048e+01
1.040319568864684783e+02 1.045092278875633269e+02
1.085550854337469673e+02 1.090509203422977436e+02
1.130782139981738794e+02 1.135924569389082848e+02
1.176013425431965658e+02 1.181338402309121562e+02
1.221244710901870576e+02 1.226750728546208506e+02
1.266475997075649360e+02 1.272161572602070407e+02
1.311707282922511126e+02 1.317570959009297269e+02
1.356938568524873290e+02 1.362978911715758272e+02
1.402169854088277248e+02 1.408385454310828493e+02
1.447401139921321942e+02 1.453790608965494187e+02
1.492632425997647374e+02 1.499194397805304391e+02
1.537863711804202467e+02 1.544596843039004170e+02
1.583094997708950018e+02 1.589997965812319478e+02
1.628326283234653715e+02 1.635397785596840095e+02
1.673557569346049263e+02 1.680796323356683217e+02
1.718788855406326093e+02 1.726193598467687593e+02
1.764020141489089895e+02 1.771589630550138281e+02
1.809251427504656533e+02 1.816984437179112319e+02
1.854482713486248144e+02 1.862378037799103936e+02
1.899713999451230961e+02 1.907770449783184858e+02
1.944945285316521222e+02 1.953161690913243262e+02
1.990176571331913067e+02 1.998551779036454263e+02
2.035407857310195539e+02 2.043940729542566714e+02
2.080639143091489700e+02 2.089328559603709436e+02
2.125870429070458556e+02 2.134715285721133853e+02
2.171101715079069834e+02 2.180100923535991910e+02
2.216333002053223424e+02 2.225485487434427796e+02
2.261564287958997284e+02 2.270868993956147506e+02
2.306795574063545473e+02 2.316251455727046391e+02
2.352026860960262979e+02 2.361632888873733123e+02
2.397258146899016538e+02 2.407013307007295566e+02
2.442489433507675471e+02 2.452392724393505432e+02
2.487720719674215673e+02 2.497771154363323944e+02
2.532952005525031325e+02 2.543148608560455273e+02
2.578183292047634723e+02 2.588525102368741955e+02
2.623414578923238309e+02 2.633900646379901787e+02
2.668645864870152309e+02 2.679275254348223712e+02
2.713877150499886284e+02 2.724648939158198573e+02
2.759108436129411075e+02 2.770021712857687248e+02
2.804339722056187725e+02 2.815393584890799161e+02
2.849571007977447152e+02 2.860764569890542930e+02
2.894802295019330813e+02 2.906134676730443402e+02
2.940033581903986715e+02 2.951503918066718484e+02
2.985264867463952783e+02 2.996872304129502709e+02
3.030496154245483922e+02 3.042239845876342770e+02
3.075727440820942320e+02 3.087606553772011466e+02
3.120958726425666327e+02 3.132972438184378916e+02
3.166190013164402899e+02 3.178337509193789856e+02
3.211421300303570661e+02 3.223701776860126529e+02
3.256652588015516585e+02 3.269065250758935690e+02
3.301883875325980284e+02 3.314427940532268622e+02
3.347115162720061790e+02 3.359789853926360479e+02
3.392346448535483319e+02 3.405151001930320263e+02
3.437577735883310197e+02 3.450511392721978154e+02
3.482809021575700967e+02 3.495871037052932024e+02
3.528040308031279437e+02 3.541229942258365782e+02
3.573271595555318640e+02 3.586588116139610634e+02
3.618502881277442498e+02 3.631945569428090721e+02
3.663734169467417132e+02 3.677302308121805936e+02
3.708965455281985442e+02 3.722658341433626674e+02
3.754196741661678516e+02 3.768013678208043302e+02
3.799428028306807619e+02 3.813368323913048243e+02
3.844659315792139296e+02 3.858722287246678206e+02
3.889890603661683031e+02 3.904075578953535341e+02
3.935121889834302920e+02 3.949428201492255539e+02
3.980353176782153923e+02 3.994780166373798806e+02
4.025584463932046901e+02 4.040131478713299771e+02
4.070815750208770964e+02 4.085482145461763821e+02
4.116047037838928304e+02 4.130832175494738294e+02
4.161278324385311862e+02 4.176181572443200025e+02
4.206509610315621330e+02 4.221530347261551697e+02
4.251740895924767187e+02 4.266878504371675263e+02
4.296972184192876512e+02 4.312226048165689463e+02
4.342203470293687815e+02 4.357572986707631344e+02
