0.000000000000000000e+00 0.000000000000000000e+00
4.524888156764282243e+00 4.545945319126910356e+00
9.049776313534639627e+00 9.091688375402487310e+00
1.357466447752354277e+01 1.363723307096340420e+01
1.809955263652999946e+01 1.818258320150701479e+01
2.262444079457888790e+01 2.272774243547574713e+01
2.714932895354663600e+01 2.727271435396633592e+01
3.167421711663252637e+01 3.181750243974241954e+01
3.619910527952427515e+01 3.636211007411409923e+01
4.072399343894960566e+01 4.090654054455366406e+01
4.524888161561425903e+01 4.545079704749556981e+01
4.977376978262137186e+01 4.999488270093768705e+01
5.429865794306049054e+01 5.453880053465209699e+01
5.882354611131253819e+01 5.908255350855295518e+01
6.334843429868890041e+01 6.362614446868458629e+01
6.787332246744672659e+01 6.816957626313683249e+01
7.239821063015118341e+01 7.271285158266914550e+01
7.692309884000216869e+01 7.725597307048849416e+01
8.144798701483007619e+01 8.179894332903015197e+01
8.597287521311650949e+01 8.634176488462998122e+01
9.049776340520057261e+01 9.088444017223417859e+01
9.502265160128338550e+01 9.542697162815153433e+01
9.954753982645186738e+01 9.996936158505414483e+01
1.040724280059983187e+02 1.045116123396899752e+02
1.085973161815220891e+02 1.090537260961888109e+02
1.131222043736122771e+02 1.135957050834189772e+02
1.176470926014177394e+02 1.181375513774425201e+02
1.221719808121385142e+02 1.226792670495498214e+02
1.266968690079247040e+02 1.272208541404825866e+02
1.312217571678528998e+02 1.317623145835673881e+02
1.357466453348447999e+02 1.363036503623951319e+02
1.402715335125536740e+02 1.408448633745549614e+02
1.447964217146659962e+02 1.453859554570203159e+02
1.493213099007238327e+02 1.499269284108789009e+02
1.538461981457302272e+02 1.544677839965263502e+02
1.583710863667332660e+02 1.590085239116078810e+02
1.628959745364794287e+02 1.635491499865625542e+02
1.674208627607939661e+02 1.680896637331909460e+02
1.719457509810047782e+02 1.726300667264343929e+02
1.764706392010693321e+02 1.771703606523793439e+02
1.809955274179365574e+02 1.817105470255768296e+02
1.855204156321568689e+02 1.862506274106137880e+02
1.900453038418013989e+02 1.907906031738760930e+02
1.945701920146092903e+02 1.953304758009938951e+02
1.990950802213845634e+02 1.998702468596067376e+02
2.036199684669677765e+02 2.044099176047189133e+02
2.081448566753350633e+02 2.089494894108266863e+02
2.126697448825900665e+02 2.134889636284189010e+02
2.171946331345322392e+02 2.180283414580048316e+02
2.217195213237904454e+02 2.225676243307559048e+02
2.262444095206259362e+02 2.271068133960774276e+02
2.307692977507754790e+02 2.316459099548222866e+02
2.352941859699452607e+02 2.361849152694957752e+02
2.398190741777324888e+02 2.407238304004977181e+02
2.443439623962170231e+02 2.452626566496487044e+02
2.488688506680124988e+02 2.498013949766292683e+02
2.533937388587721102e+02 2.543400466396466300e+02
2.579186271770909116e+02 2.588786127039012399e+02
2.624435153829535921e+02 2.634170941585770720e+02
2.669684035633036956e+02 2.679554921248031292e+02
2.714932917404950672e+02 2.724938076502585318e+02
2.760181800045741056e+02 2.770320417479151729e+02
2.805430683071843987e+02 2.815701953763066854e+02
2.850679564658291838e+02 2.861082696839679897e+02
2.895928448146529490e+02 2.906462654445357998e+02
2.941177330411650246e+02 2.951841836679703874e+02
2.986426213624804404e+02 2.997220252515089669e+02
3.031675095303430680e+02 3.042597911232188039e+02
3.076923977423494989e+02 3.087974821798433709e+02
3.122172861025768498e+02 3.133350993251057162e+02
3.167421744824902703e+02 3.178726433880191280e+02
3.212670628447440890e+02 3.224101152580923895e+02
3.257919512298074096e+02 3.269475157259220168e+02
3.303168396276533940e+02 3.314848454792767711e+02
3.348417279807615614e+02 3.360221054311265902e+02
3.393666163221813576e+02 3.405592964460925032e+02
3.438915046025990137e+02 3.450964192289362131e+02
3.484163930187311848e+02 3.496334746865076113e+02
3.529412812505269130e+02 3.541704633528534032e+02
3.574661696650032354e+02 3.587073859943577645e+02
3.619910579927610570e+02 3.632442435367589155e+02
3.665159462794512706e+02 3.677810365053724126e+02
3.710408345720002217e+02 3.723177656596069482e+02
3.755657227450474238e+02 3.768544316821730717e+02
3.800906109228612877e+02 3.813910351835358483e+02
3.846154991487750294e+02 3.859275769819796551e+02
3.891403875385007041e+02 3.904640576890780608e+02
3.936652757891148440e+02 3.950004780463830230e+02
3.981901641754387811e+02 3.995368385964280833e+02
4.027150523883525466e+02 4.040731396703187102e+02
4.072399408181835270e+02 4.086093823499311952e+02
4.117648290088656040e+02 4.131455671102567067e+02
4.162897172682527298e+02 4.176816945041895224e+02
4.208146055109846770e+02 4.222177648739910865e+02
4.253394937271560821e+02 4.267537791904397864e+02
4.298643819271117081e+02 4.312897376806022294e+02
4.343892702357173903e+02 4.358256413898621986e+02
