0.000000000000000000e+00 0.000000000000000000e+00
4.319814407350968999e+00 4.359226857962511303e+00
8.639628757215220389e+00 8.717740528282106993e+00
1.295944364722369713e+01 1.307556653717325545e+01
1.727925801169035935e+01 1.743272918956629525e+01
2.159907243266508914e+01 2.178925131466667509e+01
2.591888697095533800e+01 2.614515478197779430e+01
3.023870187523463215e+01 3.050045998212628007e+01
3.455851663488274994e+01 3.485518693595527395e+01
3.887833143450799156e+01 3.920935421805057786e+01
4.319814581934755182e+01 4.356297989876888721e+01
4.751796020018146294e+01 4.791608051021236037e+01
5.183777463953660458e+01 5.226867306839216099e+01
5.615758900542424215e+01 5.662077196283563296e+01
6.047740349380308089e+01 6.097239303221484619e+01
6.479721794649466915e+01 6.532354927940846778e+01
6.911703228401732702e+01 6.967425508962575975e+01
7.343684715813198238e+01 7.402452355571945475e+01
7.775666159385448850e+01 7.837436601415514303e+01
8.207647595698722398e+01 8.272379496416461109e+01
8.639629030507821028e+01 8.707282135143925927e+01
9.071610468699441299e+01 9.142145739886707645e+01
9.503591917724834559e+01 9.576971210817916358e+01
9.935573363292965610e+01 1.001175959178797967e+02
1.036755480623375831e+02 1.044651191793078340e+02
1.079953625043492451e+02 1.088122900669539490e+02
1.123151769840538918e+02 1.131591185661540067e+02
1.166349923806039897e+02 1.175056127026165314e+02
1.209548068091650919e+02 1.218517802966411807e+02
1.252746212660902643e+02 1.261976302128918803e+02
1.295944357187532319e+02 1.305431694382496062e+02
1.339142512109857535e+02 1.348884051274005458e+02
1.382340657564951414e+02 1.392333459391064707e+02
1.425538804841843614e+02 1.435779970624265331e+02
1.468736954212185992e+02 1.479223657606686686e+02
1.511935104460802677e+02 1.522664587779307226e+02
1.555133248434035806e+02 1.566102829271332553e+02
1.598331395151737979e+02 1.609538428666672871e+02
1.641529544715116344e+02 1.652971457518552256e+02
1.684727688175779576e+02 1.696401949849888240e+02
1.727925841389437096e+02 1.739829990367425125e+02
1.771123985470140951e+02 1.783255610523633834e+02
1.814322129428635435e+02 1.826678852579456702e+02
1.857520286123620963e+02 1.870099791246009602e+02
1.900718432374916631e+02 1.913518456067860143e+02
1.943916576338928621e+02 1.956934894136796288e+02
1.987114720624004462e+02 2.000349162834735921e+02
2.030312865683279142e+02 2.043761299417715236e+02
2.073511009496677957e+02 2.087171350106899581e+02
