0.000000000000000000e+00 0.000000000000000000e+00
4.382722315089427667e+00 4.420068073562957167e+00
8.765444648747955370e+00 8.839497173541136732e+00
1.314816707049735633e+01 1.325830949870154285e+01
1.753088960542196162e+01 1.767652471869313757e+01
2.191361218503851305e+01 2.209416279446823239e+01
2.629633478710938022e+01 2.651124234331870611e+01
3.067905707893650913e+01 3.092778093711554988e+01
3.506177937021040236e+01 3.534379598704755665e+01
3.944450165381508810e+01 3.975930319514178279e+01
4.382722404156649532e+01 4.417431853566181843e+01
4.820994641973393158e+01 4.858885610602893479e+01
5.259266886406341968e+01 5.300293016112728139e+01
5.697539112435699593e+01 5.741655424062015811e+01
6.135811367745621681e+01 6.182974117825986582e+01
6.574083616847323697e+01 6.624250314167649378e+01
7.012355850525577239e+01 7.065485282380339527e+01
7.450628075888299406e+01 7.506680038863217419e+01
7.888900331538653177e+01 7.947835690030768774e+01
8.327172590805250252e+01 8.388953326009408329e+01
8.765444864608366515e+01 8.830034000558188723e+01
9.203717090653753985e+01 9.271078565768260660e+01
9.641989321299308813e+01 9.712087954783842747e+01
1.008026158286995724e+02 1.015306317507176743e+02
1.051853380988429194e+02 1.059400492639086764e+02
1.095680605403955923e+02 1.103491419801405868e+02
1.139507832619454746e+02 1.147579161880432110e+02
1.183335056823597000e+02 1.191663809299955687e+02
1.227162282167630991e+02 1.235745425331041503e+02
1.270989506671895128e+02 1.279824081634344708e+02
1.314816729628327607e+02 1.323899854500471349e+02
1.358643956480298129e+02 1.367972803750341200e+02
1.402471181645054230e+02 1.412043008897365439e+02
1.446298404227788694e+02 1.456110516321190858e+02
1.490125630360295190e+02 1.500175383607432593e+02
1.533952854178508289e+02 1.544237680244062005e+02
1.577780077354752848e+02 1.588297458709551506e+02
1.621607317143752311e+02 1.632354768531146192e+02
1.665434573248591050e+02 1.676409659030725265e+02
1.709261813522218176e+02 1.720462187315745837e+02
1.753089036664376010e+02 1.764512400830001013e+02
1.796916270860621694e+02 1.808560346727122123e+02
1.840743496609843532e+02 1.852606081279807881e+02
1.884570722618027503e+02 1.896649628413216533e+02
1.928397945426275442e+02 1.940691047826506974e+02
1.972225174823693692e+02 1.984730378551555248e+02
2.016052404009362817e+02 2.028767656116080502e+02
2.059879643224607548e+02 2.072802936979661581e+02
2.103706871009630390e+02 2.116836241124495075e+02
