4.800440352008295690e+02
4.133502687295907663e+02
4.756819519528457363e+02
4.541044712150550708e+02
3.510169766152569082e+02
3.955250526438700831e+02
4.821984446263980431e+02
4.395251605508363468e+02
4.537631524384643171e+02
4.806230663078885073e+02
4.148550790834210602e+02
4.364585871011980771e+02
4.027327817325491424e+02
4.675824635827735278e+02
5.004531017704555325e+02
4.350322585426039836e+02
4.251135188106148348e+02
3.760891547488882338e+02
4.939067466950435232e+02
4.173431113000665391e+02
4.435838150286646737e+02
3.860200577903769954e+02
4.221912128932945052e+02
4.439276054551785364e+02
3.869335027824971007e+02
4.103180799620982953e+02
4.589476925942469734e+02
5.060237784230747025e+02
4.600294099784682089e+02
4.812467844055273645e+02
3.932650677389070211e+02
3.922767633959707041e+02
4.210905695277020300e+02
4.200641307651433749e+02
4.343477064289202758e+02
4.451917551289961921e+02
3.779482598218912131e+02
4.115259299422962158e+02
4.298498182783934567e+02
5.670029331969288933e+02
4.226985624650214959e+02
5.067371810950094186e+02
3.860054629000104001e+02
5.552954294514649973e+02
4.369272526485471531e+02
4.158753264005173946e+02
4.858798468691134076e+02
4.454531470151528083e+02
4.748070141529112789e+02
4.010752305232001049e+02
4.676236863640523893e+02
5.079123103339999261e+02
4.010652487956505752e+02
4.601091020275391656e+02
4.668254789328834704e+02
3.880619961806869469e+02
4.804208926102380133e+02
4.659495828871185381e+02
3.985462154177792513e+02
4.783581326194209851e+02
4.520959414356922252e+02
4.675932530953152764e+02
4.437911019333168383e+02
4.880987566999475007e+02
3.480920395442154813e+02
4.393919338162747863e+02
4.021709447391866661e+02
4.411975253449884917e+02
4.366856126704441294e+02
4.195434585251015278e+02
4.369724238815585409e+02
3.393213531964020717e+02
4.239128628129144545e+02
4.379745203477563109e+02
3.832663503730653929e+02
4.481937644124597000e+02
4.095007149395055990e+02
4.559280425417473452e+02
4.083084533924890707e+02
4.769985973445193395e+02
3.659778247900833321e+02
5.047983767151546317e+02
4.937789862547496114e+02
4.693097722431213583e+02
4.578108233625689536e+02
3.885307804408208199e+02
3.933065902963626286e+02
4.837477084233320284e+02
4.653549067408654878e+02
4.638393710442763336e+02
4.003566044842249880e+02
4.010955129756663951e+02
4.628215204630279231e+02
3.930032686208736550e+02
4.402883281035014420e+02
5.107759670208232592e+02
4.502278030828903752e+02
5.082975675733597996e+02
4.502408956445353851e+02
4.393176893563842782e+02
