0.000000000000000000e+00 0.000000000000000000e+00
4.617072407632740294e+00 4.632781435558614547e+00
9.234144818031158053e+00 9.265456651828728241e+00
1.385121722600389660e+01 1.389802709621575616e+01
1.846828963470493434e+01 1.853049417805203802e+01
2.308536204367477751e+01 2.316285928618142620e+01
2.770243446140487009e+01 2.779512378607536505e+01
3.231950687045616633e+01 3.242728899902817830e+01
3.693657929052743327e+01 3.705935622878465097e+01
4.155365170051510404e+01 4.169132676684927219e+01
4.617072412852499497e+01 4.632320187376274134e+01
5.078779654413013134e+01 5.095498276487137446e+01
5.540486895933015177e+01 5.558667062780641288e+01
6.002194137568599075e+01 6.021826667422631374e+01
6.463901379266789604e+01 6.484977205070657647e+01
6.925608620587479436e+01 6.948118791983114306e+01
7.387315861819899965e+01 7.411251537121910360e+01
7.849023103881229702e+01 7.874375551172832388e+01
8.310730346201155783e+01 8.337490943023432521e+01
8.772437590589299816e+01 8.800597816605220203e+01
9.234144832860597774e+01 9.263696275852575468e+01
9.695852074053667025e+01 9.726786421418680106e+01
1.015755931825683547e+02 1.018986835528536972e+02
1.061926655981620655e+02 1.065294217512353327e+02
1.108097380089413804e+02 1.111600797734593016e+02
1.154268104384515823e+02 1.157906585580552132e+02
1.200438828767814101e+02 1.204211590419655948e+02
1.246609553154150092e+02 1.250515821449450584e+02
1.292780277390126003e+02 1.296819287510146523e+02
1.338951001994509511e+02 1.343121997488315458e+02
1.385121726335474364e+02 1.389423960346802005e+02
1.431292450509540117e+02 1.435725183990620906e+02
1.477463174643220327e+02 1.482025677310122376e+02
1.523633898920757304e+02 1.528325447989430756e+02
1.569804623456382160e+02 1.574624504560068203e+02
1.615975348024036577e+02 1.620922854943263189e+02
1.662146072197493254e+02 1.667220506928226769e+02
1.708316796415592478e+02 1.713517467992585921e+02
1.754487520865574766e+02 1.759813746274559492e+02
1.800658245327033740e+02 1.806109348967344772e+02
1.846828969600457526e+02 1.852404283408807260e+02
1.892999694061778655e+02 1.898698556659325902e+02
1.939170418533097973e+02 1.944992175843689779e+02
1.985341142812505097e+02 1.991285147537989246e+02
2.031511867151405397e+02 2.037577478979668513e+02
2.077682591434493702e+02 2.083869177333964444e+02
2.123853315735362912e+02 2.130160248786977490e+02
2.170024040554309863e+02 2.176450699393666355e+02
2.216194765257810673e+02 2.222740536108288438e+02
2.262365489623394694e+02 2.269029765235495688e+02
2.308536214451483772e+02 2.315318393741563909e+02
2.354706938621102950e+02 2.361606426643989778e+02
2.400877662904371164e+02 2.407893870191928727e+02
2.447048387498097668e+02 2.454180731188404820e+02
2.493219111713574989e+02 2.500467014732691950e+02
2.539389836679180803e+02 2.546752726808661009e+02
2.585560561794980572e+02 2.593037872955627563e+02
2.631731286867744188e+02 2.639322458965270357e+02
2.677902011601652248e+02 2.685606490144630243e+02
2.724072736968340678e+02 2.731889972762402863e+02
2.770243462235529250e+02 2.778172911243989347e+02
2.816414187612410842e+02 2.824455311001848941e+02
2.862584912317129238e+02 2.870737177259618989e+02
2.908755636546602545e+02 2.917018515797701639e+02
2.954926361071787824e+02 2.963299331004755004e+02
3.001097085348965265e+02 3.009579627066080434e+02
3.047267810145677913e+02 3.055859410190387280e+02
3.093438534505158941e+02 3.102138684661094885e+02
3.139609258981899984e+02 3.148417455319947180e+02
3.185779983296613409e+02 3.194695727896471453e+02
3.231950708371100518e+02 3.240973506064286767e+02
3.278121432830257618e+02 3.287250793932288389e+02
3.324292157114467727e+02 3.333527597276013239e+02
3.370462881404667996e+02 3.379803919644521102e+02
3.416633605722599896e+02 3.426079764653860593e+02
3.462804329988165932e+02 3.472355138245494572e+02
3.508975055756120582e+02 3.518630043910978884e+02
3.555145781524446988e+02 3.564904486641350445e+02
3.601316506018525843e+02 3.611178468992840180e+02
3.647487230237315998e+02 3.657451996532514613e+02
3.693657955867784040e+02 3.703725072149059656e+02
3.739828680042447786e+02 3.749997701042630069e+02
3.785999404587051913e+02 3.796269885994199740e+02
3.832170129560444138e+02 3.842541631684619006e+02
3.878340854291778328e+02 3.888812941553946985e+02
3.924511579027931703e+02 3.935083819985514992e+02
3.970682303657840180e+02 3.981354271165698719e+02
4.016853027910811988e+02 4.027624296354432545e+02
4.063023752709971177e+02 4.073893901386915104e+02
4.109194477727311892e+02 4.120163088437935812e+02
4.155365202519029140e+02 4.166431862499216550e+02
4.201535927270530237e+02 4.212700227423994193e+02
4.247706652038746142e+02 4.258968184117063629e+02
4.293877376259759444e+02 4.305235737541593153e+02
4.340048100530498232e+02 4.351502891096797612e+02
4.386218825613200920e+02 4.397769647879989634e+02
4.432389551311107425e+02 4.444036011902149994e+02
4.478560275591684103e+02 4.490301987272982842e+02
4.524731001102644541e+02 4.536567575360442675e+02
4.570901726013477173e+02 4.582832779805677319e+02
4.617072450435626934e+02 4.629097603744995126e+02
4.663243174928782082e+02 4.675362049144088701e+02
4.709413899595663224e+02 4.721626120544888181e+02
4.755584625710935143e+02 4.767889820498298832e+02
4.801755352152083560e+02 4.814153151825205441e+02
4.847926076920791729e+02 4.860416118658882283e+02
4.894096801343201832e+02 4.906678721928594200e+02
4.940267525504988271e+02 4.952940966581634257e+02
4.986438249878182774e+02 4.999202853524049033e+02
5.032608976039541062e+02 5.045464387472467251e+02
5.078779700988316677e+02 5.091725569391317094e+02
5.124950425277893373e+02 5.137986402613106520e+02
5.171121149583939314e+02 5.184246891047541794e+02
5.217291873893491356e+02 5.230507036122066893e+02
5.263462599682230803e+02 5.276766839585935713e+02
5.309633324544090556e+02 5.323026304394004455e+02
5.355804049065814070e+02 5.369285434919428326e+02
5.401974774172642810e+02 5.415544232991413764e+02
5.448145498855003552e+02 5.461802699469423032e+02
5.494316224649343212e+02 5.508060837993432415e+02
5.540486951226878318e+02 5.554318652037886750e+02
5.586657676242321031e+02 5.600576142715500509e+02
5.632828401993347143e+02 5.646833313437539346e+02
5.678999128863545138e+02 5.693090165083311831e+02
5.725169853487918772e+02 5.739346702658322101e+02
5.771340579016173251e+02 5.785602926860929074e+02
5.817511304830748031e+02 5.831858838865384769e+02
5.863682029207619735e+02 5.878114441830196029e+02
5.909852753688563780e+02 5.924369738929367486e+02
