0.000000000000000000e+00 0.000000000000000000e+00
4.615697729345648703e+00 4.632781436743905523e+00
9.231395459437241158e+00 9.265438160069688678e+00
1.384709318892632268e+01 1.389797200126715637e+01
1.846279091920780857e+01 1.853038474959937432e+01
2.307848865070847211e+01 2.316267814620701060e+01
2.769418638935892574e+01 2.779485391098937441e+01
3.230988411933356019e+01 3.242691371763356756e+01
3.692558186180315261e+01 3.705885919584068233e+01
4.154127961027464266e+01 4.169069195550132889e+01
4.615697734718429501e+01 4.632241358564057521e+01
5.077267507754346809e+01 5.095402560853150931e+01
5.538837281081887909e+01 5.558552951561468092e+01
6.000407054878353108e+01 6.021692680389760710e+01
6.461976828698568909e+01 6.484821890333722649e+01
6.923546603444847847e+01 6.947940725264747641e+01
7.385116377129500620e+01 7.411049321912848598e+01
7.846686152719698271e+01 7.874147815847962306e+01
8.308255927522807838e+01 8.337236344254927189e+01
8.769825700701387916e+01 8.800315034256882996e+01
9.231395477766400859e+01 9.263384015003828154e+01
9.692965251065638199e+01 9.726443408971064741e+01
1.015453502742229546e+02 1.018949334466621508e+02
1.061610480119288411e+02 1.065253394041506567e+02
1.107767457565483653e+02 1.111556531195484183e+02
1.153924435123844034e+02 1.157858758014685066e+02
1.200081412763989306e+02 1.204160085582772695e+02
1.246238390340480890e+02 1.250460525207398348e+02
1.292395367648047113e+02 1.296760087861543411e+02
1.338552345509226882e+02 1.343058784290087999e+02
1.384709322880361810e+02 1.389356625219112402e+02
1.430866300586954480e+02 1.435653620675752222e+02
1.477023277928363427e+02 1.481949781402692281e+02
1.523180255339387372e+02 1.528245116791379417e+02
1.569337232726793445e+02 1.574539637038566298e+02
1.615494210599839846e+02 1.620833352172746515e+02
1.661651188170036448e+02 1.667126271227135987e+02
1.707808165945677388e+02 1.713418403193549011e+02
1.753965143478918378e+02 1.759709758016251726e+02
1.800122120980852287e+02 1.806000344201367511e+02
1.846279098306255264e+02 1.852290170447045625e+02
1.892436075922337295e+02 1.898579246092061794e+02
1.938593053876732597e+02 1.944867578578620737e+02
1.984750031339547149e+02 1.991155177684556179e+02
2.030907009353418857e+02 2.037442050265366049e+02
2.077063987322958383e+02 2.083728204966028841e+02
2.123220965184949023e+02 2.130013650038983997e+02
2.169377942677201077e+02 2.176298393225675056e+02
2.215534920060087245e+02 2.222582442422408633e+02
2.261691897994281533e+02 2.268865804625494604e+02
2.307848875692299089e+02 2.315148487604678564e+02
2.354005853356872535e+02 2.361430499707672652e+02
2.400162831297022876e+02 2.407711846397989461e+02
2.446319808906127378e+02 2.453992535567420532e+02
2.492476787219448511e+02 2.500272574370522989e+02
2.538633765742358150e+02 2.546551970312622188e+02
2.584790744010902017e+02 2.592830729149898730e+02
2.630947721458473438e+02 2.639108857904186607e+02
2.677104699437606996e+02 2.685386363068575974e+02
2.723261677031140948e+02 2.731663251173782214e+02
2.769418655519312438e+02 2.777939527423301911e+02
2.815575634110471128e+02 2.824215199613124696e+02
2.861732611505139516e+02 2.870490274042757051e+02
2.907889589529657428e+02 2.916764756217162358e+02
2.954046567274217523e+02 2.963038651252018667e+02
3.000203544700134444e+02 3.009311965416297880e+02
3.046360522646953655e+02 3.055584704960538147e+02
3.092517500243450854e+02 3.101856876732535966e+02
3.138674477937494203e+02 3.148128484621113330e+02
3.184831455464882310e+02 3.194399535365426459e+02
3.230988433673026066e+02 3.240670033492529569e+02
3.277145411584079966e+02 3.286939983924846160e+02
3.323302389344637504e+02 3.333209393851005302e+02
3.369459367213550536e+02 3.379478267072796598e+02
3.415616344639065574e+02 3.425746607930251457e+02
3.461773323312280581e+02 3.472014422857330374e+02
3.507930301358442193e+02 3.518281716624611590e+02
3.554087280259508361e+02 3.564548494132260998e+02
3.600244257676523603e+02 3.610814760230682054e+02
3.646401235392248168e+02 3.657080519585093725e+02
3.692558213393122060e+02 3.703345777189646242e+02
3.738715190787252709e+02 3.749610537944362250e+02
3.784872168548878903e+02 3.795874806020080996e+02
3.831029146776960488e+02 3.842138587040278139e+02
3.877186124767628712e+02 3.888401884305070553e+02
3.923343102224891368e+02 3.934664702284350142e+02
3.969500081072259263e+02 3.980927043966790393e+02
4.015657059701952107e+02 4.027188915390246393e+02
4.061814037135849276e+02 4.073450320464348806e+02
4.107971015439017037e+02 4.119711263368276946e+02
4.154127993460045900e+02 4.165971748886884143e+02
4.200284971420221609e+02 4.212231780990573498e+02
4.246441949404496654e+02 4.258491361588551172e+02
4.292598926839087881e+02 4.304750496240638427e+02
4.338755904491590627e+02 4.351009188771022309e+02
4.384912881850174244e+02 4.397267442909635520e+02
4.431069861033560073e+02 4.443525264094371323e+02
4.477226838457164604e+02 4.489782653853796432e+02
4.523383815946707500e+02 4.536039617655357574e+02
4.569540795128460786e+02 4.582296157811732087e+02
4.615697774213055027e+02 4.628552277159585628e+02
4.661854752138278286e+02 4.674807979754427834e+02
4.708011730122709650e+02 4.721063271622033426e+02
4.754168709441720466e+02 4.767318153112328787e+02
4.800325689071624993e+02 4.813572628607204251e+02
4.846482667861253049e+02 4.859826701579274868e+02
4.892639646450253395e+02 4.906080375890119285e+02
4.938796624281964682e+02 4.952333654034550250e+02
4.984953601898323541e+02 4.998586539933315862e+02
5.031110580517200788e+02 5.044839036073509533e+02
5.077267558689569569e+02 5.091091145709531816e+02
5.123424537858395524e+02 5.137342873718246210e+02
5.169581515351378584e+02 5.183594221736452710e+02
5.215738492875975680e+02 5.229845193986245704e+02
5.261895471959334145e+02 5.276095792241311528e+02
5.308052449390434049e+02 5.322346018690341225e+02
5.354209428664206598e+02 5.368595877807995294e+02
5.400366406910810610e+02 5.414845372838905178e+02
5.446523384891002024e+02 5.461094505282774207e+02
5.492680362389933180e+02 5.507343279075103055e+02
5.538837340052134550e+02 5.553591694626381923e+02
5.584994318374192517e+02 5.599839757230977284e+02
5.631151296566472411e+02 5.646087470288719032e+02
5.677308276628467638e+02 5.692334835756236089e+02
5.723465254456865523e+02 5.738581855521349553e+02
5.769622233006100487e+02 5.784828532016940699e+02
5.815779211918104465e+02 5.831074867391926091e+02
5.861936192108260002e+02 5.877320866136085442e+02
5.908093169836989773e+02 5.923566528826887634e+02
