0.000000000000000000e+00 0.000000000000000000e+00
4.615697729185088249e+00 4.632781436826326704e+00
9.231395458771903151e+00 9.265438160165206938e+00
1.384709318906914177e+01 1.389797200136402111e+01
1.846279091935537764e+01 1.853038474994422202e+01
2.307848864997781035e+01 2.316267814431261485e+01
2.769418638393725018e+01 2.779485390919295185e+01
3.230988411391729187e+01 3.242691370994829470e+01
3.692558186000346154e+01 3.705885918795422640e+01
4.154127958963763945e+01 4.169069195422190433e+01
4.615697731910146473e+01 4.632241358909026019e+01
5.077267505549324511e+01 5.095402561255505702e+01
5.538837279221009169e+01 5.558552951577845391e+01
6.000407053005065450e+01 6.021692681929075519e+01
6.461976827776605603e+01 6.484821891850029374e+01
6.923546601684444113e+01 6.947940727078332657e+01
7.385116377787521458e+01 7.411049323721449866e+01
7.846686153199269143e+01 7.874147817979869046e+01
8.308255926367718303e+01 8.337236345661624171e+01
8.769825703357250291e+01 8.800315034015791582e+01
9.231395477403123095e+01 9.263384014938915811e+01
9.692965251696267615e+01 9.726443411510746273e+01
1.015453502802491528e+02 1.018949334574728738e+02
1.061610480364147122e+02 1.065253394082153875e+02
1.107767457810123801e+02 1.111556531244527264e+02
1.153924435261966579e+02 1.157858758098329730e+02
1.200081412860874934e+02 1.204160085666843685e+02
1.246238390437882941e+02 1.250460525287088274e+02
1.292395367892848412e+02 1.296760088242151880e+02
1.338552345751347730e+02 1.343058784691084497e+02
1.384709323122053206e+02 1.389356625612772120e+02
1.430866300721722268e+02 1.435653621452673576e+02
1.477023278738145109e+02 1.481949782174394272e+02
1.523180256082543451e+02 1.528245117974398681e+02
1.569337233470003525e+02 1.574539638686709964e+02
1.615494210802322641e+02 1.620833353676544561e+02
1.661651188843926548e+02 1.667126272788560470e+02
1.707808166321472640e+02 1.713418404638385368e+02
1.753965143944201941e+02 1.759709759173098860e+02
1.800122121469761396e+02 1.806000345482352145e+02
1.846279098937095284e+02 1.852290172080988100e+02
1.892436076343392131e+02 1.898579247748112380e+02
1.938593053829402493e+02 1.944867580774196085e+02
1.984750031443867897e+02 1.991155179542139706e+02
2.030907009560367555e+02 2.037442052530127512e+02
2.077063987058938324e+02 2.083728207581148126e+02
2.123220964565498434e+02 2.130013652605196626e+02
2.169377942099645509e+02 2.176298395715331253e+02
2.215534919845856621e+02 2.222582444573344560e+02
2.261691897409954777e+02 2.268865806901993096e+02
2.307848875547124976e+02 2.315148489951866395e+02
2.354005853472013143e+02 2.361430501974363665e+02
2.400162831085076220e+02 2.407711848773037673e+02
2.446319808530888054e+02 2.453992538499713589e+02
2.492476785980978775e+02 2.500272578034714570e+02
2.538633763339806251e+02 2.546551973038097003e+02
2.584790741176034317e+02 2.592830732021332665e+02
2.630947718855125572e+02 2.639108860292948293e+02
2.677104697038444669e+02 2.685386365516581009e+02
2.723261675241253670e+02 2.731663252757288092e+02
2.769418653726107777e+02 2.777939529806909036e+02
2.815575632331405131e+02 2.824215201919527090e+02
2.861732610329439694e+02 2.870490276339485263e+02
2.907889587774466236e+02 2.916764757370497136e+02
2.954046565519189471e+02 2.963038653065532344e+02
3.000203542971827915e+02 3.009311967319621886e+02
3.046360520920290469e+02 3.055584707127644037e+02
3.092517499302933288e+02 3.101856877874349721e+02
3.138674476995840905e+02 3.148128485242042416e+02
3.184831454523039724e+02 3.194399535642047567e+02
3.230988432731205648e+02 3.240670033720360266e+02
3.277145410423859175e+02 3.286939984706259565e+02
3.323302387849221873e+02 3.333209394195061464e+02
3.369459366550967161e+02 3.379478267387063397e+02
3.415616344113412879e+02 3.425746609202217314e+02
3.461773321941514041e+02 3.472014423948763806e+02
3.507930299978971789e+02 3.518281717512673481e+02
3.554087278880261920e+02 3.564548495345304673e+02
3.600244256309723596e+02 3.610814761343441432e+02
3.646401235078525360e+02 3.657080521798707196e+02
3.692558212538774569e+02 3.703345780312708939e+02
3.738715190713600123e+02 3.749610540510809642e+02
3.784872168475384342e+02 3.795874809467227919e+02
3.831029146699304988e+02 3.842138589923431482e+02
3.877186124689999360e+02 3.888401885677646987e+02
3.923343102147318291e+02 3.934664702927854592e+02
3.969500080993259985e+02 3.980927044743190208e+02
4.015657059625545457e+02 4.027188916163843260e+02
4.061814037622366982e+02 4.073450321293252046e+02
4.107971015925478468e+02 4.119711265491010863e+02
4.154127993908481358e+02 4.165971749978493790e+02
4.200284971868607045e+02 4.212231782086884095e+02
4.246441949852929838e+02 4.258491362682001409e+02
4.292598927272412084e+02 4.304750497701726317e+02
4.338755904706049478e+02 4.351009190225181555e+02
4.384912883016560841e+02 4.397267445063719151e+02
4.431069862205541767e+02 4.443525266253636232e+02
4.477226839629129245e+02 4.489782656169055599e+02
4.523383817703517593e+02 4.536039619922009933e+02
4.569540796094025836e+02 4.582296160073458395e+02
4.615697775114363139e+02 4.628552279501407156e+02
4.661854752652239426e+02 4.674807982562142570e+02
4.708011730636677612e+02 4.721063272902035806e+02
4.754168709955011991e+02 4.767318154322133523e+02
4.800325689576965260e+02 4.813572631333018990e+02
4.846482667055935281e+02 4.859826703882754941e+02
4.892639644661464899e+02 4.906080377784052189e+02
4.938796623230593923e+02 4.952333656579577905e+02
4.984953602711370308e+02 4.998586542776777151e+02
5.031110580473894061e+02 5.044839040836765207e+02
5.077267558643229677e+02 5.091091150429940626e+02
5.123424536145814727e+02 5.137342878386281200e+02
5.169581513638722754e+02 5.183594227053949908e+02
5.215738491163219805e+02 5.229845198653631542e+02
5.261895470245848401e+02 5.276095796051597517e+02
5.308052448010741955e+02 5.322346023727515103e+02
5.354209427284323510e+02 5.368595881970722985e+02
5.400366405064810351e+02 5.414845375970210171e+02
5.446523384782821040e+02 5.461094506996455493e+02
5.492680362281457747e+02 5.507343280166966224e+02
5.538837341285376397e+02 5.553591695841007549e+02
5.584994319607395710e+02 5.599839757907953981e+02
5.631151297638609776e+02 5.646087471460633651e+02
5.677308277702286432e+02 5.692334835936467243e+02
5.723465256805178569e+02 5.738581856139533102e+02
5.769622235358499438e+02 5.784828532232793350e+02
5.815779213997150237e+02 5.831074867568129321e+02
5.861936194186985176e+02 5.877320866244824629e+02
5.908093171915541006e+02 5.923566529104912206e+02
