0.000000000000000000e+00 0.000000000000000000e+00
4.615697729812536565e+00 4.632781436729178637e+00
9.231395459152343719e+00 9.265438160067793305e+00
1.384709318865541050e+01 1.389797200128628063e+01
1.846279091894125202e+01 1.853038475015364384e+01
2.307848865460159260e+01 2.316267814455579455e+01
2.769418639327302500e+01 2.779485390938474154e+01
3.230988412477036320e+01 3.242691371609915052e+01
3.692558185955038397e+01 3.705885919434537357e+01
4.154127959128464909e+01 4.169069195356456703e+01
4.615697732574449219e+01 4.632241357105001356e+01
5.077267506213669890e+01 5.095402559634651141e+01
5.538837279845519390e+01 5.558552950568567042e+01
6.000407053650592104e+01 6.021692679099826506e+01
6.461976827524699729e+01 6.484821890327279448e+01
6.923546602873031475e+01 6.947940726298892855e+01
7.385116376062657650e+01 7.411049322939265949e+01
7.846686149896723350e+01 7.874147817412894312e+01
8.308255924864505459e+01 8.337236345041085883e+01
8.769825701051435374e+01 8.800315034710183681e+01
9.231395475099431280e+01 9.263384015392044546e+01
9.692965252199024917e+01 9.726443411306506448e+01
1.015453502854648775e+02 1.018949334480505229e+02
1.061610480479527325e+02 1.065253393911559670e+02
1.107767457925433945e+02 1.111556531382378807e+02
1.153924435484915705e+02 1.157858758372456691e+02
1.200081413083934194e+02 1.204160085938930536e+02
1.246238390660664663e+02 1.250460525569793901e+02
1.292395368114864027e+02 1.296760088328011022e+02
1.338552345976833351e+02 1.343058785074170771e+02
1.384709323462732868e+02 1.389356625985084293e+02
1.430866301043242288e+02 1.435653621520096408e+02
1.477023278422964268e+02 1.481949782241401579e+02
1.523180255767457538e+02 1.528245117598522427e+02
1.569337233070308457e+02 1.574539637909142016e+02
1.615494210529545285e+02 1.620833352806329799e+02
1.661651188017397658e+02 1.667126271875524708e+02
1.707808165966459910e+02 1.713418404038952758e+02
1.753965143501428372e+02 1.759709758623129119e+02
1.800122120900257983e+02 1.806000344753540503e+02
1.846279098367457436e+02 1.852290171298940891e+02
1.892436076236600115e+02 1.898579246618881484e+02
1.938593053723580510e+02 1.944867579135996039e+02
1.984750031385360103e+02 1.991155177841519617e+02
2.030907009023199521e+02 2.037442050676435201e+02
2.077063986476103992e+02 2.083728206180473990e+02
2.123220964355321883e+02 2.130013651814796276e+02
2.169377941963187482e+02 2.176298395041031597e+02
2.215534919999593626e+02 2.222582444115946601e+02
2.261691897480583293e+02 2.268865806493972173e+02
2.307848875620924218e+02 2.315148489654478112e+02
2.354005853070514718e+02 2.361430500884383150e+02
2.400162831474029872e+02 2.407711847480290999e+02
2.446319809588864018e+02 2.453992537383061006e+02
2.492476787329954391e+02 2.500272576117130541e+02
2.538633765608292947e+02 2.546551971346268317e+02
2.584790743656578798e+02 2.592830729880538456e+02
2.630947721277863707e+02 2.639108858735046397e+02
2.677104698990618772e+02 2.685386363853235139e+02
2.723261677593466175e+02 2.731663251976715401e+02
2.769418656083537940e+02 2.777939529042395179e+02
2.815575634694769178e+02 2.824215201576572554e+02
2.861732612089455188e+02 2.870490275997968297e+02
2.907889589534535162e+02 2.916764757182381231e+02
2.954046567279257260e+02 2.963038651942308661e+02
3.000203544752830567e+02 3.009311966058540975e+02
3.046360522701151012e+02 3.055584706758157836e+02
3.092517500635060514e+02 3.101856877566200410e+02
3.138674478330009947e+02 3.148128485511126655e+02
3.184831455857209903e+02 3.194399535775239087e+02
3.230988434065549200e+02 3.240670034007815730e+02
3.277145411773598198e+02 3.286939985530106014e+02
3.323302389198953506e+02 3.333209395153425021e+02
3.369459367398229688e+02 3.379478268531996150e+02
3.415616345734323431e+02 3.425746609884010354e+02
3.461773323294680722e+02 3.472014424589682449e+02
3.507930301272135694e+02 3.518281719577955187e+02
3.554087280173145587e+02 3.564548497225918027e+02
3.600244258524899124e+02 3.610814763957467903e+02
3.646401235958853704e+02 3.657080523870335469e+02
3.692558213390700530e+02 3.703345781436729567e+02
3.738715190784848801e+02 3.749610542782091329e+02
3.784872168546576177e+02 3.795874810286376260e+02
3.831029146773736329e+02 3.842138590666659184e+02
3.877186124764517672e+02 3.888401886339679550e+02
3.923343102221787717e+02 3.934664704403317046e+02
3.969500081067709516e+02 3.980927047666291401e+02
4.015657059694827922e+02 4.027188919635268576e+02
4.061814037129137773e+02 4.073450324691054902e+02
4.107971015432246418e+02 4.119711267973132180e+02
4.154127993501731453e+02 4.165971753645776516e+02
4.200284971461628629e+02 4.212231785732651588e+02
4.246441949447356592e+02 4.258491366310657327e+02
4.292598927549776135e+02 4.304750501111897734e+02
4.338755905033397084e+02 4.351009193623419833e+02
4.384912882435880874e+02 4.397267447818229584e+02
4.431069861630061268e+02 4.443525269316631352e+02
4.477226839053656136e+02 4.489782659250222991e+02
4.523383816543241664e+02 4.536039621145787919e+02
4.569540795810196414e+02 4.582296161288073222e+02
4.615697773380034619e+02 4.628552280337834191e+02
4.661854752027749669e+02 4.674807983422392681e+02
4.708011730012050293e+02 4.721063273545568109e+02
4.754168709331141258e+02 4.767318154984732814e+02
4.800325688949416190e+02 4.813572630544660456e+02
4.846482667615146056e+02 4.859826703461668558e+02
4.892639645179382910e+02 4.906080377417366662e+02
4.938796622559250409e+02 4.952333656329391829e+02
4.984953600171460266e+02 4.998586542327998359e+02
5.031110578766969184e+02 5.044839038686051254e+02
5.077267556938823532e+02 5.091091148694495132e+02
5.123424534441498963e+02 5.137342876638263078e+02
5.169581512029348005e+02 5.183594225467239767e+02
5.215738489553838235e+02 5.229845196114124519e+02
5.261895468635117368e+02 5.276095793494732789e+02
5.308052446066373022e+02 5.322346019482454267e+02
5.354209425340245616e+02 5.368595878581625129e+02
5.400366404456431155e+02 5.414845374019556630e+02
5.446523382431660139e+02 5.461094505249265012e+02
5.492680359929681799e+02 5.507343277723051642e+02
5.538837338520181675e+02 5.553591693287323778e+02
5.584994316842089574e+02 5.599839755476889422e+02
5.631151295320818235e+02 5.646087466693273882e+02
5.677308275381120666e+02 5.692334831191842568e+02
5.723465254070338233e+02 5.738581849044842329e+02
5.769622232622813272e+02 5.784828525160405661e+02
5.815779211265639788e+02 5.831074860722064841e+02
5.861936191453739866e+02 5.877320858425880488e+02
5.908093169182238853e+02 5.923566521691057005e+02
