0.000000000000000000e+00 0.000000000000000000e+00
4.617072408439238274e+00 4.632781435541373227e+00
9.234144816413156320e+00 9.265456651826394108e+00
1.385121722438882585e+01 1.389802709632597377e+01
1.846828963267942214e+01 1.853049418498317635e+01
2.308536204335721465e+01 2.316285929584345382e+01
2.770243446113904895e+01 2.779512379640043562e+01
3.231950687019077861e+01 3.242728900960240424e+01
3.693657928098508592e+01 3.705935624216164825e+01
4.155365169496886324e+01 4.169132677340250837e+01
4.617072410880480504e+01 4.632320187623815855e+01
5.078779652296247349e+01 5.095498276759887801e+01
5.540486893278171010e+01 5.558667063767066452e+01
6.002194135945397591e+01 6.021826667675344424e+01
6.463901379769200162e+01 6.484977206539883809e+01
6.925608620697332185e+01 6.948118793437188856e+01
7.387315862143742606e+01 7.411251539704775837e+01
7.849023103823218150e+01 7.874375556125656317e+01
8.310730346060000784e+01 8.337490947785300932e+01
8.772437587084715460e+01 8.800597821324569736e+01
9.234144829110191210e+01 9.263696279937025224e+01
9.695852074646062135e+01 9.726786425326847052e+01
1.015755931883362564e+02 1.018986835862775990e+02
1.061926656200032824e+02 1.065294218134078221e+02
1.108097380430604346e+02 1.111600798205807195e+02
1.154268104772021104e+02 1.157906586351197973e+02
1.200438829144876820e+02 1.204211591167701698e+02
1.246609553412687461e+02 1.250515822099678331e+02
1.292780277668213103e+02 1.296819288157862502e+02
1.338951002275659619e+02 1.343121998087717657e+02
1.385121726772707120e+02 1.389423960726281280e+02
1.431292451522883766e+02 1.435725184296563270e+02
1.477463175645214051e+02 1.482025677619727730e+02
1.523633899774040117e+02 1.528325448302469454e+02
1.569804624062374216e+02 1.574624504876363744e+02
1.615975348423056346e+02 1.620922855344541631e+02
1.662146073037894212e+02 1.667220507587799716e+02
1.708316797689973896e+02 1.713517469017507437e+02
1.754487522131005903e+02 1.759813747364751748e+02
1.800658246827123321e+02 1.806109349873359520e+02
1.846828971700959414e+02 1.852404284283856555e+02
1.892999695962238889e+02 1.898698557496210810e+02
1.939170420233834022e+02 1.944992176656282936e+02
1.985341144423511537e+02 1.991285148553305930e+02
2.031511868648544805e+02 2.037577480389123536e+02
2.077682592930608791e+02 2.083869178437103358e+02
2.123853317210978275e+02 2.130160249988015551e+02
2.170024042176522983e+02 2.176450700647748704e+02
2.216194767168579460e+02 2.222740537250228954e+02
2.262365491378586171e+02 2.269029766268996013e+02
2.308536215637276996e+02 2.315318394141945930e+02
2.354706939887707051e+02 2.361606426800501310e+02
2.400877664132810310e+02 2.407893870576602922e+02
2.447048388364190146e+02 2.454180730930966661e+02
2.493219112838396256e+02 2.500467014057240931e+02
2.539389837903234195e+02 2.546752725967735955e+02
2.585560562148059489e+02 2.593037872707260476e+02
2.631731286379738322e+02 2.639322458726880427e+02
2.677902011606670385e+02 2.685606490438017318e+02
2.724072736616266752e+02 2.731889973029628322e+02
2.770243461880676250e+02 2.778172911508094103e+02
2.816414187229948425e+02 2.824455311395881267e+02
2.862584911419676246e+02 2.870737178180482374e+02
2.908755635769994115e+02 2.917018516017704997e+02
2.954926360299716634e+02 2.963299330524539528e+02
3.001097084577235137e+02 3.009579627344027699e+02
3.047267809373667546e+02 3.055859410311782085e+02
3.093438533713134575e+02 3.102138684578007997e+02
3.139609258190583887e+02 3.148417455233797000e+02
3.185779982505410430e+02 3.194695727708821096e+02
3.231950707582360565e+02 3.240973504904255833e+02
3.278121431775181804e+02 3.287250792338875840e+02
3.324292155985062891e+02 3.333527595271928590e+02
3.370462880321467765e+02 3.379803916790392577e+02
3.416633605990894011e+02 3.426079761760579458e+02
3.462804330256394678e+02 3.472355134682304652e+02
3.508975056022921990e+02 3.518630040933542205e+02
3.555145781790819228e+02 3.564904482437535762e+02
3.601316505993349892e+02 3.611178464841696041e+02
3.647487230212025224e+02 3.657451991456247811e+02
3.693657954427930008e+02 3.703725068177870412e+02
3.739828678604542915e+02 3.749997696386704433e+02
3.785999403149840532e+02 3.796269881521579919e+02
3.832170128123005952e+02 3.842541627126518051e+02
3.878340852854427112e+02 3.888812937024926555e+02
3.924511577078582150e+02 3.935083814832016742e+02
3.970682301307869011e+02 3.981354264391361539e+02
4.016853026696168740e+02 4.027624289924395953e+02
4.063023750907995009e+02 4.073893894779338325e+02
4.109194475932586101e+02 4.120163082427573045e+02
4.155365200348049939e+02 4.166431857390574010e+02
4.201535925100034774e+02 4.212700222330510087e+02
4.247706649868150635e+02 4.258968179044420594e+02
4.293877374089094019e+02 4.305235733745489597e+02
4.340048098374070378e+02 4.351502887857718065e+02
4.386218823273940188e+02 4.397769645052504757e+02
4.432389548960215961e+02 4.444036010057394606e+02
4.478560273706879116e+02 4.490301985067781061e+02
4.524730998127932935e+02 4.536567573584533193e+02
4.570901723029026016e+02 4.582832776859146406e+02
4.617072447381837037e+02 4.629097599324854286e+02
4.663243171733184909e+02 4.675362044873286322e+02
4.709413896302971807e+02 4.721626116496718737e+02
4.755584622417777041e+02 4.767889816368884794e+02
4.801755348858162620e+02 4.814153148254036410e+02
4.847926073270820098e+02 4.860416114013831361e+02
4.894096797911803378e+02 4.906678718854274166e+02
4.940267522786985523e+02 4.952940963572289093e+02
4.986438247172912952e+02 4.999202851312679741e+02
5.032608972634950533e+02 5.045464383257718168e+02
5.078779697587355031e+02 5.091725564592866249e+02
5.124950422608089866e+02 5.137986398208535093e+02
5.171121146886241604e+02 5.184246886707387603e+02
5.217291872228354350e+02 5.230507031305094188e+02
5.263462597997794319e+02 5.276766833886011909e+02
5.309633322860730686e+02 5.323026300855235604e+02
5.355804047634620702e+02 5.369285431356850040e+02
5.401974771926387575e+02 5.415544228707699403e+02
5.448145496609973861e+02 5.461802697269042710e+02
5.494316221469387074e+02 5.508060837266987164e+02
5.540486947841610572e+02 5.554318651209920290e+02
5.586657672856550789e+02 5.600576142335173699e+02
5.632828397574595556e+02 5.646833312989593878e+02
5.678999124418992324e+02 5.693090165512269323e+02
5.725169849447930801e+02 5.739346703021275289e+02
5.771340574969042336e+02 5.785602927207814901e+02
5.817511300783319257e+02 5.831858841074410975e+02
5.863682027756823345e+02 5.878114446029792362e+02
5.909852752901178974e+02 5.924369742743501774e+02
