0.000000000000000000e+00 0.000000000000000000e+00
4.617072407632162090e+00 4.632781435533717129e+00
9.234144818033049873e+00 9.265456651809991229e+00
1.385121722744962369e+01 1.389802709616854415e+01
1.846828963614554198e+01 1.853049418530540038e+01
2.308536204511721479e+01 2.316285929338334171e+01
2.770243445433663254e+01 2.779512379268948052e+01
3.231950686490655045e+01 3.242728901458306012e+01
3.693657927967553434e+01 3.705935624725348987e+01
4.155365168856592106e+01 4.169132678085672694e+01
4.617072410112216829e+01 4.632320187409496270e+01
5.078779651643297655e+01 5.095498276472308419e+01
5.540486893148202796e+01 5.558667062746819454e+01
6.002194134051201502e+01 6.021826669444094193e+01
6.463901375761669499e+01 6.484977207690910461e+01
6.925608617081175566e+01 6.948118794031019263e+01
7.387315860852183391e+01 7.411251539147676226e+01
7.849023102531319296e+01 7.874375555079760147e+01
8.310730346747078556e+01 8.337490947364250360e+01
8.772437589260206892e+01 8.800597822893476518e+01
9.234144831288386968e+01 9.263696281367563756e+01
9.695852074689531719e+01 9.726786427118310030e+01
1.015755931889595018e+02 1.018986835980936121e+02
1.061926656106672056e+02 1.065294217929829870e+02
1.108097380337145523e+02 1.111600798032170019e+02
1.154268104680478046e+02 1.157906586096485455e+02
1.200438829062593982e+02 1.204211590921888018e+02
1.246609553421697854e+02 1.250515821827988390e+02
1.292780277696136864e+02 1.296819287888163785e+02
1.338951002307983345e+02 1.343121997805689318e+02
1.385121726700625118e+02 1.389423960676381000e+02
1.431292451230860365e+02 1.435725184719980803e+02
1.477463175356949137e+02 1.482025677760851181e+02
1.523633899894942090e+02 1.528325448441273693e+02
1.569804624404790729e+02 1.574624505310633538e+02
1.615975348777522242e+02 1.620922855921473342e+02
1.662146073009367626e+02 1.667220507814839721e+02
1.708316797445205282e+02 1.713517469338887054e+02
1.754487521765546489e+02 1.759813747905000980e+02
1.800658246467610866e+02 1.806109350799131619e+02
1.846828970717858738e+02 1.852404284817112909e+02
1.892999694978064440e+02 1.898698558119046993e+02
1.939170419914815682e+02 1.944992177370249919e+02
1.985341144268440416e+02 1.991285149433446975e+02
2.031511868650700023e+02 2.037577481207675305e+02
2.077682593095295829e+02 2.083869179392876845e+02
2.123853317377268581e+02 2.130160251021833346e+02
2.170024041942377266e+02 2.176450702058339175e+02
2.216194766607615065e+02 2.222740538744013747e+02
2.262365491330687632e+02 2.269029767935588495e+02
2.308536216383928377e+02 2.315318395719939986e+02
2.354706940620203284e+02 2.361606428426002822e+02
2.400877665686944908e+02 2.407893872300779208e+02
2.447048389925847118e+02 2.454180732764726258e+02
2.493219114320351082e+02 2.500467016008296071e+02
2.539389838946832185e+02 2.546752727886097887e+02
2.585560564231565195e+02 2.593037874078161735e+02
2.631731288547078407e+02 2.639322459893172663e+02
2.677902012734007826e+02 2.685606491139087666e+02
2.724072736942022175e+02 2.731889973360042063e+02
2.770243462207939729e+02 2.778172911838589130e+02
2.816414187597257524e+02 2.824455311554711443e+02
2.862584911778749870e+02 2.870737178342551488e+02
2.908755636235149495e+02 2.917018516486457429e+02
2.954926360762212312e+02 2.963299330747189515e+02
3.001097085039705803e+02 3.009579627304256064e+02
3.047267809835945513e+02 3.055859410961473941e+02
3.093438534028679214e+02 3.102138685715812585e+02
3.139609258506934566e+02 3.148417456368019884e+02
3.185779982821642307e+02 3.194695727698523910e+02
3.231950707897285611e+02 3.240973505975117064e+02
3.278121432471324965e+02 3.287250793831869373e+02
3.324292156745869988e+02 3.333527596879602015e+02
3.370462880868726643e+02 3.379803918782227470e+02
3.416633605028987404e+02 3.426079764865517632e+02
3.462804329472119207e+02 3.472355137689642675e+02
3.508975055233802323e+02 3.518630044269006589e+02
3.555145781001494925e+02 3.564904486097959193e+02
3.601316505204069927e+02 3.611178469433142482e+02
3.647487229422899873e+02 3.657451997536746831e+02
3.693657953638737581e+02 3.703725074331932774e+02
3.739828677815345372e+02 3.749997702582924148e+02
3.785999402360201884e+02 3.796269887711432034e+02
3.832170127333180289e+02 3.842541634462298816e+02
3.878340852064631008e+02 3.888812943932122153e+02
3.924511576288662127e+02 3.935083822352925154e+02
3.970682302056462731e+02 3.981354271881075420e+02
4.016853027438459094e+02 4.027624298569903658e+02
4.063023751975353548e+02 4.073893903069277940e+02
4.109194476932477187e+02 4.120163091580690207e+02
4.155365201724688404e+02 4.166431865843881042e+02
4.201535926476633449e+02 4.212700230750779724e+02
4.247706651244850491e+02 4.258968187410351902e+02
4.293877376288439791e+02 4.305235740823894162e+02
4.340048100515490432e+02 4.351502894364574558e+02
4.386218826368751706e+02 4.397769652080816059e+02
4.432389552083189415e+02 4.444036015844584426e+02
4.478560276271995235e+02 4.490301990340591374e+02
4.524731000550535782e+02 4.536567578811042267e+02
4.570901725464863148e+02 4.582832783785074753e+02
4.617072451856967064e+02 4.629097606361075918e+02
4.663243176207707847e+02 4.675362052298736444e+02
4.709413900948076162e+02 4.721626123438576883e+02
4.755584627064026790e+02 4.767889823300637886e+02
4.801755353505262747e+02 4.814153154550167528e+02
4.847926079649980693e+02 4.860416119760195102e+02
4.894096803834257798e+02 4.906678723048775623e+02
4.940267528313527237e+02 4.952940966877101232e+02
4.986438252547640104e+02 4.999202854540213821e+02
5.032608977986922127e+02 5.045464387621883589e+02
5.078779702932775422e+02 5.091725568819291539e+02
5.124950427222349845e+02 5.137986402052745234e+02
5.171121152519102679e+02 5.184246888283535100e+02
5.217291876828653585e+02 5.230507032335025315e+02
5.263462602595041062e+02 5.276766836883675751e+02
5.309633327459757766e+02 5.323026301833258458e+02
5.355804052710858514e+02 5.369285432348916629e+02
5.401974776946549355e+02 5.415544228811750145e+02
5.448145501624621829e+02 5.461802696421115115e+02
5.494316226736185627e+02 5.508060836821688326e+02
5.540486950880911081e+02 5.554318650420135555e+02
5.586657675895542070e+02 5.600576141097153595e+02
5.632828400611941788e+02 5.646833312007233872e+02
5.678999127482057929e+02 5.693090164759541949e+02
5.725169852114561309e+02 5.739346703129635898e+02
5.771340577640746687e+02 5.785602926539797863e+02
5.817511303452818083e+02 5.831858840239908659e+02
5.863682029906372009e+02 5.878114443139809282e+02
5.909852756315397073e+02 5.924369741312127644e+02
