0.5960459631474371
0.24993734615329566
0.7342172136835952
0.4685578758859932
0.8040854808073757
0.27287364060920294
0.06120954673727341
0.43977135915559884
0.10740622776140263
0.7639881164057498
0.8303505429562358
0.9787616608952533
0.8482828546633776
0.15478417288802526
0.9887944993440952
0.2087625477836884
0.35944869280857594
0.3078576900197193
0.9702543485840122
0.44970798454631356
0.45644074760806985
0.042750169411318595
0.3828774160527766
0.8056963635652833
0.3148532967935518
0.5067508251927669
0.31635986274656047
0.8273685271821132
0.24683426118027252
0.8748578948050474
0.7430089770404468
0.512918888431452
0.7306926215682554
0.24249311098919168
0.37751142107616087
0.7169182922809819
0.8165595203256875
0.7015722547412017
0.9208752383512555
0.299455461950737
0.8726987538611224
0.07569297808422759
0.7583148953977793
0.4162517675682871
0.8269475779158653
0.9883539689716037
0.5253768893249617
0.4070996388875606
0.1861855736025544
0.09404657416336248
0.9092514180613147
0.633130404666739
0.831343223502001
0.5981306173664908
0.16081523472615467
0.9100543854816557
0.3543971211937804
0.7787563215805255
0.2496253479436018
0.11028659460008516
0.2264386418949289
0.9375027485094153
0.11061350770686884
0.4236440665695783
0.5680955346211637
0.6027894323300045
0.632152107765089
0.014349655961313768
0.40493252569599536
0.9657050089235475
0.9186401990311893
0.27677950629632686
0.8080806804690409
0.9999256790769805
0.795930458741716
0.8740703737268444
0.8430297953500652
0.7336449525163149
0.11781358521829566
0.5104383115044321
0.38198256692102694
0.7509527894370428
0.44167797148396004
0.8465489489128112
0.5651725248292767
0.6910513609198443
0.41588136171039347
0.6624639948297318
0.4044233862855383
0.26883569750340874
0.8878254353702647
0.15956514404879973
0.30156936527822586
0.2829925023031391
0.6028557555890957
0.47976551567287007
0.7485433716609963
0.4450154781287434
0.10719105224380743
0.37959773167395494