0.000000000000000000e+00 0.000000000000000000e+00
4.372096101993987460e+00 4.402852285320036252e+00
8.744192227895190683e+00 8.805271486503960077e+00
1.311628836347110472e+01 1.320726946726816031e+01
1.748838452295120049e+01 1.760885812822604279e+01
2.186048072682832810e+01 2.201004867654310004e+01
2.623257691656003487e+01 2.641085149831364731e+01
3.060467311914375799e+01 3.081127718953548822e+01
3.497676954975652563e+01 3.521133598121413399e+01
3.934886578275254010e+01 3.961103700539209171e+01
4.372096203916691337e+01 4.401038934391652901e+01
4.809305873989700331e+01 4.840940152049564915e+01
5.246515520339686134e+01 5.280808247684279877e+01
5.683725150555372352e+01 5.720644039280946913e+01
6.120934765655108833e+01 6.160448266584759835e+01
6.558144399388808665e+01 6.600221758504565628e+01
6.995354036709525758e+01 7.039965206074992921e+01
7.432563674461327707e+01 7.479679344096278726e+01
7.869773314893373595e+01 7.919364787319662469e+01
8.306982957064863626e+01 8.359022261900221906e+01
8.744192598488169210e+01 8.798652337419045466e+01
9.181402210802089314e+01 9.238255679365981621e+01
9.618611858831170025e+01 9.677832809917126156e+01
1.005582147463093179e+02 1.011738436715487239e+02
1.049303117876181233e+02 1.055691086402382268e+02
1.093024079884293087e+02 1.099641288671687107e+02
1.136745042076436505e+02 1.143589098822916981e+02
1.180466007713933152e+02 1.187534564326809488e+02
1.224186973491523247e+02 1.231477726478597532e+02
1.267907937632578523e+02 1.275418637711150041e+02
1.311628903367995065e+02 1.319357336428509484e+02
1.355349869907150264e+02 1.363293878374138615e+02
1.399070836216424709e+02 1.407228300980061135e+02
1.442791798553411411e+02 1.451160653229539435e+02
1.486512765244771117e+02 1.495090961543473895e+02
1.530233732602241332e+02 1.539019284932500113e+02
1.573954695344294237e+02 1.582945638072399674e+02
1.617675666159616696e+02 1.626870080481901937e+02
1.661396638359188671e+02 1.670792629200059878e+02
1.705117605946898038e+02 1.714713331277324642e+02
1.748838575209076396e+02 1.758632225916541643e+02
1.792559554806289270e+02 1.802549333860511638e+02
1.836280521455625774e+02 1.846464697572198475e+02
1.880001484418523887e+02 1.890378344280916849e+02
1.923722462827564641e+02 1.934290296945797536e+02
1.967443442487036123e+02 1.978200577918619842e+02
2.011164406819969486e+02 2.022109241981267473e+02
2.054885376389124190e+02 2.066016299214361140e+02
2.098606344823162999e+02 2.109921782539548474e+02
2.142327314731190313e+02 2.153825733017826565e+02
2.186048294644709244e+02 2.197728159515947368e+02
2.229769258723341636e+02 2.241629079542834972e+02
2.273490225895691879e+02 2.285528536973320115e+02
2.317211188542923139e+02 2.329426553343510022e+02
2.360932152604229941e+02 2.373323131636670382e+02
2.404653122552401214e+02 2.417218311494646628e+02
2.448374084290372252e+02 2.461112113849899856e+02
2.492095048511412756e+02 2.505004565922254756e+02
2.535816033203011557e+02 2.548895678729457188e+02
2.579537023122309165e+02 2.592785473619135246e+02
2.623257995692804343e+02 2.636673987700321504e+02
2.666978965214734671e+02 2.680561240580715321e+02
2.710699930165403657e+02 2.724447213571016846e+02
2.754420891303336134e+02 2.768331953808726666e+02
2.798141858518113168e+02 2.812215484673527044e+02
