0.000000000000000000e+00 0.000000000000000000e+00
4.258052516737135917e+00 4.289473592936737134e+00
8.516105036084384849e+00 8.578519029301514109e+00
1.277415760177177617e+01 1.286714787915060398e+01
1.703221025772079855e+01 1.715537076505048120e+01
2.129026285607297808e+01 2.144319882693558554e+01
2.554831567685874205e+01 2.573064236131011739e+01
2.980636831595641922e+01 3.001771139774710306e+01
3.406442097671626357e+01 3.430441540938261369e+01
3.832247363851429611e+01 3.859076357942426938e+01
4.258052640039281300e+01 4.287676466423209831e+01
4.683857945720093596e+01 4.716242734843822859e+01
5.109663221559375756e+01 5.144775969658679315e+01
5.535468499704489886e+01 5.573276978298662243e+01
5.961273776414785175e+01 6.001746470600221528e+01
6.387079051094835336e+01 6.430185232174154919e+01
6.812884334251324958e+01 6.858593972233092018e+01
7.238689608530796704e+01 7.286973355489720916e+01
7.664494898509924781e+01 7.715324111821919928e+01
8.090300165481198746e+01 8.143646738151582554e+01
8.516105460577729502e+01 8.571941968574898851e+01
8.941910757268763632e+01 9.000210370927607073e+01
9.367716055679338183e+01 9.428452475844446212e+01
9.793521357148455309e+01 9.856668973625951935e+01
1.021932665419122657e+02 1.028486033797350103e+02
1.064513195933692771e+02 1.071302703221486468e+02
1.107093726009777441e+02 1.114116961168847553e+02
1.149674257209315726e+02 1.156928852069423499e+02
1.192254788498978115e+02 1.199738434349469998e+02
1.234835322911161484e+02 1.242545748888379080e+02
1.277415854756795426e+02 1.285350836604640392e+02
1.319996386930853873e+02 1.328153749909611463e+02
1.362576916612647722e+02 1.370954529634779533e+02
1.405157448900928330e+02 1.413753206426570159e+02
1.447737981400295553e+02 1.456549831698965534e+02
1.490318514651675059e+02 1.499344440063342176e+02
1.532899047904978715e+02 1.542137070208319756e+02
1.575479583620803226e+02 1.584927758132945428e+02
1.618060116882795398e+02 1.627716539617338753e+02
1.660640645430142968e+02 1.670503457137188263e+02
1.703221184013528955e+02 1.713288528249946694e+02
1.745801718351175964e+02 1.756071794094342522e+02
1.788382252501290850e+02 1.798853287277626123e+02
1.830962786972253298e+02 1.841633035709641604e+02
1.873543313170165732e+02 1.884411079636550710e+02
1.916123848628711244e+02 1.927187435781729334e+02
1.958704382619979469e+02 1.969962138941508556e+02
2.001284921748951433e+02 2.012735217157379566e+02
2.043865457891965036e+02 2.055506705061014543e+02
2.086445993676836963e+02 2.098276609469151026e+02
2.129026524779756073e+02 2.141044974022323686e+02
2.171607064757163528e+02 2.183811815660108664e+02
2.214187599071707950e+02 2.226577156396845965e+02
2.256768136193229566e+02 2.269341028230765573e+02
2.299348667397714507e+02 2.312103452671410082e+02
2.341929205226433908e+02 2.354864453940898557e+02
2.384509742705578788e+02 2.397624060874135239e+02
2.427090280403791382e+02 2.440382292538614593e+02
2.469670818716970757e+02 2.483139160247329187e+02
2.512251350821291567e+02 2.525894682765960511e+02
2.554831889941004874e+02 2.568648894237908848e+02
2.597412428439706105e+02 2.611401793496518735e+02
2.639992967359377758e+02 2.654153421415443290e+02
2.682573506258298153e+02 2.696903790272618835e+02
2.725154039731716011e+02 2.739652918697257178e+02
