4.282758678973245878e+02
5.481890001436083821e+02
4.868148297916520733e+02
5.364648500927180521e+02
4.786142793398060462e+02
4.235489154804963050e+02
4.485359000947986488e+02
4.093176600713536573e+02
4.846268382479921684e+02
5.181699222248067827e+02
4.244747646439046775e+02
4.363107686276273398e+02
5.056902203451307969e+02
5.321504485827073268e+02
5.200316803934925929e+02
5.128273896463803112e+02
4.309988898712988430e+02
3.816725682143547829e+02
5.139451155093446459e+02
4.968874320300784007e+02
4.840679235967159570e+02
4.773790179492348784e+02
4.592204042812819580e+02
4.515631113027686183e+02
5.130887411125376047e+02
4.590725403205859720e+02
4.855735802568199233e+02
4.781518509947152324e+02
5.271577245648646795e+02
4.691601668543967207e+02
4.571455362894528207e+02
4.758677459222059838e+02
4.573639761424146855e+02
4.283888834133963428e+02
5.045685797510927841e+02
3.884622734597416525e+02
5.571497678653151979e+02
5.438901225863651234e+02
5.071398940164872897e+02
4.713759664688987527e+02
4.190746554249952283e+02
4.238150147326675778e+02
4.742181074153176041e+02
4.244489577442403174e+02
4.316831680764083785e+02
4.239573025394682304e+02
5.095010999303892163e+02
5.273091555554611887e+02
3.839924026725135491e+02
5.112539524036619696e+02
5.005707991588325854e+02
4.769125165672643334e+02
3.604153597230686046e+02
4.785690437454566108e+02
3.308472021503044402e+02
4.724516758749810492e+02
4.943884452264837250e+02
5.337901285944676602e+02
3.859142280235390672e+02
4.449470351936028010e+02
4.606161770127623640e+02
4.363307261717993697e+02
4.777976076027903218e+02
4.901514128634835856e+02
4.281600663720072930e+02
4.812966699721252439e+02
5.152722419262529456e+02
4.381126127800879999e+02
5.010082023613272213e+02
4.663251673679862961e+02
4.361567703208682474e+02
5.081548544095104489e+02
4.793309983660428770e+02
5.142633374454737805e+02
4.297048549268312172e+02
4.899605743481536706e+02
4.734046145701188379e+02
5.198477037276024930e+02
5.328279553982871448e+02
3.919614066090121582e+02
4.280840289396764433e+02
4.725463541778793797e+02
5.309592862461374807e+02
5.012025245224481296e+02
5.441415579938682185e+02
5.151624453676619169e+02
4.317970263283835948e+02
4.824678078456486787e+02
3.424048793954059420e+02
4.417693765462645388e+02
4.688302535277805418e+02
4.217909265359368760e+02
4.521682725134596126e+02
4.290477246182989575e+02
5.228521247743443610e+02
3.603516427976215937e+02
4.272864186068780441e+02
4.893200892410502547e+02
4.682054047631590947e+02
4.384112926389949507e+02
