1.449436205124540322e+02
2.181077953696119209e+02
1.436288966774144740e+02
1.698700927621485448e+02
1.545700409726048292e+02
1.620810312428854445e+02
1.261395653533105303e+02
1.250798712424113432e+02
1.867266968979882904e+02
2.105650901693686308e+02
1.595477767372998414e+02
1.349721804550752040e+02
1.573219728260843908e+02
2.014536260986483285e+02
1.818475761615420936e+02
1.917607673059672777e+02
2.003764412566639237e+02
1.046165817039069168e+02
1.812861732789421580e+02
1.902388232929455967e+02
1.684073502019812167e+02
1.709249214141161133e+02
1.497025223782807757e+02
1.826947875502859233e+02
1.426644389382881286e+02
1.627082900732916642e+02
1.691899702619859056e+02
1.574413708925845867e+02
1.856476428410406925e+02
1.931377553019999027e+02
1.792962875164546119e+02
1.667959409058633469e+02
1.486945163246781476e+02
1.591907452040070723e+02
1.648383276104797233e+02
1.034691953242592177e+02
1.674903983358935022e+02
1.923071857720624394e+02
1.426796556127811471e+02
1.588072176116555454e+02
1.350706436943810900e+02
1.764766987262536588e+02
1.554470372367845528e+02
1.380723033564743787e+02
1.172390331373932497e+02
1.508155554353492676e+02
1.960466930157350589e+02
1.831314580982173652e+02
1.164472680676630461e+02
2.009015150462878978e+02
2.027986630469851548e+02
1.882093059034438340e+02
9.836444710744873987e+01
1.489280747730151120e+02
1.113960467429454013e+02
1.501183445727251637e+02
1.456696211425364993e+02
1.951523160841152276e+02
1.552286311266558698e+02
1.730300835580831063e+02
1.754661979416336521e+02
1.878327446252064306e+02
1.170139452880950586e+02
1.813774334270806037e+02
1.872285591909201798e+02
1.881020400382270168e+02
1.957041124750467986e+02
1.632179106680949872e+02
1.290187579024605782e+02
1.571821298434828691e+02
1.437376332068233751e+02
1.446990445645017189e+02
1.890875000905367642e+02
1.946739264852844826e+02
9.758889788557057443e+01
1.857434713228343526e+02
1.732115106374181153e+02
1.893070597613062205e+02
1.868120021752312425e+02
1.091721104565627627e+02
1.539409080770551554e+02
1.459982010633731022e+02
1.948653208873552387e+02
1.411896266380867928e+02
2.110789163879499313e+02
1.994130140021694615e+02
1.383247378217417349e+02
1.769167154827969171e+02
1.151174619901054257e+02
1.583035010843641146e+02
1.914669133808908157e+02
1.370868493490254423e+02
1.650159181852809525e+02
1.699951360681938013e+02
1.713176223877791244e+02
1.313749382936069310e+02
1.496442882936141530e+02
1.948264532904913722e+02
1.835805704312058424e+02
1.852687694220095977e+02
