0.000000000000000000e+00 0.000000000000000000e+00
4.684757496375191010e+00 4.697988928251686680e+00
9.369514993355796406e+00 9.395902923593691725e+00
1.405427249325868111e+01 1.409374284274568367e+01
1.873902999004521064e+01 1.879150952434085298e+01
2.342378748641061748e+01 2.348920379579518070e+01
2.810854498243305954e+01 2.818682646042899620e+01
3.279330248062359487e+01 3.288437831945843470e+01
3.747805999153179357e+01 3.758186016501115745e+01
4.216281748827877607e+01 4.227927275212054070e+01
4.684757498929253927e+01 4.697661685439327073e+01
5.153233249059667997e+01 5.167389322085984560e+01
5.621708999561628417e+01 5.637110256326165825e+01
6.090184749719920632e+01 6.106824562428896286e+01
6.558660499427345769e+01 6.576532310079457488e+01
7.027136249185416261e+01 7.046233569749429648e+01
7.495611999781128532e+01 7.515928410940944104e+01
7.964087750390456222e+01 7.985616900651135097e+01
8.432563500934512035e+01 8.455299105428562711e+01
8.901039251054851320e+01 8.924975091369375946e+01
9.369515001115848918e+01 9.394644922845233737e+01
9.837990750954222108e+01 9.864308664332152432e+01
1.030646650173556225e+02 1.033396637679305314e+02
1.077494225390315989e+02 1.080361812250864091e+02
1.124341800690395843e+02 1.127326396193345914e+02
1.171189375846615377e+02 1.174290395468157868e+02
1.218036950830484386e+02 1.221253815859770242e+02
1.264884526066730928e+02 1.268216663287933557e+02
1.311732101513265434e+02 1.315178943514169418e+02
1.358579676736991360e+02 1.362140662008650054e+02
1.405427251792413585e+02 1.409101824297902681e+02
1.452274827297073045e+02 1.456062436078408382e+02
1.499122402765302411e+02 1.503022502649998842e+02
1.545969977920649967e+02 1.549982028915803767e+02
1.592817552991848231e+02 1.596941020744982040e+02
1.639665128390444124e+02 1.643899482772711735e+02
1.686512703552749315e+02 1.690857420651519476e+02
1.733360278636665726e+02 1.737814838460318470e+02
1.780207853784099257e+02 1.784771741616462464e+02
1.827055428936823773e+02 1.831728135576653926e+02
1.873903004069339318e+02 1.878684024184279906e+02
1.920750579442692469e+02 1.925639412340120202e+02
1.967598155015354564e+02 1.972594305119246769e+02
2.014445730444219294e+02 2.019548706868202714e+02
2.061293305889045655e+02 2.066502622125903201e+02
2.108140881405115010e+02 2.113456055347020879e+02
2.154988457019780412e+02 2.160409011170777376e+02
2.201836032343911143e+02 2.207361493520317595e+02
2.248683607889239511e+02 2.254313506962445217e+02
2.295531183672627833e+02 2.301265055853988883e+02
2.342378759424017289e+02 2.348216143848472370e+02
2.389226334394576838e+02 2.395166774874707585e+02
2.436073910280786947e+02 2.442116953786128022e+02
2.482921485420924341e+02 2.489066684636620721e+02
2.529769060467787938e+02 2.536015970745761479e+02
2.576616635580031129e+02 2.582964816185284462e+02
2.623464211223962366e+02 2.629913224623001042e+02
2.670311786554435685e+02 2.676861200050281582e+02
2.717159362029686918e+02 2.723808746755465791e+02
2.764006938086845935e+02 2.770755867380995028e+02
2.810854513633296392e+02 2.817702565963632537e+02
2.857702088861759648e+02 2.864648846690821529e+02
2.904549664007603269e+02 2.911594712787115782e+02
2.951397239979969527e+02 2.958540167396832317e+02
2.998244815067664604e+02 3.005485214761091584e+02
3.045092390492084178e+02 3.052429857938832356e+02
3.091939965630183451e+02 3.099374099214858234e+02
3.138787541100931548e+02 3.146317943630418767e+02
3.185635116243490188e+02 3.193261393868386335e+02
3.232482692172989118e+02 3.240204452073527364e+02
3.279330267556802596e+02 3.287147123167116547e+02
3.326177842725111304e+02 3.334089409238293342e+02
3.373025418414953833e+02 3.381031313385307158e+02
3.419872994427640265e+02 3.427972838980841743e+02
3.466720569605772084e+02 3.474913990388151319e+02
3.513568145899049000e+02 3.521854768703337868e+02
3.560415721282051322e+02 3.568795177462698121e+02
3.607263296344322043e+02 3.615735219921732551e+02
3.654110871440765891e+02 3.662674899233865062e+02
3.700958446810863052e+02 3.709614218044208656e+02
3.747806023270369451e+02 3.756553178365310828e+02
3.794653598887407497e+02 3.803491783818890326e+02
3.841501174311512159e+02 3.850430036800564721e+02
3.888348749370801443e+02 3.897367940424410904e+02
3.935196324830712911e+02 3.944305497427741329e+02
3.982043900498447329e+02 3.991242710732514638e+02
4.028891476424103075e+02 4.038179582309849138e+02
4.075739051464908016e+02 4.085116115671835360e+02
4.122586626552757707e+02 4.132052313009670002e+02
4.169434201608461308e+02 4.178988175404733170e+02
4.216281776758256683e+02 4.225923706952461316e+02
4.263129351809623131e+02 4.272858909766848683e+02
4.309976927024786164e+02 4.319793786593176037e+02
4.356824502215683310e+02 4.366728339823315537e+02
4.403672077355168426e+02 4.413662572182465738e+02
4.450519653117527241e+02 4.460596485875950066e+02
4.497367228266501229e+02 4.507530082035440273e+02
4.544214804394046041e+02 4.554463364173200830e+02
4.591062379535940181e+02 4.601396334548240361e+02
4.637909955730900151e+02 4.648328995796582603e+02
4.684757530914656627e+02 4.695261348763164051e+02
4.731605107764680724e+02 4.742193396916768506e+02
4.778452683450678933e+02 4.789125143881373106e+02
4.825300258487357041e+02 4.836056588325039911e+02
4.872147833606765062e+02 4.882987734498649388e+02
4.918995409389266342e+02 4.929918584238459403e+02
4.965842984866127381e+02 4.976849139879365680e+02
5.012690561190560175e+02 5.023779404897692871e+02
5.059538136473593113e+02 5.070709378228771129e+02
5.106385712557077454e+02 5.117639064300160499e+02
5.153233288197891397e+02 5.164568463449986666e+02
5.200080863442524333e+02 5.211497578627811436e+02
5.246928439791298615e+02 5.258426412205959650e+02
5.293776014922489139e+02 5.305354965422461646e+02
5.340623590472855540e+02 5.352283241629385202e+02
5.387471166214124878e+02 5.399211240622785226e+02
5.434318743307609338e+02 5.446138965057177757e+02
5.481166319378379512e+02 5.493066416999445210e+02
5.528013895696188911e+02 5.539993598596040556e+02
5.574861470906633940e+02 5.586920511950246464e+02
5.621709046765829498e+02 5.633847158229816614e+02
5.668556622601654453e+02 5.680773539371216430e+02
5.715404199364382976e+02 5.727699657037085217e+02
5.762251775522165644e+02 5.774625513610742473e+02
5.809099350752612736e+02 5.821551111672516754e+02
5.855946926128025325e+02 5.868476451740968969e+02
5.902794501239936835e+02 5.915401535005530604e+02
5.949642078054398553e+02 5.962326362994471083e+02
5.996489653222171228e+02 6.009250939598991863e+02
6.043337228358251423e+02 6.056175262821267324e+02
6.090184805358811673e+02 6.103099338222361894e+02
6.137032382736396130e+02 6.150023166238995600e+02
6.183879958911008998e+02 6.196946745630507394e+02
6.230727533966385181e+02 6.243870081555960496e+02
6.277575110614957339e+02 6.290793173994213703e+02
6.324422685903355159e+02 6.337716024339480327e+02
6.371270261230013148e+02 6.384638635989583690e+02
6.418117838540091498e+02 6.431561008189436279e+02
6.464965415830797610e+02 6.478483143772750736e+02
6.511812992923383945e+02 6.525405043902364923e+02
6.558660568612476709e+02 6.572326709621524969e+02
6.605508145942261535e+02 6.619248142953676961e+02
6.652355722551910731e+02 6.666169344732061290e+02
6.699203297625517735e+02 6.713090318178476537e+02
6.746050874262352863e+02 6.760011062479007933e+02
6.792898452031124634e+02 6.806931581112189633e+02
6.839746027179232897e+02 6.853851874340584800e+02
6.886593603050934007e+02 6.900771944492478269e+02
6.933441178358252728e+02 6.947691791956062843e+02
6.980288753580880439e+02 6.994611419272505373e+02
7.027136328817020967e+02 7.041530825926538455e+02
7.073983904243648340e+02 7.088450013342527427e+02
7.120831480746237503e+02 7.135368985617246835e+02
7.167679057197660768e+02 7.182287740986726021e+02
7.214526634719753702e+02 7.229206281038390216e+02
7.261374210187758536e+02 7.276124609484575103e+02
7.308221786509745925e+02 7.323042725443383461e+02
7.355069363655093184e+02 7.369960630335297083e+02
7.401916939808643292e+02 7.416878326447861127e+02
7.448764515689947530e+02 7.463795814583778565e+02
7.495612092389671943e+02 7.510713095767130199e+02
