0.000000000000000000e+00 0.000000000000000000e+00
4.684757495978550068e+00 4.697988928254527963e+00
9.369514991871533027e+00 9.395902924574187409e+00
1.405427248828150155e+01 1.409374284334770699e+01
1.873902998504765804e+01 1.879150952551503551e+01
2.342378748445133141e+01 2.348920379001564385e+01
2.810854498048440320e+01 2.818682645273310428e+01
3.279330247868165316e+01 3.288437831201081707e+01
3.747805997486649687e+01 3.758186016051361378e+01
4.216281747584456241e+01 4.227927274458827611e+01
4.684757497687608208e+01 4.697661685021084566e+01
5.153233247379608173e+01 5.167389320876285552e+01
5.621708998546657909e+01 5.637110256528422525e+01
6.090184748716909269e+01 6.106824563670100048e+01
6.558660500643611613e+01 6.576532311280158183e+01
7.027136250403708573e+01 7.046233572342207196e+01
7.495612001413201142e+01 7.515928413419676701e+01
7.964087751980468965e+01 7.985616903453512805e+01
8.432563502421589874e+01 8.455299108225054283e+01
8.901039253621783587e+01 8.924975094161581524e+01
9.369515005470712765e+01 9.394644924607638359e+01
9.837990756458569308e+01 9.864308666107390877e+01
1.030646650760878060e+02 1.033396637841536432e+02
1.077494226025026762e+02 1.080361812415283111e+02
1.124341801295194330e+02 1.127326396359905800e+02
1.171189376545903116e+02 1.174290395646263789e+02
1.218036951822946605e+02 1.221253816109336583e+02
1.264884526932675328e+02 1.268216663435787268e+02
1.311732102335694208e+02 1.315178943800536899e+02
1.358579677657684215e+02 1.362140662361374837e+02
1.405427252646376530e+02 1.409101824701627379e+02
1.452274827889467304e+02 1.456062436294985503e+02
1.499122402954070026e+02 1.503022502582019797e+02
1.545969978265151781e+02 1.549982028880332336e+02
1.592817553376154365e+02 1.596941020710699775e+02
1.639665128732972335e+02 1.643899482786569877e+02
1.686512704037364188e+02 1.690857420663539870e+02
1.733360279357914067e+02 1.737814838842114398e+02
1.780207854505443947e+02 1.784771742002251642e+02
1.827055429651119880e+02 1.831728135361732939e+02
1.873903004783576023e+02 1.878684023808096697e+02
1.920750579849987787e+02 1.925639411969154366e+02
1.967598155168356016e+02 1.972594304929936300e+02
2.014445730558235823e+02 2.019548706609002124e+02
2.061293306001798555e+02 2.066502621862157412e+02
2.108140881517978471e+02 2.113456055220597136e+02
2.154988457251065768e+02 2.160409010782059909e+02
2.201836032283231930e+02 2.207361493160137798e+02
2.248683607275956433e+02 2.254313506542089840e+02
2.295531183111019118e+02 2.301265054702789712e+02
2.342378758841155673e+02 2.348216142773423485e+02
2.389226334323762444e+02 2.395166774110237782e+02
2.436073909610627197e+02 2.442116952676964274e+02
2.482921485020902423e+02 2.489066683148076322e+02
2.529769060458297645e+02 2.536015969262015801e+02
2.576616635656422432e+02 2.582964814501572164e+02
2.623464211170985436e+02 2.629913222805930104e+02
2.670311787221213535e+02 2.676861198274138474e+02
2.717159362363157697e+02 2.723808744989471506e+02
2.764006938432119114e+02 2.770755865623760883e+02
2.810854513664308456e+02 2.817702564467955426e+02
2.857702088849988513e+02 2.864648845138131605e+02
2.904549663901611893e+02 2.911594711140631375e+02
2.951397239053960675e+02 2.958540166080482550e+02
2.998244814194430319e+02 3.005485212946432512e+02
3.045092389343008676e+02 3.052429855236255776e+02
3.091939964521440061e+02 3.099374097463205544e+02
3.138787539850956136e+02 3.146317941344049132e+02
3.185635115599226879e+02 3.193261390602455663e+02
3.232482690737494977e+02 3.240204448844401668e+02
3.279330265881468449e+02 3.287147119898380652e+02
3.326177841005273308e+02 3.334089405974848432e+02
3.373025416117835675e+02 3.381031310602941744e+02
3.419872991504624906e+02 3.427972836864182113e+02
3.466720566599774997e+02 3.474913987570233758e+02
3.513568142891095931e+02 3.521854766488279438e+02
3.560415718817399693e+02 3.568795176138005445e+02
3.607263294914350809e+02 3.615735218875394708e+02
3.654110869993370443e+02 3.662674897838337529e+02
3.700958445363399960e+02 3.709614216206329047e+02
3.747806020775857405e+02 3.756553177362679889e+02
3.794653595855035064e+02 3.803491782675623654e+02
3.841501171308535163e+02 3.850430036042766915e+02
3.888348747641613272e+02 3.897367939635282141e+02
3.935196322788088992e+02 3.944305497594297094e+02
3.982043897994827830e+02 3.991242710596579855e+02
4.028891474492906468e+02 4.038179582144332471e+02
4.075739049533583511e+02 4.085116115166758846e+02
4.122586624621516194e+02 4.132052311581676349e+02
4.169434200008867037e+02 4.178988174662066513e+02
4.216281775213483911e+02 4.225923706609393093e+02
4.263129350981088805e+02 4.272858909527795959e+02
4.309976926270551303e+02 4.319793786140035081e+02
4.356824501461487671e+02 4.366728340387286380e+02
4.403672076600913670e+02 4.413662572741283157e+02
4.450519652233783745e+02 4.460596486427648415e+02
4.497367227659053697e+02 4.507530082418456914e+02
4.544214803705986014e+02 4.554463365300058513e+02
4.591062378848538970e+02 4.601396335191587923e+02
4.637909955040097429e+02 4.648328996442349990e+02
4.684757530223760682e+02 4.695261349388557619e+02
4.731605106563159211e+02 4.742193399146112824e+02
4.778452682395841293e+02 4.789125146106238731e+02
4.825300257527355825e+02 4.836056590783431375e+02
4.872147832646917891e+02 4.882987736607804550e+02
4.918995408419904152e+02 4.929918586048923999e+02
4.965842984410230656e+02 4.976849141624528556e+02
5.012690560735013605e+02 5.023779404626156406e+02
5.059538136439715004e+02 5.070709377830768290e+02
5.106385712523900793e+02 5.117639062876564822e+02
5.153233288163329462e+02 5.164568462028123577e+02
5.200080864337326148e+02 5.211497577567206463e+02
5.246928440370343196e+02 5.258426411150118156e+02
5.293776016177357633e+02 5.305354964740691912e+02
5.340623592930919585e+02 5.352283241422815081e+02
5.387471169829017299e+02 5.399211240619176806e+02
5.434318746919484511e+02 5.446138965506515888e+02
5.481166322989142827e+02 5.493066417431209629e+02
5.528013899305771019e+02 5.539993598847204339e+02
5.574861474643781776e+02 5.586920512221396393e+02
5.621709050673769070e+02 5.633847158504855770e+02
5.668556627193994473e+02 5.680773540997186046e+02
5.715404203958723883e+02 5.727699658810302026e+02
5.762251780114461326e+02 5.774625515016500685e+02
5.809099355345045979e+02 5.821551112274455591e+02
5.855946931096914341e+02 5.868476451705505497e+02
5.902794506983830161e+02 5.915401534981622262e+02
5.949642083782614463e+02 5.962326362715350569e+02
5.996489658867359367e+02 6.009250938981098216e+02
6.043337234200798775e+02 6.056175262568182234e+02
6.090184810721750637e+02 6.103099338045897184e+02
6.137032386211905077e+02 6.150023164489948613e+02
6.183879962400118302e+02 6.196946743911713611e+02
6.230727537840327841e+02 6.243870078934930916e+02
6.277575113449547644e+02 6.290793171468562832e+02
6.324422688737072349e+02 6.337716021829237434e+02
6.371270264251353410e+02 6.384638632667679303e+02
6.418117839275371352e+02 6.431561005434584786e+02
6.464965416565230498e+02 6.478483141833264654e+02
6.511812993656312756e+02 6.525405043395229541e+02
6.558660570519482462e+02 6.572326708757511824e+02
6.605508147469897722e+02 6.619248141787213626e+02
6.652355724081314747e+02 6.666169344789607294e+02
6.699203299154121396e+02 6.713090317018229598e+02
6.746050875788716894e+02 6.760011061018485634e+02
6.792898453558645997e+02 6.806931579069323561e+02
6.839746028706886136e+02 6.853851871266673470e+02
6.886593603825667742e+02 6.900771941688252582e+02
6.933441179358439967e+02 6.947691788151814762e+02
6.980288755919332289e+02 6.994611413872503363e+02
7.027136331135574210e+02 7.041530818985340829e+02
7.073983907184913278e+02 7.088450006051309629e+02
7.120831482963037615e+02 7.135368978358510503e+02
7.167679059192103068e+02 7.182287734218054993e+02
7.214526636714283541e+02 7.229206274297496293e+02
7.261374212100977275e+02 7.276124603062598908e+02
7.308221787196673631e+02 7.323042720151414642e+02
7.355069363246127523e+02 7.369960625475522420e+02
7.401916939399441162e+02 7.416878321644542211e+02
7.448764515280014393e+02 7.463795811326647254e+02
7.495612090341603562e+02 7.510713093216495508e+02
