0.000000000000000000e+00 0.000000000000000000e+00
4.541811752824561843e+00 4.555483266718464819e+00
9.083623505124780451e+00 9.110879823990497783e+00
1.362543525873365269e+01 1.366619078171218504e+01
1.816724701255377994e+01 1.822141722842046008e+01
2.270905876947424673e+01 2.277656023192522383e+01
2.725087052238917451e+01 2.733162084108020906e+01
3.179268227571474270e+01 3.188660008783941180e+01
3.633449402871254819e+01 3.644149897411891459e+01
4.087630578699642570e+01 4.099631849834236164e+01
4.541811754622041519e+01 4.555105962369595574e+01
4.995992931649666957e+01 5.010572331851064121e+01
5.450174106975137533e+01 5.466031051740570490e+01
5.904355283438619040e+01 5.921482213064962252e+01
6.358536458756853449e+01 6.376925905807181039e+01
6.812717635010497474e+01 6.832362218846905932e+01
7.266898811124661961e+01 7.287791239984528602e+01
7.721079986592536670e+01 7.743213054709957532e+01
8.175261165156246079e+01 8.198627746677590267e+01
8.629442340830266289e+01 8.654035399339572621e+01
9.083623519534936008e+01 9.109436095798601229e+01
9.537804697088726869e+01 9.564829911503977655e+01
9.991985874032934589e+01 1.002021692950690124e+02
1.044616704947902690e+02 1.047559722135189020e+02
1.090034822687034648e+02 1.093097086639022280e+02
1.135452940565321569e+02 1.138633793901002491e+02
1.180871058478325324e+02 1.184169850951288936e+02
1.226289176583467224e+02 1.229705265315990061e+02
1.271707294187390005e+02 1.275240044026261899e+02
1.317125411947215810e+02 1.320774193855713179e+02
1.362543529846523143e+02 1.366307721857450588e+02
1.407961647994934822e+02 1.411840634783988264e+02
1.453379766028538143e+02 1.457372939596622530e+02
1.498797884095622237e+02 1.502904642527735746e+02
1.544216001673638630e+02 1.548435749995850870e+02
1.589634119444700673e+02 1.593966267577519034e+02
1.635052237240888076e+02 1.639496202322157785e+02
1.680470355078007856e+02 1.685025560345167150e+02
1.725888472765444419e+02 1.730554347082412505e+02
1.771306590753932255e+02 1.776082568847291157e+02
1.816724708444739349e+02 1.821610231637492063e+02
1.862142826315741786e+02 1.867137340879657188e+02
1.907560944064074420e+02 1.912663902442353958e+02
1.952979062178348215e+02 1.958189922150954203e+02
1.998397179849085887e+02 2.003715404917721798e+02
2.043815297434215097e+02 2.049240356238841798e+02
2.089233415058429273e+02 2.094764781752394924e+02
2.134651533147579698e+02 2.140288686821983219e+02
2.180069650962880985e+02 2.185812076848215781e+02
2.225487769104239533e+02 2.231334956317678859e+02
2.270905887395171021e+02 2.276857329917008315e+02
2.316324005800209420e+02 2.322379202570367625e+02
2.361742123738626447e+02 2.367900580587973707e+02
2.407160241549061084e+02 2.413421467303791133e+02
2.452578359767733787e+02 2.458941868223798792e+02
2.497996477442006267e+02 2.504461787129345112e+02
2.543414595421995728e+02 2.549981228615661166e+02
2.588832714069534404e+02 2.595500198158334797e+02
2.634250831755524018e+02 2.641018699874559843e+02
2.679668950066767366e+02 2.686536738161954645e+02
2.725087067937478196e+02 2.732054317548087283e+02
2.770505186609125303e+02 2.777571441211862862e+02
2.815923305437556792e+02 2.823088113995976300e+02
2.861341423428987127e+02 2.868604340386271474e+02
2.906759541657987711e+02 2.914120124756341284e+02
2.952177660332059759e+02 2.959635470218013893e+02
2.997595779103237987e+02 3.005150381719229244e+02
3.043013897852285936e+02 3.050664862604134555e+02
3.088432016188804710e+02 3.096178917057611670e+02
3.133850134934074845e+02 3.141692548214646195e+02
3.179268252587946222e+02 3.187205761507626107e+02
3.224686371142283292e+02 3.232718559093993917e+02
3.270104489189936317e+02 3.278230944984400139e+02
3.315522607245760582e+02 3.323742922855370239e+02
3.360940726278973898e+02 3.369254496325096397e+02
3.406358844892554316e+02 3.414765668979619022e+02
3.451776963129396449e+02 3.460276444266110616e+02
3.497195081556250784e+02 3.505786825834765637e+02
3.542613199642441941e+02 3.551296816563706216e+02
3.588031318491845809e+02 3.596806419476123438e+02
3.633449437719751245e+02 3.642315638654426948e+02
3.678867556108676808e+02 3.687824476551745647e+02
3.724285674267068202e+02 3.733332937361349195e+02
3.769703792091891614e+02 3.778841024420074746e+02
3.815121910161024061e+02 3.824348739426789621e+02
3.860540028727119761e+02 3.869856087854567477e+02
3.905958147670522180e+02 3.915363070516432344e+02
3.951376266249410492e+02 3.960869691298480575e+02
3.996794384789270680e+02 4.006375952041485107e+02
4.042212502466436490e+02 4.051881856958749495e+02
4.087630621938898798e+02 4.097387410078431458e+02
4.133048740170238489e+02 4.142892612897500157e+02
4.178466858241397972e+02 4.188397467726335321e+02
4.223884977846799984e+02 4.233901977390532920e+02
4.269303095505407555e+02 4.279406147041415807e+02
4.314721213773348722e+02 4.324909976590561200e+02
4.360139332075095808e+02 4.370413469888067084e+02
4.405557450600115317e+02 4.415916628471441072e+02
4.450975570188481925e+02 4.461419457893599656e+02
4.496393689947212806e+02 4.506921958742247512e+02
4.541811807923248807e+02 4.552424132995752188e+02
4.587229926618365425e+02 4.597925984183852961e+02
4.632648044639173577e+02 4.643427514946168913e+02
4.678066162386308520e+02 4.688928727776951746e+02
4.723484280832485638e+02 4.734429624724267569e+02
4.768902399891224491e+02 4.779930208161169958e+02
4.814320518731867651e+02 4.825430479247850144e+02
4.859738636926660433e+02 4.870930441656617518e+02
4.905156755267113340e+02 4.916430098423866184e+02
4.950574874713753388e+02 4.961929452234051041e+02
4.995992992651354143e+02 5.007428503353776250e+02
5.041411111678855832e+02 5.052927254866674502e+02
5.086829229300843735e+02 5.098425710042428136e+02
5.132247349162653336e+02 5.143923870411363168e+02
5.177665466856675494e+02 5.189421736635777052e+02
5.223083585022739044e+02 5.234919312352337784e+02
5.268501702642560076e+02 5.280416600207557849e+02
5.313919821202812273e+02 5.325913601920259453e+02
5.359337939361345207e+02 5.371410319715639616e+02
5.404756058097111691e+02 5.416906756821935005e+02
5.450174176899454324e+02 5.462402913614671434e+02
5.495592295304188610e+02 5.507898792204566689e+02
5.541010413057083497e+02 5.553394393828180000e+02
5.586428530665643848e+02 5.598889721971434028e+02
5.631846650606377125e+02 5.644384777580911532e+02
5.677264770642053691e+02 5.689879564152291778e+02
5.722682888669368140e+02 5.735374081433895981e+02
5.768101008038909185e+02 5.780868333598689333e+02
5.813519128048666289e+02 5.826362320594361108e+02
5.858937246612487115e+02 5.871856043641599854e+02
5.904355366695676821e+02 5.917349507864144016e+02
5.949773486156540230e+02 5.962842711899821779e+02
5.995191604556679295e+02 6.008335658756870998e+02
6.040609724068582409e+02 6.053828351254331892e+02
6.086027842717819567e+02 6.099320789469785495e+02
6.131445961135968901e+02 6.144812976835895597e+02
6.176864078820567556e+02 6.190304914233955742e+02
6.222282197602579572e+02 6.235796601849870058e+02
6.267700316249554362e+02 6.281288044961848982e+02
6.313118434953705673e+02 6.326779242224620248e+02
6.358536553152179067e+02 6.372270196529518671e+02
6.403954672617547885e+02 6.417760907553055176e+02
6.449372790243435247e+02 6.463251379008653430e+02
6.494790908290747211e+02 6.508741613821041483e+02
6.540209028479578137e+02 6.554231609762717881e+02
6.585627146211973013e+02 6.599721370326039960e+02
6.631045264450734749e+02 6.645210898692930641e+02
6.676463382123793053e+02 6.690700195523029379e+02
6.721881502567184725e+02 6.736189261325780535e+02
6.767299620397611761e+02 6.781678097063554560e+02
6.812717741334179209e+02 6.827166706758573582e+02
6.858135859268982131e+02 6.872655088133283243e+02
6.903553978033015710e+02 6.918143244474299536e+02
6.948972096577215325e+02 6.963631179007938954e+02
6.994390214535295627e+02 7.009118891514187908e+02
7.039808333059614824e+02 7.054606383041307254e+02
7.085226452165604769e+02 7.100093654886428567e+02
7.130644570701163047e+02 7.145580710701417502e+02
7.176062689811969904e+02 7.191067550815935192e+02
7.221480808030918297e+02 7.236554174775457113e+02
7.266898927101592562e+02 7.282040585476802335e+02
