0.000000000000000000e+00 0.000000000000000000e+00
4.541825069139338922e+00 4.555558035290274255e+00
9.083650138329447898e+00 9.111028481191761230e+00
1.362547520847698834e+01 1.366641246480588734e+01
1.816730027766640632e+01 1.822171109307690529e+01
2.270912535050232606e+01 2.277692545184895323e+01
2.725095041944045704e+01 2.733205659866227677e+01
3.179277548869897885e+01 3.188710558095611702e+01
3.633460055867807625e+01 3.644207342971745334e+01
4.087642563409769991e+01 4.099696114090951937e+01
4.541825071179975737e+01 4.555176970467665143e+01
4.996007580384772950e+01 5.010650010079376671e+01
5.450190089847453123e+01 5.466115327462613038e+01
5.904372597221733088e+01 5.921573015340052137e+01
6.358555104235789912e+01 6.377023164826128010e+01
6.812737613844660700e+01 6.832465866041050617e+01
7.266920120843468567e+01 7.287901208508742457e+01
7.721102628310777050e+01 7.743329278219309231e+01
8.175285138476749580e+01 8.198750161717353535e+01
8.629467648840042671e+01 8.654163942097633822e+01
9.083650155996697606e+01 9.109570702586758273e+01
9.537832665194133597e+01 9.564970520287246813e+01
9.992015176022536593e+01 1.002036348155610597e+02
1.044619768303952725e+02 1.047574965888917404e+02
1.090038019108888960e+02 1.093112912976915254e+02
1.135456269916754479e+02 1.138650196909985652e+02
1.180874520645016332e+02 1.184186825480578875e+02
1.226292771377947020e+02 1.229722806066544365e+02
1.271711022237772539e+02 1.275258145194546842e+02
1.317129273130919955e+02 1.320792850584173550e+02
1.362547523947417005e+02 1.366326928401066425e+02
1.407965774916367820e+02 1.411860385920204521e+02
1.453384026197126673e+02 1.457393230317604491e+02
1.498802277069580668e+02 1.502925467250767610e+02
1.544220528274572644e+02 1.548457104444823926e+02
1.589638779588185571e+02 1.593988147594208726e+02
1.635057030478274669e+02 1.639518602292604328e+02
1.680475281517382200e+02 1.685048476140633511e+02
1.725893532261842722e+02 1.730577774350749962e+02
1.771311783721769189e+02 1.776106502742751729e+02
1.816730034814881378e+02 1.821634668147312368e+02
1.862148285692694571e+02 1.867162275872577766e+02
1.907566536739400931e+02 1.912689330990413055e+02
1.952984787540466129e+02 1.958215839744044615e+02
1.998403038448923894e+02 2.003741807355406763e+02
2.043821289449460892e+02 2.049267240081126715e+02
2.089239540552151198e+02 2.094792142600392140e+02
2.134657791528548501e+02 2.140316520240193654e+02
2.180076042369403524e+02 2.185840378814777125e+02
2.225494293829262062e+02 2.231363722812576782e+02
2.270912544898352508e+02 2.276886558199801698e+02
2.316330795727164968e+02 2.322408889392030460e+02
2.361749046651219714e+02 2.367930720520211025e+02
2.407167297805010833e+02 2.413452057636439463e+02
2.452585548682680496e+02 2.458972904718170298e+02
2.498003799467968520e+02 2.504493266756931575e+02
2.543422050334614539e+02 2.550013148843508475e+02
2.588840301118666503e+02 2.595532555708189193e+02
2.634258552017319630e+02 2.641051490543534328e+02
2.679676802983840389e+02 2.686569958632057364e+02
2.725095054932527319e+02 2.732087964704353453e+02
2.770513306823805806e+02 2.777605512270673671e+02
2.815931557623554795e+02 2.823122605510367862e+02
2.861349809518980010e+02 2.868639250123613351e+02
2.906768061527660052e+02 2.914155449278035803e+02
2.952186312505920682e+02 2.959671206330931454e+02
2.997604564241349863e+02 3.005186526537344207e+02
3.043022815339693352e+02 3.050701413462606411e+02
3.088441066995243318e+02 3.096215870068372737e+02
3.133859318396787330e+02 3.141729901911123761e+02
3.179277569710840226e+02 3.187243511893320829e+02
3.224695820914212163e+02 3.232756703414038384e+02
3.270114072120076116e+02 3.278269480503230398e+02
3.315532323336849458e+02 3.323781846882188802e+02
3.360950574877206236e+02 3.369293806210749835e+02
3.406368825652241412e+02 3.414805362106139341e+02
3.451787077072372085e+02 3.460316518175211513e+02
3.497205328669537039e+02 3.505827277853788928e+02
3.542623579520877115e+02 3.551337644644623879e+02
3.588041831569813098e+02 3.596847620684590083e+02
3.633460083201158568e+02 3.642357211260286931e+02
3.678878335429194522e+02 3.687866417685061720e+02
3.724296587667756739e+02 3.733375245068690447e+02
3.769714839936562498e+02 3.778883694964133610e+02
3.815133091369606291e+02 3.824391771515910250e+02
3.860551343262354180e+02 3.869899478147815444e+02
3.905969594224868615e+02 3.915406817512297266e+02
3.951387845098907974e+02 3.960913791867802161e+02
3.996806095874985090e+02 4.006420405548121835e+02
4.042224346604923539e+02 4.051926660575760479e+02
4.087642598691397779e+02 4.097432561828173903e+02
4.133060850729522713e+02 4.142938110980866782e+02
4.178479101966843245e+02 4.188443310714243353e+02
4.223897354331633096e+02 4.233948163429131455e+02
4.269315605401537823e+02 4.279452672835718090e+02
4.314733857184821773e+02 4.324956840083244742e+02
4.360152109122194020e+02 4.370460670150134206e+02
4.405570360890122856e+02 4.415964163195436072e+02
4.450988613645315013e+02 4.461467324503116174e+02
4.496406864654973674e+02 4.506970155370303246e+02
4.541825115774926189e+02 4.552472657538462499e+02
4.587243366768273063e+02 4.597974836016921927e+02
4.632661618118243041e+02 4.643476689933409034e+02
4.678079868906842194e+02 4.688978223708834321e+02
4.723498120520978318e+02 4.734479440529775616e+02
4.768916372009550173e+02 4.779980343012958883e+02
4.814334622779991832e+02 4.825480932873748543e+02
4.859752874637850937e+02 4.870981210894778997e+02
4.905171126275906204e+02 4.916481181520713903e+02
4.950589377984676958e+02 4.961980846002232965e+02
4.996007630941072080e+02 5.007480208395705290e+02
5.041425882940655470e+02 5.052979268784815758e+02
5.086844134032535294e+02 5.098478030654009672e+02
5.132262387057427304e+02 5.143976495695576432e+02
5.177680639683378558e+02 5.189474666934079323e+02
5.223098891086750655e+02 5.234972545326672844e+02
5.268517142203769481e+02 5.280470133748531225e+02
5.313935394532271630e+02 5.325967434446999960e+02
5.359353645842713831e+02 5.371464449760891284e+02
5.404771897132899312e+02 5.416961181551707796e+02
5.450190149494909519e+02 5.462457632212529006e+02
5.495608400896143166e+02 5.507953803277346196e+02
5.541026654211981395e+02 5.553449696528044797e+02
5.586444907584976818e+02 5.598945315036914963e+02
5.631863159557892686e+02 5.644440659002007123e+02
5.677281411108847351e+02 5.689935733523672070e+02
5.722699662957139708e+02 5.735430538787006753e+02
5.768117915489276584e+02 5.780925075036277576e+02
5.813536168661765942e+02 5.826419346069200174e+02
5.858954422248589253e+02 5.871913353825573267e+02
5.904372673509791412e+02 5.917407097543227792e+02
5.949790927042942030e+02 5.962900581670999145e+02
5.995209177868121060e+02 6.008393806991796282e+02
6.040627429387160419e+02 6.053886776852185676e+02
6.086045682508113259e+02 6.099379491679353578e+02
6.131463934447981501e+02 6.144871953048198066e+02
6.176882185786466835e+02 6.190364165060316282e+02
6.222300437709852758e+02 6.235856126539797515e+02
6.267718689512853416e+02 6.281347839183399628e+02
6.313136940752525561e+02 6.326839306663159732e+02
6.358555192110632106e+02 6.372330528144671007e+02
6.403973445931188735e+02 6.417821506845743897e+02
6.449391697949617992e+02 6.463312244342411077e+02
6.494809949160578526e+02 6.508802744630012285e+02
6.540228200981346163e+02 6.554293004940029732e+02
6.585646452195301208e+02 6.599783028981614734e+02
6.631064703519726891e+02 6.645272819248389169e+02
6.676482955645271886e+02 6.690762375165598996e+02
6.721901207207318976e+02 6.736251698764237972e+02
6.767319458196905089e+02 6.781740793600342840e+02
6.812737711878100981e+02 6.827229661256128566e+02
6.858155963266726758e+02 6.872718299131521462e+02
6.903574216837289441e+02 6.918206711036386878e+02
6.948992470305222469e+02 6.963694901301585105e+02
6.994410721725702160e+02 7.009182868831101132e+02
7.039828973416331337e+02 7.054670615664351772e+02
7.085247225689706738e+02 7.100158140698015359e+02
7.130665477375760020e+02 7.145645446664545943e+02
7.176083729415543075e+02 7.191132535536692103e+02
7.221501980537066174e+02 7.236619411270323781e+02
7.266920231521241931e+02 7.282106069857902639e+02
