0.000000000000000000e+00 0.000000000000000000e+00
4.541904410561087957e+00 4.556020779995855641e+00
9.083808820640987491e+00 9.111948383517145089e+00
1.362571323143807867e+01 1.366778405119224438e+01
1.816761764803768031e+01 1.822352899957048322e+01
2.270952205911622457e+01 2.277918442047901948e+01
2.725142646949807101e+01 2.733475147923047288e+01
3.179333088018382014e+01 3.189023132586306275e+01
3.633523529071828051e+01 3.644562508583636884e+01
4.087713970101422944e+01 4.100093385324346684e+01
4.541904412431088645e+01 4.555615871859093602e+01
4.996094853494977173e+01 5.011130074280028168e+01
5.450285297061424927e+01 5.466636096573343906e+01
5.904475740319043808e+01 5.922134040417274292e+01
6.358666182236887465e+01 6.377624005371325211e+01
6.812856623691872926e+01 6.833106089637887237e+01
7.267047066782880904e+01 7.288580390587424063e+01
7.721237510553592642e+01 7.744047005159814034e+01
8.175427954872915848e+01 8.199506021299329461e+01
8.629618396213899700e+01 8.654957535350558828e+01
9.083808838052925694e+01 9.110401632744554945e+01
9.537999281382917616e+01 9.565838402468892809e+01
9.992189722990600842e+01 1.002126793609875790e+02
1.044638016541754268e+02 1.047669031131394775e+02
1.090057060664987603e+02 1.093210561577770079e+02
1.135476105288776125e+02 1.138751393139551453e+02
1.180895149540918965e+02 1.184291533777937673e+02
1.226314194137398346e+02 1.229830991259873230e+02
1.271733238362485281e+02 1.275369773442734243e+02
1.317152282900202067e+02 1.320907888058451363e+02
1.362571327265430341e+02 1.366445342842324351e+02
1.407990371931154812e+02 1.411982144843292133e+02
1.453409416472704550e+02 1.457518301909314005e+02
1.498828460810072727e+02 1.503053820778728493e+02
1.544247505420701998e+02 1.548588708511482537e+02
1.589666549786614951e+02 1.594122972161411553e+02
1.635085594256626678e+02 1.639656617674983181e+02
1.680504639157371400e+02 1.685189653121929609e+02
1.725923683756875562e+02 1.730722083775711440e+02
1.771342728718271928e+02 1.776253916680337852e+02
1.816761772901070913e+02 1.821785158258575734e+02
1.862180817326535305e+02 1.867315814745765010e+02
1.907599861561400587e+02 1.912845892342512286e+02
1.953018905710025592e+02 1.958375397210615745e+02
1.998437949855246245e+02 2.003904335368335978e+02
2.043856994079225160e+02 2.049432712456579679e+02
2.089276038475912856e+02 2.094960534606944975e+02
2.134695083161044806e+02 2.140487807268185634e+02
2.180114127443362122e+02 2.186014535998658062e+02
2.225533172428492037e+02 2.231540726787156075e+02
2.270952217479552360e+02 2.277066384396937906e+02
2.316371262460449998e+02 2.322591514178414513e+02
2.361790307286086374e+02 2.368116122450890089e+02
2.407209351709091152e+02 2.413640213912597687e+02
2.452628396533282285e+02 2.459163793212013900e+02
2.498047440956205492e+02 2.504686865006160019e+02
2.543466485131347099e+02 2.550209435821791146e+02
2.588885529765454407e+02 2.595731509147082647e+02
2.634304574908967425e+02 2.641253090147966418e+02
2.679723619714957863e+02 2.686774184042562865e+02
2.725142663915329422e+02 2.732294795365999107e+02
2.770561708124212146e+02 2.777814928459904991e+02
2.815980752380584704e+02 2.823334588085527344e+02
2.861399797768740996e+02 2.868853779095731511e+02
2.906818843092567022e+02 2.914372504670782291e+02
2.952237887305287813e+02 2.959890770060004002e+02
2.997656932391601003e+02 3.005408579215486498e+02
3.043075977395844234e+02 3.050925937358854299e+02
3.088495022314186826e+02 3.096442848383101136e+02
3.133914066581437510e+02 3.141959315254046601e+02
3.179333111290504803e+02 3.187475343708961759e+02
3.224752155912250942e+02 3.232990936660426087e+02
3.270171200957499309e+02 3.278506097953238623e+02
3.315590245587472964e+02 3.324020831793169464e+02
3.361009290710990172e+02 3.369535142223074899e+02
3.406428335420364419e+02 3.415049031822784400e+02
3.451847379682720884e+02 3.460562506484045571e+02
3.497266424669397793e+02 3.506075568979591139e+02
3.542685470116694546e+02 3.551588222432052362e+02
3.588104515220046551e+02 3.597100470191734303e+02
3.633523560300670852e+02 3.642612316791086755e+02
3.678942606107543156e+02 3.688123765081231227e+02
3.724361651686992900e+02 3.733634818396045603e+02
3.769780696342467081e+02 3.779145480980616867e+02
3.815199741058079326e+02 3.824655754950669007e+02
3.860618786227816486e+02 3.870165645196918831e+02
3.906037831211170896e+02 3.915675153428844624e+02
3.951456876738393476e+02 3.961184284507373832e+02
3.996875921644771097e+02 4.006693041736142504e+02
4.042294966834742240e+02 4.052201426243822766e+02
4.087714011232005191e+02 4.097709442464071117e+02
4.133133056008529138e+02 4.143217092953537986e+02
4.178552100634617545e+02 4.188724381008332216e+02
4.223971145099131945e+02 4.234231310635406089e+02
4.269390189318498869e+02 4.279737884003981208e+02
4.314809234607682811e+02 4.325244102854815083e+02
4.360228279891285297e+02 4.370749970481168702e+02
4.405647325685648639e+02 4.416255490242172073e+02
4.451066371850399719e+02 4.461760666804481161e+02
4.496485417221339276e+02 4.507265500032845011e+02
4.541904462282057011e+02 4.552769994495731112e+02
4.587323507342711082e+02 4.598274151583621006e+02
4.632742552055289025e+02 4.643777974654320815e+02
4.678161596551218508e+02 4.689281467984528717e+02
4.723580641210958220e+02 4.734784631208806900e+02
4.768999686151702235e+02 4.780287469213653821e+02
4.814418730417161214e+02 4.825789982806240914e+02
4.859837776462883312e+02 4.871292176897447916e+02
4.905256822593994457e+02 4.916794052624475171e+02
4.950675867297523496e+02 4.962295610426597250e+02
4.996094911495382576e+02 5.007796854233525892e+02
5.041513957436423539e+02 5.053297787381278567e+02
5.086933003038320749e+02 5.098798412739627111e+02
5.132352049480380174e+02 5.144298730822829384e+02
5.177771093793764976e+02 5.189798745937811191e+02
5.223190138445881985e+02 5.235298458190839028e+02
5.268609182717018484e+02 5.280797870494684503e+02
5.314028228413574197e+02 5.326296985589737005e+02
5.359447272818455303e+02 5.371795807139657200e+02
5.404866317185574189e+02 5.417294334090041730e+02
5.450285363455006973e+02 5.462792571080211701e+02
5.495704408272112005e+02 5.508290520763521272e+02
5.541123452993003866e+02 5.553788183181579825e+02
5.586542498673916270e+02 5.599285561466658692e+02
5.631961544051533792e+02 5.644782658927647390e+02
5.677380590531421376e+02 5.690279476242114924e+02
5.722799635360175898e+02 5.735776013975794285e+02
5.768218681307166662e+02 5.781272277613468304e+02
5.813637727896220895e+02 5.826768265181245852e+02
5.859056774899653419e+02 5.872263980458429842e+02
5.904475821553692185e+02 5.917759425983481378e+02
5.949894865761029905e+02 5.963254602806280218e+02
5.995313911959598272e+02 6.008749514418593662e+02
6.040732957821286391e+02 6.054244161724313926e+02
6.086152002701436459e+02 6.099738547272263531e+02
6.131571046893764105e+02 6.145232669865822572e+02
6.176990093890431126e+02 6.190726535014219962e+02
6.222409140018460221e+02 6.236220144683959461e+02
6.267828184829119209e+02 6.281713496935383318e+02
6.313247229629630510e+02 6.327206596567108363e+02
6.358666274401921328e+02 6.372699442892289881e+02
6.404085320452403494e+02 6.418192039323632798e+02
6.449504365150785361e+02 6.463684389266782091e+02
6.494923411476482897e+02 6.509176490733651690e+02
6.540342455654965761e+02 6.554668349588278033e+02
6.585761502985171774e+02 6.600159965914313034e+02
6.631180547725984979e+02 6.645651337445387981e+02
6.676599592555712661e+02 6.691142470700353897e+02
6.722018637837918504e+02 6.736633364746387542e+02
6.767437682139157005e+02 6.782124021743743469e+02
6.812856729629327219e+02 6.827614446248569493e+02
6.858275774138189718e+02 6.873104635929446431e+02
6.903694820462242205e+02 6.918594591995248493e+02
6.949113865192985031e+02 6.964084318198279107e+02
6.994532911985289729e+02 7.009573816996144160e+02
7.039951957110363310e+02 7.055063086581051266e+02
7.085371002806278966e+02 7.100552130281485006e+02
7.130790047906618838e+02 7.146040949034044161e+02
7.176209092252271375e+02 7.191529546085816946e+02
7.221628136928657113e+02 7.237017920662792676e+02
7.267047181337745769e+02 7.282506074738246298e+02
