0.000000000000000000e+00 0.000000000000000000e+00
4.541891235527656612e+00 4.555941930307005450e+00
9.083782470810488618e+00 9.111791653371852817e+00
1.362567370934815791e+01 1.366755038787499643e+01
1.816756494674398681e+01 1.822321933000224092e+01
2.270945618848448078e+01 2.277879965393350403e+01
2.725134742330699567e+01 2.733429252124350484e+01
3.179323866090106776e+01 3.188969904645514575e+01
3.633512989986890318e+01 3.644502033291405496e+01
4.087702114059979408e+01 4.100025747929163344e+01
4.541891237752371069e+01 4.555541155202300274e+01
4.996080361369456568e+01 5.011048357887283089e+01
5.450269485601506858e+01 5.466547459532709041e+01
5.904458610691023068e+01 5.922038560401001916e+01
6.358647735869237749e+01 6.377521758074449565e+01
6.812836859418240465e+01 6.832997150441968870e+01
7.267025983756400365e+01 7.288464832613635735e+01
7.721215109789247322e+01 7.743924897559419662e+01
8.175404236540182978e+01 8.199377439163203007e+01
8.629593360918173062e+01 8.654822544366450643e+01
9.083782484862527440e+01 9.110260304891269811e+01
9.537971610625474739e+01 9.565690804118094093e+01
9.992160734684813406e+01 1.002111413092871288e+02
1.044634986184342154e+02 1.047653036500749693e+02
1.090053898926859830e+02 1.093193959016050627e+02
1.135472811491683984e+02 1.138734188603145014e+02
1.180891723947653702e+02 1.184273733376490725e+02
1.226310636457510839e+02 1.229812601621256647e+02
1.271729549210725168e+02 1.275350800178389079e+02
1.317148461796280685e+02 1.320888337310262557e+02
1.362567374584199342e+02 1.366425219548457051e+02
1.407986287387379321e+02 1.411961455053384213e+02
1.453405199778809163e+02 1.457497050511297232e+02
1.498824112273036633e+02 1.503032013310593129e+02
1.544243025130928686e+02 1.548566349942033469e+02
1.589661938234747538e+02 1.594100067748519791e+02
1.635080851345194048e+02 1.639633172933687888e+02
1.680499764043523498e+02 1.685165673069102183e+02
1.725918676552472562e+02 1.730697573380554388e+02
1.771337589767538816e+02 1.776228881264984807e+02
1.816756502254141310e+02 1.821759602114036625e+02
1.862175414875225101e+02 1.867289743289482544e+02
1.907594327660293629e+02 1.912819310316280621e+02
1.953013240707861087e+02 1.958348308672585745e+02
1.998432153285635025e+02 2.003876744998583490e+02
2.043851065706534200e+02 2.049404624294134294e+02
2.089269978400944865e+02 2.094931953202005843e+02
2.134688890848947551e+02 2.140458736401525641e+02
2.180107804042349642e+02 2.185984980147121632e+02
2.225526716930955899e+02 2.231510689301405250e+02
2.270945630312904200e+02 2.277035870331816341e+02
2.316364543536396923e+02 2.322560527059663400e+02
2.361783456361789604e+02 2.368084665579597186e+02
2.407202369430393674e+02 2.413608291852454499e+02
2.452621282447049111e+02 2.459131408943302119e+02
2.498040195279761235e+02 2.504654023429983738e+02
2.543459107726094999e+02 2.550176139385658587e+02
2.588878020602426204e+02 2.595697762813838381e+02
2.634296933408774066e+02 2.641218896979364672e+02
2.679715845861137495e+02 2.686739547731544917e+02
2.725134758379286950e+02 2.732259718803704232e+02
2.770553671123387858e+02 2.777779415829234608e+02
2.815972583913383005e+02 2.823298641954243635e+02
2.861391497536470183e+02 2.868817403032478524e+02
2.906810411193972641e+02 2.914335703219122138e+02
2.952229323788108672e+02 2.959853546003955671e+02
2.997648237130202915e+02 3.005370935701607209e+02
3.043067150411662851e+02 3.050887876518389135e+02
3.088486063567299880e+02 3.096404373365846823e+02
3.133904976151241613e+02 3.141920430213976942e+02
3.179323889103937972e+02 3.187436050902314264e+02
3.224742801967003629e+02 3.232951237834373615e+02
3.270161715399980835e+02 3.278465997228147444e+02
3.315580628489291826e+02 3.323980332037300514e+02
3.360999541997866800e+02 3.369494246100873056e+02
3.406418454944376890e+02 3.415007743230878532e+02
3.451837368024227999e+02 3.460520827222063645e+02
3.497256281232015453e+02 3.506033501692266441e+02
3.542675195096109633e+02 3.551545769862120778e+02
3.588094108407972840e+02 3.597057634965427724e+02
3.633513021713272337e+02 3.642569100530787409e+02
3.678931935125129939e+02 3.688080171251964430e+02
3.724350848291556417e+02 3.733590849196435784e+02
3.769769761287406027e+02 3.779101138390976757e+02
3.815188674172787842e+02 3.824611042388154374e+02
3.860607586865503436e+02 3.870120565056902819e+02
3.906026499673034778e+02 3.915629708070175639e+02
3.951445413061588283e+02 3.961138476186589514e+02
3.996864325688529789e+02 4.006646871984444829e+02
4.042283239204720076e+02 4.052154898585218916e+02
4.087702152530360991e+02 4.097662559427014912e+02
4.133121065580712639e+02 4.143169856122522674e+02
4.178539978469749485e+02 4.188676793154284042e+02
4.223958892376105041e+02 4.234183372572624080e+02
4.269377805082589248e+02 4.279689598814840110e+02
4.314796718463393290e+02 4.325195473513705338e+02
4.360215632973678339e+02 4.370700998187519417e+02
4.405634545478557129e+02 4.416206178731182490e+02
4.451053459890067643e+02 4.461711016448037981e+02
4.496472372761039651e+02 4.507215513292912874e+02
4.541891286009242776e+02 4.552719672498706132e+02
4.587310199217462241e+02 4.598223497496668415e+02
4.632729112889024918e+02 4.643726991193200320e+02
4.678148025725776620e+02 4.689230153846579014e+02
4.723566938369434638e+02 4.734732989447945215e+02
4.768985852536227981e+02 4.780235501911123492e+02
4.814404765909104071e+02 4.825737692698462524e+02
4.859823678957811808e+02 4.871239563168331301e+02
4.905242592050339567e+02 4.916741118087754785e+02
4.950661506341962195e+02 4.962242357857506931e+02
4.996080421193474308e+02 5.007743285676021401e+02
5.041499334835075388e+02 5.053243904492928777e+02
5.086918247580121033e+02 5.098744215442815175e+02
5.132337162226519922e+02 5.144244222677737071e+02
5.177756075051934204e+02 5.189743928264754231e+02
5.223174987926299764e+02 5.235243332541974723e+02
5.268593900972775828e+02 5.280742438642405432e+02
5.314012814925367820e+02 5.326241249324973523e+02
5.359431727901967406e+02 5.371739767295523507e+02
5.404850642463359236e+02 5.417237995469497491e+02
5.450269556978047376e+02 5.462735932561196250e+02
5.495688470522629814e+02 5.508233583411551990e+02
5.541107385497050473e+02 5.553730949035197000e+02
5.586526297942684778e+02 5.599228032231299039e+02
5.631945211982313140e+02 5.644724835081925676e+02
5.677364126859783937e+02 5.690221360018537098e+02
5.722783040527202729e+02 5.735717608765712612e+02
5.768201954717583249e+02 5.781213582448638135e+02
5.813620869552114527e+02 5.826709282751551200e+02
5.859039784799479094e+02 5.872204711839918900e+02
5.904458699699989666e+02 5.917699873900929788e+02
5.949877612149126662e+02 5.963194768653846722e+02
5.995296525918191719e+02 6.008689396929752320e+02
6.040715440627249109e+02 6.054183762956109831e+02
6.086134353425397876e+02 6.099677868519412414e+02
6.131553266286413191e+02 6.145171714200697579e+02
6.176972179179907698e+02 6.190665301008382357e+02
6.222391092779728297e+02 6.236158633924104606e+02
6.267810005918277056e+02 6.281651712772941210e+02
6.313228920550169505e+02 6.327144537842500540e+02
6.358647833565044039e+02 6.372637112545201035e+02
6.404066747943381870e+02 6.418129437898414835e+02
6.449485660624742422e+02 6.463621517256390234e+02
6.494904573500273273e+02 6.509113352481241463e+02
6.540323485997244006e+02 6.554604943914528121e+02
6.585742400352787627e+02 6.600096291762623650e+02
6.631161314236205726e+02 6.645587399632652250e+02
6.676580228334091771e+02 6.691078269644568763e+02
6.721999141250153116e+02 6.736568900495446997e+02
6.767418053890664851e+02 6.782059295503456724e+02
6.812836969612843632e+02 6.827549458143514585e+02
6.858255882586745429e+02 6.873039388451334162e+02
6.903674798288076317e+02 6.918529086679372995e+02
6.949093710826932693e+02 6.964018556309151791e+02
6.994512625821994334e+02 7.009507797261665019e+02
7.039931539356716712e+02 7.054996811418476454e+02
7.085350453318250175e+02 7.100485600038348366e+02
7.130769366660294963e+02 7.145974166086464265e+02
7.176188280408211995e+02 7.191462511441435481e+02
7.221607195758247144e+02 7.236950634697238911e+02
7.267026108866124332e+02 7.282438538433909798e+02
