0.000000000000000000e+00 0.000000000000000000e+00
4.542661159739383336e+00 4.555246709325627030e+00
9.085322321268893830e+00 9.110421554450537585e+00
1.362798348212038135e+01 1.366552536219856506e+01
1.817064464276860392e+01 1.822055895242732859e+01
2.271330580611751060e+01 2.277552312172665694e+01
2.725596696800474916e+01 2.733041865096399903e+01
3.179862812927063231e+01 3.188524631856606106e+01
3.634128929108590000e+01 3.644000688786017861e+01
4.088395046679136158e+01 4.099470111538209949e+01
4.542661164297952325e+01 4.554932971626963223e+01
4.996927280330686472e+01 5.010389343524972361e+01
5.451193396897733123e+01 5.465839297366501626e+01
5.905459514366548035e+01 5.921282902914550306e+01
6.359725631207315644e+01 6.376720228221201836e+01
6.813991749146688903e+01 6.832151341697280600e+01
7.268257865944042351e+01 7.287576310284195813e+01
7.722523982050208247e+01 7.742995198783603428e+01
8.176790101350621853e+01 8.198408072409394265e+01
8.631056218445419859e+01 8.653814995942855148e+01
9.085322334906078368e+01 9.109216030615078807e+01
9.539588451096967958e+01 9.564611235858355087e+01
9.993854568189867393e+01 1.002000067720265974e+02
1.044812068531645650e+02 1.047538440924129475e+02
1.090238680297757696e+02 1.093076249183693278e+02
1.135665292008612823e+02 1.138613498426849020e+02
1.181091903731885537e+02 1.184150194199486492e+02
1.226518515755189611e+02 1.229686341880657778e+02
1.271945127533065829e+02 1.275221947291524884e+02
1.317371739170848741e+02 1.320757015976175808e+02
1.362798351163402799e+02 1.366291552946577781e+02
1.408224963022089185e+02 1.411825563571930218e+02
1.453651575108009411e+02 1.457359053589303528e+02
1.499078187230548735e+02 1.502892027713697587e+02
1.544504799358757055e+02 1.548424491050133440e+02
1.589931411198718934e+02 1.593956447805266805e+02
1.635358023442450985e+02 1.639487903464518013e+02
1.680784635395080500e+02 1.685018863392880917e+02
1.726211247597352099e+02 1.730549331532808424e+02
1.771637859339886063e+02 1.776079312489394511e+02
1.817064471049819758e+02 1.821608812071649481e+02
1.862491082754690410e+02 1.867137833864068739e+02
1.907917694529550658e+02 1.912666382580937352e+02
1.953344306672489665e+02 1.958194462101481292e+02
1.998770919194786870e+02 2.003722076906149141e+02
2.044197530958921902e+02 2.049249231656006032e+02
2.089624142668589855e+02 2.094775931483057434e+02
2.135050754518587439e+02 2.140302179656103760e+02
2.180477366814888001e+02 2.185827979305028634e+02
2.225903978645557117e+02 2.231353335801293838e+02
2.271330590913044034e+02 2.276878252564337117e+02
2.316757203161360508e+02 2.322402734859853126e+02
2.362183815342696107e+02 2.367926785206575175e+02
2.407610427857536024e+02 2.413450407697680191e+02
2.453037039868178226e+02 2.458973605795486037e+02
2.498463652079477129e+02 2.504496384110493636e+02
2.543890264328676949e+02 2.550018745972913052e+02
2.589316877111674557e+02 2.595540694628871279e+02
2.634743488826703128e+02 2.641062234046567028e+02
2.680170101480843527e+02 2.686583368340711786e+02
2.725596714272678582e+02 2.732104100987976381e+02
2.771023327115431698e+02 2.777624434077781643e+02
2.816449939160106055e+02 2.823144371939655457e+02
2.861876552012016077e+02 2.868663917633119240e+02
2.907303163945178426e+02 2.914183074893961134e+02
2.952729776669872308e+02 2.959701846703493402e+02
2.998156389261351933e+02 3.005220236533388629e+02
3.043583000912251464e+02 3.050738248675862678e+02
3.089009613313017439e+02 3.096255883797512070e+02
3.134436225990762637e+02 3.141773146266529011e+02
3.179862837891223535e+02 3.187290040673829026e+02
3.225289449683231169e+02 3.232806568338446027e+02
3.270716062425796054e+02 3.278322732497155698e+02
3.316142674546042031e+02 3.323838536265416224e+02
3.361569287567780293e+02 3.369353982753864898e+02
3.406995899765178137e+02 3.414869074590416176e+02
3.452422512082769686e+02 3.460383814893503995e+02
3.497849124663084694e+02 3.505898206423145211e+02
3.543275737252492377e+02 3.551412250460243740e+02
3.588702349863185077e+02 3.596925951681528204e+02
3.634128961564132965e+02 3.642439311768872585e+02
3.679555573937237796e+02 3.687952334749317060e+02
3.724982185588265793e+02 3.733465021482639941e+02
3.770408798001715809e+02 3.778977375579504496e+02
3.815835410132677907e+02 3.824489400990847798e+02
3.861262022880445670e+02 3.870001098332095921e+02
3.906688634885280180e+02 3.915512471348886265e+02
3.952115246823659618e+02 3.961023521757241497e+02
3.997541858546907179e+02 4.006534251379146667e+02
4.042968470641726526e+02 4.052044665305556350e+02
4.088395082416594732e+02 4.097554763875606341e+02
4.133821694875525736e+02 4.143064548237364306e+02
4.179248306987452679e+02 4.188574023866315770e+02
4.224674920595201684e+02 4.234083192045271744e+02
4.270101532305350247e+02 4.279592052740080135e+02
4.315528145733493375e+02 4.325100610967242574e+02
4.360954758618206029e+02 4.370608867451671813e+02
4.406381372363203468e+02 4.416116824894248793e+02
4.451807986063013232e+02 4.461624486083660486e+02
4.497234597983933213e+02 4.507131854757707288e+02
4.542661211127691558e+02 4.552638930620988731e+02
4.588087824302820081e+02 4.598145716930239928e+02
4.633514436690124398e+02 4.643652214453310876e+02
4.678941048557356908e+02 4.689158425233522394e+02
4.724367660665516269e+02 4.734664352185820917e+02
4.769794273831635110e+02 4.780169997456694091e+02
4.815220886588931535e+02 4.825675364501294098e+02
4.860647499244861365e+02 4.871180452132717846e+02
4.906074112290435210e+02 4.916685265313296895e+02
4.951500726028281179e+02 4.962189803788321569e+02
4.996927339985574577e+02 5.007694070701559212e+02
5.042353952173372704e+02 5.053198067326973160e+02
5.087780564516829713e+02 5.098701797446504997e+02
5.133207178546076648e+02 5.144205259882135124e+02
5.178633792463859891e+02 5.189708459369172715e+02
5.224060404435538203e+02 5.235211395072526557e+02
5.269487016697590889e+02 5.280714071428042189e+02
5.314913629834755966e+02 5.326216489252773272e+02
5.360340241751521262e+02 5.371718650519314906e+02
5.405766854399803378e+02 5.417220556384941119e+02
5.451193467105656509e+02 5.462722208150046299e+02
5.496620079418489695e+02 5.508223606868161824e+02
5.542046693644579136e+02 5.553724755996696558e+02
5.587473306139397664e+02 5.599225657099769933e+02
5.632899917891930954e+02 5.644726310574397985e+02
5.678326532165870049e+02 5.690226718953947511e+02
5.723753145922855765e+02 5.735726886426588180e+02
5.769179759401497449e+02 5.781226811697968060e+02
5.814606373489409634e+02 5.826726495532039962e+02
5.860032987991173741e+02 5.872225940791130370e+02
5.905459602112724724e+02 5.917725150722764056e+02
5.950886213801778695e+02 5.963224123128570682e+02
5.996312826844919073e+02 6.008722863047976261e+02
6.041739441364630920e+02 6.054221370343360604e+02
6.087166056049428562e+02 6.099719645646969184e+02
6.132592668781635439e+02 6.145217692695593996e+02
6.178019280953683392e+02 6.190715512898990482e+02
6.223445893675998377e+02 6.236213106438831346e+02
6.268872507558148754e+02 6.281710473166142492e+02
6.314299122129666557e+02 6.327207617622918860e+02
6.359725735210032553e+02 6.372704540123106653e+02
6.405152348467941010e+02 6.418201242479416351e+02
6.450578963168054543e+02 6.463697723486459381e+02
6.496005575279102686e+02 6.509193989326618066e+02
6.541432187271871044e+02 6.554690036421470722e+02
6.586858799117642320e+02 6.600185869111510328e+02
6.632285411355794622e+02 6.645681487387619200e+02
6.677712026096548925e+02 6.691176894248665121e+02
6.723138638459550975e+02 6.736672090941353872e+02
6.768565250308720351e+02 6.782167076722271304e+02
6.813991865243131087e+02 6.827661854195107480e+02
6.859418477050298861e+02 6.873156425898348516e+02
6.904845089565012586e+02 6.918650791748527809e+02
6.950271701489195948e+02 6.964144950960960614e+02
6.995698315725289831e+02 7.009638907021114846e+02
7.041124928337324036e+02 7.055132660676864589e+02
7.086551541852799119e+02 7.100626213707188299e+02
7.131978154451032879e+02 7.146119566650165780e+02
7.177404767459365758e+02 7.191612720285072555e+02
7.222831379489351775e+02 7.237105677026413559e+02
7.268257993366064511e+02 7.282598438076281582e+02
