0.000000000000000000e+00 0.000000000000000000e+00
4.542945533253893942e+00 4.555246709899726021e+00
9.085891067093138318e+00 9.110425221457115086e+00
1.362883660001047836e+01 1.366553629872627873e+01
1.817178213792568187e+01 1.822058069791919621e+01
2.271472767554176286e+01 2.277555915233790884e+01
2.725767320939479887e+01 2.733047238244297716e+01
3.180061874270960942e+01 3.188532111411529257e+01
3.634356427808221923e+01 3.644010603892202482e+01
4.088650981287287323e+01 4.099482786158412040e+01
4.542945534982679590e+01 4.554948725121106179e+01
4.997240088746998765e+01 5.010408488425348139e+01
5.451534642111724338e+01 5.465862140525091917e+01
5.905829195461974024e+01 5.921309748442323695e+01
6.360123749080306510e+01 6.376751373637721088e+01
6.814418304448837205e+01 6.832187080313276795e+01
7.268712859937474491e+01 7.287616930253696523e+01
7.723007413630465123e+01 7.743040982173954490e+01
8.177301970321727254e+01 8.198459298393119354e+01
8.631596525237267770e+01 8.653871936517619190e+01
9.085891082187877998e+01 9.109278955980165904e+01
9.540185639871495482e+01 9.564680410396977095e+01
9.994480197095205654e+01 1.002007636234167194e+02
1.044877475047519795e+02 1.047546686156363052e+02
1.090306930803947409e+02 1.093085196565324111e+02
1.135736386240203046e+02 1.138623172459660680e+02
1.181165841767994920e+02 1.184160619281050089e+02
1.226595297242339768e+02 1.229697542800570886e+02
1.272024752684777553e+02 1.275233947371518042e+02
1.317454208173153916e+02 1.320769838143656045e+02
1.362883663527265128e+02 1.366305220352950869e+02
1.408313119299749019e+02 1.411840098897381210e+02
1.453742574937879226e+02 1.457374479109367371e+02
1.499172030291277906e+02 1.502908364799869503e+02
1.544601486119802018e+02 1.548441761800890788e+02
1.590030941695175386e+02 1.593974673615134066e+02
1.635460397712099052e+02 1.639507105080598421e+02
1.680889853148101452e+02 1.685039061544412959e+02
1.726319308643875274e+02 1.730570546530088336e+02
1.771748764020769045e+02 1.776101564560778456e+02
1.817178219689527339e+02 1.821632120632536953e+02
1.862607675242916798e+02 1.867162218565463832e+02
1.908037131030756086e+02 1.912691861996230784e+02
1.953466587291599126e+02 1.958221055775112802e+02
1.998896042777677167e+02 2.003749803170532005e+02
2.044325498136960846e+02 2.049278109755155697e+02
2.089754954422094215e+02 2.094805978425783337e+02
2.135184410111218085e+02 2.140333412838436402e+02
2.180613865713993391e+02 2.185860416921299816e+02
2.226043321206632299e+02 2.231386994969515456e+02
2.271472776864552259e+02 2.276913150908600016e+02
2.316902232610849524e+02 2.322438887696351344e+02
2.362331688357197663e+02 2.367964209898981380e+02
2.407761144237790631e+02 2.413489120402036292e+02
2.453190599961200462e+02 2.459013623032126361e+02
2.498620055397503279e+02 2.504537721712412974e+02
2.544049511082483832e+02 2.550061419849992603e+02
2.589478966504293567e+02 2.595584720243660968e+02
2.634908422092005367e+02 2.641107626909761166e+02
2.680337878002737853e+02 2.686630142966620838e+02
2.725767334508020099e+02 2.732152271019687646e+02
2.771196790272176145e+02 2.777674015555211895e+02
2.816626245759971994e+02 2.823195379319028007e+02
2.862055702185387531e+02 2.868716365873208360e+02
2.907485158840001418e+02 2.914236976592732162e+02
2.952914614534345787e+02 2.959757216054164246e+02
2.998344070219397395e+02 3.005277087156403582e+02
3.043773525896503998e+02 3.050796592867870345e+02
3.089202982759566112e+02 3.096315737463989990e+02
3.134632439194204494e+02 3.141834521380560545e+02
3.180061894713809352e+02 3.187352950143300063e+02
3.225491350167834526e+02 3.232871025213783014e+02
3.270920806387925950e+02 3.278388749186166251e+02
3.316350262241311384e+02 3.323906125234292404e+02
3.361779717913098011e+02 3.369423155461665829e+02
3.407209173994330058e+02 3.414939842905135947e+02
3.452638629924871339e+02 3.460456191965283779e+02
3.498068086163445969e+02 3.505972203932673210e+02
3.543497542511325378e+02 3.551487881663160806e+02
3.588926998828665091e+02 3.597003226897935519e+02
3.634356455092413398e+02 3.642518243436786065e+02
3.679785910583543114e+02 3.688032932593888518e+02
3.725215366564819988e+02 3.733547298477737968e+02
3.770644822454160021e+02 3.779061342579286702e+02
3.816074278345340645e+02 3.824575067334666301e+02
3.861503734740932714e+02 3.870088475061228337e+02
3.906933191955755547e+02 3.915601569045646784e+02
3.952362647640366049e+02 3.961114350582189445e+02
3.997792104670413664e+02 4.006626821437608896e+02
4.043221561904422288e+02 4.052138985342119213e+02
4.088651017996365908e+02 4.097650845446898416e+02
4.134080474040812305e+02 4.143162402320439242e+02
4.179509929880006212e+02 4.188673659538972061e+02
4.224939385275754375e+02 4.234184618520151844e+02
4.270368842115127563e+02 4.279695281759692307e+02
4.315798297531466119e+02 4.325205651257749651e+02
4.361227753009906110e+02 4.370715729177948106e+02
4.406657210594119647e+02 4.416225515696068555e+02
4.452086668045881197e+02 4.461735016130289182e+02
4.497516124490143739e+02 4.507244231484876309e+02
4.542945580650427928e+02 4.552753163646897292e+02
4.588375036853365145e+02 4.598261813387398433e+02
4.633804492878295491e+02 4.643770184216037933e+02
4.679233948879743821e+02 4.689278277264021426e+02
4.724663404784737395e+02 4.734786094658791171e+02
4.770092860379693320e+02 4.780293639862079544e+02
4.815522316202608408e+02 4.825800913872616320e+02
4.860951772939051239e+02 4.871307918615763128e+02
4.906381228450861727e+02 4.916814654990801614e+02
4.951810684004422001e+02 4.962321125219287978e+02
4.997240141596436160e+02 5.007827332315326885e+02
5.042669597521712035e+02 5.053333277509824484e+02
5.088099053082716523e+02 5.098838963370496344e+02
5.133528510864515511e+02 5.144344388977568769e+02
5.178957966853747621e+02 5.189849559227494638e+02
5.224387423011896772e+02 5.235354473063797514e+02
5.269816879131393534e+02 5.280859133664478122e+02
5.315246335926767642e+02 5.326363542983596062e+02
5.360675793364257515e+02 5.371867704143355695e+02
5.406105250343496209e+02 5.417371616768654121e+02
5.451534708197405052e+02 5.462875281819460724e+02
5.496964164248510087e+02 5.508378703421968794e+02
5.542393622209266368e+02 5.553881881084436145e+02
5.587823078827897234e+02 5.599384817932361784e+02
5.633252535337996960e+02 5.644887513583369127e+02
5.678681993353543476e+02 5.690389970997870250e+02
5.724111450959812828e+02 5.735892191829410649e+02
5.769540908188159847e+02 5.781394179772960342e+02
5.814970366013667444e+02 5.826895933929408784e+02
5.860399824255765679e+02 5.872397456154960764e+02
5.905829282099875854e+02 5.917898745629979658e+02
5.951258737925410287e+02 5.963399805879312225e+02
5.996688193406944265e+02 6.008900640593049047e+02
6.042117649309615217e+02 6.054401248421215769e+02
6.087547105744095006e+02 6.099901630874619514e+02
6.132976562148132871e+02 6.145401789456096822e+02
6.178406018622533793e+02 6.190901726691680551e+02
6.223835475037144533e+02 6.236401443430961535e+02
6.269264931928486249e+02 6.281900940371344859e+02
6.314694390122706409e+02 6.327400220870272278e+02
6.360123846078291763e+02 6.372899285114810937e+02
6.405553303094158082e+02 6.418398135054835620e+02
6.450982761123966611e+02 6.463896770464732526e+02
6.496412216966583628e+02 6.509395195050335587e+02
6.541841672948769428e+02 6.554893406457672427e+02
6.587271128604527348e+02 6.600391409021560776e+02
6.632700584582344163e+02 6.645889201981108272e+02
6.678130040547987392e+02 6.691386787844926403e+02
6.723559496662837773e+02 6.736884168157333761e+02
6.768988954741490716e+02 6.782381344452093117e+02
6.814418412475248488e+02 6.827878317002200674e+02
6.859847868211716104e+02 6.873375088645527740e+02
6.905277323804384650e+02 6.918871659463936794e+02
6.950706779361365761e+02 6.964368032425766160e+02
6.996136237391522172e+02 7.009864204961444329e+02
7.041565693736815774e+02 7.055360179980488056e+02
7.086995151111077575e+02 7.100855958392829734e+02
7.132424607453153840e+02 7.146351541680303399e+02
7.177854064215148355e+02 7.191846931932302596e+02
7.223283520419283832e+02 7.237342130287524924e+02
7.268712978306223249e+02 7.282837136654027290e+02
