0.000000000000000000e+00 0.000000000000000000e+00
4.541929711477279419e+00 4.555246724381235346e+00
9.083859424596294474e+00 9.110411732281605168e+00
1.362578913986921236e+01 1.366549603654275558e+01
1.816771885184378732e+01 1.822050063381001905e+01
2.270964856695303524e+01 2.277542649140293918e+01
2.725157827816272516e+01 2.733027457311136033e+01
3.179350798956683377e+01 3.188504582900268858e+01
3.633543770318514277e+01 3.643974115995123952e+01
4.087736742649901345e+01 4.099436149467531720e+01
4.541929714041522459e+01 4.554890770219644480e+01
4.996122685863912949e+01 5.010338067841897214e+01
5.450315657003103809e+01 5.465778127304014333e+01
5.904508629983680379e+01 5.921211032935381979e+01
6.358701601673280379e+01 6.376636867016337362e+01
6.812894574402918124e+01 6.832055711275091880e+01
7.267087545994608888e+01 7.287467646852886105e+01
7.721280520258508773e+01 7.742872750928620462e+01
8.175473494656355911e+01 8.198271104255820774e+01
8.629666467080161851e+01 8.653662780105565844e+01
9.083859439392824697e+01 9.109047853811782147e+01
9.538052412940324132e+01 9.564426397091753529e+01
9.992245385251348466e+01 1.001979848636552219e+02
1.044643835689747675e+02 1.047516418855827283e+02
1.090063132917241830e+02 1.093052357350773036e+02
1.135482430080272138e+02 1.138587671109611392e+02
1.180901727320104158e+02 1.184122366966479092e+02
1.226321024744391792e+02 1.229656451561295540e+02
1.271740322081730312e+02 1.275189931474108391e+02
1.317159619825820869e+02 1.320722813367037247e+02
1.362578917287002298e+02 1.366255102943445650e+02
1.407998214671408448e+02 1.411786807164235142e+02
1.453417512013232340e+02 1.457317931781264804e+02
1.498836809187686470e+02 1.502848482732225364e+02
1.544256106562273487e+02 1.548378466712794648e+02
1.589675404256531124e+02 1.593907888845780292e+02
1.635094701547384375e+02 1.639436754767209834e+02
1.680513999010325676e+02 1.684965070328256047e+02
1.725933296283740503e+02 1.730492841109837627e+02
1.771352593600800560e+02 1.776020073303431559e+02
1.816771891444058156e+02 1.821546771118165680e+02
1.862191188708655147e+02 1.867072941292083499e+02
1.907610486000912999e+02 1.912598587511157575e+02
1.953029783317697934e+02 1.958123716502126967e+02
1.998449080491439531e+02 2.003648331940143521e+02
2.043868377819958653e+02 2.049172439472695260e+02
2.089287675281966017e+02 2.094696044441029699e+02
2.134706972745352118e+02 2.140219151665081085e+02
2.180126270008756819e+02 2.185741765961115846e+02
2.225545567882884654e+02 2.231263891160395474e+02
2.270964865082435438e+02 2.276785532428594365e+02
2.316384163019994844e+02 2.322306694632706581e+02
2.361803461086072957e+02 2.367827382285380793e+02
2.407222758585268139e+02 2.413347600588536750e+02
2.452642056165707913e+02 2.458867353041680985e+02
2.498061353640305242e+02 2.504386643472775518e+02
2.543480651103491255e+02 2.549905476944877023e+02
2.588899948466799970e+02 2.595423857915201324e+02
2.634319245771429792e+02 2.640941790214157550e+02
2.679738543443476715e+02 2.686459277910153673e+02
2.725157841820546878e+02 2.731976325194669926e+02
2.770577140023660832e+02 2.777492935376488958e+02
2.815996438059167986e+02 2.823009113538149109e+02
2.861415735270966820e+02 2.868524863404055054e+02
2.906835033242848567e+02 2.914040188628757733e+02
2.952254331470029456e+02 2.959555091825669138e+02
2.997673629559488404e+02 3.005069577373637912e+02
3.043092926840224095e+02 3.050583649399844148e+02
3.088512224313338947e+02 3.096097311317489016e+02
3.133931522448295368e+02 3.141610566773562141e+02
3.179350820162052855e+02 3.187123420792506749e+02
3.224770118409278439e+02 3.232635875077878609e+02
3.270189416039363550e+02 3.278147933405183494e+02
3.315608713678303729e+02 3.323659599251724330e+02
3.361028011334438474e+02 3.369170875989971137e+02
3.406447309117269242e+02 3.414681767005844222e+02
3.451866607147037485e+02 3.460192275672297342e+02
3.497285904583794149e+02 3.505702404031780475e+02
3.542705203138739307e+02 3.551212156083644231e+02
3.588124501197426071e+02 3.596721535790657640e+02
3.633543799571650652e+02 3.642230545233189787e+02
3.678963098512490433e+02 3.687739188486731337e+02
3.724382396506193800e+02 3.733247467729968321e+02
3.769801693844628403e+02 3.778755385690518551e+02
3.815220991508697352e+02 3.824262945904135904e+02
3.860640289518490249e+02 3.869770152211449954e+02
3.906059586962541061e+02 3.915277006604758299e+02
3.951478885248653796e+02 3.960783511779551418e+02
3.996898182446529972e+02 4.006289670163659480e+02
4.042317481415866496e+02 4.051795486206069654e+02
4.087736780151475386e+02 4.097300960803493126e+02
4.133156077969159696e+02 4.142806097205697142e+02
4.178575375616752581e+02 4.188310899051487013e+02
4.223994673092518610e+02 4.233815367706312713e+02
4.269413970521346755e+02 4.279319507212495068e+02
4.314833268234074239e+02 4.324823318323892636e+02
4.360252566701935848e+02 4.370326804614234106e+02
4.405671864327349567e+02 4.415829969113259494e+02
4.451091163515550306e+02 4.461332813758812108e+02
4.496510462414941003e+02 4.506835339642758527e+02
4.541929761336991760e+02 4.552337552237722775e+02
4.587349059880338018e+02 4.597839450756821407e+02
4.632768357452549708e+02 4.643341039270591750e+02
4.678187656160580445e+02 4.688842319712758808e+02
4.723606953808800881e+02 4.734343294733382095e+02
4.769026251573280888e+02 4.779843967576516661e+02
4.814445550997756982e+02 4.825344338680897067e+02
4.859864850592097127e+02 4.870844411634500375e+02
4.905284150030433921e+02 4.916344189177500539e+02
4.950703448712549744e+02 4.961843670940966149e+02
4.996122745950361832e+02 5.007342861344025096e+02
5.041542044449980722e+02 5.052841761518320709e+02
5.086961343215120905e+02 5.098340374167437403e+02
5.132380640432093060e+02 5.143838700885556818e+02
5.177799939947973371e+02 5.189336744980029152e+02
5.223219238210870117e+02 5.234834506662673448e+02
5.268638536918024329e+02 5.280331988790305786e+02
5.314057835646267449e+02 5.325829194297148206e+02
5.359477133454506657e+02 5.371326125968053020e+02
5.404896432132342170e+02 5.416822782952384614e+02
5.450315729667790947e+02 5.462319167393305861e+02
5.495735027492758036e+02 5.507815281942473575e+02
5.541154327241340525e+02 5.553311129915523452e+02
5.586573625113883281e+02 5.598806712460020663e+02
5.631992923498654591e+02 5.644302029814684829e+02
5.677412223166288641e+02 5.689797087220191543e+02
5.722831522176795715e+02 5.735291884381306318e+02
5.768250821197468667e+02 5.780786423158688194e+02
5.813670120791813360e+02 5.826280703994852956e+02
5.859089420325067294e+02 5.871774730717669399e+02
5.904508718249371668e+02 5.917268503475030457e+02
5.949928015870041236e+02 5.962762024986110418e+02
5.995347314429905055e+02 6.008255296311413076e+02
6.040766612871315147e+02 6.053748321078769550e+02
6.086185910493695701e+02 6.099241100564173621e+02
6.131605209286914260e+02 6.144733635844180526e+02
6.177024506552761522e+02 6.190225925867273418e+02
6.222443804890825731e+02 6.235717975813951170e+02
6.267863103417897719e+02 6.281209787022758064e+02
6.313282400935996748e+02 6.326701358980888017e+02
6.358701698697500433e+02 6.372192694057084736e+02
6.404120996119618212e+02 6.417683793638217367e+02
6.449540293974424685e+02 6.463174661453826957e+02
6.494959592305683600e+02 6.508665295481912381e+02
6.540378889509700002e+02 6.554155699893912015e+02
6.585798187417115059e+02 6.599645875476087440e+02
6.631217486431542056e+02 6.645135822859012933e+02
6.676636783904850745e+02 6.690625545761328112e+02
6.722056081967393766e+02 6.736115042971573530e+02
6.767475379386164605e+02 6.781604317690832886e+02
6.812894679751752847e+02 6.827093373396885454e+02
6.858313977890223896e+02 6.872582206953524064e+02
6.903733276010985946e+02 6.918070822960028181e+02
6.949152573696962918e+02 6.963559220932113476e+02
6.994571871225389259e+02 7.009047403272693373e+02
7.039991169349580105e+02 7.054535370575146089e+02
7.085410468091915845e+02 7.100023125120661689e+02
7.130829766195754473e+02 7.145510668281001472e+02
7.176249064673139628e+02 7.190998001487504325e+02
7.221668362231405354e+02 7.236485124270024016e+02
7.267087659635682257e+02 7.281972038968367542e+02
