0.000000000000000000e+00 0.000000000000000000e+00
4.542017780048410280e+00 4.555246717016024682e+00
9.084035559670526894e+00 9.110412935354876396e+00
1.362605334285330372e+01 1.366549964418127061e+01
1.816807112382546308e+01 1.822050781460688995e+01
2.271008890755828347e+01 2.277543839630300937e+01
2.725210668816985304e+01 2.733029233799901192e+01
3.179412446832449390e+01 3.188507054442343147e+01
3.633614224814814975e+01 3.643977392254216596e+01
4.087816003450450353e+01 4.099440336944802254e+01
4.542017782270351489e+01 4.554895973780582352e+01
4.996219560313188168e+01 5.010344389987267988e+01
5.450421340812764015e+01 5.465785668927711072e+01
5.904623119982386470e+01 5.921219893268843748e+01
6.358824898264617076e+01 6.376647143535470974e+01
6.813026679309281519e+01 6.832067499675233080e+01
7.267228458458677665e+01 7.287481040158164092e+01
7.721430236757512944e+01 7.742887844379862372e+01
8.175632018024796821e+01 8.198287983221962349e+01
8.629833796266051138e+01 8.653681535433364047e+01
9.084035577817469687e+01 9.109068573065206920e+01
9.538237358342976790e+01 9.564449166415681702e+01
9.992439136635091756e+01 1.001982339036234748e+02
1.044664091557838077e+02 1.047519131118605884e+02
1.090084269404515993e+02 1.093055299689274165e+02
1.135504447320502948e+02 1.138590851473609007e+02
1.180924625157373953e+02 1.184125793621388141e+02
1.226344803236016219e+02 1.229660132237589494e+02
1.271764981214531360e+02 1.275193873314182582e+02
1.317185159399659824e+02 1.320727023945537724e+02
1.362605337585340806e+02 1.366259590018240431e+02
1.408025515694280330e+02 1.411791577235259183e+02
1.453445694113750903e+02 1.457322991960845684e+02
1.498865872584641465e+02 1.502853840224094597e+02
1.544286050903028524e+02 1.548384128441248322e+02
1.589706228950112745e+02 1.593913861089910711e+02
1.635126406871368658e+02 1.639443045133578494e+02
1.680546585216423523e+02 1.684971685490566529e+02
1.725966763070582601e+02 1.730499787328791967e+02
1.771386940966655743e+02 1.776027356000245732e+02
1.816807118903217599e+02 1.821554397705999975e+02
1.862227297047127763e+02 1.867080917113075884e+02
1.907647475185104327e+02 1.912606919357185689e+02
1.953067653384024993e+02 1.958132409272073460e+02
1.998487832102827042e+02 2.003657392928331831e+02
2.043908010127879606e+02 2.049181873774651024e+02
2.089328188401382249e+02 2.094705858252676762e+02
2.134748366456112763e+02 2.140229350545128568e+02
2.180168544376110731e+02 2.185752355124120072e+02
2.225588722483472850e+02 2.231274875983348807e+02
2.271008900675586801e+02 2.276796918696403509e+02
2.316429079307725942e+02 2.322318487455463298e+02
2.361849258037504455e+02 2.367839587253148750e+02
2.407269436977391308e+02 2.413360222204406114e+02
2.452689615175464724e+02 2.458880396578414889e+02
2.498109793621776191e+02 2.504400113570632413e+02
2.543529972135405615e+02 2.549919378582964669e+02
2.588950150194878006e+02 2.595438195278122748e+02
2.634370329132730149e+02 2.640956568240724209e+02
2.679790507172257321e+02 2.686474501404131274e+02
2.725210686186264297e+02 2.731991999274590057e+02
2.770630864367818731e+02 2.777509064882449366e+02
2.816051042617780240e+02 2.823025701991649044e+02
2.861471221094051884e+02 2.868541915911289948e+02
2.906891400049931349e+02 2.914057708545449259e+02
2.952311579080749766e+02 2.959573084487979031e+02
2.997731757887335107e+02 3.005088048349927590e+02
3.043151936099612271e+02 3.050602601561717506e+02
3.088572114151300525e+02 3.096116750027626381e+02
3.133992292660022940e+02 3.141630496303405380e+02
3.179412470721349564e+02 3.187143843669824719e+02
3.224832649035851091e+02 3.232656795324637642e+02
3.270252827351879432e+02 3.278169354926812957e+02
3.315673005674234446e+02 3.323681525894447759e+02
3.361093183631910506e+02 3.369193311574117047e+02
3.406513362036342301e+02 3.414704715283945688e+02
3.451933540898021420e+02 3.460215740350816986e+02
3.497353719596413839e+02 3.505726389922493809e+02
3.542773898812173456e+02 3.551236665620706390e+02
3.588194077616004165e+02 3.596746572661969594e+02
3.633614256353992005e+02 3.642256113064602232e+02
3.679034434923435697e+02 3.687765290484446723e+02
3.724454613351504122e+02 3.733274107567287956e+02
3.769874791678733459e+02 3.778782566583340099e+02
3.815294969551017061e+02 3.824290672834622455e+02
3.860715148586777445e+02 3.869798425702080067e+02
3.906135327115641758e+02 3.915305830023100953e+02
3.951555505123020566e+02 3.960812889799222489e+02
3.996975683506982477e+02 4.006319606338108770e+02
4.042395861347245614e+02 4.051825982545506122e+02
4.087816039321918424e+02 4.097332021360566614e+02
4.133236217849001264e+02 4.142837723952845863e+02
4.178656396161690054e+02 4.188343095336123270e+02
4.224076575852527640e+02 4.233848137258166844e+02
4.269496755027686845e+02 4.279352851306850880e+02
4.314916933238635011e+02 4.324857240195401573e+02
4.360337112215998445e+02 4.370361306814859859e+02
4.405757290535710808e+02 4.415865054187706846e+02
4.451177470409917305e+02 4.461368485809913409e+02
4.496597649763201616e+02 4.506871602663048861e+02
4.542017829048062367e+02 4.552374406517487273e+02
4.587438007148766701e+02 4.597876900284454678e+02
4.632858185408191503e+02 4.643379086440040169e+02
4.678278363705392167e+02 4.688880967581967525e+02
4.723698542034642287e+02 4.734382545425911530e+02
4.769118720914544838e+02 4.779883823785061736e+02
4.814538898874507140e+02 4.825384802530320485e+02
4.859959077922850383e+02 4.870885485482261856e+02
4.905379255932805336e+02 4.916385876244115707e+02
4.950799435417278573e+02 4.961885974205525827e+02
4.996219614657274519e+02 5.007385781326971141e+02
5.041639793842255699e+02 5.052885301053407829e+02
5.087059973938399935e+02 5.098384536285449258e+02
5.132480154102486267e+02 5.143883489564836964e+02
5.177900332510997714e+02 5.189382161184728375e+02
5.223320511118720333e+02 5.234880552139643441e+02
5.268740689470524785e+02 5.280378665801200668e+02
5.314160868840506282e+02 5.325876504321342964e+02
5.359581048162394836e+02 5.371374070356138191e+02
5.405001228671060289e+02 5.416871366481141195e+02
5.450421406708665018e+02 5.462368392235769079e+02
5.495841585219908438e+02 5.507865151613145827e+02
5.541261763562788474e+02 5.553361643908527867e+02
5.586681941692201008e+02 5.598857873716632412e+02
5.632102121708089726e+02 5.644353841216088767e+02
5.677522302030938590e+02 5.689849549118275718e+02
5.722942481877055343e+02 5.735344999197436664e+02
5.768362661531417643e+02 5.780840191907789176e+02
5.813782839518669334e+02 5.826335128302234807e+02
5.859203019938024681e+02 5.871829812697810667e+02
5.904623200284544282e+02 5.917324247138865303e+02
5.950043378176374063e+02 5.962818430625369501e+02
5.995463556145887196e+02 6.008312366743739403e+02
6.040883734384109403e+02 6.053806057392755520e+02
6.086303913873645115e+02 6.099299504777889069e+02
6.131724092477027170e+02 6.144792708751676855e+02
6.177144271813729119e+02 6.190285670537098213e+02
6.222564450836057404e+02 6.235778394024210911e+02
6.267984629544505424e+02 6.281270879441549368e+02
6.313404807881091756e+02 6.326763126456271493e+02
6.358824986322313180e+02 6.372255139306993215e+02
6.404245165734611192e+02 6.417746919928993066e+02
6.449665346520769162e+02 6.463238468926548421e+02
6.495085526793204735e+02 6.508729788788159567e+02
6.540505707120771604e+02 6.554220879036115548e+02
6.585925886596666032e+02 6.599711741285036624e+02
6.631346065032710158e+02 6.645202376868521696e+02
6.676766244655314040e+02 6.690692788964571491e+02
6.722186423371638284e+02 6.736182977991237522e+02
6.767606601580780534e+02 6.781672945649859230e+02
6.813026779550300489e+02 6.827162695845347571e+02
6.858446959945531489e+02 6.872652226054010498e+02
6.903867139369804136e+02 6.918141540449086051e+02
6.949287317720766168e+02 6.963630637744690830e+02
6.994707498207183107e+02 7.009119520346112040e+02
7.040127677205272221e+02 7.054608189592515828e+02
7.085547856674636478e+02 7.100096648427925174e+02
7.130968036347844645e+02 7.145584896695197585e+02
7.176388215676477103e+02 7.191072933931397984e+02
7.221808393921710376e+02 7.236560766772828401e+02
7.267228572027706832e+02 7.282048390546688097e+02
