0.000000000000000000e+00 0.000000000000000000e+00
4.612837378303700220e+00 4.625196056083239249e+00
9.225674756474917970e+00 9.250322590889229701e+00
1.383851213762515897e+01 1.387538039174457438e+01
1.845134952064299938e+01 1.850037023853014517e+01
2.306418690226437462e+01 2.312529288908821812e+01
2.767702429219425753e+01 2.775014909661600981e+01
3.228986167239848726e+01 3.237493960998297382e+01
3.690269906393692878e+01 3.699966513580415750e+01
4.151553644707047397e+01 4.162432641208312134e+01
4.612837382570742051e+01 4.624892411248814739e+01
5.074121122666374362e+01 5.087345894760229470e+01
5.535404860545105521e+01 5.549793158391511838e+01
5.996688598665703296e+01 6.012234269532144282e+01
6.457972339384159000e+01 6.474669295037158179e+01
6.919256077636890723e+01 6.937098297623913368e+01
7.380539818839044131e+01 7.399521341663331953e+01
7.841823557097137609e+01 7.861938493161846964e+01
8.303107296580284924e+01 8.324349807971341875e+01
8.764391034798816804e+01 8.786755352925842999e+01
9.225674773990553490e+01 9.249155181311337515e+01
9.686958512474561189e+01 9.711549354922257749e+01
1.014824225051914937e+02 1.017393793566303088e+02
1.060952598932293824e+02 1.063632097590817409e+02
1.107080972737585114e+02 1.109869853293551500e+02
1.153209346941677751e+02 1.156107066260732381e+02
1.199337720864798200e+02 1.202343741468571068e+02
1.245466095074662860e+02 1.248579885246427779e+02
1.291594469258719471e+02 1.294815502023533895e+02
1.337722843048708796e+02 1.341050597342675132e+02
1.383851216974438501e+02 1.387285176346537980e+02
1.429979590790397879e+02 1.433519243715950608e+02
1.476107965017769743e+02 1.479752805229445585e+02
1.522236339105463685e+02 1.525985864945231469e+02
1.568364713170216191e+02 1.572218427908084664e+02
1.614493087217741731e+02 1.618450499034389054e+02
1.660621461188015928e+02 1.664682083796452048e+02
1.706749835750563875e+02 1.710913186023997810e+02
1.752878209780019176e+02 1.757143810285987229e+02
1.799006583816091052e+02 1.803373961122141225e+02
1.845134958296063417e+02 1.849603642246188713e+02
1.891263332295589237e+02 1.895832858817355770e+02
1.937391706331661112e+02 1.942061615070807932e+02
1.983520080489974760e+02 1.988289915669809602e+02
2.029648454327617060e+02 2.034517764115148850e+02
2.075776828202747879e+02 2.080745165381772210e+02
2.121905202150255718e+02 2.126972123062937214e+02
2.168033576225894876e+02 2.173198640553850680e+02
2.214161950203767049e+02 2.219424722847007558e+02
2.260290324625599396e+02 2.265650372612096817e+02
2.306418699077514702e+02 2.311875594881371683e+02
2.352547073396333417e+02 2.358100392909216794e+02
2.398675447325931600e+02 2.404324770366140740e+02
2.444803821303620168e+02 2.450548731330628129e+02
2.490932196216612340e+02 2.496772279289293692e+02
2.537060570090429792e+02 2.542995418906489249e+02
2.583188944340889748e+02 2.589218152772356234e+02
2.629317318252064979e+02 2.635440484306655549e+02
2.675445692210125799e+02 2.681662416802213329e+02
2.721574066222457304e+02 2.727883953720242971e+02
2.767702440759402407e+02 2.774105099119024089e+02
2.813830814684783377e+02 2.820325854872741616e+02
2.859959189035798772e+02 2.866546225508059251e+02
2.906087563075727758e+02 2.912766213947685969e+02
2.952215938116239045e+02 2.958985824038086889e+02
2.998344311969652836e+02 3.005205058380336709e+02
3.044472686996303423e+02 3.051423919682284804e+02
3.090601061903330447e+02 3.097642411608680959e+02
3.136729436697196434e+02 3.143860536629296121e+02
3.182857811307490010e+02 3.190078298167560433e+02
3.228986185762856280e+02 3.236295699728738100e+02
3.275114559765011109e+02 3.282512744589562885e+02
3.321242934247816265e+02 3.328729433739960655e+02
3.367371308749042100e+02 3.374945771768385612e+02
3.413499683316423443e+02 3.421161761773939816e+02
3.459628058114498117e+02 3.467377404805048400e+02
3.505756433031027655e+02 3.513592704586713467e+02
3.551884807482295514e+02 3.559807663351402880e+02
3.598013182216029691e+02 3.606022284108585723e+02
3.644141557081072733e+02 3.652236569534126716e+02
3.690269931699095878e+02 3.698450522711420945e+02
3.736398306453102123e+02 3.744664146963802978e+02
3.782526680914671715e+02 3.790877442939359980e+02
3.828655055599393791e+02 3.837090413514786178e+02
3.874783430778688853e+02 3.883303061771179614e+02
3.920911806274776836e+02 3.929515391396009818e+02
3.967040180238060429e+02 3.975727402914208142e+02
4.013168554352407682e+02 4.021939098990555976e+02
4.059296928198957630e+02 4.068150483798435744e+02
4.105425303930300629e+02 4.114361558417039078e+02
4.151553678372666241e+02 4.160572324005437395e+02
4.197682052630467524e+02 4.206782785518838637e+02
4.243810428442664033e+02 4.252992943063318876e+02
4.289938804256181584e+02 4.299202799175294558e+02
4.336067178613948840e+02 4.345412357023168397e+02
4.382195552538316292e+02 4.391621619210391145e+02
4.428323927163729081e+02 4.437830585848275859e+02
4.474452301791971536e+02 4.484039261774730676e+02
4.520580676158870119e+02 4.530247646786360178e+02
4.566709051380349820e+02 4.576455743979549879e+02
4.612837426107018928e+02 4.622663555337645676e+02
4.658965801008263270e+02 4.668871082962465380e+02
4.705094176956425827e+02 4.715078328780028301e+02
4.751222552589301813e+02 4.761285295408501952e+02
4.797350926960549486e+02 4.807491985484197130e+02
4.843479302544898246e+02 4.853698398745037821e+02
4.889607676655180057e+02 4.899904538505097662e+02
4.935736052047578823e+02 4.946110407613057305e+02
4.981864427340012753e+02 4.992316007263024176e+02
5.027992803168010028e+02 5.038521337266043929e+02
5.074121177353950429e+02 5.084726401411908228e+02
5.120249553595768930e+02 5.130931202381087815e+02
5.166377928738264700e+02 5.177135740826358870e+02
5.212506303982773943e+02 5.223340017823200014e+02
5.258634677931885335e+02 5.269544037462655979e+02
5.304763052859143500e+02 5.315747798734635126e+02
5.350891427792183777e+02 5.361951304849634425e+02
5.397019804062219919e+02 5.408154559236804744e+02
5.443148179014856396e+02 5.454357561395288485e+02
5.489276553875624813e+02 5.500560313352063986e+02
5.535404927855968253e+02 5.546762818490183236e+02
5.581533302191230632e+02 5.592965075521518656e+02
5.627661677349359479e+02 5.639167087329897186e+02
5.673790052317248183e+02 5.685368858142740009e+02
5.719918428733277551e+02 5.731570386383548339e+02
5.766046803922695290e+02 5.777771673484625126e+02
5.812175179905522100e+02 5.823972722254811742e+02
5.858303556416551601e+02 5.870173534658439394e+02
5.904431930366831693e+02 5.916374111586361551e+02
5.950560304243344945e+02 5.962574456580969127e+02
5.996688678227858418e+02 6.008774569578091587e+02
6.042817052501773105e+02 6.054974451275327283e+02
6.088945427589976589e+02 6.101174104587330476e+02
6.135073802132690162e+02 6.147373529445767417e+02
6.181202176060295415e+02 6.193572726345596493e+02
6.227330550929871151e+02 6.239771699363845983e+02
6.273458924853290455e+02 6.285970448871917142e+02
6.319587298748808735e+02 6.332168978388706364e+02
6.365715675234064292e+02 6.378367284646044482e+02
6.411844050374763810e+02 6.424565374112004292e+02
6.457972426453490016e+02 6.470763244652123376e+02
6.504100801921865695e+02 6.516960900477854466e+02
6.550229177198244770e+02 6.563158340393499657e+02
6.596357551633116145e+02 6.609355565913753026e+02
6.642485926456695324e+02 6.655552579836505629e+02
6.688614303164465582e+02 6.701749381938382157e+02
6.734742677705596634e+02 6.747945974915857050e+02
6.780871054213573643e+02 6.794142359026329814e+02
6.826999428452211305e+02 6.840338537361521958e+02
6.873127804181798410e+02 6.886534510189862885e+02
6.919256178676638456e+02 6.932730277840289546e+02
6.965384555033032257e+02 6.978925841520651829e+02
7.011512929933599025e+02 7.025121204257118279e+02
7.057641305001448018e+02 7.071316366579931127e+02
7.103769680321015585e+02 7.117511328552152463e+02
7.149898055276566993e+02 7.163706093565069750e+02
7.196026432701039539e+02 7.209900661046133337e+02
7.242154806809053298e+02 7.256095031825791466e+02
7.288283180918219841e+02 7.302289210211765749e+02
7.334411555126782787e+02 7.348483195225271629e+02
7.380539929758656399e+02 7.394676985701553349e+02
