0.000000000000000000e+00 0.000000000000000000e+00
4.612837378763710916e+00 4.625196055106467696e+00
9.225674757001179671e+00 9.250322589428886744e+00
1.383851213557575832e+01 1.387538039093753817e+01
1.845134951464215334e+01 1.850037023598627073e+01
2.306418690154528406e+01 2.312529288650637227e+01
2.767702428074094456e+01 2.775014909402819896e+01
3.228986166264824931e+01 3.237493960821697669e+01
3.690269905285465768e+01 3.699966513265262336e+01
4.151553643598821708e+01 4.162432639433504278e+01
4.612837381482565036e+01 4.624892409633952894e+01
5.074121120265898099e+01 5.087345893504021888e+01
5.535404858269721728e+01 5.549793157050455505e+01
5.996688596632898793e+01 6.012234269853076540e+01
6.457972335685988696e+01 6.474669296214392489e+01
6.919256073634818449e+01 6.937098298845026534e+01
7.380539813446233666e+01 7.399521342857590867e+01
7.841823551520178626e+01 7.861938494336132521e+01
8.303107292840807929e+01 8.324349809586314564e+01
8.764391031471345173e+01 8.786755351644663392e+01
9.225674770650044820e+01 9.249155179901677570e+01
9.686958509460475852e+01 9.711549355135967687e+01
1.014824224746498942e+02 1.017393793586021360e+02
1.060952598626651309e+02 1.063632097593295356e+02
1.107080972772141365e+02 1.109869853126434975e+02
1.153209346841215392e+02 1.156107065886313308e+02
1.199337720753963765e+02 1.202343741658498857e+02
1.245466094762456635e+02 1.248579885377176311e+02
1.291594468745861377e+02 1.294815502182025284e+02
1.337722842857949672e+02 1.341050597773920572e+02
1.383851216968041342e+02 1.387285176587150772e+02
1.429979591342622030e+02 1.433519244139422426e+02
1.476107965574683476e+02 1.479752805672279976e+02
1.522236339841509789e+02 1.525985865790651133e+02
1.568364714336298107e+02 1.572218428886685047e+02
1.614493088336499511e+02 1.618450500001006560e+02
1.660621462401026065e+02 1.664682084787659164e+02
1.706749836594269141e+02 1.710913186924829574e+02
1.752878210553937208e+02 1.757143810499001120e+02
1.799006584988218265e+02 1.803373960769645521e+02
1.845134958907132443e+02 1.849603641833886059e+02
1.891263332999680529e+02 1.895832858803829026e+02
1.937391707082283574e+02 1.942061615239329626e+02
1.983520081427641912e+02 1.988289915468079982e+02
2.029648455559724312e+02 2.034517763814099567e+02
2.075776829883790811e+02 2.080745165092888556e+02
2.121905204308151269e+02 2.126972122367232885e+02
2.168033578291473020e+02 2.173198639882610905e+02
2.214161952544103258e+02 2.219424722164541492e+02
2.260290326666931833e+02 2.265650372643225978e+02
2.306418701143308851e+02 2.311875594495576820e+02
2.352547075460517760e+02 2.358100392334112030e+02
2.398675449572529317e+02 2.404324770030348191e+02
2.444803824116570468e+02 2.450548731890219187e+02
2.490932198030673135e+02 2.496772279773118157e+02
2.537060572407341397e+02 2.542995418392358715e+02
2.583188946307370202e+02 2.589218152238382800e+02
2.629317321311402793e+02 2.635440483596157151e+02
2.675445695938518611e+02 2.681662415983973347e+02
2.721574070044663358e+02 2.727883953132246688e+02
2.767702444626711440e+02 2.774105097577971151e+02
2.813830819410792969e+02 2.820325854064565192e+02
2.859959193679858913e+02 2.866546224756852439e+02
2.906087567596055692e+02 2.912766213600004335e+02
2.952215941538038919e+02 2.958985822928118523e+02
2.998344316688319964e+02 3.005205056558949082e+02
3.044472691701954545e+02 3.051423917598152116e+02
3.090601066623133875e+02 3.097642410497179526e+02
3.136729441431998566e+02 3.143860535490184134e+02
3.182857815571938431e+02 3.190078297599807229e+02
3.228986190032190962e+02 3.236295700127890314e+02
3.275114564519126361e+02 3.282512745273314749e+02
3.321242939121955260e+02 3.328729435593755852e+02
3.367371313313486780e+02 3.374945772907755099e+02
3.413499687951515398e+02 3.421161761507329970e+02
3.459628062749706032e+02 3.467377404051402436e+02
3.505756437674543804e+02 3.513592703892530835e+02
3.551884812872882549e+02 3.559807663794675818e+02
3.598013187760174674e+02 3.606022284692515996e+02
3.644141562638999972e+02 3.652236571300423407e+02
3.690269937132372888e+02 3.698450524494506340e+02
3.736398311785598025e+02 3.744664147393740450e+02
3.782526686235540865e+02 3.790877444016176696e+02
3.828655060855069223e+02 3.837090414745973703e+02
3.874783435330639350e+02 3.883303064614353843e+02
3.920911810815429135e+02 3.929515394680234976e+02
3.967040184760819557e+02 3.975727407240353841e+02
4.013168559396507362e+02 4.021939103513648206e+02
4.059296934661524574e+02 4.068150488373144071e+02
4.105425308751916873e+02 4.114361561866388683e+02
4.151553683192609014e+02 4.160572327818149461e+02
4.197682057258239183e+02 4.206782788820340215e+02
4.243810433070032104e+02 4.252992946766146360e+02
4.289938807110901280e+02 4.299202804157636137e+02
4.336067181469179559e+02 4.345412362029993574e+02
4.382195555377637106e+02 4.391621623279654614e+02
4.428323930003206783e+02 4.437830590393067496e+02
4.474452303982768626e+02 4.484039265173533977e+02
4.520580678096368956e+02 4.530247650556499934e+02
4.566709052491708576e+02 4.576455748293467991e+02
4.612837426434882673e+02 4.622663560201750670e+02
4.658965800756840281e+02 4.668871087205048980e+02
4.705094176091037070e+02 4.715078333339589562e+02
4.751222551723925562e+02 4.761285300391820101e+02
4.797350926284196930e+02 4.807491990667148798e+02
4.843479300267350709e+02 4.853698403897279832e+02
4.889607674990199939e+02 4.899904544390853971e+02
4.935736048899583466e+02 4.946110412674606778e+02
4.981864424192481238e+02 4.992316011989488516e+02
5.027992798592831036e+02 5.038521342891444874e+02
5.074121172778558275e+02 5.084726407927059881e+02
5.120249549021294797e+02 5.130931208257929939e+02
5.166377924233099748e+02 5.177135746853932687e+02
5.212506298291345956e+02 5.223340024757571882e+02
5.258634672938674157e+02 5.269544044679993249e+02
5.304763048652584985e+02 5.315747806062184964e+02
5.350891422587985744e+02 5.361951312236748208e+02
5.397019796555307494e+02 5.408154565866954044e+02
5.443148172773717306e+02 5.454357567447410702e+02
5.489276547634565304e+02 5.500560320956971054e+02
5.535404921931619810e+02 5.546762825668912456e+02
5.581533296328530014e+02 5.592965084724659164e+02
5.627661671507947858e+02 5.639167098746750071e+02
5.673790046470705875e+02 5.685368869497773403e+02
5.719918420416461231e+02 5.731570396833428731e+02
5.766046796758427035e+02 5.777771685934602601e+02
5.812175172737947833e+02 5.823972734638725797e+02
5.858303549248281570e+02 5.870173548498146374e+02
5.904431925681744815e+02 5.916374127551865740e+02
5.950560300422212094e+02 5.962574472271245440e+02
5.996688674384072328e+02 6.008774583597725041e+02
6.042817049608196385e+02 6.054974465242751194e+02
6.088945424531466415e+02 6.101174116654777890e+02
6.135073798423762810e+02 6.147373542179220749e+02
6.181202174955939199e+02 6.193572739993360301e+02
6.227330549828766380e+02 6.239771713080148174e+02
6.273458923752339160e+02 6.285970462545597002e+02
6.319587297647984769e+02 6.332168992202964546e+02
6.365715673249112569e+02 6.378367298993090344e+02
6.411844048391139950e+02 6.424565386628000851e+02
6.457972422921220641e+02 6.470763256832469779e+02
6.504100797245814647e+02 6.516960912437936031e+02
6.550229171630151086e+02 6.563158352558145907e+02
6.596357545965172449e+02 6.609355578027550564e+02
6.642485920794865706e+02 6.655552592843282582e+02
6.688614296662681227e+02 6.701749397348414732e+02
6.734742672135298562e+02 6.747945989779411775e+02
6.780871046208920916e+02 6.794142376479110226e+02
6.826999420454454821e+02 6.840338555048506350e+02
6.873127796183864575e+02 6.886534526803752669e+02
6.919256170516357543e+02 6.932730294378550298e+02
6.965384545423107738e+02 6.978925861307700416e+02
7.011512920239617870e+02 7.025121225151403905e+02
7.057641295309924772e+02 7.071316386525102189e+02
7.103769670629519624e+02 7.117511348393579738e+02
7.149898045590143738e+02 7.163706113849575559e+02
7.196026422983045450e+02 7.209900679747329377e+02
7.242154797436146509e+02 7.256095050183555486e+02
7.288283171487848904e+02 7.302289226996981597e+02
7.334411548050782130e+02 7.348483209270303860e+02
7.380539924138670358e+02 7.394677001780228238e+02
