0.000000000000000000e+00 0.000000000000000000e+00
4.612837378577443026e+00 4.625196055860000044e+00
9.225674756792116682e+00 9.250322590234166142e+00
1.383851213504416933e+01 1.387538039107788634e+01
1.845134951409822577e+01 1.850037023755728427e+01
2.306418689403735556e+01 2.312529288622602763e+01
2.767702427354583605e+01 2.775014909371649452e+01
3.228986165212933201e+01 3.237493960765227996e+01
3.690269903579294208e+01 3.699966513390620548e+01
4.151553641892989788e+01 4.162432639475793650e+01
4.612837380515733088e+01 4.624892409136680271e+01
5.074121120574446309e+01 5.087345892875454467e+01
5.535404859787317378e+01 5.549793156435802644e+01
5.996688597840520174e+01 6.012234267616487671e+01
6.457972335772952022e+01 6.474669292962244072e+01
6.919256073664153917e+01 6.937098295235847445e+01
7.380539813750201006e+01 7.399521340666267122e+01
7.841823554107465100e+01 7.861938492151146818e+01
8.303107292649076498e+01 8.324349806996576717e+01
8.764391033374317885e+01 8.786755350326725988e+01
9.225674772566139836e+01 9.249155178512845055e+01
9.686958510893467178e+01 9.711549352026612780e+01
1.014824224894003777e+02 1.017393793269436486e+02
1.060952598899333736e+02 1.063632097339121287e+02
1.107080972695820833e+02 1.109869852922528821e+02
1.153209346549246845e+02 1.156107065659747235e+02
1.199337720353451431e+02 1.202343740949406765e+02
1.245466094267170831e+02 1.248579884695689231e+02
1.291594468074389965e+02 1.294815501374558266e+02
1.337722841935049019e+02 1.341050596673876498e+02
1.383851215942610224e+02 1.387285175494042448e+02
1.429979589805608668e+02 1.433519242847048076e+02
1.476107963713398021e+02 1.479752804394110228e+02
1.522236337593715518e+02 1.525985864080957413e+02
1.568364711797888162e+02 1.572218427030587122e+02
1.614493085792244074e+02 1.618450498135489966e+02
1.660621460154950171e+02 1.664682082221471831e+02
1.706749834083499877e+02 1.710913184180792541e+02
1.752878208285584947e+02 1.757143808463256960e+02
1.799006582164118981e+02 1.803373959296657461e+02
1.845134956608846437e+02 1.849603640440540744e+02
1.891263330467110677e+02 1.895832857476930258e+02
1.937391704294086026e+02 1.942061614007823209e+02
1.983520078404389437e+02 1.988289914350404217e+02
2.029648452631886357e+02 2.034517762512301431e+02
2.075776826985918433e+02 2.080745162948646225e+02
2.121905201732022306e+02 2.126972120631323264e+02
2.168033575560533563e+02 2.173198638296880176e+02
2.214161949385383537e+02 2.219424719958531966e+02
2.260290323360504203e+02 2.265650370239566769e+02
2.306418698120472754e+02 2.311875592496296008e+02
2.352547072438264024e+02 2.358100390228675565e+02
2.398675446472063584e+02 2.404324767805208580e+02
2.444803820468764286e+02 2.450548729564495716e+02
2.490932194619953179e+02 2.496772277533277133e+02
2.537060569546313786e+02 2.542995416914757243e+02
2.583188943780402838e+02 2.589218150764265260e+02
2.629317318229420266e+02 2.635440482117744523e+02
2.675445692088680403e+02 2.681662414041642251e+02
2.721574067083110435e+02 2.727883951489354217e+02
2.767702442012387678e+02 2.774105096595698683e+02
2.813830816023030366e+02 2.820325853494711055e+02
2.859959190156526461e+02 2.866546223924930814e+02
2.906087564057739883e+02 2.912766212267153492e+02
2.952215938551668728e+02 2.958985821810833272e+02
2.998344312734835171e+02 3.005205055607744384e+02
3.044472687756278901e+02 3.051423916562633849e+02
3.090601062912726320e+02 3.097642408856192446e+02
3.136729437706457588e+02 3.143860534084581104e+02
3.182857812331730543e+02 3.190078295667705106e+02
3.228986186793367779e+02 3.236295698302191113e+02
3.275114561466577925e+02 3.282512743458353839e+02
3.321242935950727997e+02 3.328729432640033110e+02
3.367371310011718606e+02 3.374945771564305232e+02
3.413499684648298285e+02 3.421161760008531019e+02
3.459628059445614099e+02 3.467377403439516002e+02
3.505756434357664375e+02 3.513592704106577003e+02
3.551884809337275328e+02 3.559807663996260203e+02
3.598013184625601184e+02 3.606022285723529421e+02
3.644141558547686373e+02 3.652236572351313271e+02
3.690269933858371587e+02 3.698450526077944005e+02
3.736398308481391268e+02 3.744664148919063109e+02
3.782526682937440796e+02 3.790877444463357051e+02
3.828655056905724905e+02 3.837090415195458490e+02
3.874783431079516163e+02 3.883303063627310507e+02
3.920911806637978998e+02 3.929515393370279526e+02
3.967040181924845683e+02 3.975727405920046067e+02
4.013168556101849163e+02 4.021939102067015028e+02
4.059296931153932064e+02 4.068150487402495514e+02
4.105425306735164668e+02 4.114361561464592114e+02
4.151553681176611121e+02 4.160572328633209054e+02
4.197682055433888308e+02 4.206782789458728189e+02
4.243810431243121570e+02 4.252992947750244639e+02
4.289938805139547640e+02 4.299202803890927953e+02
4.336067181000112214e+02 4.345412361705214153e+02
4.382195555213170906e+02 4.391621624353491598e+02
4.428323929838561526e+02 4.437830592248496941e+02
4.474452304457802256e+02 4.484039268415123161e+02
4.520580680391624355e+02 4.530247653451664291e+02
4.566709054999012096e+02 4.576455750182052498e+02
4.612837429726390610e+02 4.622663561458504091e+02
4.658965804858439697e+02 4.668871088402838154e+02
4.705094180270999118e+02 4.715078334015415180e+02
4.751222555903921716e+02 4.761285300298775383e+02
4.797350930616349842e+02 4.807491988947413120e+02
4.843479304754663417e+02 4.853698402198364761e+02
4.889607679353593994e+02 4.899904541939596356e+02
4.935736054721359096e+02 4.946110409532532231e+02
4.981864430015039034e+02 4.992316009054171673e+02
5.027992804752241227e+02 5.038521339992977346e+02
5.074121179058001871e+02 5.084726403872326728e+02
5.120249555300631528e+02 5.130931204522247526e+02
5.166377929242769369e+02 5.177135742782919579e+02
5.212506303188845322e+02 5.223340020326606918e+02
5.258634677618994147e+02 5.269544040569746812e+02
5.304763054062614174e+02 5.315747803601168471e+02
5.350891428451554930e+02 5.361951309996405826e+02
5.397019802287957191e+02 5.408154564719206974e+02
5.443148176550181461e+02 5.454357566530886743e+02
5.489276551411032870e+02 5.500560318119363501e+02
5.535404926342100680e+02 5.546762822019046553e+02
5.581533301061633665e+02 5.592965078474483107e+02
5.627661676237878510e+02 5.639167090140560958e+02
5.673790050525445849e+02 5.685368860938908711e+02
5.719918424465242879e+02 5.731570388098948570e+02
5.766046799592473917e+02 5.777771676727544445e+02
5.812175175572792796e+02 5.823972725885649879e+02
5.858303552083389150e+02 5.870173537931200372e+02
5.904431928868940531e+02 5.916374115834408940e+02
5.950560305603846700e+02 5.962574460806370098e+02
5.996688682159954169e+02 6.008774572989498211e+02
6.042817056335185271e+02 6.054974454704220079e+02
6.088945430763544664e+02 6.101174105623615560e+02
6.135073807101427974e+02 6.147373528651066863e+02
6.181202181133293152e+02 6.193572727518060219e+02
6.227330556108911424e+02 6.239771700232690819e+02
6.273458930591318676e+02 6.285970449751685010e+02
6.319587305027006323e+02 6.332168978450210943e+02
6.365715680736598188e+02 6.378367287407986623e+02
6.411844057570014002e+02 6.424565375334050259e+02
6.457972432099005573e+02 6.470763247269392195e+02
6.504100806421631660e+02 6.516960901426998589e+02
6.550229182772955028e+02 6.563158340513175517e+02
6.596357557888998144e+02 6.609355566050259085e+02
6.642485932698714350e+02 6.655552578779580699e+02
6.688614308791791245e+02 6.701749383217234026e+02
6.734742682671383136e+02 6.747945976903318979e+02
6.780871056673177009e+02 6.794142362661643801e+02
6.826999430915543599e+02 6.840338539740782835e+02
6.873127806644833981e+02 6.886534511561732188e+02
6.919256181619725794e+02 6.932730279195602634e+02
6.965384556047736169e+02 6.978925845541054969e+02
7.011512930972310187e+02 7.025121207627199738e+02
7.057641308172137542e+02 7.071316369138495475e+02
7.103769683489991849e+02 7.117511331064072237e+02
7.149898058445496645e+02 7.163706094942988329e+02
7.196026435866207294e+02 7.209900661514980129e+02
7.242154810777083185e+02 7.256095033336672486e+02
7.288283184828226240e+02 7.302289210129242747e+02
7.334411559092375228e+02 7.348483194852658471e+02
7.380539933733678026e+02 7.394676986051467793e+02
