0.000000000000000000e+00 0.000000000000000000e+00
4.948263757614136615e+00 4.965203554917568596e+00
9.896527514712904150e+00 9.930278122157865539e+00
1.484479127266500242e+01 1.489522569059232460e+01
1.979305503468864913e+01 1.986004818897046320e+01
2.474131879913304743e+01 2.482474750585293322e+01
2.968958255851298134e+01 2.978932549052943557e+01
3.463784631625387789e+01 3.475378394078083488e+01
3.958611007463345999e+01 3.971812463996117515e+01
4.453437384932828991e+01 4.468234928701212283e+01
4.948263762758554662e+01 4.964645958057685249e+01
5.443090138563226787e+01 5.461045717867264671e+01
5.937916516454512816e+01 5.957434368893223109e+01
6.432742892341153151e+01 6.453812071614191836e+01
6.927569269045389433e+01 6.950178976568561495e+01
7.422395644998329090e+01 7.446535238861170569e+01
7.917222022474555843e+01 7.942881004074203588e+01
8.412048400170046136e+01 8.439216419307859951e+01
8.906874776883034883e+01 8.935541627185710922e+01
9.401701153628955865e+01 9.431856763151697010e+01
9.896527533208663385e+01 9.928161966399426319e+01
1.039135391000873483e+02 1.042445737303606847e+02
1.088618028691425934e+02 1.092074311010641736e+02
1.138100666387874185e+02 1.141701930912440304e+02
1.187583304106904478e+02 1.191328609078960739e+02
1.237065941849188704e+02 1.240954358285154910e+02
1.286548579572886695e+02 1.290579190619724272e+02
1.336031217625492786e+02 1.340203118180561432e+02
1.385513855462968138e+02 1.389826151920624966e+02
1.434996493721630486e+02 1.439448303924439188e+02
1.484479131822912734e+02 1.489069585014624977e+02
1.533961769533609640e+02 1.538690005492162527e+02
1.583444407292793130e+02 1.588309576846619393e+02
1.632927045505428794e+02 1.637928310007001187e+02
1.682409683297471474e+02 1.687546215146287807e+02
1.731892321078454415e+02 1.737163301565146298e+02
1.781374959484803071e+02 1.786779579912015095e+02
1.830857597279879769e+02 1.836395060687542014e+02
1.880340234966991488e+02 1.886009752057896094e+02
1.929822873258328571e+02 1.935623665057983658e+02
1.979305510955731506e+02 1.985236807484322412e+02
2.028788148885293765e+02 2.034849189655677719e+02
2.078270786669047538e+02 2.084460819918992343e+02
2.127753425058185428e+02 2.134071707184602360e+02
2.177236062937901409e+02 2.183681859784506685e+02
2.226718700780848508e+02 2.233291285879633961e+02
2.276201338430730345e+02 2.282899995180302994e+02
2.325683976151899515e+02 2.332507995036782518e+02
2.375166614412493971e+02 2.382115293062564092e+02
2.424649252413414899e+02 2.431721898413246947e+02
2.474131890154559983e+02 2.481327817880711279e+02
2.523614527844643760e+02 2.530933059502315530e+02
2.573097165833079885e+02 2.580537630482795066e+02
2.622579804232249217e+02 2.630141538464477549e+02
2.672062443013675193e+02 2.679744790522528319e+02
2.721545080824575962e+02 2.729347394515189080e+02
2.771027718780428017e+02 2.778949357388430030e+02
2.820510357260692444e+02 2.828550684288193793e+02
2.869992995705447356e+02 2.878151384682644220e+02
2.919475634093529379e+02 2.927751462886923264e+02
2.968958272208969902e+02 2.977350927032592267e+02
3.018440909997635799e+02 3.026949782683791454e+02
3.067923547723806905e+02 3.076548037339887287e+02
3.117406185944360573e+02 3.126145696223058508e+02
3.166888824732892544e+02 3.175742767124164629e+02
3.216371462706428019e+02 3.225339255195686405e+02
3.265854101706102597e+02 3.274935166405801965e+02
3.315336739861760407e+02 3.324530506653484281e+02
3.364819378610935132e+02 3.374125281064575006e+02
3.414302017253297095e+02 3.423719495122391550e+02
3.463784656346584256e+02 3.473313156669161685e+02
3.513267295633635285e+02 3.522906269750914134e+02
3.562749934170066695e+02 3.572498839830590214e+02
3.612232571891152588e+02 3.622090872630969329e+02
3.661715211243524664e+02 3.671682373224969069e+02
3.711197850388971347e+02 3.721273346225864316e+02
3.760680488581785426e+02 3.770863797666616506e+02
3.810163126498146084e+02 3.820453732546574770e+02
3.859645764845275835e+02 3.870043155823527172e+02
3.909128402626128036e+02 3.919632071036197658e+02
3.958611040864390702e+02 3.969220485853368245e+02
4.008093679704807073e+02 4.018808403861947909e+02
4.057576317373199117e+02 4.068395829596209978e+02
4.107058956374396530e+02 4.117982766071312426e+02
4.156541594114022473e+02 4.167569219262513798e+02
4.206024233125643264e+02 4.217155194695486671e+02
4.255506872802536691e+02 4.266740695780964643e+02
4.304989511877940913e+02 4.316325727567372610e+02
4.354472149883226848e+02 4.365910293577144330e+02
4.403954789241283265e+02 4.415494397383739624e+02
4.453437427005027303e+02 4.465078045749180546e+02
4.502920064932558262e+02 4.514661242073553922e+02
4.552402703480478294e+02 4.564243989321864774e+02
4.601885343079512722e+02 4.613826290349338706e+02
4.651367981711581479e+02 4.663408150801960232e+02
4.700850620727831028e+02 4.712989575251204997e+02
4.750333259071970815e+02 4.762570567533936128e+02
4.799815897520132353e+02 4.812151130156835279e+02
4.849298535349513486e+02 4.861731268600071303e+02
4.898781173148600487e+02 4.911310984319600834e+02
4.948263811371701308e+02 4.960890282958077933e+02
4.997746450488040182e+02 5.010469167549799749e+02
5.047229088265111159e+02 5.060047642127727272e+02
5.096711727529341829e+02 5.109625708386513452e+02
5.146194367705119248e+02 5.159203371994113922e+02
5.195677007166823387e+02 5.208780634835781029e+02
5.245159645132823698e+02 5.258357500460123219e+02
5.294642283622213199e+02 5.307933973775629966e+02
5.344124921428445987e+02 5.357510057587891197e+02
5.393607561569136806e+02 5.407085754958341113e+02
5.443090200722457439e+02 5.456661068526559575e+02
5.492572839182244024e+02 5.506236002899353252e+02
5.542055477948714497e+02 5.555810559264149333e+02
5.591538116114252261e+02 5.605384740701472310e+02
5.641020755619791771e+02 5.654958553023394643e+02
5.690503394014970127e+02 5.704531995199010908e+02
5.739986033731631778e+02 5.754105074805386266e+02
5.789468674204711078e+02 5.803677791584382248e+02
5.838951313275093753e+02 5.853250149026642930e+02
5.888433952833862577e+02 5.902822149587891545e+02
5.937916592816868615e+02 5.952393798125156081e+02
5.987399231102846215e+02 6.001965096187975632e+02
6.036881869144265238e+02 6.051536046319567959e+02
6.086364507345303991e+02 6.101106651512405961e+02
6.135847146584403617e+02 6.150676915363692387e+02
6.185329784419036514e+02 6.200246839566691506e+02
6.234812423006274003e+02 6.249816427859525447e+02
6.284295061972450185e+02 6.299385680766392852e+02
6.333777702659667739e+02 6.348954600830209074e+02
6.383260342035637223e+02 6.398523192915720301e+02
6.432742981617340092e+02 6.448091460351117803e+02
6.482225619791313420e+02 6.497659401137228770e+02
6.531708259024001109e+02 6.547227021142194872e+02
6.581190899130996286e+02 6.596794323054025426e+02
6.630673537296593167e+02 6.646361307637428126e+02
6.680156175521923387e+02 6.695927979200057507e+02
6.729638814075979099e+02 6.745494337790747750e+02
6.779121453150653451e+02 6.795060387642749902e+02
6.828604092958496494e+02 6.844626131599543442e+02
6.878086731018706814e+02 6.894191570362910397e+02
6.927569369684588310e+02 6.943756706157325880e+02
6.977052009737060416e+02 6.993321540972501680e+02
7.026534649611571695e+02 7.042886075924845954e+02
7.076017290074232733e+02 7.092450316294514323e+02
7.125499930286550807e+02 7.142014261450790400e+02
7.174982569835615323e+02 7.191577916623364217e+02
7.224465208247968349e+02 7.241141284118023123e+02
7.273947847271442697e+02 7.290704361248804162e+02
7.323430486462470981e+02 7.340267152547896785e+02
7.372913126872717839e+02 7.389829660793070616e+02
7.422395765073674738e+02 7.439391888415323137e+02
7.471878403073130812e+02 7.488953835852706789e+02
7.521361042836535944e+02 7.538515505760663018e+02
7.570843680726835601e+02 7.588076903503426820e+02
7.620326318641182297e+02 7.637638025330921892e+02
7.669808956872036561e+02 7.687198875825580444e+02
7.719291595593479087e+02 7.736759458482313221e+02
7.768774234612928922e+02 7.786319770587715539e+02
7.818256875658880745e+02 7.835879819536339710e+02
7.867739514879492617e+02 7.885439602854094119e+02
7.917222154529451927e+02 7.934999124938636896e+02
