0.000000000000000000e+00 0.000000000000000000e+00
4.444329833730145118e+00 4.465759678605114580e+00
8.888659668547292725e+00 8.931321032559544904e+00
1.333298950447617059e+01 1.339668774170155885e+01
1.777731933895684335e+01 1.786186338939639739e+01
2.222164917369360637e+01 2.232685145543445060e+01
2.666597901934493464e+01 2.679165531921637822e+01
3.111030885456497685e+01 3.125627829425652848e+01
3.555463869425639700e+01 3.572072357640128359e+01
3.999896853809116948e+01 4.018499429242604037e+01
4.444329837249600246e+01 4.464909346798143019e+01
4.888762820895638583e+01 4.911302407733384712e+01
5.333195805301490822e+01 5.357678900525064591e+01
5.777628790209367082e+01 5.804039107570227429e+01
6.222061774671566070e+01 6.250383299767469225e+01
6.666494758764875428e+01 6.696711747666530812e+01
7.110927746003812899e+01 7.143024710820178313e+01
7.555360730822201276e+01 7.589322441887586024e+01
7.999793715537677485e+01 8.035605188425408585e+01
8.444226699426369009e+01 8.481873192892275881e+01
8.888659684736046529e+01 8.928126693616898990e+01
9.333092668927335467e+01 9.374365918056787450e+01
9.777525656723244651e+01 9.820591090852835237e+01
1.022195864400949858e+02 1.026680243249371216e+02
1.066639163153355838e+02 1.071300015793720206e+02
1.111082461643698309e+02 1.115918447728612080e+02
1.155525760633082086e+02 1.160535559371882073e+02
1.199969059657214672e+02 1.205151370853079982e+02
1.244412358140496053e+02 1.249765901480290751e+02
1.288855657002626458e+02 1.294379170773775058e+02
1.333298955488671709e+02 1.338991197219165770e+02
1.377742254055068543e+02 1.383601999111716623e+02
1.422185552479169814e+02 1.428211594173516801e+02
1.466628851178947457e+02 1.472819999758884251e+02
1.511072150100822284e+02 1.517427232839596627e+02
1.555515449335331937e+02 1.562033310279862235e+02
1.599958748159518223e+02 1.606638249316380893e+02
1.644402046583390415e+02 1.651242065056027570e+02
1.688845345006164393e+02 1.695844773761286888e+02
1.733288644328800387e+02 1.740446390207212630e+02
1.777731943637776624e+02 1.785046929005630147e+02
1.822175242838825966e+02 1.829646406130802632e+02
1.866618541953268391e+02 1.874244835645752403e+02
1.911061840905061899e+02 1.918842230872564016e+02
1.955505139890975670e+02 1.963438606750970052e+02
1.999948439016023372e+02 2.008033976377643626e+02
2.044391738399060330e+02 2.052628352932365488e+02
2.088835037335756226e+02 2.097221749556414920e+02
2.133278336108863016e+02 2.141814178444944048e+02
2.177721634929179686e+02 2.186405653149162163e+02
2.222164933777522720e+02 2.230996185353311603e+02
2.266608232844145618e+02 2.275585787797971875e+02
2.311051532111082452e+02 2.320174471676927226e+02
2.355494830997370457e+02 2.364762248486263161e+02
2.399938129570413139e+02 2.409349129998444710e+02
2.444381428460936831e+02 2.453935127029575369e+02
2.488824726990707177e+02 2.498520250922996411e+02
2.533268026885965014e+02 2.543104512027522333e+02
2.577711325568253642e+02 2.587687920782101401e+02
2.622154624342911120e+02 2.632270488442684950e+02
2.666597922769344109e+02 2.676852224322290681e+02
2.711041222178388921e+02 2.721433139492680198e+02
2.755484521125576975e+02 2.766013242164785879e+02
2.799927820151911533e+02 2.810592542600763295e+02
2.844371119370241558e+02 2.855171051061460048e+02
2.888814418893019251e+02 2.899748775260322873e+02
2.933257717892677192e+02 2.944325725266636482e+02
2.977701016691481186e+02 2.988901909807603943e+02
3.022144316211513342e+02 3.033477339533105237e+02
3.066587615611691717e+02 3.078052021491233177e+02
3.111030913947031422e+02 3.122625962788599168e+02
3.155474212720288278e+02 3.167199173502110057e+02
3.199917511229527918e+02 3.211771661336235866e+02
3.244360810263441408e+02 3.256343435545535385e+02
3.288804109311665798e+02 3.300914502160335928e+02
3.333247408397693903e+02 3.345484870153228485e+02
3.377690707184859207e+02 3.390054547496272903e+02
3.422134005676290940e+02 3.434623540925210250e+02
3.466577304930415266e+02 3.479191858042494232e+02
3.511020604221733947e+02 3.523759507639643971e+02
3.555463904110663975e+02 3.568326494507262510e+02
3.599907204106461904e+02 3.612892826961821129e+02
3.644350504331690104e+02 3.657458512809422473e+02
3.688793803455614579e+02 3.702023557386033872e+02
3.733237102964403107e+02 3.746587968863802303e+02
3.777680402306035603e+02 3.791151751877099514e+02
3.822123701226147432e+02 3.835714916092849194e+02
3.866566999760667613e+02 3.880277465260289773e+02
3.911010298451948302e+02 3.924839405611290317e+02
3.955453597962862204e+02 3.969400746306892529e+02
3.999896897769185102e+02 4.013961490738797693e+02
4.044340198575606564e+02 4.058521644791084100e+02
4.088783499390377756e+02 4.103081215998204243e+02
4.133226799734667907e+02 4.147640209723834914e+02
4.177670099706517703e+02 4.192198632075845239e+02
4.222113399518376013e+02 4.236756487670558045e+02
4.266556699289689050e+02 4.281313781926874071e+02
