0.000000000000000000e+00 0.000000000000000000e+00
4.444329833694909304e+00 4.465759678251140841e+00
8.888659671154549358e+00 8.931321031230391227e+00
1.333298950566890895e+01 1.339668774040201882e+01
1.777731933984326673e+01 1.786186338812040120e+01
2.222164917526325922e+01 2.232685145430513529e+01
2.666597902092843952e+01 2.679165531811253942e+01
3.111030886454595645e+01 3.125627829333557983e+01
3.555463870918798364e+01 3.572072356487360878e+01
3.999896854471062113e+01 4.018499427249359002e+01
4.444329840391790043e+01 4.464909344816461356e+01
4.888762826539593220e+01 4.911302405481694677e+01
5.333195810350335364e+01 5.357678898340594031e+01
5.777628797187983878e+01 5.804039105400376286e+01
6.222061781702135619e+01 6.250383297416152573e+01
6.666494766049549980e+01 6.696711745158367535e+01
7.110927749790275243e+01 7.143024708239664733e+01
7.555360733425007425e+01 7.589322439411451171e+01
7.999793718147381583e+01 8.035605185800673667e+01
8.444226706091409085e+01 8.481873190683074881e+01
8.888659690608579922e+01 8.928126692057995228e+01
9.333092677269061710e+01 9.374365915237589775e+01
9.777525661507414156e+01 9.820591088975336902e+01
1.022195864572631336e+02 1.026680243070786531e+02
1.066639163247573805e+02 1.071300015597518609e+02
1.111082462000615294e+02 1.115918447421639144e+02
1.155525760464661289e+02 1.160535559142220734e+02
1.199969059180712065e+02 1.205151370756230023e+02
1.244412357786135033e+02 1.249765901384475626e+02
1.288855656814236283e+02 1.294379170834532999e+02
1.333298955892767310e+02 1.338991197483949804e+02
1.377742254372539605e+02 1.383601998983784256e+02
1.422185553208852014e+02 1.428211593996223883e+02
1.466628851806552234e+02 1.472819999298433800e+02
1.511072150230000375e+02 1.517427232803703987e+02
1.555515449235190886e+02 1.562033311059732341e+02
1.599958748239383794e+02 1.606638250041035576e+02
1.644402046657835967e+02 1.651242066116278124e+02
1.688845345081045650e+02 1.695844774655858771e+02
1.733288643496990744e+02 1.740446390662788474e+02
1.777731942787733601e+02 1.785046930051054801e+02
1.822175242003435187e+02 1.829646406691875313e+02
1.866618541067963406e+02 1.874244835487752994e+02
1.911061839464745162e+02 1.918842230645904579e+02
1.955505138500420514e+02 1.963438606398556772e+02
1.999948437579415099e+02 2.008033976019146962e+02
2.044391736718632444e+02 2.052628352655725337e+02
2.088835035663782946e+02 2.097221749270871101e+02
2.133278334527350637e+02 2.141814178700122966e+02
2.177721633371226915e+02 2.186405653218352541e+02
2.222164932206271715e+02 2.230996186133479853e+02
2.266608231664911557e+02 2.275585788329021284e+02
2.311051530517057984e+02 2.320174472196348745e+02
2.355494829380452018e+02 2.364762249460322607e+02
2.399938127820837792e+02 2.409349130595131783e+02
2.444381426711806853e+02 2.453935127682489679e+02
2.488824725241715328e+02 2.498520251607895375e+02
2.533268023989930100e+02 2.543104512698042754e+02
2.577711322980393334e+02 2.587687921364263843e+02
2.622154621527769791e+02 2.632270488435190146e+02
2.666597921195598246e+02 2.676852224331623802e+02
2.711041220566091852e+02 2.721433139366207001e+02
2.755484519516365367e+02 2.766013242067698457e+02
2.799927818540073758e+02 2.810592542589756704e+02
2.844371118338154361e+02 2.855171050943836235e+02
2.888814417045317668e+02 2.899748775170058934e+02
2.933257716060397229e+02 2.944325726410982043e+02
2.977701014867773779e+02 2.988901912402335483e+02
3.022144314364890647e+02 3.033477342104756644e+02
3.066587613825674907e+02 3.078052023190293198e+02
3.111030912375266553e+02 3.122625964278950050e+02
3.155474211136744884e+02 3.167199175140995067e+02
3.199917511019301628e+02 3.211771663182388465e+02
3.244360810021154293e+02 3.256343437666549789e+02
3.288804109107426825e+02 3.300914504051121980e+02
3.333247408193457204e+02 3.345484872032034218e+02
3.377690707007285482e+02 3.390054549473120460e+02
3.422134005933841081e+02 3.434623543060181419e+02
3.466577305209316364e+02 3.479191860000885299e+02
3.511020604507289136e+02 3.523759509326624766e+02
3.555463904400485262e+02 3.568326497757580000e+02
3.599907204398425620e+02 3.612892831256421573e+02
3.644350504621172604e+02 3.657458516417062810e+02
3.688793803683474835e+02 3.702023561692903399e+02
3.733237103198031264e+02 3.746587972469848182e+02
3.777680403887911780e+02 3.791151756214453599e+02
3.822123702688575122e+02 3.835714919704450381e+02
3.866567001222981617e+02 3.880277468973097257e+02
3.911010300337584340e+02 3.924839410328784197e+02
3.955453598721045978e+02 3.969400748606553293e+02
3.999896898766573941e+02 4.013961493175781925e+02
4.044340199571959715e+02 4.058521646568517554e+02
4.088783500423958230e+02 4.103081218819411333e+02
4.133226800920941741e+02 4.147640210988195122e+02
4.177670100898970986e+02 4.192198631996410541e+02
4.222113400551894529e+02 4.236756488192168604e+02
4.266556700319044921e+02 4.281313781903253357e+02
