0.000000000000000000e+00 0.000000000000000000e+00
4.444329833695187304e+00 4.465759678154947565e+00
8.888659667747440096e+00 8.931321032114286851e+00
1.333298950226534885e+01 1.339668774124855588e+01
1.777731933762761685e+01 1.786186338892773051e+01
2.222164917171297560e+01 2.232685145456093068e+01
2.666597901736308529e+01 2.679165531833162106e+01
3.111030886099232617e+01 3.125627828058853552e+01
3.555463870083882227e+01 3.572072355418184486e+01
3.999896853895633342e+01 4.018499426794520701e+01
4.444329837451834209e+01 4.464909344368503241e+01
4.888762821426225713e+01 4.911302405164385476e+01
5.333195805731776318e+01 5.357678897981806188e+01
5.777628790028640537e+01 5.804039103157748514e+01
6.222061774508873100e+01 6.250383297552862416e+01
6.666494761753634180e+01 6.696711745291585771e+01
7.110927747378514141e+01 7.143024707446042498e+01
7.555360732797134915e+01 7.589322439568235268e+01
7.999793717530681647e+01 8.035605187649107961e+01
8.444226705673557376e+01 8.481873192216997381e+01
8.888659690275360958e+01 8.928126691181186914e+01
9.333092677763241340e+01 9.374365915138776018e+01
9.777525661997762541e+01 9.820591088060405127e+01
1.022195864831081167e+02 1.026680243334746194e+02
1.066639163674666406e+02 1.071300015863312751e+02
1.111082462578392835e+02 1.115918447701144345e+02
1.155525761078609719e+02 1.160535559552655513e+02
1.199969060113607213e+02 1.205151370925142089e+02
1.244412359043351302e+02 1.249765901730387156e+02
1.288855657657680922e+02 1.294379170695291066e+02
1.333298956201776093e+02 1.338991196808225368e+02
1.377742254720134554e+02 1.383601998747570008e+02
1.422185553435517420e+02 1.428211593529642016e+02
1.466628851883984339e+02 1.472819998774887722e+02
1.511072150302863690e+02 1.517427232367323029e+02
1.555515448723241150e+02 1.562033310197313654e+02
1.599958747204810265e+02 1.606638248943173153e+02
1.644402045810408595e+02 1.651242064915357162e+02
1.688845344233610035e+02 1.695844773202497322e+02
1.733288642733843972e+02 1.740446389334139496e+02
1.777731942042701121e+02 1.785046928629834611e+02
1.822175241259939753e+02 1.829646405875101891e+02
1.866618540336813794e+02 1.874244834956311934e+02
1.911061839304441605e+02 1.918842230256298080e+02
1.955505138342418832e+02 1.963438605656670291e+02
1.999948437457484260e+02 2.008033975280918355e+02
2.044391735954517344e+02 2.052628351710766310e+02
2.088835034891691862e+02 2.097221748327177124e+02
2.133278333756197469e+02 2.141814177507829982e+02
2.177721632571687280e+02 2.186405652206614718e+02
2.222164931342604177e+02 2.230996185095172848e+02
2.266608230065901921e+02 2.275585787586441882e+02
2.311051528921817351e+02 2.320174471778777274e+02
2.355494827821523529e+02 2.364762248759482191e+02
2.399938126593904997e+02 2.409349130384123328e+02
2.444381425484531860e+02 2.453935128029480097e+02
2.488824724000980098e+02 2.498520251901824167e+02
2.533268022512017126e+02 2.543104513051355866e+02
2.577711322203219879e+02 2.587687921707408805e+02
2.622154620824388758e+02 2.632270488770305406e+02
2.666597919627790816e+02 2.676852225289010789e+02
2.711041218307068448e+02 2.721433140219775737e+02
2.755484517254747061e+02 2.766013242897641931e+02
2.799927816276397152e+02 2.810592543250769495e+02
2.844371115506874048e+02 2.855171050915332671e+02
2.888814415041398433e+02 2.899748775121291828e+02
2.933257714062335140e+02 2.944325725070182216e+02
2.977701012862090693e+02 2.988901909850866332e+02
3.022144312373601451e+02 3.033477339006497573e+02
3.066587611810022054e+02 3.078052019723581338e+02
3.111030910955154241e+02 3.122625962590794870e+02
3.155474209724349066e+02 3.167199172797892288e+02
3.199917508299146220e+02 3.211771660519803504e+02
3.244360807300294027e+02 3.256343434408024677e+02
3.288804106332922856e+02 3.300914500793147681e+02
3.333247406631855938e+02 3.345484868760365771e+02
3.377690705435218206e+02 3.390054546095377646e+02
3.422134004590556060e+02 3.434623539522391411e+02
3.466577303857419565e+02 3.479191856549682598e+02
3.511020603152187505e+02 3.523759506218951856e+02
3.555463903045017560e+02 3.568326493271823097e+02
3.599907203042104129e+02 3.612892825646302981e+02
3.644350503266732630e+02 3.657458512118233784e+02
3.688793802325930073e+02 3.702023557228698678e+02
3.733237101843852770e+02 3.746587968628928138e+02
3.777680400868533752e+02 3.791151751752868222e+02
3.822123699609911682e+02 3.835714914734820695e+02
3.866566998145847265e+02 3.880277464860278087e+02
3.911010296869175136e+02 3.924839405743409202e+02
3.955453596053518481e+02 3.969400744739913875e+02
3.999896895862008250e+02 4.013961489847415578e+02
4.044340196668808858e+02 4.058521643083785193e+02
4.088783497482688176e+02 4.103081214275144930e+02
4.133226797831508748e+02 4.147640206478031359e+02
4.177670097785855887e+02 4.192198627655088785e+02
4.222113396637766982e+02 4.236756483844915238e+02
4.266556696406040032e+02 4.281313777543662127e+02
