0.000000000000000000e+00 0.000000000000000000e+00
4.444329833695382703e+00 4.465759678361973073e+00
8.888659667718398438e+00 8.931321032297852014e+00
1.333298950536807226e+01 1.339668774144417185e+01
1.777731933984503598e+01 1.786186338557624964e+01
2.222164917481973134e+01 2.232685144499787810e+01
2.666597900946141664e+01 2.679165530888235480e+01
3.111030885310050564e+01 3.125627828363256810e+01
3.555463869326296589e+01 3.572072356076532174e+01
3.999896852750737963e+01 4.018499426538677710e+01
4.444329836377064424e+01 4.464909344542321890e+01
4.888762820815838950e+01 4.911302405172786223e+01
5.333195806130082417e+01 5.357678897984909838e+01
5.777628790105609369e+01 5.804039105023888823e+01
6.222061774687520597e+01 6.250383297347728018e+01
6.666494759638555934e+01 6.696711743080203405e+01
7.110927744281428886e+01 7.143024704859246299e+01
7.555360728774182633e+01 7.589322435975924463e+01
7.999793715643951941e+01 8.035605183649637695e+01
8.444226703217249508e+01 8.481873191041972859e+01
8.888659687879184901e+01 8.928126690220571504e+01
9.333092674377463993e+01 9.374365913599800137e+01
9.777525662621752645e+01 9.820591087056089918e+01
1.022195864805182026e+02 1.026680243100005754e+02
1.066639163555511942e+02 1.071300015962234227e+02
1.111082462527078292e+02 1.115918448181818974e+02
1.155525761088720174e+02 1.160535559995492179e+02
1.199969060119114772e+02 1.205151371749577578e+02
1.244412358559276441e+02 1.249765902329913416e+02
1.288855657422930392e+02 1.294379171295625781e+02
1.333298955885519774e+02 1.338991197415076044e+02
1.377742254429361424e+02 1.383601998667314490e+02
1.422185552860667030e+02 1.428211593397865613e+02
1.466628851902501083e+02 1.472819999081611968e+02
1.511072150966534480e+02 1.517427232645471804e+02
1.555515450172269709e+02 1.562033310368856860e+02
1.599958749373901696e+02 1.606638248849514810e+02
1.644402047830562879e+02 1.651242064459417804e+02
1.688845346253031607e+02 1.695844773005122192e+02
1.733288645398596941e+02 1.740446388930764954e+02
1.777731944703992895e+02 1.785046928588120068e+02
1.822175243924759229e+02 1.829646405965278291e+02
1.866618543014004956e+02 1.874244835448390063e+02
1.911061841955982459e+02 1.918842230861634448e+02
1.955505141000157892e+02 1.963438606593815052e+02
1.999948440125694731e+02 2.008033976260638269e+02
2.044391739222677984e+02 2.052628352592789156e+02
2.088835037933619674e+02 2.097221749224869995e+02
2.133278336939509643e+02 2.141814178905824235e+02
2.177721635772712148e+02 2.186405653615510118e+02
2.222164934606270776e+02 2.230996185638412612e+02
2.266608233417497047e+02 2.275585788086298180e+02
2.311051532925718561e+02 2.320174471605754434e+02
2.355494831846033890e+02 2.364762248773846522e+02
2.399938131068051348e+02 2.409349129986311482e+02
2.444381430212897044e+02 2.453935127724487302e+02
2.488824729206898496e+02 2.498520251625455444e+02
2.533268027691303246e+02 2.543104512819640775e+02
2.577711326730244537e+02 2.587687921507554165e+02
2.622154625394936147e+02 2.632270489014821919e+02
2.666597925037155505e+02 2.676852225458934527e+02
2.711041224406856145e+02 2.721433140431427091e+02
2.755484523354853081e+02 2.766013243392982304e+02
2.799927822378498377e+02 2.810592543647549633e+02
2.844371121576950827e+02 2.855171051343139652e+02
2.888814421069104128e+02 2.899748775703856154e+02
2.933257720061699843e+02 2.944325726289965246e+02
2.977701018861455395e+02 2.988901911152430557e+02
3.022144318380323966e+02 3.033477340883132456e+02
3.066587617826937731e+02 3.078052021675596848e+02
3.111030916922412075e+02 3.122625963448011248e+02
3.155474215808951044e+02 3.167199173930039819e+02
3.199917514317680229e+02 3.211771661724736759e+02
3.244360813275314968e+02 3.256343435856902033e+02
3.288804112275519174e+02 3.300914502268102524e+02
3.333247411363016681e+02 3.345484870311110512e+02
3.377690710165062455e+02 3.390054547782051486e+02
3.422134008624160515e+02 3.434623541224973451e+02
3.466577307890170232e+02 3.479191858168873068e+02
3.511020607643180256e+02 3.523759507877809938e+02
3.555463907819571432e+02 3.568326495438707298e+02
3.599907207821813699e+02 3.612892827814578141e+02
3.644350508045591823e+02 3.657458514348907670e+02
3.688793807272260210e+02 3.702023558929896581e+02
3.733237106783636818e+02 3.746587970132562759e+02
3.777680405337212051e+02 3.791151754930805282e+02
3.822123704290473825e+02 3.835714917840098224e+02
3.866567003050507765e+02 3.880277466827775470e+02
3.911010301776593678e+02 3.924839408204099414e+02
3.955453600352985859e+02 3.969400747319654101e+02
3.999896900648799374e+02 4.013961492404673095e+02
4.044340201447867003e+02 4.058521646080157552e+02
4.088783502262746197e+02 4.103081217084921377e+02
4.133226802610718096e+02 4.147640209187008509e+02
4.177670102583068115e+02 4.192198630364383689e+02
4.222113402095689025e+02 4.236756484990663694e+02
4.266556701863981971e+02 4.281313779257444594e+02
