0.000000000000000000e+00 0.000000000000000000e+00
4.444329833746786029e+00 4.465759677456932586e+00
8.888659667708505907e+00 8.931321031420768719e+00
1.333298950222586399e+01 1.339668774055951239e+01
1.777731933701422307e+01 1.786186338824117570e+01
2.222164917232746006e+01 2.232685145595698017e+01
2.666597901796547632e+01 2.679165531972488878e+01
3.111030885261851253e+01 3.125627829588139406e+01
3.555463869206862881e+01 3.572072357312703161e+01
3.999896852622627819e+01 4.018499427491819631e+01
4.444329838417365863e+01 4.464909345253136053e+01
4.888762822183392132e+01 4.911302405784528702e+01
5.333195806334703803e+01 5.357678898605353623e+01
5.777628790630154754e+01 5.804039104475633337e+01
6.222061777402561944e+01 6.250383297477701916e+01
6.666494762354361114e+01 6.696711744865302762e+01
7.110927747007413302e+01 7.143024706210889008e+01
7.555360731433293608e+01 7.589322437141078126e+01
7.999793716085042661e+01 8.035605184239139476e+01
8.444226700139446962e+01 8.481873188799170293e+01
8.888659684764172653e+01 8.928126687736059353e+01
9.333092668888033927e+01 9.374365911256958839e+01
9.777525654202233341e+01 9.820591084129742399e+01
1.022195863842695758e+02 1.026680242862519776e+02
1.066639162280213213e+02 1.071300015606453542e+02
1.111082460975428035e+02 1.115918447420665700e+02
1.155525759373611407e+02 1.160535559235525227e+02
1.199969058312175747e+02 1.205151370942169820e+02
1.244412356831687276e+02 1.249765901749347847e+02
1.288855655445784123e+02 1.294379170635546643e+02
1.333298953967964167e+02 1.338991196999883755e+02
1.377742252773483642e+02 1.383601999025451050e+02
1.422185551222151219e+02 1.428211594109044995e+02
1.466628850328078215e+02 1.472819999614890207e+02
1.511072148746047503e+02 1.517427232718185905e+02
1.555515447585326854e+02 1.562033310434313194e+02
1.599958746185251925e+02 1.606638249322772367e+02
1.644402044694318477e+02 1.651242065306389577e+02
1.688845343997545569e+02 1.695844773139204449e+02
1.733288642482215209e+02 1.740446389390583590e+02
1.777731941802251754e+02 1.785046928620213293e+02
1.822175240994345131e+02 1.829646405905776305e+02
1.866618540071864629e+02 1.874244834697958595e+02
1.911061839026335747e+02 1.918842230632338897e+02
1.955505138062780475e+02 1.963438606016810013e+02
1.999948436923502868e+02 2.008033975638597610e+02
2.044391736021894133e+02 2.052628352184730147e+02
2.088835034943735991e+02 2.097221748798901899e+02
2.133278333847872261e+02 2.141814177980893135e+02
2.177721632658575004e+02 2.186405652521164029e+02
2.222164932044830721e+02 2.230996185159663128e+02
2.266608230865149949e+02 2.275585787596015734e+02
2.311051529816114680e+02 2.320174470978685122e+02
2.355494828747764018e+02 2.364762247474230321e+02
2.399938127270447410e+02 2.409349128656674566e+02
2.444381426160327919e+02 2.453935125608673786e+02
2.488824725631204728e+02 2.498520249496827432e+02
2.533268024272168191e+02 2.543104510643638037e+02
2.577711323606988572e+02 2.587687919324870904e+02
2.622154622154790786e+02 2.632270486887274501e+02
2.666597921868847152e+02 2.676852223096445869e+02
2.711041221251052775e+02 2.721433137990700288e+02
2.755484520199114513e+02 2.766013240665467947e+02
2.799927819221826439e+02 2.810592540810105220e+02
2.844371118468292821e+02 2.855171048626885977e+02
2.888814417942747923e+02 2.899748773046593442e+02
2.933257716962134509e+02 2.944325722891972532e+02
2.977701015762702355e+02 2.988901907554252375e+02
3.022144315284674008e+02 3.033477335897209741e+02
3.066587614726679476e+02 3.078052017177921016e+02
3.111030913879959030e+02 3.122625958263076882e+02
3.155474212656010877e+02 3.167199168423213109e+02
3.199917512985778671e+02 3.211771656018944441e+02
3.244360811989704416e+02 3.256343429978662698e+02
3.288804111031926141e+02 3.300914496415774693e+02
3.333247410118242442e+02 3.345484864432141876e+02
3.377690709583208672e+02 3.390054541941702837e+02
3.422134008628005972e+02 3.434623535414114031e+02
3.466577307892275712e+02 3.479191852609311582e+02
3.511020607364378066e+02 3.523759502065755100e+02
3.555463907258476297e+02 3.568326489438664453e+02
3.599907207258036692e+02 3.612892821805788230e+02
3.644350507481934756e+02 3.657458507106532579e+02
3.688793807947501477e+02 3.702023551922911793e+02
3.733237107465558324e+02 3.746587963301821560e+02
3.777680406021240742e+02 3.791151746563268716e+02
3.822123705349622469e+02 3.835714909518785589e+02
3.866567004118754767e+02 3.880277458839972269e+02
3.911010302842939268e+02 3.924839400263091420e+02
3.955453601519260474e+02 3.969400738805945821e+02
3.999896901324020746e+02 4.013961483159707768e+02
4.044340202132228796e+02 4.058521636610018959e+02
4.088783502948626847e+02 4.103081207757531956e+02
4.133226801552077632e+02 4.147640200614747528e+02
4.177670101527191946e+02 4.192198623444184022e+02
4.222113401179301491e+02 4.236756479643164539e+02
4.266556699938254269e+02 4.281313773543515140e+02
