2.430092696326504154e+02
3.159463780128097028e+02
2.646396995095668103e+02
3.053558632395516952e+02
2.617918146699825570e+02
2.454049207955470706e+02
2.195702540813869348e+02
1.769771397821928929e+02
2.759573442102959007e+02
2.943061297658960598e+02
2.343523174521767771e+02
2.341323423903974401e+02
2.894535422125323976e+02
2.959494690217052266e+02
2.888586559046590878e+02
2.917404326967008501e+02
2.633471363609255036e+02
2.040060476964987402e+02
3.087637031868303552e+02
3.063456729696821981e+02
2.879950673215972188e+02
2.733517780035415967e+02
2.703802342134787864e+02
2.790092584520772334e+02
2.358868438969541330e+02
2.370684165274900863e+02
3.071013589206934284e+02
2.972343721437721911e+02
2.933788830327679307e+02
2.813458832625004220e+02
2.729969207641753428e+02
2.437952803639635704e+02
2.850148851691727714e+02
2.500628435850558731e+02
2.257276530450619987e+02
2.008534358856694269e+02
2.997764318054912565e+02
3.015050227757917014e+02
2.411015793202611519e+02
2.516483366867981601e+02
2.031132985763406396e+02
2.774493061378020684e+02
2.370280934150617895e+02
2.319101448325481840e+02
2.215255696410884241e+02
2.032055980739488348e+02
2.865825286308268574e+02
3.049349902131370413e+02
1.471254918895267565e+02
2.927407710826728930e+02
2.838968914095407285e+02
2.682284618786888473e+02
1.783836134534322468e+02
2.557537817511850733e+02
1.986776089968977317e+02
2.301481412444788646e+02
2.623857870073322829e+02
3.030466320676100622e+02
2.532073900287579420e+02
2.431762878160234038e+02
2.478243878479471505e+02
2.519207750332431601e+02
2.039846062309941317e+02
2.602810910978554944e+02
2.959815173799951822e+02
2.506649959367084364e+02
2.912705426051617223e+02
2.737082284850142173e+02
2.797462070674778261e+02
2.605665135196689448e+02
2.580846108339047760e+02
2.715846229886237211e+02
2.684153378746668182e+02
2.816245362081333496e+02
2.032021998772374616e+02
2.920392439114763761e+02
2.663092862129900027e+02
2.960653401772127609e+02
2.788677542118454653e+02
2.375780202051869026e+02
2.403093323252483344e+02
2.338928092931641913e+02
3.022934440389822726e+02
2.315155187342281806e+02
3.043297069092283209e+02
2.960841973440209358e+02
2.324994285324669079e+02
2.707681392627305286e+02
1.861468738331896020e+02
2.052740936068712756e+02
2.765399258473954092e+02
2.303429763592321251e+02
2.553284060352872871e+02
2.312951202690068442e+02
2.770582145522297424e+02
2.057557132518990954e+02
2.740436421365552633e+02
2.926999859837338818e+02
2.305217773541989459e+02
2.767134217465802521e+02
