9.983791934849908785e+02
9.623248088950281272e+02
1.013719774816754239e+03
9.534359070213205314e+02
1.017273706133846531e+03
8.836944135593605552e+02
9.223911482165063944e+02
8.426014749253639593e+02
9.862736497732496446e+02
1.023174384319924457e+03
9.748200824507094922e+02
9.461682239165221517e+02
1.029146649853949157e+03
1.027683125193090063e+03
1.056473234890172307e+03
8.992383701193448360e+02
9.551696727166355458e+02
8.013797250365039417e+02
1.021742199581449540e+03
9.926307772584676741e+02
9.421674743053532666e+02
9.874533871862405476e+02
9.271614067953179301e+02
8.915932930309518269e+02
9.888998031630425203e+02
8.948096985090464841e+02
9.432087300449934446e+02
9.295452543011271018e+02
1.011343127308640192e+03
9.002358716857903573e+02
9.447001638432932396e+02
9.095957668383332475e+02
9.259861912085499398e+02
9.261372191232326259e+02
1.044281218494236100e+03
8.914645592491374373e+02
1.090452556505377061e+03
9.806325844344310099e+02
9.952826731743956543e+02
9.416446365777866276e+02
9.196227110873319361e+02
8.734050630346997650e+02
9.338372369369488979e+02
8.592095803447156186e+02
9.238443093062497837e+02
9.320847538097943925e+02
1.047719607902798089e+03
9.832305000118542466e+02
8.501768973827608988e+02
8.922001226764402873e+02
9.567514807334401894e+02
9.722656273483912628e+02
7.665611704881538344e+02
9.120569605678659855e+02
8.804777948786946808e+02
9.164501676354045685e+02
1.041169331689340197e+03
1.034189254090874101e+03
8.834942861760857795e+02
9.505733407018223033e+02
9.419262495972625402e+02
8.717605188632675208e+02
9.763954010706562485e+02
1.012775766785774408e+03
8.738923374882782582e+02
1.002474517494643919e+03
1.032507097056369275e+03
9.191757291997475932e+02
9.890542497269383375e+02
9.420920660002975637e+02
8.966601000672975488e+02
1.011750636947654243e+03
1.000312106286882681e+03
1.037492198770059758e+03
8.276215443185321874e+02
1.033950425733347174e+03
9.815500219014215872e+02
1.039894910241226398e+03
1.068709501057574698e+03
8.665185873908255871e+02
9.055729368017223351e+02
8.824193256496023423e+02
1.016134191051528774e+03
1.019048949521982195e+03
9.669136187858719040e+02
1.029103216671930795e+03
8.819412065405842895e+02
9.785606562825391848e+02
8.054474179653004740e+02
9.239237908735187830e+02
1.035111529806425779e+03
1.047937400193865187e+03
9.204431727923854396e+02
9.373923310651892962e+02
9.615019086185628794e+02
8.191446284849357653e+02
1.004089889358763571e+03
1.040705834203700761e+03
8.511189456445066526e+02
9.019254433193840441e+02
