7.403699015529849703e+01
9.390707662943250966e+01
5.250967650514392915e+01
7.858424679819660241e+01
9.307592652379840104e+01
8.511730762432651431e+01
7.302102698354623556e+01
5.037179015965804751e+01
6.412250972366690860e+01
8.701157874421167548e+01
8.999926864358893397e+01
6.104576154198480253e+01
6.249355608721816679e+01
9.316158417651588763e+01
6.540310982140449880e+01
9.388735489586395033e+01
9.382371698958030493e+01
5.680165094136761184e+01
9.114444445729513689e+01
9.436390365138771585e+01
6.728960795717823373e+01
8.511354443638987277e+01
4.964691332761155707e+01
8.471587934832416522e+01
5.141956129672916376e+01
8.513878305816720626e+01
8.494940357330179381e+01
8.722754549512778510e+01
5.678677090616153578e+01
8.419261353174742624e+01
7.771670270294217175e+01
7.771617716236647766e+01
8.082054591110400565e+01
7.795816895737662833e+01
6.830203650196324361e+01
6.234289690992060429e+01
8.393175582108808896e+01
5.737184843297847436e+01
6.782200095367156223e+01
6.444726442847812109e+01
5.174614788594932691e+01
8.606759443526777886e+01
7.497653311248936348e+01
6.436554412097899558e+01
4.964693488385842812e+01
5.627761598937410525e+01
9.821340397441866799e+01
7.928154256012120982e+01
4.957721836810742388e+01
9.284846952002585851e+01
6.921786392525291376e+01
4.454564522580491825e+01
6.944683176872774766e+01
4.957720155370373050e+01
2.533132185993463281e+01
6.133631332533717995e+01
6.232547659058120360e+01
9.171449690152651613e+01
7.384260177487230692e+01
6.718706258439561907e+01
7.314537407026418236e+01
8.573655774056263112e+01
2.657437384903727917e+01
6.933501555251123705e+01
9.212704539235932089e+01
6.864549766730900160e+01
9.091440990809316247e+01
7.206755903858342549e+01
8.688416231263131806e+01
9.105061019807328648e+01
7.206754573519489782e+01
7.012770132124296651e+01
8.642107541634815959e+01
8.667372592945680765e+01
4.964690506767519196e+01
5.605191045121151205e+01
6.976685704335699256e+01
8.382630128820480309e+01
9.237636453116689950e+01
5.751997029108153470e+01
7.733394666335426848e+01
9.057495774341285255e+01
7.424563875714008532e+01
8.649351472091166215e+01
9.348119134386709561e+01
7.965715981054559336e+01
4.454567703787802202e+01
8.048389821186557924e+01
5.570398356574411025e+01
9.194275681674777445e+01
9.196652185376113664e+01
8.544809521006999375e+01
6.930196925020221954e+01
5.740970303215429738e+01
8.551169387088766882e+01
4.460631477623209662e+01
8.402098887220297740e+01
1.009763105213398546e+02
8.517081615781357584e+01
8.065593693173295264e+01
