5.918740402222821473e+01
8.272573212220973460e+01
4.361842331481462054e+01
5.475785801327803881e+01
8.044348493919748933e+01
6.467635786548528642e+01
5.110271538053429197e+01
4.882317591445539051e+01
5.297928724097710784e+01
7.836631594644825327e+01
8.231299994525213037e+01
5.424166694433179003e+01
4.372552772037663260e+01
8.806880913834709190e+01
5.628382358537554353e+01
7.582030035849625449e+01
8.094894417743968518e+01
5.189201185098265512e+01
7.692706205699766997e+01
7.489058438170569332e+01
5.372759327727342082e+01
6.487599208064960976e+01
3.453731296641605297e+01
7.075041635604706869e+01
4.990089586301450453e+01
7.213748356066986389e+01
6.686610951297255667e+01
8.161569587705336914e+01
5.298313386616662513e+01
8.710963161805493371e+01
8.099047165294737738e+01
5.428808216662093855e+01
6.162462193615463946e+01
6.576024379284513088e+01
6.076562450915856317e+01
5.221231678339064075e+01
8.739738807507811202e+01
4.258114728883838040e+01
4.811007865378358872e+01
6.776811584136777356e+01
4.350459512994112288e+01
7.223797623144234592e+01
7.382762036638516179e+01
6.259908051894709757e+01
4.110936685376033495e+01
4.692046717491854224e+01
9.613644557991734985e+01
6.646447789616949819e+01
4.223137556939178694e+01
8.932492760914333019e+01
5.480692918448544049e+01
5.215682838442441493e+01
5.344575203277030795e+01
4.105040169427981311e+01
3.094825579539342542e+01
5.271698871250273299e+01
5.138739140181952081e+01
8.686990129245353387e+01
6.601597257413399689e+01
5.566689506015886479e+01
6.284700034471897823e+01
9.103273349789813551e+01
2.413000606259132752e+01
6.586254048326328814e+01
7.676248851125814099e+01
5.182298312370232907e+01
9.428224055000957549e+01
7.964727933912911340e+01
7.642707810549913461e+01
7.872098276607196965e+01
4.082862647356355978e+01
5.594749192286965211e+01
8.097454135025870414e+01
7.433561311062832999e+01
4.578005116931034024e+01
5.029920152677969014e+01
6.354249974687163416e+01
7.876880678483099985e+01
8.836937600312666063e+01
4.015401949621420385e+01
5.375536810762176287e+01
7.302161129763297254e+01
6.969439662427107862e+01
8.024023527031422987e+01
9.746070674306287174e+01
7.876654194175156931e+01
3.826065870002226177e+01
6.436389052445122161e+01
4.368934172813381167e+01
8.097085925768661241e+01
8.032506803302439380e+01
5.780849786863506523e+01
6.500381038927980626e+01
4.523524338770738495e+01
7.377739120314348042e+01
4.157205478452331704e+01
9.560235964023348743e+01
8.944699809550861858e+01
7.364784765673489630e+01
7.283131547209114842e+01
