2.821849246582505657e+02
3.511942692257257477e+02
2.373679489378735070e+02
2.932977469032067006e+02
2.251071983998978396e+02
2.634181620779743866e+02
2.379900938781488833e+02
1.937083593311878360e+02
2.657760124154568189e+02
3.467316956992283963e+02
2.068771415739698796e+02
2.649756400148518196e+02
2.412867623726255601e+02
3.362786683471816787e+02
3.081445772429578938e+02
2.899342659834283040e+02
2.306060551534247907e+02
1.892946601722224500e+02
2.987860431548115230e+02
3.181978673050995781e+02
2.945212350977352003e+02
3.160469825163734185e+02
2.507207036440638888e+02
3.154330689346907661e+02
2.469197311758617843e+02
2.564493085053472896e+02
2.997683062223023853e+02
3.004598395564042335e+02
2.877898007533836449e+02
2.996242600515693084e+02
2.731048172317335343e+02
2.467033991403973801e+02
2.883519190301208255e+02
3.000848034609382466e+02
2.304089308521223245e+02
2.172304317351147347e+02
3.197531831889180012e+02
2.901912380573804171e+02
2.289117613311780701e+02
2.689007655969349457e+02
2.070663161092480777e+02
2.828887946643774853e+02
2.328088801319348136e+02
2.228789283226620057e+02
2.637146994077089630e+02
2.332684015252864356e+02
3.237521721949605080e+02
3.123069337310768105e+02
1.929495984506786215e+02
2.978078342526303004e+02
2.720252094421807669e+02
3.165787182939683362e+02
1.734666779153992024e+02
2.778577394880743441e+02
2.137276556518067139e+02
2.594593104834677888e+02
2.659599629638930196e+02
3.301272364034692828e+02
2.683399891527508316e+02
2.643375586172931548e+02
2.750881987745266883e+02
2.291345028541055626e+02
1.978737324173647494e+02
2.918269749777610969e+02
2.921044232327027430e+02
2.330905975483940438e+02
3.305884501013970294e+02
3.124149102053575007e+02
2.771258808459658098e+02
2.278963178619054872e+02
2.923174559312377028e+02
2.813547969220915661e+02
2.709910397199196268e+02
2.747178396100312057e+02
2.132796824171562093e+02
2.614675144899227348e+02
2.731172991130173386e+02
3.268193594802660300e+02
2.856574022058746323e+02
2.464287295209633157e+02
2.161044738318294662e+02
2.155887609426404481e+02
3.102448945739957367e+02
2.464119844355537623e+02
3.308443569456518389e+02
3.164299471989933181e+02
2.448377757307052036e+02
2.572968197867883191e+02
1.840358216954510056e+02
2.147671219699636822e+02
3.045503625618385968e+02
2.325606833986130653e+02
2.898772592348267949e+02
2.416267479184897695e+02
2.323643337567973504e+02
2.286514190920223086e+02
2.286205494780805338e+02
2.910056210930606539e+02
2.513423854164873319e+02
3.006648819363118719e+02
