0.000000000000000000e+00 0.000000000000000000e+00
4.472223173557447140e+00 4.489755511789538467e+00
8.944446345242317520e+00 8.979371168502973788e+00
1.341666951700985244e+01 1.346884921388782885e+01
1.788889268911719910e+01 1.795819184431447724e+01
2.236111586846535815e+01 2.244740119522339938e+01
2.683333904259941249e+01 2.693647936088430939e+01
3.130556221854771337e+01 3.142542837788867160e+01
3.577778539140489045e+01 3.591425024660943421e+01
4.025000858483112154e+01 4.040294691361562229e+01
4.472223175851986809e+01 4.489152029064999283e+01
4.919445494136634522e+01 4.937997223123950619e+01
5.366667813475739734e+01 5.386830452734342600e+01
5.813890131653450055e+01 5.835651897533453791e+01
6.261112449019486093e+01 6.284461732478376206e+01
6.708334767505844809e+01 6.733260128055795235e+01
7.155557085928884931e+01 7.182047249283749579e+01
7.602779406968829790e+01 7.630823257499390877e+01
8.050001725293503796e+01 8.079588315508323149e+01
8.497224043453235254e+01 8.528342574935641096e+01
8.944446361179791438e+01 8.977086186357148279e+01
9.391668678978408025e+01 9.425819303228598756e+01
9.838890998404463062e+01 9.874542069692864743e+01
1.028611331588115263e+02 1.032325462962108702e+02
1.073333563589305300e+02 1.077195712392815068e+02
1.118055795486510817e+02 1.122064968760538619e+02
1.162778027495524782e+02 1.166933246027554532e+02
1.207500259476110784e+02 1.211800556606073940e+02
1.252222491801621516e+02 1.256666914270285247e+02
1.296944724217893281e+02 1.301532330862484059e+02
1.341666955999260153e+02 1.346396818953165280e+02
1.386389188320174242e+02 1.391260391336053601e+02
1.431111420776752539e+02 1.436123058833870800e+02
1.475833653287230334e+02 1.480984833617897607e+02
1.520555885710193991e+02 1.525845727968025471e+02
1.565278118105065346e+02 1.570705751838507922e+02
1.610000350829481022e+02 1.615564917187437004e+02
1.654722582959194881e+02 1.660423234234188499e+02
1.699444815214801281e+02 1.705280713342425543e+02
1.744167047711426335e+02 1.750137366030932640e+02
1.788889280456079405e+02 1.794993201687378246e+02
1.833611512536567147e+02 1.839848229697564364e+02
1.878333744857937404e+02 1.884702461347747260e+02
1.923055977618995485e+02 1.929555906023518901e+02
1.967778210215188039e+02 1.974408572009736815e+02
2.012500442143091846e+02 2.019260469698247675e+02
2.057222674578952137e+02 2.064111607988428432e+02
2.101944907062714378e+02 2.108961995421820461e+02
2.146667139559746147e+02 2.153811641502958878e+02
2.191389372621200096e+02 2.198660554235357552e+02
2.236111605168857466e+02 2.243508743658646836e+02
2.280833837764380689e+02 2.288356216932470488e+02
2.325556070333158232e+02 2.333202981177674076e+02
2.370278303237434727e+02 2.378049046900935082e+02
2.415000536111768383e+02 2.422894419539878186e+02
2.459722768663240799e+02 2.467739108704618616e+02
2.504445000879041459e+02 2.512583121894740543e+02
2.549167234316325903e+02 2.557426466184122091e+02
2.593889466656653440e+02 2.602269148473775431e+02
2.638611698995511006e+02 2.647111178049045748e+02
2.683333932136561657e+02 2.691952560749735426e+02
2.728056164855878478e+02 2.736793302910753027e+02
2.772778397091332181e+02 2.781633412914544579e+02
2.817500629555169098e+02 2.826472896913957129e+02
2.862222861848991329e+02 2.871311760064746750e+02
2.906945094886134484e+02 2.916150011681684191e+02
2.951667327989014780e+02 2.960987656576373865e+02
2.996389561372369030e+02 3.005824701178294163e+02
3.041111793724731456e+02 3.050661151994064539e+02
3.085834025542416157e+02 3.095497016433717477e+02
3.130556257548716985e+02 3.140332299068725206e+02
3.175278490213555642e+02 3.185167007616313413e+02
3.220000722347651276e+02 3.230001145657963662e+02
3.264722954309367537e+02 3.274834720174831091e+02
3.309445186083854082e+02 3.319667737833192405e+02
3.354167418284068845e+02 3.364500202485693308e+02
3.398889650791437589e+02 3.409332121480107389e+02
3.443611883923707069e+02 3.454163499632898038e+02
3.488334116767796331e+02 3.498994341374041142e+02
3.533056348525983026e+02 3.543824652722285009e+02
3.577778581070004975e+02 3.588654439170061323e+02
3.622500813337665022e+02 3.633483705532947852e+02
3.667223045558204149e+02 3.678312457083536628e+02
3.711945279098831634e+02 3.723140698496475807e+02
3.756667513236994864e+02 3.767968436732639930e+02
3.801389746281528801e+02 3.812795673251307562e+02
3.846111980477044199e+02 3.857622415099489785e+02
3.890834213426073234e+02 3.902448667173221111e+02
3.935556446510424280e+02 3.947274432900981083e+02
3.980278679083473889e+02 3.992099716707795665e+02
4.025000913255228170e+02 4.036924523472007991e+02
4.069723146273000793e+02 4.081748858190897522e+02
4.114445378701516347e+02 4.126572726057131035e+02
4.159167611206284505e+02 4.171396129093662921e+02
4.203889844239052991e+02 4.216219073531164554e+02
4.248612077702497345e+02 4.261041563683454569e+02
4.293334311956697320e+02 4.305863603048819073e+02
4.338056544992480212e+02 4.350685194345163609e+02
4.382778778181544794e+02 4.395506342962675603e+02
4.427501010836923001e+02 4.440327051952625084e+02
4.472223244294492019e+02 4.485147327222379090e+02
4.516945476245325040e+02 4.529967173059504830e+02
4.561667708493567943e+02 4.574786591622685705e+02
4.606389941241808401e+02 4.619605587384467071e+02
4.651112174109156854e+02 4.664424160572965548e+02
4.695834408891529392e+02 4.709242318586551619e+02
4.740556640862204176e+02 4.754060065477679586e+02
4.785278874921180545e+02 4.798877401928141353e+02
4.830001108815122848e+02 4.843694334416629772e+02
4.874723341147891915e+02 4.888510864691291999e+02
4.919445575144841882e+02 4.933326998128680430e+02
4.964167809399160092e+02 4.978142735501422180e+02
5.008890044369468342e+02 5.022958081010345381e+02
