0.000000000000000000e+00 0.000000000000000000e+00
4.470732946298154431e+00 4.489755541228684699e+00
8.941465892648203351e+00 8.979343042409219322e+00
1.341219883909129429e+01 1.346876548841154175e+01
1.788293178553286822e+01 1.795802578495452195e+01
2.235366473621354899e+01 2.244712676009728369e+01
2.682439769550447295e+01 2.693607117073934631e+01
3.129513064608405415e+01 3.142486169918205263e+01
3.576586359666977444e+01 3.591350097526573393e+01
4.023659654567859434e+01 4.040199152895478107e+01
4.470732950287184337e+01 4.489033586538828757e+01
4.917806245083384908e+01 4.937853640234639840e+01
5.364879540953300818e+01 5.386659547388623537e+01
5.811952836805296840e+01 5.835451543084933235e+01
6.259026131790115954e+01 6.284229848414074127e+01
6.706099426477848624e+01 6.732994686673914941e+01
7.153172722256114469e+01 7.181746270039681690e+01
7.600246018506058476e+01 7.630484806128693265e+01
8.047319317276073036e+01 8.079210499443831850e+01
8.494392612852252000e+01 8.527923553649283406e+01
8.941465907937680413e+01 8.976624159078262721e+01
9.388539206514354873e+01 9.425312508100707021e+01
9.835612506366510388e+01 9.873988785038525862e+01
1.028268580451145624e+02 1.032265317634643367e+02
1.072975910097844547e+02 1.077130585468521673e+02
1.117683239833822029e+02 1.121994699719726185e+02
1.162390569632818256e+02 1.166857677302729428e+02
1.207097899252584483e+02 1.211719534724252298e+02
1.251805228839679245e+02 1.256580287943870644e+02
1.296512558605831202e+02 1.301439953532154732e+02
1.341219888318849200e+02 1.346298546928144901e+02
1.385927217854799665e+02 1.391156082766738962e+02
1.430634548027917390e+02 1.436012576144728996e+02
1.475341878278546801e+02 1.480868042234307040e+02
1.520049208436256549e+02 1.525722495190688619e+02
1.564756538576145317e+02 1.570575948023908950e+02
1.609463868873519630e+02 1.615428415483493723e+02
1.654171199362754123e+02 1.660279910369617937e+02
1.698878528900568199e+02 1.705130445983809011e+02
1.743585858502084136e+02 1.749980036022479624e+02
1.788293189077372176e+02 1.794828691837917916e+02
1.833000518645094701e+02 1.839676425974122935e+02
1.877707848665967845e+02 1.884523251979486247e+02
1.922415179168661723e+02 1.929369179948952819e+02
1.967122509385268359e+02 1.974214222607872102e+02
2.011829839579323220e+02 2.019058391154652838e+02
2.056537169756232686e+02 2.063901696417917151e+02
2.101244499636624710e+02 2.108744150012765317e+02
2.145951829864528690e+02 2.153585762167920734e+02
2.190659160124956486e+02 2.198426543531302286e+02
2.235366490413348970e+02 2.243266504629808651e+02
2.280073820729779186e+02 2.288105655956851763e+02
2.324781151034002562e+02 2.332944006770764247e+02
2.369488481854274653e+02 2.377781567983801096e+02
2.414195812196639395e+02 2.422618348346113066e+02
2.458903142223621217e+02 2.467454357097046511e+02
2.503610472155871207e+02 2.512289603354456631e+02
2.548317803303353344e+02 2.557124097181309708e+02
2.593025133393878718e+02 2.601957847353493207e+02
2.637732463466228410e+02 2.646790862968877036e+02
2.682439793988557994e+02 2.691623150611331994e+02
2.727147123993017885e+02 2.736454720807753347e+02
2.771854454524386142e+02 2.781285581102206379e+02
2.816561784562567823e+02 2.826115740123256046e+02
2.861269114187185210e+02 2.870945206635071827e+02
2.905976444946164747e+02 2.915773986745959974e+02
2.950683775715872343e+02 2.960602089706931110e+02
2.995391105264357066e+02 3.005429523075282532e+02
3.040098435262722205e+02 3.050256292575089105e+02
3.084805764855541952e+02 3.095082408594686285e+02
3.129513094882270252e+02 3.139907875507023505e+02
3.174220425566306858e+02 3.184732701591917703e+02
3.218927755456276714e+02 3.229556894166180427e+02
3.263635085869228760e+02 3.274380459622267381e+02
3.308342415663830707e+02 3.319203405723391143e+02
3.353049745375933526e+02 3.364025737753739804e+02
3.397757076086135157e+02 3.408847463985582635e+02
3.442464407504671726e+02 3.453668590003921963e+02
3.487171737170240249e+02 3.498489120962661332e+02
3.531879067258920486e+02 3.543309064554524639e+02
3.576586398553444042e+02 3.588128426175647974e+02
3.621293729658751772e+02 3.632947212664236076e+02
3.666001060983599018e+02 3.677765430039281114e+02
3.710708390608970717e+02 3.722583084866083709e+02
3.755415721938774709e+02 3.767400181882591141e+02
3.800123051846725275e+02 3.812216727531821334e+02
3.844830381865027675e+02 3.857032726457960621e+02
3.889537711620567393e+02 3.901848182929578570e+02
3.934245042184255112e+02 3.946663103564470134e+02
3.978952372319203050e+02 3.991477494628410909e+02
4.023659704032342006e+02 4.036291360770712799e+02
4.068367034324571705e+02 4.081104708824526597e+02
4.113074364504795994e+02 4.125917542162363816e+02
4.157781694730362005e+02 4.170729864713732695e+02
4.202489024440164371e+02 4.215541685058424264e+02
4.247196355398219794e+02 4.260353005198838900e+02
4.291903687436420114e+02 4.305163830711861692e+02
4.336611017862509243e+02 4.349974166117636969e+02
4.381318347916177345e+02 4.394784016244979625e+02
4.426025678209504122e+02 4.439593385874225078e+02
4.470733008962346844e+02 4.484402280048102512e+02
4.515440339432575456e+02 4.529210702328854268e+02
4.560147671855762610e+02 4.574018658115729750e+02
4.604855002238588213e+02 4.618826149690377179e+02
4.649562333842205817e+02 4.663633181779795223e+02
4.694269664021552444e+02 4.708439760983097813e+02
4.738976993536252849e+02 4.753245890264684590e+02
4.783684323902383539e+02 4.798051574154109176e+02
4.828391655100575690e+02 4.842856814950373519e+02
4.873098985767984459e+02 4.887661617951499693e+02
4.917806316562071061e+02 4.932465989276986420e+02
4.962513646227692448e+02 4.977269929074303718e+02
5.007220979031268371e+02 5.022073444040177606e+02
