0.000000000000000000e+00 0.000000000000000000e+00
4.471398984029308465e+00 4.489755512681312233e+00
8.942797966472689097e+00 8.979355881476791978e+00
1.341419694899930448e+01 1.346880374376449829e+01
1.788559593335509490e+01 1.795810167479074693e+01
2.235699491652970039e+01 2.244725217295435371e+01
2.682839390558288528e+01 2.693625769245936752e+01
3.129979288901908063e+01 3.142512060725568546e+01
3.577119187414314894e+01 3.591384325385838139e+01
4.024259087851475414e+01 4.040242789301983350e+01
4.471398986453875324e+01 4.489087675211332851e+01
4.918538884856074134e+01 4.937919198697417045e+01
5.365678784335904794e+01 5.386737568317003877e+01
5.812818683669591735e+01 5.835542993711727888e+01
6.259958582054593990e+01 6.284335672619614854e+01
6.707098480691487907e+01 6.733115804474255128e+01
7.154238379401931525e+01 7.181883580578075055e+01
7.601378280125560138e+01 7.630639185892357546e+01
8.048518179519827243e+01 8.079382806522275473e+01
8.495658081533163397e+01 8.528114622148035551e+01
8.942797981734707946e+01 8.976834807586834586e+01
9.389937883714989653e+01 9.425543529878210336e+01
9.837077782203552090e+01 9.874240959585077348e+01
1.028421768418517956e+02 1.032292726285696034e+02
1.073135758258375176e+02 1.077160259648928502e+02
1.117849748163709194e+02 1.122026711854265102e+02
1.162563738001234412e+02 1.166892098205368598e+02
1.207277728112697872e+02 1.211756434025100191e+02
1.251991718347097731e+02 1.256619733675748591e+02
1.296705708385220817e+02 1.301482011881954293e+02
1.341419698255580784e+02 1.346343282855482641e+02
1.386133688840947684e+02 1.391203559554290337e+02
1.430847679107030501e+02 1.436062856309901576e+02
1.475561669704324004e+02 1.480921186328882868e+02
1.520275660245128222e+02 1.525778562876552087e+02
1.564989650751721513e+02 1.570634997696432720e+02
1.609703640693026614e+02 1.615490503727435794e+02
1.654417631465376530e+02 1.660345093095717743e+02
1.699131621360020290e+02 1.705198777838720048e+02
1.743845611305890770e+02 1.750051569609976525e+02
1.788559601208600327e+02 1.794903480758883347e+02
1.833273591377493688e+02 1.839754521484094880e+02
1.877987582378742673e+02 1.884604703284512937e+02
1.922701573217406121e+02 1.929454037158825486e+02
1.967415563907872524e+02 1.974302533745115227e+02
2.012129554546369263e+02 2.019150204151834771e+02
2.056843545094773162e+02 2.063997057452934030e+02
2.101557535683059825e+02 2.108843103985953178e+02
2.146271526291883731e+02 2.153688354091214023e+02
2.190985516938388287e+02 2.198532817313133023e+02
2.235699507583577201e+02 2.243376503170597402e+02
2.280413498249786244e+02 2.288219421028917395e+02
2.325127488433726626e+02 2.333061579381026718e+02
2.369841479069738739e+02 2.377902988598918910e+02
2.414555469669887202e+02 2.422743657002015425e+02
2.459269460047497660e+02 2.467583593170968186e+02
2.503983450345990036e+02 2.512422804563066734e+02
2.548697441087653033e+02 2.557261300894980991e+02
2.593411431547652910e+02 2.602099089948666233e+02
2.638125421993087230e+02 2.646936179741290402e+02
2.682839412386674667e+02 2.691772578918827321e+02
2.727553402747763016e+02 2.736608295587732869e+02
2.772267393061475218e+02 2.781443336012605982e+02
2.816981383477773306e+02 2.826277708477350075e+02
2.861695374070305320e+02 2.871111420518698196e+02
2.906409365390847483e+02 2.915944479609692053e+02
2.951123356537490281e+02 2.960776892760344481e+02
2.995837346977326092e+02 3.005608666394929287e+02
3.040551337000623562e+02 3.050439808211951345e+02
3.085265328671609950e+02 3.095270325007044221e+02
3.129979318662094556e+02 3.140100223724912212e+02
3.174693308892201458e+02 3.184929510551025942e+02
3.219407299120213111e+02 3.229758192765389708e+02
3.264121289208549115e+02 3.274586276605249395e+02
3.308835280855619203e+02 3.319413768448668520e+02
3.353549270800310751e+02 3.364240673598287685e+02
3.398263262751823959e+02 3.409066999410831613e+02
3.442977253775632107e+02 3.453892750968616951e+02
3.487691244758249809e+02 3.498717933622574492e+02
3.532405235384658226e+02 3.543542554293957210e+02
3.577119225686209347e+02 3.588366618746414360e+02
3.621833215721522379e+02 3.633190132734611097e+02
3.666547206839730393e+02 3.678013101169740366e+02
3.711261197905939753e+02 3.722835530777402937e+02
3.755975189148585969e+02 3.767657424825941916e+02
3.800689180394343794e+02 3.812478790676369158e+02
3.845403170762425589e+02 3.857299631714739689e+02
3.890117162698139168e+02 3.902119954356797393e+02
3.934831154781422242e+02 3.946939763474116489e+02
3.979545145980018788e+02 3.991759065431890576e+02
4.024259138063856653e+02 4.036577862362539690e+02
4.068973128460733051e+02 4.081396161116512076e+02
4.113687120868231659e+02 4.126213966404169469e+02
4.158401110744651987e+02 4.171031282755665188e+02
4.203115100820274392e+02 4.215848113152877659e+02
4.247829092236977999e+02 4.260664465454818810e+02
4.292543084617342970e+02 4.305480342481106391e+02
4.337257075763614012e+02 4.350295746729825623e+02
4.381971065980367257e+02 4.395110685270576028e+02
4.426685056687915676e+02 4.439925162012041255e+02
4.471399047822019952e+02 4.484739182400280129e+02
4.516113039942277965e+02 4.529552746543122339e+02
4.560827030426062834e+02 4.574365863194401527e+02
4.605541021311904615e+02 4.619178534983785198e+02
4.650255012064127413e+02 4.663990762715683331e+02
4.694969002128053717e+02 4.708802554881455080e+02
4.739682993337340804e+02 4.753613914366585504e+02
4.784396986297565491e+02 4.798424842439661688e+02
4.829110977980326993e+02 4.843235344760113890e+02
4.873824968741166686e+02 4.888045425134891957e+02
4.918538959904416288e+02 4.932855088312601879e+02
4.963252952353290084e+02 4.977664336991877008e+02
5.007966945396398160e+02 5.022473174267418017e+02
