0.000000000000000000e+00 0.000000000000000000e+00
4.470644881285730676e+00 4.489791147025205653e+00
8.941289763003013036e+00 8.979411805558495274e+00
1.341193464733791885e+01 1.346886502748041892e+01
1.788257952899422421e+01 1.795815378500679671e+01
2.235322441129598303e+01 2.244728096431571629e+01
2.682386930530918434e+01 2.693624938813508152e+01
3.129451420309967347e+01 3.142506179400062649e+01
3.576515908574955915e+01 3.591372085951208248e+01
4.023580396957605387e+01 4.040222920050218391e+01
4.470644885266572999e+01 4.489058933644579952e+01
4.917709374183698401e+01 4.937880375285350709e+01
5.364773865624880500e+01 5.386687483917638275e+01
5.811838357239196284e+01 5.835480495655080091e+01
6.258902846590892466e+01 6.284259641222026715e+01
6.705967334815078118e+01 6.733025146173142161e+01
7.153031825267729005e+01 7.181777227443784284e+01
7.600096313832128203e+01 7.630516096675003723e+01
8.047160803139959739e+01 8.079241962145825084e+01
8.494225292250885673e+01 8.527955032382024569e+01
8.941289780968239143e+01 8.976655501981210250e+01
9.388354270035387117e+01 9.425343565533950141e+01
9.835418762776956214e+01 9.874019408652432617e+01
1.028248325143948705e+02 1.032268321969377496e+02
1.072954774344196665e+02 1.077133518111984358e+02
1.117661223360840381e+02 1.121997547250059597e+02
1.162367672645341088e+02 1.166860426250907778e+02
1.207074122193943282e+02 1.211722171729125677e+02
1.251780571154095298e+02 1.256582800666420070e+02
1.296487020717009102e+02 1.301442329508355158e+02
1.341193469738204271e+02 1.346300773945507387e+02
1.385899919015935211e+02 1.391158149608347117e+02
1.430606368514072528e+02 1.436014470760808308e+02
1.475312818120098370e+02 1.480869753082538409e+02
1.520019267655657700e+02 1.525724010728135056e+02
1.564725717146786224e+02 1.570577258657914967e+02
1.609432166108182400e+02 1.615429509614875769e+02
1.654138614989789176e+02 1.660280777761805666e+02
1.698845063877132588e+02 1.705131076490894202e+02
1.743551513611281507e+02 1.749980419673111669e+02
1.788257962596986772e+02 1.794828819129417070e+02
1.832964411496436128e+02 1.839676287308269025e+02
1.877670861490800860e+02 1.884522836784107653e+02
1.922377311320024660e+02 1.929368480653353117e+02
1.967083760960425138e+02 1.974213229275821959e+02
2.011790210906468985e+02 2.019057094975837288e+02
2.056496660922358615e+02 2.063900089585793012e+02
2.101203110504855545e+02 2.108742223155626903e+02
2.145909560094744393e+02 2.153583507281408060e+02
2.190616009707418925e+02 2.198423953028782876e+02
2.235322459362898542e+02 2.243263569770183778e+02
2.280028909018109857e+02 2.288102369650126207e+02
2.324735358691383453e+02 2.332940361333827468e+02
2.369441808322303018e+02 2.377777555686471942e+02
2.414148257898515908e+02 2.422613961541123331e+02
2.458854707256651011e+02 2.467449588954094679e+02
2.503561156604158668e+02 2.512284446570838838e+02
2.548267606010130066e+02 2.557118544584944289e+02
2.592974055446026682e+02 2.601951891719963328e+02
2.637680505747696316e+02 2.646784497693730600e+02
2.682386955727743043e+02 2.691616370295433853e+02
2.727093405077682746e+02 2.736447519341730299e+02
2.771799855439156772e+02 2.781277952681396641e+02
2.816506304836959771e+02 2.826107677180956443e+02
2.861212754234522322e+02 2.870936702880624694e+02
2.905919204348234643e+02 2.915765036319635328e+02
2.950625654472811448e+02 2.960592686835881295e+02
2.995332103402512871e+02 3.005419660938906645e+02
3.040038552819556799e+02 3.050245967583214792e+02
3.084745001806213054e+02 3.095071613243667912e+02
3.129451450921488345e+02 3.139896605182202620e+02
3.174157900227172604e+02 3.184720950476073540e+02
3.218864350279532118e+02 3.229544657159872258e+02
3.263570799948750505e+02 3.274367732159668094e+02
3.308277250296980583e+02 3.319190182320373310e+02
3.352983699706848029e+02 3.364012013465301152e+02
3.397690149124071581e+02 3.408833233769249773e+02
3.442396598150659770e+02 3.453653848687594063e+02
3.487103049105523951e+02 3.498473864443428738e+02
3.531809499062341615e+02 3.543293287834185890e+02
3.576515948239352269e+02 3.588112125130044205e+02
3.621222398164815104e+02 3.632930382551122648e+02
3.665928847681537945e+02 3.677748066239370246e+02
3.710635297392237817e+02 3.722565183097169665e+02
3.755341747651314108e+02 3.767381736932557033e+02
3.800048197991008010e+02 3.812197735680526876e+02
3.844754647350167716e+02 3.857013182110608795e+02
3.889461097164042940e+02 3.901828085387027159e+02
3.934167546549059580e+02 3.946642448056425110e+02
3.978873995513090449e+02 3.991456276262508709e+02
4.023580446576056602e+02 4.036269575636615627e+02
4.068286896215686852e+02 4.081082353589903846e+02
4.112993345355491783e+02 4.125894613322991518e+02
4.157699794345134023e+02 4.170706357755815930e+02
4.202406244524022441e+02 4.215517596256603383e+02
4.247112694798507846e+02 4.260328331034361327e+02
4.291819146178143001e+02 4.305138567615930469e+02
4.336525596235997568e+02 4.349948309341118602e+02
4.381232046569546128e+02 4.394757562401531459e+02
4.425938496236243509e+02 4.439566331879670997e+02
4.470644945417495819e+02 4.484374623489639475e+02
4.515351394365400211e+02 4.529182439422455673e+02
4.560057843793970846e+02 4.573989785769518903e+02
4.604764293123199650e+02 4.618796663979009054e+02
4.649470743135326529e+02 4.663603081945741451e+02
4.694177192565782661e+02 4.708409041856602926e+02
4.738883642203095974e+02 4.753214547948143718e+02
4.783590091800605251e+02 4.798019607720248132e+02
4.828296543383640369e+02 4.842824222257920610e+02
4.873002993592136818e+02 4.887628394230353024e+02
4.917709443735701029e+02 4.932432130092607849e+02
4.962415894513069361e+02 4.977235432693350958e+02
5.007122346641077684e+02 5.022038307997394213e+02
