0.000000000000000000e+00 0.000000000000000000e+00
4.470718703014175510e+00 4.490227339400250983e+00
8.941437407054241504e+00 8.980276911990433319e+00
1.341215611003705099e+01 1.347015197323180047e+01
1.788287481311790827e+01 1.795985568734805327e+01
2.235359351697938024e+01 2.244939113380037199e+01
2.682431222025279283e+01 2.693876131200352830e+01
3.129503092461846236e+01 3.142796913620951926e+01
3.576574963171719901e+01 3.591701745240747101e+01
4.023646833573462800e+01 4.040590904716020759e+01
4.470718704054500137e+01 4.489464658540050834e+01
4.917790577009687070e+01 4.938323271351337951e+01
5.364862450014003059e+01 5.387166996245831996e+01
5.811934320410364307e+01 5.835996086695529073e+01
6.259006192601724905e+01 6.284810782237215676e+01
6.706078066964334994e+01 6.733611323894317024e+01
7.153149939400695700e+01 7.182397941059593904e+01
7.600221810155025537e+01 7.631170858284029634e+01
8.047293684434833949e+01 8.079930298883883211e+01
8.494365554954501363e+01 8.528676476518717209e+01
8.941437430339553316e+01 8.977409601351882884e+01
9.388509303563873232e+01 9.426129874003092368e+01
9.835581178493355026e+01 9.874837498112182743e+01
1.028265305503288687e+02 1.032353266965984631e+02
1.072972492870509740e+02 1.077221558013315104e+02
1.117679679951144749e+02 1.122088641441738730e+02
1.162386867175102907e+02 1.166954535974022349e+02
1.207094054919489281e+02 1.211819258717851255e+02
1.251801241962149902e+02 1.256682827628620487e+02
1.296508429589418370e+02 1.301545259841583970e+02
1.341215616714094381e+02 1.346406571714273923e+02
1.385922803823883669e+02 1.391266779560921805e+02
1.430629991620789951e+02 1.436125899104090422e+02
1.475337179428257741e+02 1.480983946450887743e+02
1.520044367160347463e+02 1.525840936063555660e+02
1.564751554857123779e+02 1.570696883598922113e+02
1.609458741958280825e+02 1.615551803463494025e+02
1.654165929097404160e+02 1.660405710438714095e+02
1.698873117100015975e+02 1.705258617672586468e+02
1.743580305121203651e+02 1.750110540064500242e+02
1.788287492698491974e+02 1.794961489778841042e+02
1.832994680048390137e+02 1.839811481070886998e+02
1.877701868254368094e+02 1.884660526111310332e+02
1.922409056297642280e+02 1.929508637123456651e+02
1.967116244211926244e+02 1.974355827398811130e+02
2.011823432526714441e+02 2.019202109047928104e+02
2.056530620330798627e+02 2.064047493397720814e+02
2.101237808110695653e+02 2.108891992889991513e+02
2.145944995914036895e+02 2.153735618267617724e+02
2.190652184247444438e+02 2.198578381443147123e+02
2.235359371394634422e+02 2.243420292649265946e+02
2.280066559384522975e+02 2.288261363430156621e+02
2.324773747266554835e+02 2.333101603706585934e+02
2.369480935133678940e+02 2.377941024120248130e+02
2.414188122944590305e+02 2.422779634672847067e+02
2.458895310744801179e+02 2.467617446570227173e+02
2.503602498291593292e+02 2.512454468750329113e+02
2.548309685912748250e+02 2.557290709998559635e+02
2.593016873563491345e+02 2.602126180503687465e+02
2.637724061149066301e+02 2.646960890618078110e+02
2.682431248738596423e+02 2.691794847282278056e+02
2.727138436297187809e+02 2.736628061743597300e+02
2.771845624037443372e+02 2.781460541239592885e+02
2.816552811655811865e+02 2.826292295888588910e+02
2.861259999274307688e+02 2.871123332825192165e+02
2.905967187605297681e+02 2.915953660967216479e+02
2.950674376249554598e+02 2.960783287274023223e+02
2.995381563373741756e+02 3.005612221390931609e+02
3.040088751047177880e+02 3.050440470020394628e+02
3.084795938547265450e+02 3.095268043338576263e+02
3.129503126734834382e+02 3.140094946067773662e+02
3.174210314154916546e+02 3.184921186400894157e+02
3.218917502169386466e+02 3.229746772799729797e+02
3.263624689417322884e+02 3.274571712049927328e+02
3.308331878123043452e+02 3.319396011833638909e+02
3.353039066680564702e+02 3.364219678387133854e+02
3.397746254310029599e+02 3.409042719403895489e+02
3.442453441499985729e+02 3.453865141261866256e+02
3.487160628580815001e+02 3.498686949289001404e+02
3.531867816955309536e+02 3.543508151664631214e+02
3.576575004994575693e+02 3.588328754836981034e+02
3.621282192400069562e+02 3.633148764619677991e+02
3.665989381162692098e+02 3.677968187323169786e+02
3.710696569888694967e+02 3.722787029342548522e+02
3.755403757317253621e+02 3.767605296748159844e+02
3.800110944856699007e+02 3.812422995632260836e+02
3.844818132668742692e+02 3.857240133449248560e+02
3.889525319850271785e+02 3.902056712700411367e+02
3.934232507090708850e+02 3.946872740381979838e+02
3.978939696438357601e+02 3.991688223118212022e+02
4.023646885713560550e+02 4.036503165572701164e+02
4.068354073572641028e+02 4.081317574839003441e+02
4.113061261348870516e+02 4.126131453990213345e+02
4.157768450856573281e+02 4.170944808565973290e+02
4.202475638199332479e+02 4.215757646227542637e+02
4.247182826623500205e+02 4.260569969931592595e+02
4.291890016173087474e+02 4.305381785100760226e+02
4.336597203525166151e+02 4.350193095308569582e+02
4.381304392055158132e+02 4.395003908580018788e+02
4.426011579911021272e+02 4.439814225994797994e+02
4.470718768223740653e+02 4.484624054772863246e+02
4.515425955935894535e+02 4.529433399157649092e+02
4.560133143937216573e+02 4.574242265460355839e+02
4.604840331155784270e+02 4.619050654407286629e+02
4.649547518607353709e+02 4.663858572381628846e+02
4.694254705872330078e+02 4.708666024702151276e+02
4.738961893031329282e+02 4.753473016494367016e+02
4.783669080174120154e+02 4.798279548739751590e+02
4.828376268249555778e+02 4.843085628889620011e+02
4.873083456130112836e+02 4.887891258656994182e+02
4.917790645196217838e+02 4.932696444087016516e+02
4.962497835495671552e+02 4.977501189270650457e+02
5.007205025864138861e+02 5.022305496585026390e+02
