0.000000000000000000e+00 0.000000000000000000e+00
4.471524132399852469e+00 4.489755512716905095e+00
8.943048264195237351e+00 8.979358249945780912e+00
1.341457239608623198e+01 1.346881078957505906e+01
1.788609652889665114e+01 1.795811564181064668e+01
2.235762066916799284e+01 2.244727525537417634e+01
2.682914481383121341e+01 2.693629201811164009e+01
3.130066894985308323e+01 3.142516825806257330e+01
3.577219309118509472e+01 3.591390625454677377e+01
4.024371722615585156e+01 4.040250822450687451e+01
4.471524135908056508e+01 4.489097633245006591e+01
4.918676552200869878e+01 4.937931270145767826e+01
5.365828965832305641e+01 5.386751937599343165e+01
5.812981381295571026e+01 5.835559836790800858e+01
6.260133796986043109e+01 6.284355166149740768e+01
6.707286214024396998e+01 6.733138119226335050e+01
7.154438627808896456e+01 7.181908882854341414e+01
7.601591042712979629e+01 7.630667638353644122e+01
8.048743456264220697e+01 8.079414567213947862e+01
8.495895874171139894e+01 8.528149843458211876e+01
8.943048291813509820e+01 8.976873640420093636e+01
9.390200707168028771e+01 9.425586126038092516e+01
9.837353121387039323e+01 9.874287463831785772e+01
1.028450553496117408e+02 1.032297781652823687e+02
1.073165795217393281e+02 1.077165733682998052e+02
1.117881036637479610e+02 1.122032618353301245e+02
1.162596278453971337e+02 1.166898450400748857e+02
1.207311520052996912e+02 1.211763244507053230e+02
1.252026761516665516e+02 1.256627015192302252e+02
1.296742003019920162e+02 1.301489776707498152e+02
1.341457244595590907e+02 1.346351543184369461e+02
1.386172486367045735e+02 1.391212327922052054e+02
1.430887728422077600e+02 1.436072143748285725e+02
1.475602970520378676e+02 1.480931003775982617e+02
1.520318212547277881e+02 1.525788921316630820e+02
1.565033454530199890e+02 1.570645908303092142e+02
1.609748696055986272e+02 1.615501977651648815e+02
1.654463938376086105e+02 1.660357140529635842e+02
1.699179179923052914e+02 1.705211409243038361e+02
1.743894421325063604e+02 1.750064795588227184e+02
1.788609663707448192e+02 1.794917309959688225e+02
1.833324906064992206e+02 1.839768964492618011e+02
1.878040148546830892e+02 1.884619768820863328e+02
1.922755390887383555e+02 1.929469734225153843e+02
1.967470632466368556e+02 1.974318871417686410e+02
2.012185874492547555e+02 2.019167190547456130e+02
2.056901116524987856e+02 2.064014702582390726e+02
2.101616358605212440e+02 2.108861416053653670e+02
2.146331601148860386e+02 2.153707341161942566e+02
2.191046843834477045e+02 2.198552487177528860e+02
2.235762086000178783e+02 2.243396864031802806e+02
2.280477328120991274e+02 2.288240480540131045e+02
2.325192570290381298e+02 2.333083346661362611e+02
2.369907812287812021e+02 2.377925469583746008e+02
2.414623054971159490e+02 2.422766860203297483e+02
2.459338297709073800e+02 2.467607525153326833e+02
2.504053540354195491e+02 2.512447473663709729e+02
2.548768782265693176e+02 2.557286713948539898e+02
2.593484024741784424e+02 2.602125254415446989e+02
2.638199266721799177e+02 2.646963101467035244e+02
2.682914509521147579e+02 2.691800264766586110e+02
2.727629752592043815e+02 2.736636751334388578e+02
2.772344995271304242e+02 2.781472569884618338e+02
2.817060237124929927e+02 2.826307726467265411e+02
2.861775479043441806e+02 2.871142227926499118e+02
2.906490721608893750e+02 2.915976083057443020e+02
2.951205964248877081e+02 2.960809298375368144e+02
2.995921205672304382e+02 3.005641880434815221e+02
3.040636447581141510e+02 3.050473835837715342e+02
3.085351690627506400e+02 3.095305173134092911e+02
3.130066932496239360e+02 3.140135897559188152e+02
3.174782174376175590e+02 3.184966015395427235e+02
3.219497416134184391e+02 3.229795533376430967e+02
3.264212658919267369e+02 3.274624457989567645e+02
3.308927900682607515e+02 3.319452796245680020e+02
3.353643142115565752e+02 3.364280552643652982e+02
3.398358383786693935e+02 3.409107734996732688e+02
3.443073626912027976e+02 3.453934348050555627e+02
3.487788868503587310e+02 3.498760396941269164e+02
3.532504109996370971e+02 3.543585889043549741e+02
3.577219351524924491e+02 3.588410829208103223e+02
3.621934593095439254e+02 3.633235222887216196e+02
3.666649835363468810e+02 3.678059076075268194e+02
3.711365077932988470e+02 3.722882394235230095e+02
3.756080319653142396e+02 3.767705182620485402e+02
3.800795562272012376e+02 3.812527445892361015e+02
3.845510803658700070e+02 3.857349190340866016e+02
3.890226045093658058e+02 3.902170420183450688e+02
3.934941286602850710e+02 3.946991140357991981e+02
3.979656528258788626e+02 3.991811356388864738e+02
4.024371771838115137e+02 4.036631073221559518e+02
4.069087013952282632e+02 4.081450295921168845e+02
4.113802255998170381e+02 4.126269028396638987e+02
4.158517497491052382e+02 4.171087274591202458e+02
4.203232739676687970e+02 4.215905040849336274e+02
4.247947982583096405e+02 4.260722331654968684e+02
4.292663226451263654e+02 4.305539150860965947e+02
4.337378469071952622e+02 4.350355500772427604e+02
4.382093711950755051e+02 4.395171388354325472e+02
4.426808956128029422e+02 4.439986817783866968e+02
4.471524198660774800e+02 4.484801792137468510e+02
4.516239441113319799e+02 4.529616315872430050e+02
4.560954683534050673e+02 4.574430395924634922e+02
4.605669925910402753e+02 4.619244031844602887e+02
4.650385167433149718e+02 4.664057231330825743e+02
4.695100408986622824e+02 4.708869995745679375e+02
4.739815650576560984e+02 4.753682329665498401e+02
4.784530892034780436e+02 4.798494237991598084e+02
4.829246135085559217e+02 4.843305722856171087e+02
4.873961377357032916e+02 4.888116789762749477e+02
4.918676620013101228e+02 4.932927441820005470e+02
4.963391864145415298e+02 4.977737682148346039e+02
5.008107108417287918e+02 5.022547513431169364e+02
