0.000000000000000000e+00 0.000000000000000000e+00
4.471007637370163046e+00 4.489755515474365133e+00
8.942015274729669727e+00 8.979348368247709544e+00
1.341302291224134891e+01 1.346878140219239128e+01
1.788403055000299702e+01 1.795805737234953625e+01
2.235503819594143948e+01 2.244717897299371856e+01
2.682604583875995985e+01 2.693614883473022559e+01
3.129705347918787339e+01 3.142496951001644589e+01
3.576806112080185329e+01 3.591364349746773144e+01
4.023906876094547158e+01 4.040217322738709527e+01
4.471007639995988825e+01 4.489056108183023497e+01
4.918108404307264436e+01 4.937880936897983020e+01
5.365209168122666483e+01 5.386692032523615126e+01
5.812309932023637771e+01 5.835489617643379745e+01
6.259410696960908638e+01 6.284273904918614306e+01
6.706511462560165171e+01 6.733045107121803596e+01
7.153612226587947021e+01 7.181803427417594321e+01
7.600712992729663142e+01 7.630549064487703959e+01
8.047813759061095595e+01 8.079282214808520735e+01
8.494914523315105725e+01 8.528003072358247039e+01
8.942015290625984392e+01 8.976711822411731134e+01
9.389116057492284995e+01 9.425408642615383314e+01
9.836216825334699365e+01 9.874093715795802950e+01
1.028331758957909301e+02 1.032276721691471835e+02
1.073041835538363387e+02 1.077142931315320595e+02
1.117751911959971522e+02 1.122008017686930259e+02
1.162461988599260394e+02 1.166871996698557581e+02
1.207172065161214363e+02 1.211734884563441881e+02
1.251882141682695533e+02 1.256596696218993117e+02
1.296592218781188706e+02 1.301457447529950286e+02
1.341302295947417633e+02 1.346317153341453832e+02
1.386012372502997891e+02 1.391175828495662472e+02
1.430722449599446122e+02 1.436033486511429942e+02
1.475432526760858423e+02 1.480890141785405376e+02
1.520142603834758006e+02 1.525745808235024299e+02
1.564852680871788380e+02 1.570600499420119149e+02
1.609562757764564651e+02 1.615454228639670191e+02
1.654272835124897369e+02 1.660307008434202203e+02
1.698982911793889627e+02 1.705158851563328710e+02
1.743692988783382134e+02 1.750009770521955375e+02
1.788403065362211350e+02 1.794859778096798379e+02
1.833113142881701378e+02 1.839708885017682007e+02
1.877823219408948319e+02 1.884557103617283076e+02
1.922533296803936196e+02 1.929404445863350475e+02
1.967243374043318909e+02 1.974250922119666711e+02
2.011953451166466493e+02 2.019096543506087755e+02
2.056663528262237719e+02 2.063941321513543699e+02
2.101373605404972693e+02 2.108785265529078288e+02
2.146083682566102766e+02 2.153628386655100826e+02
2.190793760059743249e+02 2.198470694995111785e+02
2.235503837242510201e+02 2.243312200882813841e+02
2.280213914477181447e+02 2.288152914618706859e+02
2.324923991717294598e+02 2.332992845084741020e+02
2.369634068909228120e+02 2.377832001952960468e+02
2.414344146034825087e+02 2.422670394751635286e+02
2.459054223884879207e+02 2.467508032635221866e+02
2.503764300725619307e+02 2.512344923344304277e+02
2.548474377666079249e+02 2.557181077017477833e+02
2.593184454692265604e+02 2.602016501531326185e+02
2.637894532152344595e+02 2.646851206795585085e+02
2.682604609091935117e+02 2.691685199187757007e+02
2.727314685710251752e+02 2.736518488320498932e+02
2.772024762637179265e+02 2.781351081522991535e+02
2.816734839238643531e+02 2.826182987109380065e+02
2.861444916185176908e+02 2.871014212725780794e+02
2.906154993541392741e+02 2.915844766675928668e+02
2.950865070208085399e+02 2.960674656036154602e+02
2.995575147527171112e+02 3.005503888136123578e+02
3.040285224530899768e+02 3.050332469840654426e+02
3.084995300944799510e+02 3.095160410171168905e+02
3.129705377496335359e+02 3.139987713917983001e+02
3.174415454361083562e+02 3.184814387991983153e+02
3.219125531116226853e+02 3.229640440487006003e+02
3.263835609484119118e+02 3.274465877737703750e+02
3.308545687581420225e+02 3.319290707457947747e+02
3.353255765154506776e+02 3.364114933868878552e+02
3.397965842125615836e+02 3.408938565323427383e+02
3.442675918551767609e+02 3.453761607054365754e+02
3.487385995057893524e+02 3.498584064924759787e+02
3.532096073101246816e+02 3.543405945576037652e+02
3.576806149687046172e+02 3.588227255256664989e+02
3.621516226724182275e+02 3.633047999730949869e+02
3.666226303583507615e+02 3.677868184493962644e+02
3.710936380305290072e+02 3.722687815131619686e+02
3.755646457073122519e+02 3.767506897611331738e+02
3.800356533895626399e+02 3.812325439135912575e+02
3.845066610392030952e+02 3.857143442759413006e+02
3.889776687339267482e+02 3.901960913987186359e+02
3.934486765171380966e+02 3.946777859266796895e+02
3.979196843609660164e+02 3.991594283762044597e+02
4.023906922236363926e+02 4.036410191178433706e+02
4.068617001003472069e+02 4.081225587753934292e+02
4.113327078099961227e+02 4.126040479122934812e+02
4.158037154648540081e+02 4.170854869561311489e+02
4.202747232100688279e+02 4.215668764822651724e+02
4.247457310002874920e+02 4.260482167839122667e+02
4.292167388826319439e+02 4.305295084153196399e+02
4.336877465777405405e+02 4.350107516635259799e+02
4.381587543839558521e+02 4.394919471443988641e+02
4.426297622944539967e+02 4.439730955705132374e+02
4.471007700621192953e+02 4.484541969794305487e+02
4.515717779551564490e+02 4.529352520071930712e+02
4.560427856620756870e+02 4.574162611189800600e+02
4.605137934582070329e+02 4.618972247028614220e+02
4.649848013711524572e+02 4.663781431727315976e+02
4.694558090995835755e+02 4.708590169049349470e+02
4.739268168421904761e+02 4.753398463375019674e+02
4.783978246918107970e+02 4.798206317592297410e+02
4.828688325026719212e+02 4.843013735125846324e+02
4.873398404277421037e+02 4.887820723399314602e+02
4.918108483946156184e+02 4.932627283410503196e+02
4.962818562686134101e+02 4.977433418598035360e+02
5.007528642166730606e+02 5.022239134137406609e+02
