0.000000000000000000e+00 0.000000000000000000e+00
4.397166354903891516e+00 4.421682452040341715e+00
8.794332996279733194e+00 8.843104189704414253e+00
1.319149980015444967e+01 1.326427089973591578e+01
1.758866647065518407e+01 1.768518781701627773e+01
2.198583319508815848e+01 2.210586006227204336e+01
2.638299991392199573e+01 2.652629279543777585e+01
3.078016629921918934e+01 3.094649092091540155e+01
3.517733267426554278e+01 3.536645934153220594e+01
3.957449950638098812e+01 3.978620217462058406e+01
4.397166592113108408e+01 4.420572430813323450e+01
4.836883277190199237e+01 4.862502996424925072e+01
5.276599919015697537e+01 5.304412335425693215e+01
5.716316563155760377e+01 5.746300865431317106e+01
6.156033268762955402e+01 6.188168965404365451e+01
6.595749906246936689e+01 6.630017023200505832e+01
7.035466554296222341e+01 7.071845417075699913e+01
7.475183195279375070e+01 7.513654513472550889e+01
7.914899840328843084e+01 7.955444645243173341e+01
8.354616483215730227e+01 8.397216199241492518e+01
8.794333133749661613e+01 8.838969483538099325e+01
9.234049783900633201e+01 9.280704824904466932e+01
9.673766434555281535e+01 9.722422591621062793e+01
1.011348317274842969e+02 1.016412301726926444e+02
1.055319988945276322e+02 1.060580641512403162e+02
1.099291654229619724e+02 1.104747309505676185e+02
1.143263328669990244e+02 1.148912333862904234e+02
1.187234994353176774e+02 1.193075742099115075e+02
1.231206660381234599e+02 1.237237561895298938e+02
1.275178326185181277e+02 1.281397819617609741e+02
1.319149990584379566e+02 1.325556540765518889e+02
1.363121656752172441e+02 1.369713751935441053e+02
1.407093334453416276e+02 1.413869475300760996e+02
1.451065001780658861e+02 1.458023741420164185e+02
1.495036667692799597e+02 1.502176563496124686e+02
1.539008334144701848e+02 1.546327969288001611e+02
1.582980000658681661e+02 1.590477987617137217e+02
1.626951667570000382e+02 1.634626625534594950e+02
1.670923336835444388e+02 1.678773915924077755e+02
1.714895003636593174e+02 1.722919874761905419e+02
1.758866670672695420e+02 1.767064520656879836e+02
1.802838337640543216e+02 1.811207878526172692e+02
1.846810004285687796e+02 1.855349963836619622e+02
1.890781671080194428e+02 1.899490796957597922e+02
1.934753338823574609e+02 1.943630395764597552e+02
1.978725006575498355e+02 1.987768777845330703e+02
2.022696674133890156e+02 2.031905964431612972e+02
2.066668341063346759e+02 2.076041959833902411e+02
2.110640024747763164e+02 2.120176799694662861e+02
2.154611702380449572e+02 2.164310482290508446e+02
2.198583370854223062e+02 2.208443044424103050e+02
2.242555056418253798e+02 2.252574492453281323e+02
2.286526721864741205e+02 2.296704841068880114e+02
2.330498389866182833e+02 2.340834104432485105e+02
2.374470058577109910e+02 2.384962298505915328e+02
2.418441724519407217e+02 2.429089437947295664e+02
2.462413394592769578e+02 2.473215536508030823e+02
2.506385059993270659e+02 2.517340611086448234e+02
2.550356728492174625e+02 2.561464671542526617e+02
2.594328414504867624e+02 2.605587737108251076e+02
2.638300104297226767e+02 2.649709813835233945e+02
2.682271772526566451e+02 2.693830914416788573e+02
2.726243441158671885e+02 2.737951054504239892e+02
2.770215110411365345e+02 2.782070248977123583e+02
2.814186779313037050e+02 2.826188505248751994e+02
2.858158448473776616e+02 2.870305838190952272e+02
2.902130140812943750e+02 2.914422258741057590e+02
2.946101810182573217e+02 2.958537778318237770e+02
2.990073476795777196e+02 3.002652420346676649e+02
3.034045153583096521e+02 3.046766172963849044e+02
3.078016824821124260e+02 3.090879057741339011e+02
3.121988493762257804e+02 3.134991083600329489e+02
3.165960162851757786e+02 3.179102272032013161e+02
3.209931832782737047e+02 3.223212616376420101e+02
3.253903502796181328e+02 3.267322138899149877e+02
3.297875172910494825e+02 3.311430850933930969e+02
3.341846843121957704e+02 3.355538746444457274e+02
3.385818513461770181e+02 3.399645857692555637e+02
3.429790211288371893e+02 3.443752169016760263e+02
3.473761881722530234e+02 3.487857705679042510e+02
3.517733552364705929e+02 3.531962470201574433e+02
