0.000000000000000000e+00 0.000000000000000000e+00
4.395093812495606045e+00 4.421682423813637186e+00
8.790187913568468403e+00 8.843060831736718086e+00
1.318528216823942856e+01 1.326414214648765721e+01
1.758037632687809904e+01 1.768493302172491255e+01
2.197547053442852061e+01 2.210543999170096541e+01
2.637056436909044521e+01 2.652566934383391128e+01
3.076565859705639383e+01 3.094562727166864136e+01
3.516075275873188843e+01 3.536531940176094224e+01
3.955584659067073972e+01 3.978475154117481338e+01
4.395094047086210054e+01 4.420392924784309230e+01
4.834603434890262008e+01 4.862285776867770437e+01
5.274112824849406422e+01 5.304154225871889139e+01
5.713622215789686720e+01 5.745998784897835776e+01
6.153131664547208146e+01 6.187819920526659700e+01
6.592641057629886348e+01 6.629618153836005945e+01
7.032150447959935491e+01 7.071393857129430671e+01
7.471659911466659310e+01 7.513147513493699137e+01
7.911169307024616160e+01 7.954879557461548245e+01
8.350678698839726621e+01 8.396590401602269083e+01
8.790188096177331545e+01 8.838280451079015165e+01
9.229697493020289301e+01 9.279950098597269914e+01
9.669206891205485022e+01 9.721599738205898689e+01
1.010871629123095090e+02 1.016322972736013810e+02
1.054822577903495358e+02 1.060484042974786263e+02
1.098773516823422653e+02 1.104643219637595166e+02
1.142724456835575069e+02 1.148800538072452753e+02
1.186675396963292286e+02 1.192956037545858266e+02
1.230626337437340396e+02 1.237109737819922088e+02
1.274577277928826646e+02 1.281261676280349775e+02
1.318528218182611624e+02 1.325411889890617658e+02
1.362479158590316217e+02 1.369560394924336038e+02
1.406430099415642871e+02 1.413707230523510532e+02
1.450381040092426019e+02 1.457852422819608194e+02
1.494331980296211952e+02 1.501995996575527954e+02
1.538282921709738957e+02 1.546137980972804371e+02
1.582233863292814249e+02 1.590278404768319547e+02
1.626184812750955473e+02 1.634417291287736589e+02
1.670135753631278419e+02 1.678554665800267003e+02
1.714086694583409951e+02 1.722690551548724329e+02
1.758037635685285522e+02 1.766824973493126549e+02
1.801988578473669236e+02 1.810957956476239303e+02
1.845939520282098840e+02 1.855089521094988072e+02
1.889890476877649235e+02 1.899219690299636341e+02
1.933841433989157963e+02 1.943348489609433614e+02
1.977792376737374411e+02 1.987475931744457114e+02
2.021743319573673716e+02 2.031602047592589315e+02
2.065694259265652590e+02 2.075726846828579824e+02
2.109645199988975719e+02 2.119850352398724453e+02
2.153596142527562449e+02 2.163972584784651190e+02
2.197547084458978475e+02 2.208093563721257340e+02
2.241498027038214786e+02 2.252213306926680048e+02
2.285448967591612472e+02 2.296331832374168016e+02
2.329399928356764917e+02 2.340449158241368082e+02
2.373350873317353660e+02 2.384565301939647384e+02
2.417301816321053707e+02 2.428680280539397813e+02
2.461252759491421784e+02 2.472794109477775351e+02
2.505203723051638462e+02 2.516906804319307298e+02
2.549154663805558982e+02 2.561018392058825270e+02
2.593105607182626500e+02 2.605128872361978551e+02
2.637056570754409677e+02 2.649238267711239700e+02
2.681007510030123058e+02 2.693346585526614945e+02
2.724958471266819515e+02 2.737453850949502794e+02
2.768909414180438944e+02 2.781560069551620131e+02
2.812860357244024954e+02 2.825665259985056537e+02
2.856811301204527922e+02 2.869769434458648902e+02
2.900762242300664866e+02 2.913872606336785793e+02
2.944713184610755548e+02 2.957974789665138360e+02
2.988664128938744398e+02 3.002075999251275107e+02
3.032615071905395325e+02 3.046176243633731247e+02
3.076566016464441873e+02 3.090275538312620256e+02
3.120516961040167416e+02 3.134373908687364292e+02
3.164467905685312417e+02 3.178471337770268406e+02
3.208418849715532701e+02 3.222567852063421583e+02
3.252369790821113043e+02 3.266663467488845072e+02
3.296320735747054869e+02 3.310758172087407729e+02
3.340271705652202741e+02 3.354852020002679183e+02
3.384222664173809108e+02 3.398944992370027762e+02
3.428173608324799488e+02 3.443037107683261411e+02
3.472124553693300300e+02 3.487128367375321432e+02
3.516075499105467088e+02 3.531218798505319683e+02
