0.000000000000000000e+00 0.000000000000000000e+00
4.395093849398147512e+00 4.421682418701295525e+00
8.790187949699314274e+00 8.843060758219891682e+00
1.318528220543107210e+01 1.326414201788170288e+01
1.758037639439905320e+01 1.768493292413384665e+01
2.197547059289953353e+01 2.210543993407617336e+01
2.637056443545466777e+01 2.652566940772071291e+01
3.076565825554506262e+01 3.094562721135686445e+01
3.516075245622730705e+01 3.536531930453934081e+01
3.955584632712434257e+01 3.978475155124630902e+01
4.395094020955713887e+01 4.420392934568168641e+01
4.834603408825265092e+01 4.862285786457361780e+01
5.274112796851703422e+01 5.304154236720751925e+01
5.713622240578222744e+01 5.745998791098288905e+01
6.153131626441682300e+01 6.187819897952060444e+01
6.592641016320381198e+01 6.629618061498108261e+01
7.032150409972656746e+01 7.071393776985203772e+01
7.471659801135078283e+01 7.513147434484065457e+01
7.911169196335521292e+01 7.954879475674280798e+01
8.350678668491997314e+01 8.396590304491793688e+01
8.790188065060000611e+01 8.838280355838598723e+01
9.229697536676395941e+01 9.279950012667718795e+01
9.669206937788912626e+01 9.721599646701726272e+01
1.010871633781725478e+02 1.016322964238463555e+02
1.054822572731430057e+02 1.060484034776605426e+02
1.098773512700786910e+02 1.104643211934638032e+02
1.142724451965452630e+02 1.148800535424228002e+02
1.186675392256302644e+02 1.192956027748436867e+02
1.230626342899469989e+02 1.237109726704004800e+02
1.274577283174397735e+02 1.281261664199736288e+02
1.318528228409757048e+02 1.325411870988613714e+02
1.362479179185183398e+02 1.369560376220067610e+02
1.406430119605694813e+02 1.413707209543036356e+02
1.450381060112574119e+02 1.457852399403805066e+02
1.494332001114863147e+02 1.501995973242348725e+02
1.538282941910376280e+02 1.546137960440676409e+02
1.582233883203608684e+02 1.590278382986644203e+02
1.626184824600523484e+02 1.634417270545784504e+02
1.670135766200290846e+02 1.678554652687707858e+02
1.714086708197978055e+02 1.722690539298121166e+02
1.758037649409670848e+02 1.766824953363832549e+02
1.801988605027599988e+02 1.810957941104918802e+02
1.845939546817344308e+02 1.855089505951638671e+02
1.889890530142712066e+02 1.899219674507850186e+02
1.933841471651500399e+02 1.943348469806426237e+02
1.977792413782452172e+02 1.987475919263343087e+02
2.021743355901439827e+02 2.031602029373995606e+02
2.065694298142011860e+02 2.075726828789114791e+02
2.109645240510115229e+02 2.119850336119309304e+02
2.153596199692616722e+02 2.163972570080555897e+02
2.197547159808612491e+02 2.208093552454237738e+02
2.241498099660498156e+02 2.252213295809721956e+02
2.285449042424261279e+02 2.296331821982577708e+02
2.329399982466348433e+02 2.340449148109137241e+02
2.373350925233654038e+02 2.384565291565277789e+02
2.417301865545902047e+02 2.428680269668843721e+02
2.461252807847209283e+02 2.472794100084985303e+02
2.505203750251404244e+02 2.516906797791808117e+02
2.549154692819889192e+02 2.561018376695620304e+02
2.593105636673095091e+02 2.605128854109017311e+02
2.637056580272459314e+02 2.649238244627196650e+02
2.681007523596242095e+02 2.693346563337375414e+02
2.724958467466397565e+02 2.737453825331132293e+02
2.768909433392350934e+02 2.781560046528559269e+02
2.812860373456783236e+02 2.825665237563966343e+02
2.856811314437550209e+02 2.869769412196703797e+02
2.900762258488156249e+02 2.913872587957162636e+02
2.944713201053397142e+02 2.957974759399547224e+02
2.988664143915822820e+02 3.002075970354352421e+02
3.032615086668607773e+02 3.046176215902157196e+02
3.076566031093481115e+02 3.090275510368422829e+02
3.120516975562447897e+02 3.134373854603684322e+02
3.164467916432080301e+02 3.178471284527847729e+02
3.208418886614905432e+02 3.222567800787182932e+02
3.252369857624356655e+02 3.266663410008501387e+02
3.296320803438065923e+02 3.310758135699636000e+02
3.340271746520203919e+02 3.354851974443274685e+02
3.384222690950193737e+02 3.398944957333775392e+02
3.428173636175014849e+02 3.443037067896183316e+02
3.472124587672719827e+02 3.487128329048599653e+02
3.516075532188493753e+02 3.531218754606110224e+02
