0.000000000000000000e+00 0.000000000000000000e+00 0.000000000000000000e+00 0.000000000000000000e+00 0.000000000000000000e+00 0.000000000000000000e+00 0.000000000000000000e+00 0.000000000000000000e+00
1.832050324779288530e-07 0.000000000000000000e+00 6.262614910212960240e-06 0.000000000000000000e+00 2.659363951540427706e-05 1.867879187944510022e-05 0.000000000000000000e+00 6.262911917076507962e-06
1.832050324779288530e-07 1.737120767231203899e-05 6.262614910212960240e-06 6.326057150118913341e-06 2.659363951540427706e-05 1.867879187944510022e-05 1.418714735734738497e-05 1.730446856029743685e-05
1.832050324779288530e-07 1.737667168555390163e-05 6.262614910212960240e-06 3.281010828359853804e-05 2.659363951540427706e-05 1.868459454001936138e-05 2.835501330800127562e-05 3.781344987885404407e-05
1.832050324779288530e-07 1.738058594469293894e-05 6.262614910212960240e-06 3.281010828359853804e-05 2.659363951540427706e-05 1.868545290406586901e-05 2.835501330800127562e-05 5.204992711327349753e-05
2.542910917746610266e-05 1.642050017380825011e-05 7.229657756013807557e-06 3.281010828359853804e-05 2.659363951540427706e-05 1.868545290406586901e-05 8.400946456710300936e-05 5.108327400371592830e-05
2.542910917746610266e-05 4.709060320706726088e-05 7.229657756013807557e-06 3.281010828359853804e-05 1.252374531546252001e-04 9.310469661016895770e-05 8.400946456710300936e-05 1.255018727945866885e-04
2.542910917746610266e-05 4.709060320706726088e-05 7.236006705824138407e-06 9.272802770254884308e-05 1.252374531546252001e-04 9.310469661016895770e-05 1.082719023237643796e-04 1.255076800532606285e-04
2.542910917746610266e-05 4.709225162713437385e-05 7.241487978149052651e-06 9.272802770254884308e-05 1.851099260861133189e-04 9.310469661016895770e-05 1.082719023237643796e-04 1.255076800532606285e-04
2.542910917746610266e-05 4.709225162713437385e-05 7.241487978149052651e-06 9.273011063015701438e-05 1.851099260861133189e-04 9.310469661016895770e-05 1.082779350838336541e-04 1.848679946192532952e-04
4.939508669110637129e-05 4.709225162713437385e-05 4.344526559663108856e-05 9.273474482540677855e-05 1.851099260861133189e-04 9.311226384767223863e-05 1.082779350838336541e-04 1.848679946192532952e-04
4.940963763289119015e-05 4.709225162713437385e-05 6.738681248918965139e-05 9.273945800458704980e-05 1.851099260861133189e-04 9.311226384767223863e-05 1.684258339267330484e-04 1.848679946192532952e-04
4.940963763289119015e-05 4.709225162713437385e-05 6.738681248918965139e-05 9.273945800458704980e-05 2.092345423429958805e-04 1.533778680382624771e-04 1.684258339267330484e-04 1.848726852102799967e-04
4.940963763289119015e-05 7.122865792462975104e-05 6.738681248918965139e-05 9.273945800458704980e-05 2.092345423429958805e-04 1.533940143616518981e-04 2.300446914351874208e-04 1.848624311255172236e-04
4.940963763289119015e-05 7.124067116137666744e-05 6.738681248918965139e-05 1.555695182164977498e-04 2.339438797231128443e-04 1.533940143616518981e-04 2.300446914351874208e-04 1.848557112790321375e-04
1.121426992200836865e-04 7.124067116137666744e-05 6.738681248918965139e-05 1.555803239936977809e-04 2.339438797231128443e-04 1.533940143616518981e-04 2.546933269958944553e-04 1.848688564294320713e-04
1.121426992200836865e-04 7.124067116137666744e-05 6.738672964259551025e-05 1.555963632142720598e-04 2.339438797231128443e-04 1.533940143616518981e-04 2.546933269958944553e-04 1.848688564294320713e-04
