0.000000000000000000e+00 0.000000000000000000e+00 0.000000000000000000e+00 0.000000000000000000e+00 0.000000000000000000e+00 0.000000000000000000e+00 0.000000000000000000e+00 0.000000000000000000e+00
0.000000000000000000e+00 9.517481450949105692e-06 1.477798263671559198e-05 0.000000000000000000e+00 5.258415258779791657e-06 1.015062700560065423e-09 0.000000000000000000e+00 0.000000000000000000e+00
0.000000000000000000e+00 4.028922951864188917e-04 1.477798263671559198e-05 7.544586110217466057e-03 7.368415675479411675e-03 7.153250049402259947e-03 6.968210384133755042e-03 1.822907585236066552e-04
4.115418246186663964e-06 4.110219989854613232e-04 1.477798263671559198e-05 7.553748426063933152e-03 7.368415675479411675e-03 7.153250049402259947e-03 6.968210384133755042e-03 1.822907585236066552e-04
4.115418246186663964e-06 4.215233614992541789e-04 3.950511490877772758e-04 7.553748426063933152e-03 7.368415675479411675e-03 7.173524545219578386e-03 6.968210384133755042e-03 1.822907585236066552e-04
4.115418246186663964e-06 4.437217432453621768e-04 3.950511490877772758e-04 7.553748426063933152e-03 7.368415675479411675e-03 7.173524545219578386e-03 6.975353573537290686e-03 1.822907585236066552e-04
4.115418246186663964e-06 8.536132019187903097e-04 4.129430283263957335e-04 7.553748426063933152e-03 7.368415675479411675e-03 7.173524545219578386e-03 6.983171304906221621e-03 1.822907585236066552e-04
4.115418246186663964e-06 1.311703712818967915e-03 8.654699642960395067e-04 7.553748426063933152e-03 7.368415675479411675e-03 7.173524545219578386e-03 7.458142267768863576e-03 1.822907585236066552e-04
4.115418246186663964e-06 1.319180376071926730e-03 8.902848308807165267e-04 7.553748426063933152e-03 7.368415675479411675e-03 7.173524545219578386e-03 7.458142267768863576e-03 1.822907585236066552e-04
2.599816693305001536e-05 1.326489408562281369e-03 8.902848308807165267e-04 7.553748426063933152e-03 7.368415675479411675e-03 7.173524545219578386e-03 7.467024790116738586e-03 1.822907585236066552e-04
2.599816693305001536e-05 1.336928614335874954e-03 8.902848308807165267e-04 7.561783166643465393e-03 7.368415675479411675e-03 7.173524545219578386e-03 7.467024790116738586e-03 2.080815134561930790e-04
5.554633060000924161e-05 1.350671500389921675e-03 8.986184942045838397e-04 7.561783166643465393e-03 7.368415675479411675e-03 7.173524545219578386e-03 7.467024790116738586e-03 2.080815134561930790e-04
5.554633060000924161e-05 1.355919345222389438e-03 8.986184942045838397e-04 7.561783166643465393e-03 7.368415675479411675e-03 7.187130463201185648e-03 7.467024790116738586e-03 2.301730169733673392e-04
6.519820689028761954e-04 1.355919345222389438e-03 8.986184942045838397e-04 7.582656711320359504e-03 7.374259963016037769e-03 7.187130463201185648e-03 7.480496235520946169e-03 2.301730169733673392e-04
6.835178818053436103e-04 1.355919345222389438e-03 9.105528394734504084e-04 7.588087510265280854e-03 7.374259963016037769e-03 7.187130463201185648e-03 7.480496235520946169e-03 2.301730169733673392e-04
6.976557927735882458e-04 1.355919345222389438e-03 9.164664173102465838e-04 7.588087510265280854e-03 7.399214831696317163e-03 7.187130463201185648e-03 7.480496235520946169e-03 7.791553372702916813e-04
7.087141430627188349e-04 1.363502166753960410e-03 9.276301306897494214e-04 7.588087510265280854e-03 7.399214831696317163e-03 7.187130463201185648e-03 7.480496235520946169e-03 7.791553372702916813e-04
