0.000000000000000000e+00 0.000000000000000000e+00 0.000000000000000000e+00 0.000000000000000000e+00 0.000000000000000000e+00 0.000000000000000000e+00 0.000000000000000000e+00 0.000000000000000000e+00
0.000000000000000000e+00 1.555824037824393713e-06 -1.444506292358482824e-09 1.557178810562831472e-06 7.593481399226220674e-12 0.000000000000000000e+00 0.000000000000000000e+00 1.558121618172592093e-06
0.000000000000000000e+00 3.379320491880832833e-06 8.791803685070931351e-07 2.487882241997141364e-06 7.593481399226220674e-12 0.000000000000000000e+00 0.000000000000000000e+00 2.489874760591703762e-06
1.624371472885854928e-06 3.379320491880832833e-06 5.886211518202344450e-07 2.487882241997141364e-06 -7.709694216373463860e-09 0.000000000000000000e+00 0.000000000000000000e+00 2.483844907530396995e-06
1.018281003221470349e-05 3.379320491880832833e-06 2.261059555822934197e-05 2.487882241997141364e-06 3.645345824843104765e-05 0.000000000000000000e+00 2.299824066890700290e-06 3.307100068402254312e-05
1.018281003221470349e-05 3.379320491880832833e-06 2.261059555822934197e-05 2.487882241997141364e-06 6.494602232010038279e-05 0.000000000000000000e+00 1.523737564035343439e-05 5.204284699189543062e-05
1.018281003221470349e-05 3.379320491880832833e-06 2.261059555822934197e-05 2.487882241997141364e-06 7.096597472511234628e-05 0.000000000000000000e+00 3.086393004281262620e-05 5.203611131321395078e-05
1.018281003221470349e-05 3.379320491880832833e-06 2.261059555822934197e-05 8.517379367134481072e-06 8.655397442325352131e-05 1.302559489602117537e-05 3.085733795060718876e-05 5.203611131321395078e-05
1.622108507272185636e-05 5.655737795622538619e-06 2.261059555822934197e-05 8.517379367134481072e-06 8.654743362889236570e-05 1.302559489602117537e-05 4.642344990632503074e-05 5.203611131321395078e-05
1.622108507272185636e-05 5.655737795622538619e-06 2.261059555822934197e-05 8.517379367134481072e-06 8.654124864726497890e-05 1.302559489602117537e-05 6.453598501643398322e-05 5.818771686527668408e-05
2.234772455977918071e-05 5.655737795622538619e-06 2.261059555822934197e-05 2.412952370585483145e-05 8.654124864726497890e-05 1.302559489602117537e-05 6.453598501643398322e-05 5.818128984389348539e-05
2.846151833395656750e-05 2.154020032220307036e-05 2.261059555822934197e-05 2.412952370585483145e-05 8.654124864726497890e-05 4.078993882636782126e-05 6.453598501643398322e-05 5.817538568209101868e-05
2.846151833395656750e-05 3.782786480168794541e-05 2.261059555822934197e-05 2.412952370585483145e-05 8.653543908820893193e-05 8.146140443257125243e-05 7.065225213414594600e-05 5.817538568209101868e-05
2.846151833395656750e-05 3.782786480168794541e-05 1.127924144819861002e-04 2.412355096675823928e-05 9.261546674821374836e-05 8.146140443257125243e-05 7.065225213414594600e-05 5.817538568209101868e-05
2.846151833395656750e-05 4.393649923041944921e-05 1.127924144819861002e-04 2.411673948898851449e-05 9.261546674821374836e-05 9.775947244543778945e-05 7.065225213414594600e-05 5.817538568209101868e-05
2.846151833395656750e-05 5.007850788985024337e-05 1.127924144819861002e-04 2.411673948898851449e-05 9.261546674821374836e-05 9.775947244543778945e-05 7.064647531179744954e-05 7.442891959928501252e-05
2.846151833395656750e-05 5.007850788985024337e-05 1.127862585192929146e-04 2.411673948898851449e-05 9.261546674821374836e-05 9.775947244543778945e-05 7.064647531179744954e-05 7.442891959928501252e-05
