0.000000000000000000e+00 0.000000000000000000e+00
4.343427099967068550e+00 4.367196678014426681e+00
8.686854309476228053e+00 8.734135042362755286e+00
1.303028181171224986e+01 1.310082064199223950e+01
1.737370898411721853e+01 1.746725948772573034e+01
2.171713651865464101e+01 2.183345595607644540e+01
2.606056400963143460e+01 2.619941553090081499e+01
3.040399115902970806e+01 3.056514308898539056e+01
3.474741846031260195e+01 3.493064341177492338e+01
3.909084586340703993e+01 3.929592136885065656e+01
4.343427309680983228e+01 4.366098125844874289e+01
4.777770058415534038e+01 4.802582734083196669e+01
5.212112785630617395e+01 5.239046418966082541e+01
5.646455522764461676e+01 5.675489578662566004e+01
6.080798257666700124e+01 6.111912592840423031e+01
6.515140981447915181e+01 6.548315840062348059e+01
6.949483733356086645e+01 6.984699770529945795e+01
7.383826481788588580e+01 7.421064690984582057e+01
7.818169218647972230e+01 7.857410982241023589e+01
8.252511941457153455e+01 8.293738935928593037e+01
8.686854668509306521e+01 8.730048916877572651e+01
9.121197392142481419e+01 9.166341310500502004e+01
9.555540108022708523e+01 9.602616344522169811e+01
9.989882843523437828e+01 1.003887442113873192e+02
1.042422561182024197e+02 1.047511569519695058e+02
1.085856835516968886e+02 1.091134057041471124e+02
1.129291108454931418e+02 1.134754940412786084e+02
1.172725380739408081e+02 1.178374229192779836e+02
1.216159656788722856e+02 1.221991961055389879e+02
1.259593938101228048e+02 1.265608162387410403e+02
1.303028213762883638e+02 1.309222854725075251e+02
1.346462493964930900e+02 1.352836069689055876e+02
1.389896766477832273e+02 1.396447825021772360e+02
1.433331039010784593e+02 1.440058153450507064e+02
1.476765311530013491e+02 1.483667073959355207e+02
1.520199583668758692e+02 1.527274611895703060e+02
1.563633859415494385e+02 1.570880771353846512e+02
1.607068132368706301e+02 1.614485588774987264e+02
1.650502421199916512e+02 1.658089096353675700e+02
1.693936694071884403e+02 1.701691292976983334e+02
1.737370972319483258e+02 1.745292213455129797e+02
1.780805252781797208e+02 1.788891867355937677e+02
1.824239525994944984e+02 1.832490279204658350e+02
1.867673805911645104e+02 1.876087477560876948e+02
1.911108085496064177e+02 1.919683459827865306e+02
1.954542358662820334e+02 1.963278263603517360e+02
1.997976642981064686e+02 2.006871902049482230e+02
2.041410921590155851e+02 2.050464383587207067e+02
2.084845195092422614e+02 2.094055732073487945e+02
2.128279467718733713e+02 2.137645966380420361e+02
2.171713751528625096e+02 2.181235094618096468e+02
2.215148033283300038e+02 2.224823128779718786e+02
2.258582305025437336e+02 2.268410099280683596e+02
2.302016593342091255e+02 2.311996009367389320e+02
2.345450869935411617e+02 2.355580866660019410e+02
2.388885143611948649e+02 2.399164716636058188e+02
2.432319416754489794e+02 2.442747537418941022e+02
2.475753692549857021e+02 2.486329354851094422e+02
2.519187965487160170e+02 2.529910207402637070e+02
2.562622239146950278e+02 2.573490064808906936e+02
2.606056511953234462e+02 2.617068965752653185e+02
2.649490786068044486e+02 2.660646926638656851e+02
2.692925061176711097e+02 2.704223947919706461e+02
2.736359334179348366e+02 2.747800063393326582e+02
2.779793608831397478e+02 2.791375262566600099e+02
2.823227888175108546e+02 2.834949568610916799e+02
2.866662164088663189e+02 2.878522992213606813e+02
2.910096443421232379e+02 2.922095515333059552e+02
2.953530716310402795e+02 2.965667187970815917e+02
2.996964991872034147e+02 3.009238006636304590e+02
3.040399272469657603e+02 3.052807983757825241e+02
3.083833547159073305e+02 3.096377136991955581e+02
3.127267826603240337e+02 3.139945446933068069e+02
3.170702127812969593e+02 3.183512950298381838e+02
3.214136402588557075e+02 3.227079666080967399e+02
3.257570677707489040e+02 3.270645584295421031e+02
3.301004953141912210e+02 3.314210718389625754e+02
3.344439229637039830e+02 3.357775095617816987e+02
3.387873506111801589e+02 3.401338680251363371e+02
3.431307779542542562e+02 3.444901523795549565e+02
3.474742051296727254e+02 3.488463630025220255e+02
