0.000000000000000000e+00 0.000000000000000000e+00
4.471268608015511958e+00 4.495419749530713993e+00
8.942537319084740588e+00 8.990573184052550459e+00
1.341380610012762453e+01 1.348546593534569382e+01
1.788507499174388471e+01 1.798010437137776307e+01
2.235634396738254281e+01 2.247449318199732460e+01
2.682761293801255675e+01 2.696863812490978063e+01
3.129888158979552770e+01 3.146254425930717247e+01
3.577015049368652200e+01 3.595621618704543465e+01
4.024141952918938614e+01 4.044965941888799676e+01
4.471268856323067808e+01 4.494287819109079862e+01
4.918395775937234760e+01 4.943587743296205872e+01
5.365522641287455485e+01 5.392866093834336993e+01
5.812649507271416383e+01 5.842123341047302176e+01
6.259776433148310559e+01 6.291359934771239182e+01
6.706903300408038149e+01 6.740576214570273805e+01
7.154030220581468313e+01 7.189772601628934012e+01
7.601157088706975173e+01 7.638949467551907446e+01
8.048283965946630758e+01 8.088107198348886584e+01
8.495410848004951276e+01 8.537246208553195004e+01
8.942537807886205314e+01 8.986366750748121035e+01
9.389664684247912874e+01 9.435469255295083713e+01
9.836791546078507054e+01 9.884553908207017514e+01
1.028391851936245018e+02 1.033362116808200710e+02
1.073104538678471727e+02 1.078267124242474608e+02
1.117817225655448823e+02 1.123170458138358754e+02
1.162529913350819299e+02 1.168072135118250827e+02
1.207242602629785893e+02 1.212972182181502490e+02
1.251955289474474142e+02 1.257870644392962873e+02
1.296667983836907183e+02 1.302767525912460655e+02
1.341380671404094471e+02 1.347662869704331570e+02
1.386093359969761423e+02 1.392556695067066528e+02
1.430806051693814993e+02 1.437449028835746674e+02
1.475518740819292134e+02 1.482339894939393901e+02
1.520231428504498012e+02 1.527229332860585487e+02
1.564944130779119860e+02 1.572117349648258084e+02
1.609656818615179077e+02 1.617003961102558094e+02
1.654369520559939701e+02 1.661889201288839217e+02
1.699082222968041833e+02 1.706773087424091386e+02
1.743794914970649188e+02 1.751655642694269943e+02
1.788507602234958256e+02 1.796536889646649797e+02
1.833220297427554328e+02 1.841416854214061232e+02
1.877932985365955574e+02 1.886295543062440174e+02
1.922645680669432693e+02 1.931172985532785447e+02
1.967358370432789911e+02 1.976049211231899108e+02
2.012071077369528211e+02 2.020924224188698304e+02
2.056783777075921762e+02 2.065798035331633002e+02
2.101496466956104712e+02 2.110670666618703422e+02
2.146209155100936812e+02 2.155542135156377412e+02
2.190921862463863476e+02 2.200412457758994833e+02
2.235634564909817641e+02 2.245281655803080412e+02
2.280347252315140167e+02 2.290149742855018644e+02
2.325059949814981906e+02 2.335016739112713253e+02
2.369772638371866265e+02 2.379882659105854259e+02
2.414485333461438472e+02 2.424747511496330503e+02
2.459198026569707167e+02 2.469611320118221442e+02
2.503910735418169509e+02 2.514474091288521436e+02
2.548623427052436909e+02 2.559335843330691205e+02
2.593336139839586849e+02 2.604196599626100692e+02
2.638048828182916168e+02 2.649056359005634249e+02
2.682761518775091076e+02 2.693915140302714804e+02
2.727474210335637395e+02 2.738772961487508155e+02
2.772186902228827421e+02 2.783629833231501607e+02
2.816899589883710178e+02 2.828485770182364263e+02
2.861612279233177105e+02 2.873340762355504694e+02
2.906324974791388627e+02 2.918194849807571813e+02
2.951037664016740791e+02 2.963048042454005895e+02
2.995750352592593231e+02 3.007900350656132105e+02
3.040463041589450199e+02 3.052751754887012794e+02
3.085175758519216060e+02 3.097602314477938990e+02
3.129888451423506694e+02 3.142452018604062687e+02
3.174601140819196416e+02 3.187300878249902212e+02
3.219313856862505645e+02 3.232148875901390284e+02
3.264026547130250719e+02 3.276996066936813463e+02
3.308739238594678227e+02 3.321842417875026285e+02
3.353451952201894528e+02 3.366687964463878870e+02
3.398164642914925935e+02 3.411532740026806323e+02
3.442877363921203369e+02 3.456376726770907908e+02
3.487590079584857676e+02 3.501219917201640328e+02
3.532302772382872718e+02 3.546062355261586845e+02
3.577015462433456605e+02 3.590904017317458283e+02
