0.000000000000000000e+00 0.000000000000000000e+00
3.068012396183579682e+00 3.068012396183579682e+00
7.276348369250232651e+00 7.276426990045152365e+00
1.148030757950937897e+01 1.148074159155988028e+01
1.568199804718354606e+01 1.568384527081752822e+01
1.988135480222253193e+01 1.988360860613680714e+01
2.407936689226627891e+01 2.408289120084123169e+01
2.827724211425177359e+01 2.828143948584867218e+01
3.247445199664771565e+01 3.247950501814926838e+01
3.667184113933024037e+01 3.667740420417733560e+01
4.086895241952574764e+01 4.087511310257467301e+01
4.506524417747829148e+01 4.507248969293276275e+01
4.926120482531290179e+01 4.926946702692717395e+01
5.345686153732657431e+01 5.346613365845487920e+01
5.765235562341650422e+01 5.766286197825235149e+01
6.184796843086954965e+01 6.185935504343250102e+01
6.604378162743577718e+01 6.605586640721105596e+01
7.023917221704923008e+01 7.025247135592191228e+01
7.443488217121389994e+01 7.444878075554971986e+01
7.863037517990011338e+01 7.864542937932330346e+01
8.282596726707046741e+01 8.284162385984751609e+01
8.702154099306818580e+01 8.703806413208592119e+01
9.121675709127998743e+01 9.123444086155666355e+01
9.541196652641484377e+01 9.543058594090399538e+01
9.960752177941736818e+01 9.962657127610083307e+01
1.038030408315440525e+02 1.038226428131528110e+02
1.079981288957015266e+02 1.080184607588496988e+02
1.121934216798960904e+02 1.122147118151307268e+02
1.163884591149204937e+02 1.164108701530473979e+02
1.205837801614220268e+02 1.206067069835123107e+02
1.247790703050762033e+02 1.248028831424094278e+02
1.289741776164122484e+02 1.289989117964262562e+02
1.331692265731083751e+02 1.331947348224597363e+02
1.373645800542275310e+02 1.373908730046822484e+02
1.415594440099461053e+02 1.415865381214696583e+02
1.457544384252362306e+02 1.457822894863660963e+02
1.499497498034824048e+02 1.499782153123044282e+02
1.541448786939072306e+02 1.541737139777487755e+02
1.583398060196982442e+02 1.583694589490727935e+02
1.625351661954863403e+02 1.625654074506370534e+02
1.667305407997446309e+02 1.667612611697552438e+02
1.709254104809001262e+02 1.709568539389655086e+02
1.751202795058617880e+02 1.751525907951742624e+02
1.793151674330944445e+02 1.793482698675584288e+02
1.835104593870228769e+02 1.835438977413179487e+02
1.877054848122326689e+02 1.877399187730468384e+02
1.919004390469696091e+02 1.919357037335789187e+02
1.960953839998982744e+02 1.961313845015039874e+02
2.002905087350991664e+02 2.003269150903118714e+02
2.044854219922623884e+02 2.045227113070841369e+02
2.086805575096514929e+02 2.087184866879905485e+02
2.128755805277349111e+02 2.129143574563517802e+02
2.170706509534208806e+02 2.171097411405286266e+02
2.212656565161108517e+02 2.213052742274371099e+02
2.254608828444560800e+02 2.255010126699592092e+02
2.296559289347665356e+02 2.296969222858147930e+02
2.338511034276272369e+02 2.338926347405252386e+02
2.380462549761402329e+02 2.380882714018841284e+02
2.422413546342472443e+02 2.422840943369472484e+02
2.464365885359603112e+02 2.464797771605436196e+02
2.506316939648653488e+02 2.506751311235967421e+02
2.548266970848020208e+02 2.548709593437456533e+02
2.590215439967178099e+02 2.590666752635189027e+02
2.632168035087563567e+02 2.632622848459791385e+02
2.674119233675585292e+02 2.674579011978622134e+02
