0.000000000000000000e+00 0.000000000000000000e+00
3.068012061937763768e+00 3.068012061937762880e+00
7.276328580565444071e+00 7.276540267880195145e+00
1.148018227442356398e+01 1.148081200238945243e+01
1.568211682368819737e+01 1.568337850181904791e+01
1.988134214470873928e+01 1.988319187518057873e+01
2.407931799283283425e+01 2.408213933216857328e+01
2.827751465819023480e+01 2.828053709426809093e+01
3.247476820604195069e+01 3.247872971382186336e+01
3.667227008627546070e+01 3.667679565036250722e+01
4.086969555095765827e+01 4.087450528815470818e+01
4.506614899827604148e+01 4.507151817524589887e+01
4.926229744708508917e+01 4.926814621450312615e+01
5.345832823734360062e+01 5.346467142368894088e+01
5.765423573084809306e+01 5.766092703063102931e+01
6.185013805328956948e+01 6.185735332403642417e+01
6.604611960471289933e+01 6.605396249815592569e+01
7.024193882332227190e+01 7.025038269235537314e+01
7.443760983175403112e+01 7.444680194915923721e+01
7.863291489110106625e+01 7.864290050063161175e+01
8.282839157647896400e+01 8.283904080799456437e+01
8.702358446735462394e+01 8.703504952632471259e+01
9.121879111888938496e+01 9.123125209350597231e+01
9.541377446248364436e+01 9.542743522545042367e+01
9.960925438875388238e+01 9.962321674296006790e+01
1.038045516761428075e+02 1.038190645622427866e+02
1.079998103682365667e+02 1.080148347792038663e+02
1.121951203628284901e+02 1.122108405811454190e+02
1.163904867792722087e+02 1.164069467876754800e+02
1.205857489122991808e+02 1.206025516909346180e+02
1.247806354060107878e+02 1.247980331598415376e+02
1.289755843037263787e+02 1.289938986434216019e+02
1.331706415461495681e+02 1.331898201461553413e+02
1.373659436011358252e+02 1.373853311086748761e+02
1.415612330731881627e+02 1.415811548216758808e+02
1.457563841844008152e+02 1.457770075548435500e+02
1.499517079831876458e+02 1.499726802387228304e+02
1.541469223928425265e+02 1.541684247775627625e+02
1.583421637579822345e+02 1.583641643415224110e+02
1.625373480749753980e+02 1.625599116806168354e+02
1.667325524261906935e+02 1.667557817861240892e+02
1.709276276583364620e+02 1.709515275305112141e+02
1.751228143221802043e+02 1.751472026257195580e+02
1.793180010969064995e+02 1.793428478146868201e+02
1.835133151816344252e+02 1.835382857287708873e+02
1.877085958386373932e+02 1.877341254420655048e+02
1.919037479696577009e+02 1.919296999952467502e+02
1.960989116797633756e+02 1.961254147359871922e+02
2.002938451554745143e+02 2.003210284586477599e+02
2.044890861810922615e+02 2.045167865397575042e+02
2.086840537249138379e+02 2.087125700293273667e+02
2.128792247387714269e+02 2.129082463388396604e+02
2.170744156667275035e+02 2.171040109453107334e+02
2.212694889114677039e+02 2.212995557917298584e+02
2.254646694748521440e+02 2.254950682817040217e+02
2.296598520256120821e+02 2.296906048998109782e+02
2.338546761067011630e+02 2.338861213608806793e+02
2.380498987166455152e+02 2.380816870872436368e+02
2.422448835342237601e+02 2.422772107605664758e+02
2.464398165574119730e+02 2.464726503080047451e+02
2.506350188383045747e+02 2.506682461507127755e+02
2.548303067635536650e+02 2.548638930611395494e+02
2.590254624826112035e+02 2.590592484956088697e+02
2.632206029402318563e+02 2.632547949529549669e+02
2.674157495837574743e+02 2.674503116601828765e+02
