0.000000000000000000e+00 0.000000000000000000e+00
3.068012255231752583e+00 3.068012255231749918e+00
7.276363845579400191e+00 7.276533138805678647e+00
1.148044112729062505e+01 1.148038298991769679e+01
1.568230506667443791e+01 1.568258971228251042e+01
1.988190854903339400e+01 1.988246880880458178e+01
2.407970846737415371e+01 2.408133488772440245e+01
2.827772058111430198e+01 2.827940717936439086e+01
3.247489762431263216e+01 3.247737315167134398e+01
3.667230636944212563e+01 3.667508255914585646e+01
4.086929109148233863e+01 4.087236632694781235e+01
4.506535393522254651e+01 4.506913624987893741e+01
4.926117145960454025e+01 4.926571596206356674e+01
5.345686079669919621e+01 5.346216193518416304e+01
5.765229245334161590e+01 5.765866999694115691e+01
6.184810848014585360e+01 6.185489691637449994e+01
6.604402444134862549e+01 6.605116765812874746e+01
7.023982741990658951e+01 7.024741949763961202e+01
7.443528999601119267e+01 7.444358734766103680e+01
7.863069171455830997e+01 7.863947939924693742e+01
8.282588572087755097e+01 8.283511216705875313e+01
8.702110710837303031e+01 8.703085568189870003e+01
9.121622599291582389e+01 9.122629548005717481e+01
9.541135778400369816e+01 9.542213121773116313e+01
9.960645369120538817e+01 9.961776368606044230e+01
1.038020165800747350e+02 1.038132607136948309e+02
1.079972245712227163e+02 1.080087287858023331e+02
1.121925451374913507e+02 1.122042106621359778e+02
1.163879753726671140e+02 1.163997424914346510e+02
1.205832834290973778e+02 1.205952787994329611e+02
1.247786612918449549e+02 1.247910478631114159e+02
1.289738385813096784e+02 1.289864393101735516e+02
1.331690908088488641e+02 1.331818203316565814e+02
1.373643270724888907e+02 1.373771495992510268e+02
1.415594769256764494e+02 1.415724993487628467e+02
1.457544894650626475e+02 1.457680634319615933e+02
1.499498237924165096e+02 1.499634059919180800e+02
1.541450740870416780e+02 1.541589156446022457e+02
1.583402635277018362e+02 1.583542323440421455e+02
1.625354854962063769e+02 1.625498913705779955e+02
1.667308000486104334e+02 1.667452799388112794e+02
1.709256727173602997e+02 1.709405640418188455e+02
1.751208589397312210e+02 1.751361447730201917e+02
1.793159960057651006e+02 1.793317561852712174e+02
1.835109623822465608e+02 1.835270944693270962e+02
1.877059409711215778e+02 1.877225892964755189e+02
1.919010924683242649e+02 1.919178967846859791e+02
1.960963522683450151e+02 1.961133111354202185e+02
2.002915257635221167e+02 2.003088977430724640e+02
2.044867096913932016e+02 2.045042735250081591e+02
2.086817931935760839e+02 2.086998786856389643e+02
2.128769681397981230e+02 2.128952847345778991e+02
2.170722144539452074e+02 2.170907064053696445e+02
2.212673471649759449e+02 2.212860502591939280e+02
2.254622253907605796e+02 2.254815506365032434e+02
2.296575112228862849e+02 2.296768290437090911e+02
2.338526257245057707e+02 2.338722091037764699e+02
2.380478393659853396e+02 2.380677947086800259e+02
2.422429290199308980e+02 2.422632523213425770e+02
2.464379595585664049e+02 2.464586940488866844e+02
2.506331317061522554e+02 2.506542710331979720e+02
2.548283329840239730e+02 2.548497512354866785e+02
2.590234913309720355e+02 2.590449612748238906e+02
2.632187784846868794e+02 2.632403153449369029e+02
2.674139888528654865e+02 2.674357643706312047e+02
