0.000000000000000000e+00 0.000000000000000000e+00
3.068012147881893803e+00 3.068012147881893803e+00
7.276370482959350738e+00 7.276487228555716058e+00
1.148006562595937119e+01 1.148021996030945147e+01
1.568177026787072492e+01 1.568238135356158480e+01
1.988115600916155756e+01 1.988148033861752495e+01
2.407928443885946734e+01 2.407982040654308520e+01
2.827727602612761615e+01 2.827783972633783449e+01
3.247441460640878574e+01 3.247526230430038652e+01
3.667145262287921526e+01 3.667286326410737729e+01
4.086849651396224203e+01 4.087023127440505732e+01
4.506443602001654369e+01 4.506649023599688064e+01
4.926015610816506296e+01 4.926276591488055345e+01
5.345613156628530760e+01 5.345870285891768958e+01
5.765173981498011813e+01 5.765489591682096204e+01
6.184729750244439117e+01 6.185113396241023764e+01
6.604298783502092363e+01 6.604712666693924916e+01
7.023850292933073547e+01 7.024320073864100777e+01
7.443371664439186475e+01 7.443883266545623201e+01
7.862915865718372288e+01 7.863433058288383393e+01
8.282436194102803029e+01 8.282969962914529560e+01
8.701987846138081295e+01 8.702541411232479618e+01
9.121537907410626644e+01 9.122105939554197107e+01
9.541049989661530617e+01 9.541658401093317821e+01
9.960555086234535338e+01 9.961222330941384939e+01
1.038009743278839210e+02 1.038079742182005134e+02
1.079962302600865485e+02 1.080035518775912209e+02
1.121915446022321419e+02 1.121989830222301663e+02
1.163865836650543457e+02 1.163944196024706628e+02
1.205818462244350542e+02 1.205899537069362566e+02
1.247767359194079830e+02 1.247850409253945685e+02
1.289720751735929127e+02 1.289804504313971734e+02
1.331673616203330823e+02 1.331758547362444460e+02
1.373624753258960709e+02 1.373711896416309912e+02
1.415577200640576905e+02 1.415666876589132812e+02
1.457526940005697043e+02 1.457616891562383330e+02
1.499475606421790417e+02 1.499571885235325226e+02
1.541427879187966710e+02 1.541522039011111929e+02
1.583380185545556458e+02 1.583476102085807042e+02
1.625332493248366177e+02 1.625428534982766564e+02
1.667282065247948708e+02 1.667381833493907948e+02
1.709233258080058988e+02 1.709332678960624889e+02
1.751184329369578450e+02 1.751282937668192687e+02
1.793136506938444370e+02 1.793236040863372409e+02
1.835089603975730199e+02 1.835188466340304956e+02
1.877042659623857617e+02 1.877142441995585784e+02
1.918995033595612369e+02 1.919093286533793901e+02
1.960946675674369999e+02 1.961044956412010549e+02
2.002897867419042370e+02 2.002997688926488706e+02
2.044849832575748110e+02 2.044951019293898753e+02
2.086801587510569220e+02 2.086905061007090580e+02
2.128753451272685879e+02 2.128858670889743792e+02
2.170706305664746765e+02 2.170811457619353178e+02
2.212657089989803865e+02 2.212765478798860102e+02
2.254608684251813031e+02 2.254719200649474260e+02
2.296557353352050370e+02 2.296671228423892615e+02
2.338509816096341751e+02 2.338624355590778521e+02
2.380461072120731671e+02 2.380578353512902368e+02
2.422409765694818589e+02 2.422530317722548716e+02
2.464361998304004828e+02 2.464482875549627465e+02
2.506312931949954077e+02 2.506435964544014325e+02
2.548262049265017595e+02 2.548385344971114534e+02
2.590211261862758079e+02 2.590336070247021212e+02
2.632160482724187318e+02 2.632289281763288500e+02
2.674109926048201942e+02 2.674242282887016700e+02
