0.000000000000000000e+00 0.000000000000000000e+00
4.671505364580706754e+00 4.686794971119037534e+00
9.343010728280034982e+00 9.373490248141289172e+00
1.401451609202122839e+01 1.406008713630530771e+01
1.868602145607291476e+01 1.874658691954821421e+01
2.335752682876799824e+01 2.343299085382141200e+01
2.802903219679430435e+01 2.811930017125104087e+01
3.270053756709371839e+01 3.280551606840335666e+01
3.737204294364877910e+01 3.749163974189416138e+01
4.204354830968502199e+01 4.217767235705641582e+01
4.671505368155820292e+01 4.686361504410568557e+01
5.138655906107015170e+01 5.154946893515277395e+01
5.605806444240725739e+01 5.623523509828729061e+01
6.072956981272760402e+01 6.092091463342326563e+01
6.540107520064516677e+01 6.560650862150160378e+01
7.007258059362479230e+01 7.029201806161523791e+01
7.474408596844983776e+01 7.497744398923568099e+01
7.941559133457047892e+01 7.966278740166225703e+01
8.408709671980398070e+01 8.434804929060527456e+01
8.875860211815538037e+01 8.903323062061367921e+01
9.343010750176708257e+01 9.371833234061043072e+01
9.810161287468180547e+01 9.840335535754681473e+01
1.027731182595812527e+02 1.030883006105018467e+02
1.074446236687684575e+02 1.077731689979381855e+02
1.121161290671731194e+02 1.124579613987026931e+02
1.167876344735781231e+02 1.171426786875306192e+02
1.214591398837171994e+02 1.218273217233032142e+02
1.261306452567140752e+02 1.265118913343204667e+02
1.308021506477806213e+02 1.311963883759143243e+02
1.354736560447228726e+02 1.358808136354202531e+02
1.401451614554881928e+02 1.405651678899141075e+02
1.448166668560203334e+02 1.452494519637947974e+02
1.494881722609624148e+02 1.499336665885452078e+02
1.541596776901918417e+02 1.546178125420641436e+02
1.588311830583754727e+02 1.593018905894455770e+02
1.635026884306787451e+02 1.639859014650162976e+02
1.681741938151193381e+02 1.686698458471005324e+02
1.728456992199727438e+02 1.733537244394801746e+02
1.775172046432085153e+02 1.780375379975138799e+02
1.821887100643584176e+02 1.827212871792110604e+02
1.868602154822164607e+02 1.874049726711707251e+02
1.915317209063015866e+02 1.920885951822593256e+02
1.962032262805246887e+02 1.967721552711406048e+02
2.008747317010231086e+02 2.014556536839593832e+02
2.055462370797473568e+02 2.061390910130731413e+02
2.102177424952270144e+02 2.108224678819984774e+02
2.148892478693754811e+02 2.155057848999352075e+02
2.195607532956519776e+02 2.201890426754781060e+02
2.242322587054243854e+02 2.248722417903152575e+02
2.289037640985297912e+02 2.295553828294234791e+02
2.335752695187930499e+02 2.342384664384771327e+02
2.382467749009737474e+02 2.389214931460505227e+02
2.429182802841542070e+02 2.436044634411147740e+02
2.475897856656810347e+02 2.482873779794649067e+02
2.522612910472188048e+02 2.529702372891063078e+02
2.569327964278149921e+02 2.576530418674852854e+02
2.616043019072208153e+02 2.623357923094134776e+02
2.662758073534695882e+02 2.670184891064859016e+02
2.709473127393263212e+02 2.717011327367276294e+02
2.756188182025232436e+02 2.763837237454366687e+02
2.802903235862014526e+02 2.810662626432594493e+02
2.849618289925880390e+02 2.857487499201778292e+02
2.896333343729467060e+02 2.904311860251880830e+02
2.943048397521876041e+02 2.951135714640126935e+02
2.989763451532436420e+02 2.997959068112291448e+02
3.036478505469761444e+02 3.044781923697831871e+02
3.083193559577740643e+02 3.091604286635777044e+02
3.129908614336771961e+02 3.138426161655650617e+02
3.176623669048374268e+02 3.185247552861060854e+02
3.223338723104061501e+02 3.232068464532033545e+02
3.270053777139941076e+02 3.278888901690543207e+02
3.316768831185336808e+02 3.325708868592703311e+02
3.363483885287960220e+02 3.372528367942555860e+02
3.410198940327661603e+02 3.419347406068147848e+02
3.456913994266369627e+02 3.466165986052893118e+02
3.503629048550019434e+02 3.512984112008484772e+02
3.550344103112838638e+02 3.559801787664022754e+02
3.597059157898346484e+02 3.606619017204766919e+02
3.643774211697960936e+02 3.653435804474642623e+02
3.690489265908253174e+02 3.700252152558596777e+02
3.737204319819879856e+02 3.747068067616493749e+02
3.783919374593036764e+02 3.793883550698027420e+02
3.830634428355020304e+02 3.840698607458930383e+02
3.877349483645970167e+02 3.887513240381855439e+02
3.924064538266951558e+02 3.934327452872345248e+02
3.970779592844216950e+02 3.981141249934246389e+02
4.017494646630756279e+02 4.027954633972470901e+02
4.064209700911882237e+02 4.074767609340200352e+02
4.110924755682880232e+02 4.121580177932443121e+02
4.157639809974737091e+02 4.168392344270280887e+02
4.204354864025601159e+02 4.215204112134304637e+02
4.251069917973546808e+02 4.262015484132227243e+02
4.297784971754797425e+02 4.308826463379261327e+02
4.344500026056720117e+02 4.355637053772722993e+02
4.391215080367360883e+02 4.402447257388874959e+02
4.437930135051315688e+02 4.449257077453107172e+02
4.484645189199406445e+02 4.496066517640594498e+02
4.531360243602198352e+02 4.542875582309886795e+02
4.578075297982850316e+02 4.589684271766527104e+02
4.624790352465552132e+02 4.636492591390599500e+02
4.671505406453320575e+02 4.683300542616121334e+02
4.718220460231789275e+02 4.730108129263409182e+02
4.764935514551436313e+02 4.776915353357569529e+02
4.811650568713701546e+02 4.823722219697386890e+02
4.858365623490450957e+02 4.870528728077906067e+02
4.905080677227838351e+02 4.917334882673737866e+02
4.951795731182909321e+02 4.964140686653241801e+02
4.998510785458989290e+02 5.010946142923814932e+02
5.045225840818632150e+02 5.057751253473724660e+02
5.091940895857246687e+02 5.104556022202915528e+02
5.138655951775557469e+02 5.151360450424449482e+02
5.185371007309141760e+02 5.198164540975675436e+02
5.232086061209295167e+02 5.244968297813136360e+02
5.278801117223367783e+02 5.291771720811286741e+02
5.325516171105565491e+02 5.338574813466975684e+02
5.372231225239834203e+02 5.385377579984117347e+02
5.418946279076619703e+02 5.432180020582907218e+02
5.465661332929932996e+02 5.478982138628655321e+02
5.512376386784671922e+02 5.525783937604219318e+02
5.559091440836458560e+02 5.572585417031407360e+02
5.605806496755704984e+02 5.619386580890886762e+02
5.652521550522585585e+02 5.666187431945638764e+02
5.699236604902478120e+02 5.712987972037365125e+02
5.745951660046569032e+02 5.759788204466503885e+02
5.792666713858640151e+02 5.806588130812468762e+02
5.839381769107187665e+02 5.853387751977938933e+02
5.886096823247645489e+02 5.900187071719576579e+02
5.932811878752322627e+02 5.946986090569031376e+02
5.979526933251099763e+02 5.993784814046161955e+02
6.026241988393010161e+02 6.040583241987608289e+02
6.072957043452366861e+02 6.087381376320813615e+02
6.119672098987332447e+02 6.134179218278989083e+02
6.166387155426861000e+02 6.180976770336446862e+02
6.213102210757167541e+02 6.227774037329286330e+02
6.259817265095739458e+02 6.274571016779664205e+02
6.306532320784212970e+02 6.321367713624614453e+02
6.353247374782874886e+02 6.368164129004030656e+02
6.399962430318232691e+02 6.414960264947148971e+02
6.446677484310281443e+02 6.461756124164166977e+02
6.493392538165663836e+02 6.508551707984888708e+02
6.540107591896298800e+02 6.555347018168154136e+02
6.586822645622313530e+02 6.602142056076138488e+02
6.633537699504763623e+02 6.648936823565404666e+02
6.680252756112045063e+02 6.695731323945992699e+02
6.726967810511288235e+02 6.742525557687317814e+02
