0.000000000000000000e+00 0.000000000000000000e+00
4.672745185601993256e+00 4.686794969288587964e+00
9.345490371236875760e+00 9.373505167860235687e+00
1.401823556098235812e+01 1.406013162513808190e+01
1.869098074706004553e+01 1.874667535173641397e+01
2.336372593537769760e+01 2.343313734415225014e+01
2.803647112226395421e+01 2.811951857289279388e+01
3.270921631408160124e+01 3.280581998484705508e+01
3.738196150995514699e+01 3.749204252942726612e+01
4.205470670745870621e+01 4.217818713052839286e+01
4.672745191072336723e+01 4.686425470186259190e+01
5.140019710666618380e+01 5.155024613651302445e+01
5.607294231004998153e+01 5.623616228170270404e+01
6.074568750388570493e+01 6.092200401757796158e+01
6.541843269219546642e+01 6.560777220622532013e+01
7.009117789943559274e+01 7.029346766067249064e+01
7.476392309626847066e+01 7.497909120318968235e+01
7.943666829201578139e+01 7.966464363393498616e+01
8.410941348161898645e+01 8.435012575140851254e+01
8.878215869567445395e+01 8.903553833125199901e+01
9.345490390040194484e+01 9.372088214950146323e+01
9.812764910401794793e+01 9.840615793659353017e+01
1.028003943113888567e+02 1.030913664370282845e+02
1.074731395222563322e+02 1.077765083550758618e+02
1.121458847427440730e+02 1.124615844680767935e+02
1.168186299713037783e+02 1.171465954255572370e+02
1.214913751974407177e+02 1.218315419245768112e+02
1.261641204111002139e+02 1.265164246890446975e+02
1.308368656218930539e+02 1.312012443549707825e+02
1.355096108410237434e+02 1.358860015963038848e+02
1.401823560738937431e+02 1.405706970276256129e+02
1.448551013057299315e+02 1.452553313045128220e+02
1.495278465078944237e+02 1.499399050653533152e+02
1.542005917571551095e+02 1.546244189511024842e+02
1.588733369484135096e+02 1.593088735768579340e+02
1.635460821799808855e+02 1.639932695404589253e+02
1.682188273866365478e+02 1.686776074013408220e+02
1.728915726134720217e+02 1.733618877623167123e+02
1.775643178465994652e+02 1.780461111772264644e+02
1.822370630480807563e+02 1.827302782652879216e+02
1.869098082678727906e+02 1.874143895209377320e+02
1.915825535141292448e+02 1.920984454901974630e+02
1.962552987635951638e+02 1.967824467584142099e+02
2.009280440064849813e+02 2.014663938395530920e+02
2.056007892030739299e+02 2.061502873068316433e+02
2.102735344733602005e+02 2.108341275805709643e+02
2.149462797526754230e+02 2.155179152828246743e+02
2.196190249766782756e+02 2.202016508345222121e+02
2.242917701873820135e+02 2.248853347563807858e+02
2.289645153911578745e+02 2.295689675149558298e+02
2.336372606262480076e+02 2.342525496258234057e+02
2.383100058348241532e+02 2.389360815098017952e+02
2.429827510370795949e+02 2.436195637588422755e+02
2.476554962391498407e+02 2.483029966880293387e+02
2.523282415193177712e+02 2.529863808369271112e+02
2.570009867399936638e+02 2.576697166651030670e+02
2.616737319443621459e+02 2.623530045071771610e+02
2.663464771917264216e+02 2.670362449341571391e+02
2.710192224142566602e+02 2.717194382973782467e+02
2.756919677075724167e+02 2.764025850431751223e+02
2.803647129144883365e+02 2.810856856274608617e+02
2.850374581167385486e+02 2.857687403279302885e+02
2.897102033690712233e+02 2.904517497223027931e+02
2.943829485708286597e+02 2.951347140940621330e+02
2.990556937736707823e+02 2.998176339120437319e+02
3.037284389710300729e+02 3.045005095575552332e+02
3.084011842710861515e+02 3.091833414685474963e+02
3.130739294741102867e+02 3.138661298858381770e+02
3.177466747651953938e+02 3.185488752943391546e+02
3.224194199923081783e+02 3.232315780027790879e+02
3.270921652378946192e+02 3.279142383746393534e+02
3.317649104647260287e+02 3.325968568350937744e+02
3.364376556763327812e+02 3.372794337738529293e+02
3.411104010138978992e+02 3.419619694242048809e+02
3.457831462120564083e+02 3.466444642676629542e+02
3.504558913979511772e+02 3.513269185927720173e+02
3.551286367080998616e+02 3.560093326056623937e+02
3.598013819714419697e+02 3.606917068594179909e+02
3.644741271734718566e+02 3.653740415287124392e+02
3.691468724202968588e+02 3.700563370087180601e+02
3.738196176209028181e+02 3.747385936396061652e+02
3.784923628364892352e+02 3.794208116880635089e+02
3.831651081067461746e+02 3.841029914601715518e+02
3.878378533018606618e+02 3.887851332165042209e+02
3.925105985758399925e+02 3.934672373407858004e+02
3.971833438010627333e+02 3.981493042027038314e+02
4.018560889984834148e+02 4.028313340146087853e+02
4.065288342898461451e+02 4.075133272047687569e+02
4.112015795101663684e+02 4.121952838293294690e+02
4.158743247177789613e+02 4.168772043114662438e+02
4.205470699390444338e+02 4.215590889579489158e+02
4.252198151921948579e+02 4.262409380688396823e+02
4.298925603899882617e+02 4.309227518339480412e+02
4.345653056423803946e+02 4.356045305610098239e+02
4.392380508956324547e+02 4.402862745326582399e+02
4.439107961277878758e+02 4.449679839829773300e+02
4.485835414963676726e+02 4.496496593561537338e+02
4.532562867586092352e+02 4.543313007601078084e+02
4.579290320180257368e+02 4.590129083744939180e+02
4.626017772819901666e+02 4.636944826264094104e+02
4.672745225291337192e+02 4.683760236275792295e+02
4.719472678606240379e+02 4.730575317380952356e+02
4.766200130833252047e+02 4.777390071145076718e+02
4.812927582876479846e+02 4.824204502224197881e+02
4.859655035007762649e+02 4.871018609820710026e+02
4.906382486923207580e+02 4.917832399115781641e+02
4.953109938968536881e+02 4.964645870521885058e+02
4.999837391450412838e+02 5.011459026882870944e+02
5.046564844900631783e+02 5.058271870363685139e+02
5.093292297161987108e+02 5.105084404572725134e+02
5.140019749938128371e+02 5.151896630535493387e+02
5.186747201899609081e+02 5.198708550789144738e+02
5.233474654116915872e+02 5.245520166948108454e+02
5.280202107605896344e+02 5.292331483229039577e+02
5.326929559754844377e+02 5.339142499935480828e+02
5.373657012116386795e+02 5.385953218353538432e+02
5.420384464324422424e+02 5.432763642939903548e+02
5.467111916790515806e+02 5.479573775547723926e+02
5.513839368867224948e+02 5.526383618115878562e+02
5.560566820916064898e+02 5.573193170240783729e+02
5.607294273302024976e+02 5.620002436067962890e+02
5.654021725312803710e+02 5.666811417277291412e+02
5.700749177920079092e+02 5.713620117934183327e+02
5.747476629866002895e+02 5.760428536688059467e+02
5.794204081944569680e+02 5.807236676531222201e+02
5.840931533876827189e+02 5.854044541023170041e+02
5.887658986522758369e+02 5.900852131072367683e+02
5.934386438666032291e+02 5.947659445722621285e+02
5.981113890895368286e+02 5.994466491799357755e+02
6.027841344235894212e+02 6.041273268076258773e+02
6.074568797522366594e+02 6.088079777423794212e+02
6.121296251314410028e+02 6.134886020139338143e+02
6.168023705914675929e+02 6.181692000560166207e+02
6.214751157946531066e+02 6.228497716680394660e+02
6.261478610445274171e+02 6.275303174073551418e+02
6.308206064195989029e+02 6.322108372145006570e+02
6.354933516535614899e+02 6.368913313302516599e+02
6.401660970176171759e+02 6.415718000668148306e+02
6.448388422729227614e+02 6.462522433308431573e+02
6.495115874695545699e+02 6.509326615536294867e+02
6.541843328650040803e+02 6.556130548100409214e+02
6.588570782159047212e+02 6.602934232765533125e+02
6.635298234271917863e+02 6.649737671625351823e+02
6.682025686345014037e+02 6.696540863270279260e+02
6.728753139032222634e+02 6.743343813544756813e+02
