0.000000000000000000e+00 0.000000000000000000e+00
4.671505364560170293e+00 4.686794971372060914e+00
9.343010728177045365e+00 9.373490248390114132e+00
1.401451609188939429e+01 1.406008714212784838e+01
1.868602145592732811e+01 1.874658692533175142e+01
2.335752682668195845e+01 2.343299086260895692e+01
2.802903219144889846e+01 2.811930017073834520e+01
3.270053756257226496e+01 3.280551606843179968e+01
3.737204293913454478e+01 3.749163973725502075e+01
4.204354831159098893e+01 4.217767234186516134e+01
4.671505367650080132e+01 4.686361502804643919e+01
5.138655904080256676e+01 5.154946891936843656e+01
5.605806441103437265e+01 5.623523508553865469e+01
6.072956978262956085e+01 6.092091461916278661e+01
6.540107515826629481e+01 6.560650859769165777e+01
7.007258055093103621e+01 7.029201803771151447e+01
7.474408592574795307e+01 7.497744396466433159e+01
7.941559129951190243e+01 7.966278738266902337e+01
8.408709666498887714e+01 8.434804927144470810e+01
8.875860203104844004e+01 8.903323060119714683e+01
9.343010740340631060e+01 9.371833231729767988e+01
9.810161278430112475e+01 9.840335536624979795e+01
1.027731181697501910e+02 1.030883006326142777e+02
1.074446235585331948e+02 1.077731690130779754e+02
1.121161289570390238e+02 1.124579614277820809e+02
1.167876343634590057e+02 1.171426787105423841e+02
1.214591397675414157e+02 1.218273217564981508e+02
1.261306451778808366e+02 1.265118913849044731e+02
1.308021505760424361e+02 1.311963884256329891e+02
1.354736559730037300e+02 1.358808136844222645e+02
1.401451613838003993e+02 1.405651679620752361e+02
1.448166668021675605e+02 1.452494519954828149e+02
1.494881722069992236e+02 1.499336666078308724e+02
1.541596775826461112e+02 1.546178125591112575e+02
1.588311829483964743e+02 1.593018906175574898e+02
1.635026883347574653e+02 1.639859014920707807e+02
1.681741937192138039e+02 1.686698458956508944e+02
1.728456991238418823e+02 1.733537244872680958e+02
1.775172045348114978e+02 1.780375380192973012e+02
1.821887099559103262e+02 1.827212872272976085e+02
1.868602153737254525e+02 1.874049727048922591e+02
1.915317207978040415e+02 1.920885951637828271e+02
1.962032262276011920e+02 1.967721552465476407e+02
2.008747316482211431e+02 2.014556536019527186e+02
2.055462370668490166e+02 2.061390908843687839e+02
2.102177424649112538e+02 2.108224676855675739e+02
2.148892478746205370e+02 2.155057847044841992e+02
2.195607532762335268e+02 2.201890424694509534e+02
2.242322586844392447e+02 2.248722416078772426e+02
2.289037641329404096e+02 2.295553826696707915e+02
2.335752695199810773e+02 2.342384662598544196e+02
2.382467749060512290e+02 2.389214929845579150e+02
2.429182803130612456e+02 2.436044633422260404e+02
2.475897857730659837e+02 2.482873778776340146e+02
2.522612911554376751e+02 2.529702372333413223e+02
2.569327966150385123e+02 2.576530418062770309e+02
2.616043020136897894e+02 2.623357922193314380e+02
2.662758074252319602e+02 2.670184890064829801e+02
2.709473128069478207e+02 2.717011326876406656e+02
2.756188181883582615e+02 2.763837236964286603e+02
2.802903236406979204e+02 2.810662626291367587e+02
2.849618290701301930e+02 2.857487498990523136e+02
2.896333344906867069e+02 2.904311860965849519e+02
2.943048398701334918e+02 2.951135715418556629e+02
2.989763452933298140e+02 2.997959068087250216e+02
3.036478507418468098e+02 3.044781923418788665e+02
3.083193562407922741e+02 3.091604286542793716e+02
3.129908616884523553e+02 3.138426161871387308e+02
3.176623671578181529e+02 3.185247553093568058e+02
3.223338725633967670e+02 3.232068464779073906e+02
3.270053779420533147e+02 3.278888901227907695e+02
3.316768833479100067e+02 3.325708866866117432e+02
3.363483887585220486e+02 3.372528367182045486e+02
3.410198942602295347e+02 3.419347405582282136e+02
3.456913996363522870e+02 3.466165984610013311e+02
3.503629050544192296e+02 3.512984110657530437e+02
3.550344104319744929e+02 3.559801786331562425e+02
3.597059158409113593e+02 3.606619015551667644e+02
3.643774213521244860e+02 3.653435803150964603e+02
3.690489268017630593e+02 3.700252152014529088e+02
3.737204321720431608e+02 3.747068066616558326e+02
3.783919375653735528e+02 3.793883549943474236e+02
3.830634429415821387e+02 3.840698606359732707e+02
3.877349484706721796e+02 3.887513238821937875e+02
3.924064539274612571e+02 3.934327452789392510e+02
3.970779593037160566e+02 3.981141249895537157e+02
4.017494647597176254e+02 4.027954634569591690e+02
4.064209702464105476e+02 4.074767609919490496e+02
4.110924756370702653e+02 4.121580179170469478e+02
4.157639811139214316e+02 4.168392345561211414e+02
4.204354865115761868e+02 4.215204112981872413e+02
4.251069919309044849e+02 4.262015485160668504e+02
4.297784973093887402e+02 4.308826464411984034e+02
4.344500027395523603e+02 4.355637054248081768e+02
4.391215081706719729e+02 4.402447258160699448e+02
4.437930135853994784e+02 4.449257079164793822e+02
4.484645189648115320e+02 4.496066520708952794e+02
4.531360244050913479e+02 4.542875584060101346e+02
4.578075298431537021e+02 4.589684273327487745e+02
4.624790352915766221e+02 4.636492593043766419e+02
4.671505407064787505e+02 4.683300544092986684e+02
4.718220461710397444e+02 4.730108131147886752e+02
4.764935515506748516e+02 4.776915355257415285e+02
4.811650570560944971e+02 4.823722220273169796e+02
4.858365624450890436e+02 4.870528730477212775e+02
4.905080678542826718e+02 4.917334887105170083e+02
4.951795734375569396e+02 4.964140692008196538e+02
4.998510788747124707e+02 5.010946148102407847e+02
5.045225844106763589e+02 5.057751258740051412e+02
5.091940898064497105e+02 5.104556027123426247e+02
5.138655954028831729e+02 5.151360455317245624e+02
5.185371008049162356e+02 5.198164545864561887e+02
5.232086062370447053e+02 5.244968302277630983e+02
5.278801118382625646e+02 5.291771725362964389e+02
5.325516172307762872e+02 5.338574819184884745e+02
5.372231226727751618e+02 5.385377585742111251e+02
5.418946280768323049e+02 5.432180027719278996e+02
5.465661334621573815e+02 5.478982145275012954e+02
5.512376388476251350e+02 5.525783944231578744e+02
5.559091442656737172e+02 5.572585425344094574e+02
5.605806498573360841e+02 5.619386589105608891e+02
5.652521552340394919e+02 5.666187439872803679e+02
5.699236606719334759e+02 5.712987979465353874e+02
5.745951662949017873e+02 5.759788211007331711e+02
5.792666716761049202e+02 5.806588137794113891e+02
5.839381772015054821e+02 5.853387758946369104e+02
5.886096826181133110e+02 5.900187079361357974e+02
5.932811880419817498e+02 5.946986100652328560e+02
5.979526934964186466e+02 5.993784824094586838e+02
6.026241990660500960e+02 6.040583250851667572e+02
6.072957045719199414e+02 6.087381384315299329e+02
6.119672100490631692e+02 6.134179226357480275e+02
6.166387156937337295e+02 6.180976780136627440e+02
6.213102212921694445e+02 6.227774044687588457e+02
6.259817267282553530e+02 6.274571026378501983e+02
6.306532322958510122e+02 6.321367722283299599e+02
6.353247377739465946e+02 6.368164137419057624e+02
6.399962433275089779e+02 6.414960273415831580e+02
6.446677487976728571e+02 6.461756131460030019e+02
6.493392542751009842e+02 6.508551714846075811e+02
6.540107596481502696e+02 6.555347024262133573e+02
6.586822650218539366e+02 6.602142063046396743e+02
6.633537706050128691e+02 6.648936830381726395e+02
6.680252762657355561e+02 6.695731330713988427e+02
6.726967817390529945e+02 6.742525564365625996e+02
