0.000000000000000000e+00 0.000000000000000000e+00
4.672745185601470119e+00 4.686794969268060385e+00
9.345490371418232911e+00 9.373505167844708552e+00
1.401823555744450900e+01 1.406013162513728965e+01
1.869098074348355709e+01 1.874667535171681010e+01
2.336372592974343831e+01 2.343313733537971189e+01
2.803647111844420792e+01 2.811951856378011882e+01
3.270921630499433519e+01 3.280581997580725329e+01
3.738196149123972134e+01 3.749204252766182321e+01
4.205470667989560241e+01 4.217818713246009565e+01
4.672745188476591238e+01 4.686425470354157596e+01
5.140019707502405311e+01 5.155024612138798545e+01
5.607294227236265272e+01 5.623616226660409012e+01
6.074568746615175030e+01 6.092200400248608361e+01
6.541843266565842896e+01 6.560777219977012464e+01
7.009117787391704724e+01 7.029346765444910261e+01
7.476392307073118104e+01 7.497909120607810962e+01
7.943666826647779544e+01 7.966464365416594262e+01
8.410941346751135939e+01 8.435012577137950984e+01
8.878215865558678388e+01 8.903553835106760062e+01
9.345490385807036660e+01 9.372088215107928022e+01
9.812764906804702036e+01 9.840615794196639854e+01
1.028003942757112839e+02 1.030913664208951275e+02
1.074731394865818146e+02 1.077765083573241895e+02
1.121458847070460791e+02 1.124615844410985801e+02
1.168186299356060829e+02 1.171465953718758755e+02
1.214913751617652053e+02 1.218315418715537675e+02
1.261641203754819003e+02 1.265164246363175948e+02
1.308368655957077067e+02 1.312012443023739934e+02
1.355096108148691201e+02 1.358860015359865088e+02
1.401823560477835713e+02 1.405706969682165095e+02
1.448551012795587098e+02 1.452553312452273531e+02
1.495278465062585553e+02 1.499399050373078239e+02
1.542005917290996422e+02 1.546244189448637201e+02
1.588733369609583974e+02 1.593088735699972744e+02
1.635460821771780502e+02 1.639932695330268189e+02
1.682188273837936094e+02 1.686776073691415831e+02
1.728915726106291686e+02 1.733618877304006674e+02
1.775643178437922529e+02 1.780461111305404245e+02
1.822370630866905117e+02 1.827302781610512454e+02
1.869098083267701895e+02 1.874143893834985874e+02
1.915825535730267006e+02 1.920984453769970628e+02
1.962552988105195482e+02 1.967824466341353400e+02
2.009280440534530499e+02 2.014663937461694445e+02
2.056007892977495999e+02 2.061502872140838463e+02
2.102735345168849790e+02 2.108341275451550132e+02
2.149462797226439648e+02 2.155179152396331972e+02
2.196190249787894686e+02 2.202016507951232427e+02
2.242917701918402713e+02 2.248853347240322194e+02
2.289645154053154954e+02 2.295689674840414227e+02
2.336372606810286356e+02 2.342525495804700313e+02
2.383100059276690104e+02 2.389360815074012976e+02
2.429827511305815051e+02 2.436195637383476935e+02
2.476554963446513398e+02 2.483029966547467779e+02
2.523282415492299720e+02 2.529863808283200513e+02
2.570009867747273802e+02 2.576697166123249758e+02
2.616737319754334408e+02 2.623530044501745806e+02
2.663464772480459146e+02 2.670362448929376455e+02
2.710192225085985456e+02 2.717194382233126930e+02
2.756919677740550014e+02 2.764025849366239527e+02
2.803647129774562359e+02 2.810856854654714425e+02
2.850374581802320790e+02 2.857687401805400214e+02
2.897102033890932944e+02 2.904517495599514518e+02
2.943829486781204423e+02 2.951347139513311504e+02
2.990556939535459264e+02 2.998176338105747618e+02
3.037284391965907844e+02 3.045005094515795463e+02
3.084011843941578945e+02 3.091833413589449719e+02
3.130739297205705611e+02 3.138661298521104754e+02
3.177466750117843048e+02 3.185488752377679020e+02
3.224194202355334937e+02 3.232315779472442046e+02
3.270921654360763000e+02 3.279142384216792152e+02
3.317649106629465336e+02 3.325968568776888787e+02
3.364376558896052529e+02 3.372794338149915347e+02
3.411104012289582670e+02 3.419619695229827130e+02
3.457831465529820889e+02 3.466444642528225017e+02
3.504558918258934455e+02 3.513269185792213420e+02
3.551286370328765543e+02 3.560093326524525992e+02
3.598013822298731270e+02 3.606917068091877923e+02
3.644741274222267293e+02 3.653740414393906235e+02
3.691468727127370357e+02 3.700563369446990691e+02
3.738196179170741402e+02 3.747385934589847238e+02
3.784923631215425530e+02 3.794208114784282770e+02
3.831651083461888447e+02 3.841029912533559809e+02
3.878378536118983106e+02 3.887851330787057123e+02
3.925105988293240671e+02 3.934672372091361581e+02
3.971833440748761177e+02 3.981493040783411743e+02
4.018560892722929339e+02 4.028313338909863432e+02
4.065288345355536421e+02 4.075133270824270539e+02
4.112015797432619024e+02 4.121952837082118322e+02
4.158743249845609853e+02 4.168772042773878752e+02
4.205470702058474899e+02 4.215590889579466420e+02
4.252198154439064410e+02 4.262409380695701202e+02
4.298925607174376182e+02 4.309227517917524892e+02
4.345653059698351512e+02 4.356045304809132404e+02
4.392380512229152600e+02 4.402862744597870801e+02
4.439107964556915249e+02 4.449679839108824808e+02
4.485835418223191482e+02 4.496496591909915423e+02
4.532562870826461108e+02 4.543313006229902840e+02
4.579290323421396920e+02 4.590129082435042278e+02
4.626017776071714707e+02 4.636944824972623564e+02
4.672745228681210961e+02 4.683760236378521427e+02
4.719472682062596505e+02 4.730575317492326803e+02
4.766200134084681963e+02 4.777390071269899181e+02
4.812927586127930226e+02 4.824204501048193947e+02
4.859655038259023740e+02 4.871018608432770520e+02
4.906382492262069377e+02 4.917832396175898566e+02
4.953109944303568000e+02 4.964645867624402058e+02
4.999837396150796280e+02 5.011459024017290176e+02
5.046564849598347564e+02 5.058271868083697314e+02
5.093292301537127287e+02 5.105084401984862552e+02
5.140019754430684316e+02 5.151896628120560990e+02
5.186747207952137160e+02 5.198708548417033626e+02
5.233474660370019365e+02 5.245520164509018741e+02
5.280202112705709396e+02 5.292331480847283274e+02
5.326929564854622186e+02 5.339142497682743169e+02
5.373657017214463849e+02 5.385953216282420044e+02
5.420384469434991388e+02 5.432763640872981341e+02
5.467111922746717028e+02 5.479573772926950141e+02
5.513839374823060098e+02 5.526383614004031415e+02
5.560566827449678158e+02 5.573193165865254741e+02
5.607294280132497306e+02 5.620002431686382351e+02
5.654021733859701726e+02 5.666811412822864895e+02
5.700749186467098752e+02 5.713620111579677996e+02
5.747476640122815752e+02 5.760428530709318693e+02
5.794204092201291587e+02 5.807236669764718044e+02
5.840931544299958205e+02 5.854044532889263337e+02
5.887658996945285708e+02 5.900852121710728397e+02
5.934386449699061359e+02 5.947659436427707078e+02
5.981113901726643007e+02 5.994466481150177515e+02
6.027841354634854270e+02 6.041273256267251099e+02
6.074568807922046290e+02 6.088079765505106025e+02
6.121296261712154774e+02 6.134886008890674702e+02
6.168023716317172784e+02 6.181691989383767805e+02
6.214751168346572285e+02 6.228497707914200419e+02
6.261478622803861072e+02 6.275303164245849530e+02
6.308206076554813535e+02 6.322108363056722737e+02
6.354933530250480089e+02 6.368913304740494823e+02
6.401660983199564043e+02 6.415717991463687895e+02
6.448388435437602766e+02 6.462522425265193533e+02
6.495115887404251680e+02 6.509326606934264419e+02
6.541843341513440464e+02 6.556130538459698300e+02
6.588570793468434204e+02 6.602934221931770935e+02
6.635298246713709887e+02 6.649737658250189725e+02
6.682025698911552354e+02 6.696540850129400724e+02
6.728753151598872364e+02 6.743343798573483809e+02
