0.000000000000000000e+00 0.000000000000000000e+00
4.671505363621559326e+00 4.686794970819505579e+00
9.343010727245134817e+00 9.373490247839290745e+00
1.401451609086927519e+01 1.406008713735452176e+01
1.868602145533588299e+01 1.874658692059071186e+01
2.335752682193528074e+01 2.343299085843906937e+01
2.802903218559192311e+01 2.811930017439249951e+01
3.270053755565132292e+01 3.280551607485057275e+01
3.737204293218790951e+01 3.749163974474822680e+01
4.204354831002775938e+01 4.217767235352957300e+01
4.671505367639763051e+01 4.686361503968444708e+01
5.138655904518635964e+01 5.154946892942071202e+01
5.605806442392591293e+01 5.623523510245190948e+01
6.072956979431042157e+01 6.092091463728400669e+01
6.540107518356809635e+01 6.560650861280868185e+01
7.007258056972040094e+01 7.029201805270631098e+01
7.474408594456203048e+01 7.497744397963097640e+01
7.941559132141864552e+01 7.966278738670182236e+01
8.408709669031924250e+01 8.434804927558288057e+01
8.875860205637943068e+01 8.903323060545639578e+01
9.343010744467767381e+01 9.371833232881152753e+01
9.810161282493210422e+01 9.840335534874039070e+01
1.027731182100764897e+02 1.030883006333778553e+02
1.074446235990149603e+02 1.077731690232242556e+02
1.121161289974846511e+02 1.124579614283839533e+02
1.167876344038933780e+02 1.171426787164539576e+02
1.214591398080171416e+02 1.218273217609180108e+02
1.261306451995816076e+02 1.265118913949438593e+02
1.308021505906097275e+02 1.311963884357789993e+02
1.354736559635835533e+02 1.358808136700294256e+02
1.401451613743342079e+02 1.405651679243309502e+02
1.448166667841019830e+02 1.452494519848072514e+02
1.494881721889852315e+02 1.499336666467503392e+02
1.541596776145127592e+02 1.546178126011774907e+02
1.588311830088559304e+02 1.593018906478430949e+02
1.635026884107966794e+02 1.639859015228532257e+02
1.681741937952994022e+02 1.686698458876039695e+02
1.728456991999286743e+02 1.733537245123409321e+02
1.775172046109816506e+02 1.780375380649826411e+02
1.821887099994281130e+02 1.827212872721856627e+02
1.868602154173213989e+02 1.874049727614838616e+02
1.915317208459017024e+02 1.920885952198315749e+02
1.962032262713578632e+02 1.967721553080317562e+02
2.008747316918263550e+02 2.014556536604199550e+02
2.055462371175835585e+02 2.061390909230358943e+02
2.102177424978635543e+02 2.108224677925664992e+02
2.148892479075840924e+02 2.155057847722350743e+02
2.195607533092073140e+02 2.201890425262256485e+02
2.242322587076794491e+02 2.248722416375092621e+02
2.289037641054582082e+02 2.295553826992961035e+02
2.335752694798298990e+02 2.342384662893604172e+02
2.382467748607554654e+02 2.389214929989364009e+02
2.429182802386704054e+02 2.436044633743866257e+02
2.475897856202907121e+02 2.482873779791976290e+02
2.522612910028435635e+02 2.529702372697798580e+02
2.569327963916334738e+02 2.576530418696800098e+02
2.616043017669861115e+02 2.623357922809752836e+02
2.662758071601014649e+02 2.670184890801997426e+02
2.709473125521641350e+02 2.717011327460710959e+02
2.756188179634018525e+02 2.763837237794316479e+02
2.802903234098565690e+02 2.810662626596806604e+02
2.849618288423649801e+02 2.857487499206177404e+02
2.896333342223631462e+02 2.904311860606039772e+02
2.943048396016289416e+02 2.951135715995813484e+02
2.989763449869068381e+02 2.997959068720812184e+02
3.036478503710791301e+02 3.044781924671822253e+02
3.083193558494930357e+02 3.091604288152308300e+02
3.129908612231868119e+02 3.138426163401971962e+02
3.176623666929101546e+02 3.185247554569558588e+02
3.223338720985287296e+02 3.232068466335752532e+02
3.270053775461663008e+02 3.278888903744248751e+02
3.316768829506685279e+02 3.325708870411975795e+02
3.363483883612736349e+02 3.372528370697189075e+02
3.410198938650630680e+02 3.419347408013096583e+02
3.456913992411854792e+02 3.466165986997251593e+02
3.503629046051904652e+02 3.512984113176523806e+02
3.550344099827672153e+02 3.559801788815620398e+02
3.597059153736774419e+02 3.606619018878205907e+02
3.643774207536672520e+02 3.653435806781451447e+02
3.690489262450175829e+02 3.700252154846648978e+02
3.737204316152962065e+02 3.747068068579474698e+02
3.783919369871557024e+02 3.793883551690661875e+02
3.830634423633528058e+02 3.840698608973352748e+02
3.877349478924663231e+02 3.887513242568097667e+02
3.924064533506004295e+02 3.934327455029910539e+02
3.970779588719605613e+02 3.981141252106460229e+02
4.017494642475118098e+02 4.027954636855508852e+02
4.064209696389287956e+02 4.074767612510262893e+02
4.110924750296937873e+02 4.121580181363357269e+02
4.157639804183816068e+02 4.168392348805965639e+02
4.204354858160471053e+02 4.215204116450541392e+02
4.251069912108098379e+02 4.262015488547501718e+02
4.297784965878736330e+02 4.308826468139782264e+02
4.344500020181175159e+02 4.355637057361662414e+02
4.391215074491143469e+02 4.402447260850070734e+02
4.437930128331799438e+02 4.449257080877546287e+02
4.484645182184402756e+02 4.496066522016827776e+02
4.531360236587174199e+02 4.542875586932416354e+02
4.578075290967841511e+02 4.589684276156415308e+02
4.624790345450321638e+02 4.636492595731966730e+02
4.671505399599161592e+02 4.683300546963332636e+02
4.718220453551514311e+02 4.730108133839747779e+02
4.764935507402749977e+02 4.776915357908052329e+02
4.811650561226434206e+02 4.823722224198537560e+02
4.858365615119357699e+02 4.870528732545046751e+02
4.905080668871558487e+02 4.917334887520883058e+02
4.951795724461157420e+02 4.964140692385942657e+02
4.998510778087459130e+02 5.010946149277909285e+02
5.045225833445892363e+02 5.057751259776674146e+02
5.091940889187108041e+02 5.104556028460806374e+02
5.138655945046891702e+02 5.151360456786280793e+02
5.185371000662935330e+02 5.198164547488230482e+02
5.232086054594865345e+02 5.244968303299689296e+02
5.278801110615293055e+02 5.291771725731920242e+02
5.325516165748019830e+02 5.338574818351523845e+02
5.372231219882002051e+02 5.385377583807897963e+02
5.418946273979770467e+02 5.432180024370530873e+02
5.465661327833043970e+02 5.478982142632575005e+02
5.512376382278248457e+02 5.525783941578908980e+02
5.559091437976164798e+02 5.572585422061229110e+02
5.605806493897877090e+02 5.619386587418331374e+02
5.652521549768437126e+02 5.666187438189995191e+02
5.699236604147395155e+02 5.712987978208051345e+02
5.745951658077226512e+02 5.759788210728193008e+02
5.792666712297752838e+02 5.806588137050154046e+02
5.839381767553268219e+02 5.853387758185738221e+02
5.886096821721412198e+02 5.900187077898253847e+02
5.932811875482282176e+02 5.946986096841371818e+02
5.979526930619964560e+02 5.993784820299548528e+02
6.026241984748039613e+02 6.040583247646145537e+02
6.072957039806458397e+02 6.087381381921699131e+02
6.119672095341201157e+02 6.134179223957668228e+02
6.166387151784783782e+02 6.180976777283026422e+02
6.213102207567130790e+02 6.227774042034483273e+02
6.259817261547588032e+02 6.274571022567492946e+02
6.306532317235903520e+02 6.321367718485794285e+02
6.353247371718216527e+02 6.368164133542369427e+02
6.399962427254392878e+02 6.414960269289636017e+02
6.446677482342508938e+02 6.461756129353958613e+02
6.493392536087435474e+02 6.508551712886094265e+02
6.540107589963720329e+02 6.555347023153215105e+02
6.586822643727089144e+02 6.602142060595467683e+02
6.633537698721279412e+02 6.648936829951312575e+02
6.680252755328561989e+02 6.695731329837963131e+02
6.726967809629379644e+02 6.742525564339607627e+02
