0.000000000000000000e+00 0.000000000000000000e+00
4.671505363623039031e+00 4.686794971455029213e+00
9.343010728223385186e+00 9.373490248473096642e+00
1.401451609184813663e+01 1.406008713728460080e+01
1.868602145590092078e+01 1.874658692053379738e+01
2.335752682220716636e+01 2.343299084873348193e+01
2.802903218590235213e+01 2.811930016485204931e+01
3.270053755958846153e+01 3.280551606313960633e+01
3.737204293614119877e+01 3.749163973924719784e+01
4.204354830567680779e+01 4.217767234348955441e+01
4.671505368248379853e+01 4.686361502975324811e+01
5.138655904804932106e+01 5.154946890373848589e+01
5.605806442707427095e+01 5.623523506737846844e+01
6.072956979309674352e+01 6.092091460372348166e+01
6.540107518567562295e+01 6.560650856918135787e+01
7.007258056258240231e+01 7.029201800919187804e+01
7.474408593739821072e+01 7.497744393590588174e+01
7.941559131115698733e+01 7.966278734810039452e+01
8.408709671024345766e+01 8.434804923719114811e+01
8.875860207630276477e+01 8.903323058582179783e+01
9.343010745310296272e+01 9.371833229894130568e+01
9.810161283019832013e+01 9.840335531606365294e+01
1.027731182146598599e+02 1.030883005980892619e+02
1.074446236034395810e+02 1.077731690093806804e+02
1.121161290018407612e+02 1.124579614129493592e+02
1.167876344082553288e+02 1.171426786966892735e+02
1.214591398123139641e+02 1.218273217460945830e+02
1.261306452038653561e+02 1.265118913748571003e+02
1.308021505751742666e+02 1.311963884157827351e+02
1.354736559721341678e+02 1.358808136747048252e+02
1.401451613829021596e+02 1.405651679292228664e+02
1.448166667926824687e+02 1.452494520102962952e+02
1.494881721975360733e+02 1.499336666266793827e+02
1.541596776185340900e+02 1.546178125809153414e+02
1.588311830260875013e+02 1.593018906280812530e+02
1.635026884043192297e+02 1.639859015028727072e+02
1.681741938058891321e+02 1.686698458911305067e+02
1.728456992105327572e+02 1.733537245151006232e+02
1.775172045778092524e+02 1.780375380683644835e+02
1.821887099989367584e+02 1.827212872443201945e+02
1.868602154168735012e+02 1.874049727224781350e+02
1.915317208409600198e+02 1.920885952019107208e+02
1.962032262239224565e+02 1.967721552897635036e+02
2.008747316278448238e+02 2.014556536511768456e+02
2.055462370649893273e+02 2.061390909171915666e+02
2.102177424805246915e+02 2.108224677865163130e+02
2.148892479162678910e+02 2.155057848048810740e+02
2.195607533064892891e+02 2.201890425268142053e+02
2.242322587079286222e+02 2.248722416410969061e+02
2.289037640877102717e+02 2.295553826942109481e+02
2.335752694665720810e+02 2.342384663001975014e+02
2.382467748464886483e+02 2.389214929978333259e+02
2.429182802268996682e+02 2.436044633410712095e+02
2.475897856414749185e+02 2.482873778818224650e+02
2.522612910366542565e+02 2.529702371624725856e+02
2.569327964222078435e+02 2.576530418166005347e+02
2.616043018654361845e+02 2.623357922444596397e+02
2.662758073026819829e+02 2.670184890475712791e+02
2.709473127576338811e+02 2.717011326921231102e+02
2.756188182395898139e+02 2.763837237610265447e+02
2.802903237133803032e+02 2.810662626564821949e+02
2.849618290891065158e+02 2.857487499927543126e+02
2.896333345507417789e+02 2.904311860978461937e+02
2.943048400011422814e+02 2.951135715431431663e+02
2.989763453876513495e+02 2.997959068879116558e+02
3.036478507769576254e+02 3.044781924427508102e+02
3.083193561687676265e+02 3.091604287108480662e+02
3.129908615595616084e+02 3.138426162028847557e+02
3.176623670306579470e+02 3.185247553154566162e+02
3.223338724362432686e+02 3.232068464832254335e+02
3.270053778610537165e+02 3.278888901686922850e+02
3.316768832656016457e+02 3.325708868253448145e+02
3.363483886755568619e+02 3.372528368565938308e+02
3.410198941261411392e+02 3.419347406811020846e+02
3.456913995022620725e+02 3.466165986765446405e+02
3.503629049644185329e+02 3.512984112711439479e+02
3.550344103419782869e+02 3.559801788926572499e+02
3.597059157744708955e+02 3.606619018519164683e+02
3.643774211544613308e+02 3.653435805651163832e+02
3.690489265755119277e+02 3.700252154857714686e+02
3.737204320532110842e+02 3.747068068453833121e+02
3.783919375274873005e+02 3.793883551317246656e+02
3.830634429036799702e+02 3.840698607754439990e+02
3.877349484327539244e+02 3.887513241668860360e+02
3.924064538903309085e+02 3.934327454686626879e+02
3.970779593046138416e+02 3.981141252032685998e+02
4.017494646801668523e+02 4.027954636192836233e+02
4.064209700546480235e+02 4.074767611440403243e+02
4.110924754271951542e+02 4.121580180009144669e+02
4.157639808226890636e+02 4.168392346241275277e+02
4.204354862203571201e+02 4.215204113331660665e+02
4.251069917321630101e+02 4.262015485427803583e+02
4.297784971608446654e+02 4.308826463998859708e+02
4.344500025910892873e+02 4.355637054535408197e+02
4.391215080220883920e+02 4.402447259348108446e+02
4.437930134777733429e+02 4.449257079377395598e+02
4.484645190467475686e+02 4.496066520043341370e+02
4.531360244869541702e+02 4.542875583398017056e+02
4.578075299249485397e+02 4.589684272992562910e+02
4.624790353732379344e+02 4.636492592614962405e+02
4.671505407880492839e+02 4.683300543748050586e+02
4.718220461912373480e+02 4.730108130403513087e+02
4.764935516226236132e+02 4.776915354498187867e+02
4.811650570050048827e+02 4.823722219294709816e+02
4.858365623942929687e+02 4.870528727847729442e+02
4.905080678245485046e+02 4.917334884288857211e+02
4.951795733953849776e+02 4.964140689224564085e+02
4.998510788223585450e+02 5.010946145576592130e+02
5.045225843583342566e+02 5.057751256342949659e+02
5.091940899079432938e+02 5.104556024805809784e+02
5.138655954927595531e+02 5.151360453225941001e+02
5.185371009298449962e+02 5.198164543888007074e+02
5.232086063595049836e+02 5.244968299822394329e+02
5.278801119600980201e+02 5.291771722268638314e+02
5.325516173855121451e+02 5.338574815509016389e+02
5.372231229710394018e+02 5.385377580311466090e+02
5.418946283726096453e+02 5.432180022402500299e+02
5.465661337579412020e+02 5.478982140570312822e+02
5.512376391434180505e+02 5.525783939450151365e+02
5.559091447666600061e+02 5.572585418977672589e+02
5.605806503586657072e+02 5.619386583089078613e+02
5.652521557353700246e+02 5.666187435995639134e+02
5.699236611732596884e+02 5.712987975812915238e+02
5.745951666097398629e+02 5.759788208279233004e+02
5.792666719909509538e+02 5.806588134676451318e+02
5.839381775165588806e+02 5.853387756394483858e+02
5.886096829519270841e+02 5.900187076155441446e+02
5.932811883377016784e+02 5.946986095007944186e+02
5.979526937527646169e+02 5.993784818487423536e+02
6.026241993723128871e+02 6.040583245868000404e+02
6.072957048782158154e+02 6.087381380258661920e+02
6.119672104314115586e+02 6.134179223569449277e+02
6.166387160753396302e+02 6.180976776786158098e+02
6.213102215201383842e+02 6.227774041059772117e+02
6.259817269179600316e+02 6.274571021649633167e+02
6.306532324868403521e+02 6.321367718057695129e+02
6.353247380445129693e+02 6.368164133472380399e+02
6.399962435980733062e+02 6.414960269308760417e+02
6.446677489732446702e+02 6.461756129880852768e+02
6.493392543473679552e+02 6.508551713213123548e+02
6.540107597228175109e+02 6.555347023092090240e+02
6.586822650954258052e+02 6.602142060359626612e+02
6.633537707701832460e+02 6.648936829005108393e+02
6.680252764309191207e+02 6.695731330388794049e+02
6.726967818445790499e+02 6.742525564918448708e+02
