0.000000000000000000e+00 0.000000000000000000e+00
4.672745185575448268e+00 4.686794969250358101e+00
9.345490371228150295e+00 9.373505167824736972e+00
1.401823556103481216e+01 1.406013162513515269e+01
1.869098074709015478e+01 1.874667535304567068e+01
2.336372593888765437e+01 2.343313734399603732e+01
2.803647112788051743e+01 2.811951857077476546e+01
3.270921631967307519e+01 3.280581998545227407e+01
3.738196151976933379e+01 3.749204253299809864e+01
4.205470670817993550e+01 4.217818713588306423e+01
4.672745189476403738e+01 4.686425470707408181e+01
5.140019708291750078e+01 5.155024614186857690e+01
5.607294228691128524e+01 5.623616230928809046e+01
6.074568748096433524e+01 6.092200405981383682e+01
6.541843267354987290e+01 6.560777224722670553e+01
7.009117788156902407e+01 7.029346770235576969e+01
7.476392307838978013e+01 7.497909124676775150e+01
7.943666827414511999e+01 7.966464368503531546e+01
8.410941346374056593e+01 8.435012580238520741e+01
8.878215865181194033e+01 8.903553838182773461e+01
9.345490384275655060e+01 9.372088218177175634e+01
9.812764903986695231e+01 9.840615796842000407e+01
1.028003942474339283e+02 1.030913664406304378e+02
1.074731394583168367e+02 1.077765083585540395e+02
1.121458846788208632e+02 1.124615844620967806e+02
1.168186299073908003e+02 1.171465954009341317e+02
1.214913751335374883e+02 1.218315419012411667e+02
1.261641203591903349e+02 1.265164246588682744e+02
1.308368655723536449e+02 1.312012443248222553e+02
1.355096107915038033e+02 1.358860015580899017e+02
1.401823560243838074e+02 1.405706969897008207e+02
1.448551012561704852e+02 1.452553313006351345e+02
1.495278464829022766e+02 1.499399050707176002e+02
1.542005917057487068e+02 1.546244189555535229e+02
1.588733369099402353e+02 1.593088735809885179e+02
1.635460821496238566e+02 1.639932695441564761e+02
1.682188273626314299e+02 1.686776074024566014e+02
1.728915725894879358e+02 1.733618877630561883e+02
1.775643178226975465e+02 1.780461111655769741e+02
1.822370630655431114e+02 1.827302782172547495e+02
1.869098082874552063e+02 1.874143894417210277e+02
1.915825535442176033e+02 1.920984454202333040e+02
1.962552987919457905e+02 1.967824467220975464e+02
2.009280440271309942e+02 2.014663938405879549e+02
2.056007892331899427e+02 2.061502873088164165e+02
2.102735344763698890e+02 2.108341276329073821e+02
2.149462797082283032e+02 2.155179153336923150e+02
2.196190249112734989e+02 2.202016508516749411e+02
2.242917701243351303e+02 2.248853347733485180e+02
2.289645153264802957e+02 2.295689675741290330e+02
2.336372605273079444e+02 2.342525496970795871e+02
2.383100058127712373e+02 2.389360815916157605e+02
2.429827510489800204e+02 2.436195637949589354e+02
2.476554963058550243e+02 2.483029967791317745e+02
2.523282415965092582e+02 2.529863808842646904e+02
2.570009868041706795e+02 2.576697166567499835e+02
2.616737320084500311e+02 2.623530045136344597e+02
2.663464772126342268e+02 2.670362449493020449e+02
2.710192224259590148e+02 2.717194382792455372e+02
2.756919677085489297e+02 2.764025850301961782e+02
2.803647129823087880e+02 2.810856855439898254e+02
2.850374581879863172e+02 2.857687402638338199e+02
2.897102034006913414e+02 2.904517496129000733e+02
2.943829486087319083e+02 2.951347140696241240e+02
2.990556938239840292e+02 2.998176338829846372e+02
3.037284390385752317e+02 3.045005095755087723e+02
3.084011843348674802e+02 3.091833414818413530e+02
3.130739295479190787e+02 3.138661299751023535e+02
3.177466748396542471e+02 3.185488753315503914e+02
3.224194200667906216e+02 3.232315780390141526e+02
3.270921653445762445e+02 3.279142384096885507e+02
3.317649105714826874e+02 3.325968568798222691e+02
3.364376559029333862e+02 3.372794338310933426e+02
3.411104012415706848e+02 3.419619695372244905e+02
3.457831464727377124e+02 3.466444642923794390e+02
3.504558916585033899e+02 3.513269184898232425e+02
3.551286368864011820e+02 3.560093325628206458e+02
3.598013820839697701e+02 3.606917068174843166e+02
3.644741272875201616e+02 3.653740414653120752e+02
3.691468725343617052e+02 3.700563369288427111e+02
3.738196177713959401e+02 3.747385934455516008e+02
3.784923629680909016e+02 3.794208114254056454e+02
3.831651081979917990e+02 3.841029911594390569e+02
3.878378535005116419e+02 3.887851330525415960e+02
3.925105987914523666e+02 3.934672372473966675e+02
3.971833440166933542e+02 3.981493041140477089e+02
4.018560892141276213e+02 4.028313338865220317e+02
4.065288344528328253e+02 4.075133270858816559e+02
4.112015796604305251e+02 4.121952836982162580e+02
4.158743249689476897e+02 4.168772041936060759e+02
4.205470701902295900e+02 4.215590888249665795e+02
4.252198154214972305e+02 4.262409379259293587e+02
4.298925606310399985e+02 4.309227516226505941e+02
4.345653058834396347e+02 4.356045303379809184e+02
4.392380511365771554e+02 4.402862743213174781e+02
4.439107963694904129e+02 4.449679839083415800e+02
4.485835417416068367e+02 4.496496591581283155e+02
4.532562869952404299e+02 4.543313004325634097e+02
4.579290322549323946e+02 4.590129079920955064e+02
4.626017775222937871e+02 4.636944822464772642e+02
4.672745227615956765e+02 4.683760232303891371e+02
4.719472680478978646e+02 4.730575313425314334e+02
4.766200132549231512e+02 4.777390067219922685e+02
4.812927584728765282e+02 4.824204496791212478e+02
4.859655036859812753e+02 4.871018605807119002e+02
4.906382489232161106e+02 4.917832394591339948e+02
4.953109941742499132e+02 4.964645866919549348e+02
4.999837394158357711e+02 5.011459023304533389e+02
5.046564847607286310e+02 5.058271866992688501e+02
5.093292300070819465e+02 5.105084401234374241e+02
5.140019752400719426e+02 5.151896627266546602e+02
5.186747205051545961e+02 5.198708547459360716e+02
5.233474657551635119e+02 5.245520163523603969e+02
5.280202111209653140e+02 5.292331479976916171e+02
5.326929563992084695e+02 5.339142497768692692e+02
5.373657016354458165e+02 5.385953216369307484e+02
5.420384468638640101e+02 5.432763641270139487e+02
5.467111921692425085e+02 5.479573773169894366e+02
5.513839373767248162e+02 5.526383615382145535e+02
5.560566826854690134e+02 5.573193169383403074e+02
5.607294278924995297e+02 5.620002434703978906e+02
5.654021730917363584e+02 5.666811415897568622e+02
5.700749183524724231e+02 5.713620114630966782e+02
5.747476636826445429e+02 5.760428533802945594e+02
5.794204088905023582e+02 5.807236674591144947e+02
5.840931542821099356e+02 5.854044537492757172e+02
5.887658995471102799e+02 5.900852126977581520e+02
5.934386448363055706e+02 5.947659442702996557e+02
5.981113901101018655e+02 5.994466488900641252e+02
6.027841355562584340e+02 6.041273265183615422e+02
6.074568808850062851e+02 6.088079774550824368e+02
6.121296262640603345e+02 6.134886016982331967e+02
6.168023717246749129e+02 6.181691997165228258e+02
6.214751170085258991e+02 6.228497714824895866e+02
6.261478622270490177e+02 6.275303173268052888e+02
6.308206076021558601e+02 6.322108372518263195e+02
6.354933530342398171e+02 6.368913314846479352e+02
6.401660983890701573e+02 6.415718001453356010e+02
6.448388436274171909e+02 6.462522434894611933e+02
6.495115888484848483e+02 6.509326617172475835e+02
6.541843340674613501e+02 6.556130548861311809e+02
6.588570795141022245e+02 6.602934232324437289e+02
6.635298247295571628e+02 6.649737668698546713e+02
6.682025699368600726e+02 6.696540861433136342e+02
6.728753151762670086e+02 6.743343810609985667e+02
