0.000000000000000000e+00 0.000000000000000000e+00
4.672745185645007737e+00 4.686794969084013829e+00
9.345490371360677173e+00 9.373505167668271909e+00
1.401823556118575453e+01 1.406013162495955626e+01
1.869098074767360984e+01 1.874667535156448750e+01
2.336372593643306672e+01 2.343313734381451852e+01
2.803647112219765702e+01 2.811951857234805274e+01
3.270921631585245137e+01 3.280581998467456373e+01
3.738196150209700619e+01 3.749204252816964811e+01
4.205470669981906440e+01 4.217818712919537916e+01
4.672745188802446847e+01 4.686425470048050101e+01
5.140019707516972147e+01 5.155024611768611464e+01
5.607294227508106133e+01 5.623616226207745683e+01
6.074568747024618176e+01 6.092200401375740171e+01
6.541843268358333319e+01 6.560777221355279210e+01
7.009117790082204635e+01 7.029346766979504935e+01
7.476392309767319944e+01 7.497909121224931539e+01
7.943666829342933511e+01 7.966464364500728834e+01
8.410941348302213783e+01 8.435012576242098703e+01
8.878215870249979957e+01 8.903553834219513874e+01
9.345490389065770387e+01 9.372088214309140142e+01
9.812764909438172367e+01 9.840615793019364332e+01
1.028003943017028234e+02 1.030913664148970668e+02
1.074731395125737663e+02 1.077765083295959130e+02
1.121458847174016427e+02 1.124615844256242525e+02
1.168186299459550668e+02 1.171465953841306487e+02
1.214913751721324360e+02 1.218315418837996020e+02
1.261641203857756466e+02 1.265164246330661939e+02
1.308368655989475542e+02 1.312012442991537000e+02
1.355096108181497812e+02 1.358860015332372484e+02
1.401823560623793981e+02 1.405706969642600939e+02
1.448551012941763361e+02 1.452553312762712778e+02
1.495278465208759258e+02 1.499399050595226868e+02
1.542005917719802426e+02 1.546244189442065817e+02
1.588733369915097455e+02 1.593088735850899411e+02
1.635460821995267793e+02 1.639932695483254861e+02
1.682188274061783488e+02 1.686776074254552782e+02
1.728915725974990778e+02 1.733618877863158616e+02
1.775643178322474967e+02 1.780461111857282788e+02
1.822370630751179590e+02 1.827302782133545520e+02
1.869098082696820597e+02 1.874143894895927644e+02
1.915825535159466426e+02 1.920984454614351762e+02
1.962552987636609600e+02 1.967824467179169972e+02
2.009280440065204516e+02 2.014663938334119848e+02
2.056007892376289590e+02 2.061502873006404570e+02
2.102735344865804450e+02 2.108341275783737387e+02
2.149462797482375720e+02 2.155179152744516671e+02
2.196190249731004656e+02 2.202016508372232693e+02
2.242917701778203536e+02 2.248853347654295476e+02
2.289645153814272192e+02 2.295689675380835411e+02
2.336372605935161175e+02 2.342525496891204000e+02
2.383100058373791512e+02 2.389360816074088234e+02
2.429827510556477250e+02 2.436195638421203569e+02
2.476554962588724038e+02 2.483029968378667718e+02
2.523282414629907180e+02 2.529863809606047766e+02
2.570009867471272855e+02 2.576697167417459013e+02
2.616737319855627106e+02 2.623530046060755012e+02
2.663464771899186303e+02 2.670362449793497035e+02
2.710192223966475353e+02 2.717194382976915676e+02
2.756919676003993231e+02 2.764025850101767787e+02
2.803647128247133651e+02 2.810856855630795508e+02
2.850374580417334300e+02 2.857687402906251464e+02
2.897102032438979791e+02 2.904517496497611546e+02
2.943829484454115573e+02 2.951347140214618889e+02
2.990556936477536851e+02 2.998176338687417797e+02
3.037284388519202594e+02 3.045005095806407667e+02
3.084011840494893022e+02 3.091833414928966590e+02
3.130739292518764501e+02 3.138661299099444477e+02
3.177466745433658843e+02 3.185488753121904324e+02
3.224194197703417899e+02 3.232315780194887793e+02
3.270921649755553062e+02 3.279142384729781270e+02
3.317649102056212769e+02 3.325968568915566266e+02
3.364376554172789611e+02 3.372794338289003235e+02
3.411104007536011977e+02 3.419619694935817051e+02
3.457831459517567509e+02 3.466444642710380322e+02
3.504558912185163990e+02 3.513269185951174904e+02
3.551286364453620195e+02 3.560093326660339699e+02
3.598013816536116565e+02 3.606917067908654531e+02
3.644741268964419305e+02 3.653740414566931349e+02
3.691468721266459170e+02 3.700563369532164870e+02
3.738196173214602140e+02 3.747385934701086398e+02
3.784923625447769382e+02 3.794208114443067075e+02
3.831651077419108447e+02 3.841029911767698195e+02
3.878378530869796919e+02 3.887851329823695323e+02
3.925105983735387554e+02 3.934672371082669997e+02
3.971833437408480449e+02 3.981493039768465678e+02
4.018560889382750929e+02 4.028313337890124330e+02
4.065288341499507396e+02 4.075133269831059124e+02
4.112015793611092249e+02 4.121952835939368924e+02
4.158743245796795236e+02 4.168772040699548711e+02
4.205470698009503394e+02 4.215590886368308929e+02
4.252198150320316472e+02 4.262409377465115767e+02
4.298925604149338824e+02 4.309227514423189405e+02
4.345653056672695129e+02 4.356045301186516667e+02
4.392380509204044756e+02 4.402862741014309336e+02
4.439107961516699561e+02 4.449679835592102108e+02
4.485835415228589795e+02 4.496496588273101906e+02
4.532562867795813872e+02 4.543313001021770106e+02
4.579290320391392584e+02 4.590129076636442846e+02
4.626017772725217583e+02 4.636944819191282932e+02
4.672745225117698737e+02 4.683760230282774728e+02
4.719472677529563498e+02 4.730575312023431707e+02
4.766200129714765126e+02 4.777390065802657091e+02
4.812927581758073075e+02 4.824204495594753439e+02
4.859655033889278570e+02 4.871018603092716148e+02
4.906382487939820294e+02 4.917832391945653399e+02
4.953109942060959838e+02 4.964645862843522650e+02
4.999837394533806787e+02 5.011459018729934769e+02
5.046564847982597826e+02 5.058271862213646841e+02
5.093292301138454263e+02 5.105084396268851492e+02
5.140019753426986426e+02 5.151896623242295163e+02
5.186747205573059318e+02 5.198708544714381787e+02
5.233474658405978062e+02 5.245520160997612038e+02
5.280202112540828239e+02 5.292331477677012117e+02
5.326929564689489780e+02 5.339142493579245183e+02
5.373657017051858702e+02 5.385953212585570782e+02
5.420384470508292907e+02 5.432763637192048236e+02
5.467111924884665086e+02 5.479573770062447693e+02
5.513839376959462015e+02 5.526383612285776508e+02
5.560566829008386094e+02 5.573193165313207373e+02
5.607294281743323836e+02 5.620002432883144365e+02
5.654021733819076871e+02 5.666811414953143640e+02
5.700749186426539836e+02 5.713620113781880718e+02
5.747476640082832091e+02 5.760428532572766471e+02
5.794204093137442442e+02 5.807236673508825788e+02
5.840931546614787067e+02 5.854044537585668877e+02
5.887658999259372195e+02 5.900852126596839753e+02
5.934386451230573130e+02 5.947659442629399109e+02
5.981113904647620529e+02 5.994466488912046316e+02
6.027841357988245363e+02 6.041273265205711596e+02
6.074568811275702274e+02 6.088079774958957842e+02
6.121296265065584521e+02 6.134886018160457297e+02
6.168023719669311049e+02 6.181691998635280925e+02
6.214751172929366021e+02 6.228497717215532248e+02
6.261478625071807755e+02 6.275303174657516365e+02
6.308206078823392318e+02 6.322108372312369511e+02
6.354933533345454180e+02 6.368913314414177194e+02
6.401660986159902222e+02 6.415718000805534302e+02
6.448388440527160128e+02 6.462522435862961174e+02
6.495115892493435013e+02 6.509326617656812459e+02
6.541843344444475861e+02 6.556130549803840495e+02
6.588570797069160108e+02 6.602934232758727831e+02
6.635298250614043809e+02 6.649737671203126865e+02
6.682025704118564136e+02 6.696540863656213105e+02
6.728753156805920526e+02 6.743343814182087499e+02
