0.000000000000000000e+00 0.000000000000000000e+00
4.672745186838259457e+00 4.686794969169715053e+00
9.345490372580135485e+00 9.373505167745337374e+00
1.401823556231414258e+01 1.406013162361433189e+01
1.869098074839099155e+01 1.874667535022279452e+01
2.336372593404482956e+01 2.343313733400529486e+01
2.803647112268191677e+01 2.811951855934707112e+01
3.270921631447646405e+01 3.280581997217863943e+01
3.738196150072213442e+01 3.749204251637954144e+01
4.205470668817647351e+01 4.217818712151105842e+01
4.672745188242348036e+01 4.686425469287822665e+01
5.140019706872202221e+01 5.155024611535208123e+01
5.607294226657730007e+01 5.623616227040297844e+01
6.074568746039980738e+01 6.092200401488172190e+01
6.541843265088266435e+01 6.560777221377321666e+01
7.009117785914369847e+01 7.029346767188211231e+01
7.476392305597101995e+01 7.497909121715107972e+01
7.943666825171294477e+01 7.966464364780007656e+01
8.410941344130969810e+01 8.435012576496457370e+01
8.878215866182097216e+01 8.903553834452688420e+01
9.345490388048355612e+01 9.372088214466899103e+01
9.812764908423139332e+01 9.840615793172464976e+01
1.028003942919796145e+02 1.030913664465906692e+02
1.074731395028522343e+02 1.077765083680347402e+02
1.121458847237985594e+02 1.124615844578558495e+02
1.168186299523496956e+02 1.171465954100276861e+02
1.214913751784986289e+02 1.218315419098141774e+02
1.261641203921664385e+02 1.265164246590606467e+02
1.308368656226261351e+02 1.312012443250673073e+02
1.355096108418381959e+02 1.358860015586255372e+02
1.401823560747486113e+02 1.405706969962382118e+02
1.448551013065458619e+02 1.452553313062002189e+02
1.495278465438855449e+02 1.499399050719656259e+02
1.542005917667174231e+02 1.546244189605859560e+02
1.588733369683723708e+02 1.593088735862403951e+02
1.635460821627219730e+02 1.639932695499953752e+02
1.682188273693312794e+02 1.686776074189683072e+02
1.728915725618677470e+02 1.733618877797261462e+02
1.775643178040306225e+02 1.780461111785264734e+02
1.822370630469106345e+02 1.827302782362568792e+02
1.869098082893281116e+02 1.874143895036619654e+02
1.915825535354318276e+02 1.920984454731236326e+02
1.962552987831553537e+02 1.967824467799308650e+02
2.009280440317728562e+02 2.014663939046552628e+02
2.056007892725834267e+02 2.061502873335915922e+02
2.102735345406917986e+02 2.108341276181603234e+02
2.149462797725994108e+02 2.155179152831564693e+02
2.196190249964651571e+02 2.202016508581959044e+02
2.242917702424770141e+02 2.248853347937855460e+02
2.289645154961438607e+02 2.295689675786942132e+02
2.336372606968504044e+02 2.342525497263574152e+02
2.383100058996595010e+02 2.389360816387633975e+02
2.429827511717311950e+02 2.436195638759929807e+02
2.476554964546469648e+02 2.483029968579642457e+02
2.523282416587017281e+02 2.529863810441484304e+02
2.570009868626234493e+02 2.576697168598121834e+02
2.616737320988287365e+02 2.623530047396126292e+02
2.663464773059507138e+02 2.670362451436765809e+02
2.710192225370178107e+02 2.717194384883561042e+02
2.756919677407727249e+02 2.764025852018220917e+02
2.803647130017247378e+02 2.810856857876598269e+02
2.850374582050764047e+02 2.857687405963256992e+02
2.897102034073880077e+02 2.904517499943756889e+02
2.943829486187523798e+02 2.951347144103468736e+02
2.990556938216117828e+02 2.998176342435873494e+02
3.037284390256745610e+02 3.045005099460040014e+02
3.084011842633674405e+02 3.091833417934892054e+02
3.130739294597821072e+02 3.138661302545918375e+02
3.177466747511001017e+02 3.185488756217151831e+02
3.224194199774150320e+02 3.232315782844567593e+02
3.270921651780092247e+02 3.279142387708498632e+02
3.317649104048958293e+02 3.325968573235559802e+02
3.364376556855369813e+02 3.372794342599258357e+02
3.411104010235889064e+02 3.419619699454358397e+02
3.457831462430646070e+02 3.466444646729066790e+02
3.504558915118599316e+02 3.513269188979782029e+02
3.551286367802990185e+02 3.560093329103031010e+02
3.598013819772880879e+02 3.606917070471208717e+02
3.644741271793026840e+02 3.653740416561498137e+02
3.691468724261416696e+02 3.700563371017109375e+02
3.738196176198399598e+02 3.747385935982580349e+02
3.784923628143097858e+02 3.794208115575758029e+02
3.831651080156236731e+02 3.841029912894729819e+02
3.878378532106569310e+02 3.887851330819164559e+02
3.925105984864729294e+02 3.934672372087331382e+02
3.971833438499824069e+02 3.981493040744353493e+02
4.018560891000859101e+02 4.028313338862725459e+02
4.065288342968372035e+02 4.075133269848741975e+02
4.112015795404743130e+02 4.121952835964622750e+02
4.158743247702798271e+02 4.168772041258445142e+02
4.205470699915730393e+02 4.215590887817315888e+02
4.252198152226287107e+02 4.262409378768571742e+02
4.298925604227728172e+02 4.309227515867883085e+02
4.345653056752081511e+02 4.356045303598987175e+02
4.392380509283421475e+02 4.402862743384657733e+02
4.439107961777846185e+02 4.449679838073859628e+02
4.485835415475867762e+02 4.496496590527098078e+02
4.532562868054556020e+02 4.543313003269209389e+02
4.579290320647293129e+02 4.590129078861373841e+02
4.626017772787553213e+02 4.636944821402153138e+02
4.672745225179487534e+02 4.683760231418663693e+02
4.719472677400611360e+02 4.730575312535493140e+02
4.766200129422653049e+02 4.777390066317939841e+02
4.812927582069818300e+02 4.824204496153736272e+02
4.859655034200918635e+02 4.871018604044454605e+02
4.906382486281198680e+02 4.917832392079734518e+02
4.953109938265804431e+02 4.964645863496863285e+02
4.999837390646574704e+02 5.011459019878824392e+02
5.046564844095436229e+02 5.058271863344812118e+02
5.093292297414257064e+02 5.105084397262019138e+02
5.140019749330737113e+02 5.151896623167835969e+02
5.186747201373734697e+02 5.198708543424226036e+02
5.233474653889036290e+02 5.245520160557797453e+02
5.280202107357686145e+02 5.292331476858450969e+02
5.326929560089912457e+02 5.339142492778471478e+02
5.373657012844155361e+02 5.385953212337379910e+02
5.420384466705972955e+02 5.432763636930434359e+02
5.467111920405280898e+02 5.479573768967820797e+02
5.513839372480680368e+02 5.526383611190741476e+02
5.560566825156599862e+02 5.573193163147597033e+02
5.607294279286286383e+02 5.620002428377815704e+02
5.654021731355175007e+02 5.666811409605750214e+02
5.700749183962579991e+02 5.713620109397108990e+02
5.747476637781695672e+02 5.760428528191962414e+02
5.794204090022662967e+02 5.807236669356509537e+02
5.840931543291775370e+02 5.854044532323418935e+02
5.887658995941033027e+02 5.900852121143831255e+02
5.934386447912148697e+02 5.947659435859129644e+02
5.981113900864227162e+02 5.994466482272673602e+02
6.027841354725635483e+02 6.041273258577957677e+02
6.074568808012411409e+02 6.088079768608505447e+02
6.121296261803154266e+02 6.134886011210880952e+02
6.168023716404489960e+02 6.181691991700618019e+02
6.214751170259152104e+02 6.228497709987891540e+02
6.261478622420150941e+02 6.275303167611090203e+02
6.308206076170515644e+02 6.322108365811407111e+02
6.354933530570076528e+02 6.368913307510158575e+02
6.401660982603598313e+02 6.415717995605987198e+02
6.448388436331788398e+02 6.462522430771899735e+02
6.495115890186682464e+02 6.509326614124668140e+02
6.541843342137465243e+02 6.556130547100472086e+02
6.588570794092704546e+02 6.602934230246584093e+02
6.635298246171769279e+02 6.649737667622027857e+02
6.682025699644952965e+02 6.696540859324154553e+02
6.728753152159765705e+02 6.743343809128019757e+02
