0.000000000000000000e+00 0.000000000000000000e+00
4.684757496197636151e+00 4.697988928263287178e+00
9.369514993181709883e+00 9.395902924449533344e+00
1.405427248959349384e+01 1.409374284328162830e+01
1.873902998745084147e+01 1.879150952428235399e+01
2.342378749030276452e+01 2.348920379654571633e+01
2.810854498646175514e+01 2.818682645926898900e+01
3.279330248466423825e+01 3.288437831960690261e+01
3.747805998188573540e+01 3.758186016871744073e+01
4.216281748131964946e+01 4.227927275576176669e+01
4.684757499636353373e+01 4.697661685829612566e+01
5.153233250514776387e+01 5.167389321693980264e+01
5.621709000796832356e+01 5.637110257051945439e+01
6.090184751524415674e+01 6.106824562395352984e+01
6.558660503033286204e+01 6.576532310057315556e+01
7.027136252793877702e+01 7.046233570583383710e+01
7.495612003360449194e+01 7.515928411960781830e+01
7.964087753149608773e+01 7.985616901988615268e+01
8.432563503681154771e+01 8.455299106774111806e+01
8.901039254432092207e+01 8.924975092735053295e+01
9.369515004882612175e+01 9.394644923188184293e+01
9.837990756084326449e+01 9.864308664692444495e+01
1.030646650719695288e+02 1.033396637752655920e+02
1.077494225818641809e+02 1.080361812325379844e+02
1.124341800957166697e+02 1.127326396269470763e+02
1.171189376267058009e+02 1.174290395544218484e+02
1.218036951243547179e+02 1.221253816152546676e+02
1.264884526375376055e+02 1.268216663737485135e+02
1.311732101778487163e+02 1.315178943830277944e+02
1.358579677200298192e+02 1.362140662328703229e+02
1.405427252189240335e+02 1.409101824689426508e+02
1.452274827337409704e+02 1.456062436259592232e+02
1.499122402805584215e+02 1.503022502744684630e+02
1.545969977853055184e+02 1.549982029209937764e+02
1.592817553052750554e+02 1.596941021040030932e+02
1.639665128239110459e+02 1.643899483041290637e+02
1.686512703777685829e+02 1.690857420828967292e+02
1.733360278861044890e+02 1.737814838691007822e+02
1.780207854186178054e+02 1.784771742361558324e+02
1.827055429331880418e+02 1.831728136308221053e+02
1.873903004464365836e+02 1.878684025046051147e+02
1.920750580027664682e+02 1.925639413200868262e+02
1.967598155599648919e+02 1.972594305957856875e+02
2.014445730699150374e+02 2.019548707963247125e+02
2.061293305987721283e+02 2.066502623211906098e+02
2.108140881503568664e+02 2.113456056449726930e+02
2.154988456681643925e+02 2.160409012020920727e+02
2.201836032379822257e+02 2.207361494317631809e+02
2.248683608089078803e+02 2.254313508013057117e+02
2.295531183871593157e+02 2.301265056267590126e+02
2.342378759601268143e+02 2.348216144335293052e+02
2.389226334758969017e+02 2.395166775509802903e+02
2.436073910178909614e+02 2.442116954426207371e+02
2.482921485321555508e+02 2.489066684757997621e+02
2.529769060408730468e+02 2.536015970355469733e+02
2.576616635679000638e+02 2.582964815375596572e+02
2.623464210768743783e+02 2.629913223650960390e+02
2.670311785813283905e+02 2.676861199097627377e+02
2.717159361801191721e+02 2.723808745803339093e+02
2.764006937403775623e+02 2.770755866763159929e+02
2.810854513286590759e+02 2.817702565743439891e+02
2.857702088642722629e+02 2.864648846411316754e+02
2.904549664179031083e+02 2.911594712795383657e+02
2.951397240054699864e+02 2.958540167311649611e+02
2.998244815498959497e+02 3.005485214453965455e+02
3.045092390646804006e+02 3.052429857583695139e+02
3.091939966718624646e+02 3.099374099827150530e+02
3.138787541889232671e+02 3.146317943391034078e+02
3.185635118070997578e+02 3.193261393095418725e+02
3.232482694081944601e+02 3.240204451828375909e+02
3.279330269792817489e+02 3.287147122387945046e+02
3.326177844935370445e+02 3.334089408113759987e+02
3.373025420053273251e+02 3.381031312687922536e+02
3.419872996242884255e+02 3.427972838797877557e+02
3.466720571853838919e+02 3.474913990155476995e+02
3.513568148138904803e+02 3.521854769166935171e+02
3.560415723522196458e+02 3.568795178195645690e+02
3.607263298832344844e+02 3.615735221166358428e+02
3.654110874805775211e+02 3.662674899739115517e+02
3.700958450175884877e+02 3.709614217977361932e+02
3.747806025592326478e+02 3.756553178555577688e+02
3.794653600941111335e+02 3.803491784906536850e+02
3.841501176030596980e+02 3.850430038626271880e+02
3.888348751405936810e+02 3.897367942138440071e+02
3.935196327990616965e+02 3.944305498820407365e+02
3.982043903158429430e+02 3.991242711832327359e+02
4.028891478904138239e+02 4.038179583217698223e+02
4.075739054025856944e+02 4.085116115684190845e+02
4.122586630520785320e+02 4.132052312886739855e+02
4.169434206923249349e+02 4.178988175309296480e+02
4.216281782067229074e+02 4.225923708039271105e+02
4.263129358488023399e+02 4.272858911367708856e+02
4.309976933702960196e+02 4.319793788085723918e+02
4.356824508894030714e+02 4.366728342239824769e+02
4.403672084033439660e+02 4.413662574537881937e+02
4.450519659176180767e+02 4.460596488659683700e+02
4.497367234392177124e+02 4.507530084738785945e+02
4.544214810521865502e+02 4.554463367163787666e+02
4.591062386769046952e+02 4.601396337503790619e+02
4.637909962966800776e+02 4.648328998591796335e+02
4.684757538150441860e+02 4.695261351793600397e+02
4.731605113253031050e+02 4.742193400164802028e+02
4.778452689310234973e+02 4.789125145756395341e+02
4.825300264346881249e+02 4.836056590880891690e+02
4.872147840115939630e+02 4.882987737147275880e+02
4.918995415891806715e+02 4.929918587307979010e+02
4.965842991335687202e+02 4.976849142953864202e+02
5.012690567660526995e+02 5.023779407983065539e+02
5.059538142924781710e+02 5.070709382624484078e+02
5.106385719212078129e+02 5.117639067781963149e+02
5.153233295158522651e+02 5.164568467140813937e+02
5.200080870223328020e+02 5.211497582330159730e+02
5.246928445283450628e+02 5.258426415375826082e+02
5.293776020414489949e+02 5.305354970097901059e+02
5.340623595958642227e+02 5.352283245860401166e+02
5.387471171241159027e+02 5.399211245292362946e+02
5.434318748331410234e+02 5.446138969728103802e+02
5.481166324499324674e+02 5.493066423010618564e+02
5.528013900818384627e+02 5.539993605154352281e+02
5.574861476050073179e+02 5.586920518445864445e+02
5.621709051910086146e+02 5.633847164923799937e+02
5.668556628430451383e+02 5.680773546017553599e+02
5.715404205194578253e+02 5.727699664378471880e+02
5.762251781351861837e+02 5.774625520570376693e+02
5.809099356404605032e+02 5.821551118859272265e+02
5.855946931827209028e+02 5.868476457983085766e+02
5.902794507218577564e+02 5.915401541978631030e+02
5.949642084035542666e+02 5.962326369516902105e+02
5.996489659154655101e+02 6.009250945276143057e+02
6.043337235357168993e+02 6.056175268842789592e+02
6.090184812205761773e+02 6.103099344129423116e+02
6.137032387897811532e+02 6.150023170590380914e+02
6.183879964087142298e+02 6.196946751086461518e+02
6.230727539849247023e+02 6.243870086785318563e+02
6.277575115458475921e+02 6.290793179196530218e+02
6.324422691655179278e+02 6.337716029811299450e+02
6.371270268999123800e+02 6.384638641333092437e+02
6.418117846564391584e+02 6.431561013800895807e+02
6.464965421852447207e+02 6.478483149404805772e+02
6.511812998944027413e+02 6.525405050391257191e+02
6.558660575321980559e+02 6.572326716101979400e+02
6.605508150622938501e+02 6.619248149233221739e+02
6.652355727234648839e+02 6.666169352328341802e+02
6.699203304771912144e+02 6.713090326100490302e+02
6.746050881402652522e+02 6.760011070399032178e+02
6.792898459175660264e+02 6.806931588437198570e+02
6.839746034505244552e+02 6.853851882355540965e+02
6.886593609624092096e+02 6.900771952828797566e+02
6.933441186562154144e+02 6.947691798839144894e+02
6.980288761784825056e+02 6.994611423869098417e+02
7.027136337158458446e+02 7.041530829918438030e+02
7.073983912344634746e+02 7.088450017493279347e+02
7.120831488125936630e+02 7.135368989778124842e+02
7.167679065067286501e+02 7.182287746754026330e+02
7.214526642590136589e+02 7.229206286889962030e+02
7.261374217737831032e+02 7.276124614328015241e+02
7.308221794901289741e+02 7.323042730289248539e+02
7.355069370149097949e+02 7.369960635462662140e+02
7.401916946302399083e+02 7.416878331004138545e+02
7.448764522180306358e+02 7.463795820011773685e+02
7.495612097241906895e+02 7.510713102459938000e+02
