0.000000000000000000e+00 0.000000000000000000e+00
4.594122972799052462e+00 4.606902083730427755e+00
9.188245946835959188e+00 9.213730051142420052e+00
1.378236891975852174e+01 1.382048476079141253e+01
1.837649189257139426e+01 1.842716706966634987e+01
2.297061486590529000e+01 2.303377781130018320e+01
2.756473785003173305e+01 2.764031781442317381e+01
3.215886082353758724e+01 3.224678789453733430e+01
3.675298380558530909e+01 3.685318883812212221e+01
4.134710679036420089e+01 4.145952141997310747e+01
4.594122977434678035e+01 4.606578642573306581e+01
5.053535274870480265e+01 5.067198461322347924e+01
5.512947573716287764e+01 5.527811670165698388e+01
5.972359871570542111e+01 5.988418343904638164e+01
6.431772169801357109e+01 6.449018555540270370e+01
6.891184468525105444e+01 6.909612372283355342e+01
7.350596767686434418e+01 7.370199867323057674e+01
7.810009066075687656e+01 7.830781106230455180e+01
8.269421366842041721e+01 8.291356158863848691e+01
8.728833667373585570e+01 8.751925090852263622e+01
9.188245965644890134e+01 9.212487964561708509e+01
9.647658267163548373e+01 9.673044847637316934e+01
1.010707056730191198e+02 1.013359580408782108e+02
1.056648286478199026e+02 1.059414089205722576e+02
1.102589516316151048e+02 1.105468017348894136e+02
1.148530746086305783e+02 1.151521370856691533e+02
1.194471975821664955e+02 1.197574155675939522e+02
1.240413205812070316e+02 1.243626377650052603e+02
1.286354435677113202e+02 1.289678042732138294e+02
1.332295665464843637e+02 1.335729156510036262e+02
1.378236895380163958e+02 1.381779724399474958e+02
1.424178125192816822e+02 1.427829751871809947e+02
1.470119355016455529e+02 1.473879244134601549e+02
1.516060585205444795e+02 1.519928206839504128e+02
1.562001815140508825e+02 1.565976645485729364e+02
1.607943045616701738e+02 1.612024564759685177e+02
1.653884275430516766e+02 1.658071969682469273e+02
1.699825505625712481e+02 1.704118865503261304e+02
1.745766735519643476e+02 1.750165257088669080e+02
1.791707965699068552e+02 1.796211149588025364e+02
1.837649195679195486e+02 1.842256547499099497e+02
1.883590426164581402e+02 1.888301455336542745e+02
1.929531655938797030e+02 1.934345878038967044e+02
1.975472886395432965e+02 1.980389821010273863e+02
2.021414116350968015e+02 2.026433287435174293e+02
2.067355346205481794e+02 2.072476281840952197e+02
2.113296576649521512e+02 2.118518809715104112e+02
2.159237807166492757e+02 2.164560874528051500e+02
2.205179037095540480e+02 2.210602480855926046e+02
2.251120267784360180e+02 2.256643633429335125e+02
2.297061497821236742e+02 2.302684334813958458e+02
2.343002728433687025e+02 2.348724590281510132e+02
2.388943958452967991e+02 2.394764403668627892e+02
2.434885188362137853e+02 2.440803779961948976e+02
2.480826419211890936e+02 2.486842721248742691e+02
2.526767649047586701e+02 2.532881232436538426e+02
2.572708878981146086e+02 2.578919318037204675e+02
2.618650108882731615e+02 2.624956981097939774e+02
2.664591339757822084e+02 2.670994225290724557e+02
2.710532569754687984e+02 2.717031054340454261e+02
2.756473800008136550e+02 2.763067471898921781e+02
2.802415029865901488e+02 2.809103480694899417e+02
2.848356259742177485e+02 2.855139085631922171e+02
2.894297489733884277e+02 2.901174288845772935e+02
2.940238719760178014e+02 2.947209094747207132e+02
2.986179950742217102e+02 2.993243507077679624e+02
3.032121181711049758e+02 3.039277529203454264e+02
3.078062412488152404e+02 3.085311163980286437e+02
3.124003643147369758e+02 3.131344414299269374e+02
3.169944873844312951e+02 3.177377282957236275e+02
3.215886104207693279e+02 3.223409773800483435e+02
3.261827334581012110e+02 3.269441891173918862e+02
3.307768564947133996e+02 3.315473637188038083e+02
3.353709795314393887e+02 3.361505014940607339e+02
3.399651025874876495e+02 3.407536027087044204e+02
3.445592256736307490e+02 3.453566677192206953e+02
3.491533487475159063e+02 3.499596966789517865e+02
3.537474718325592562e+02 3.545626899600341631e+02
3.583415948477330062e+02 3.591656479771128829e+02
3.629357179302996883e+02 3.637685709428828318e+02
3.675298409951493568e+02 3.683714590307503727e+02
3.721239639951182880e+02 3.729743125893410252e+02
3.767180870507978057e+02 3.775771319645589301e+02
3.813122101425057053e+02 3.821799173377351053e+02
3.859063332240403952e+02 3.867826690241747087e+02
3.905004563357494476e+02 3.913853873760886017e+02
3.950945793881508052e+02 3.959880725722321131e+02
3.996887024461617557e+02 4.005907247500986159e+02
4.042828254236336534e+02 4.051933442504011964e+02
4.088769485165890387e+02 4.097959313966767354e+02
4.134710715854823775e+02 4.143984864006245061e+02
4.180651946345346914e+02 4.190010094990478819e+02
4.226593176583511422e+02 4.236035010521648587e+02
4.272534406368937425e+02 4.282059610796652578e+02
4.318475637805371434e+02 4.328083900616597930e+02
4.364416868415657973e+02 4.374107880827119743e+02
4.410358098682036143e+02 4.420131552259762202e+02
4.456299329978330661e+02 4.466154920955833632e+02
4.502240560659246285e+02 4.512177986878317029e+02
4.548181791032991441e+02 4.558200750994799932e+02
4.594123021884842046e+02 4.604223217246200761e+02
4.640064252907214950e+02 4.650245387564011708e+02
4.686005482828821869e+02 4.696267264658616796e+02
4.731946712775027777e+02 4.742288850828823001e+02
4.777887943799371442e+02 4.788310148152238526e+02
4.823829175074707791e+02 4.834331158704399058e+02
4.869770405550450505e+02 4.880351883252144489e+02
4.915711635868095186e+02 4.926372325617415413e+02
4.961652865891521742e+02 4.972392485643566715e+02
5.007594097461024489e+02 5.018412367129400309e+02
5.053535327715400172e+02 5.064431972651186697e+02
5.099476558422628614e+02 5.110451301447195647e+02
5.145417790198624743e+02 5.156470358132339697e+02
5.191359021314580104e+02 5.202489142756094225e+02
5.237300251542360456e+02 5.248507659704000616e+02
5.283241482094614412e+02 5.294525907970311209e+02
5.329182712062886367e+02 5.340543892461344058e+02
5.375123942379491382e+02 5.386561611864046881e+02
5.421065172588225778e+02 5.432579069185869685e+02
5.467006402767658528e+02 5.478596266333432823e+02
5.512947635240509499e+02 5.524613204737736396e+02
5.558888865553531105e+02 5.570629888001706149e+02
5.604830095854572392e+02 5.616646315440556236e+02
5.650771327009861125e+02 5.662662491990687386e+02
5.696712558702829483e+02 5.708678417510907366e+02
5.742653789152489026e+02 5.754694093608659387e+02
5.788595020735001526e+02 5.800709522029754908e+02
5.834536253007963751e+02 5.846724702712099315e+02
5.880477485269547060e+02 5.892739639631158752e+02
5.926418716413204493e+02 5.938754333046106240e+02
5.972359947118020500e+02 5.984768787351240462e+02
6.018301178013819026e+02 6.030782999864953808e+02
6.064242410589398560e+02 6.076796976520577118e+02
6.110183642225822496e+02 6.122810714896930904e+02
6.156124872437349040e+02 6.168824218198086555e+02
6.202066102521009725e+02 6.214837489058566007e+02
6.248007332807208059e+02 6.260850528475004921e+02
6.293948565205795376e+02 6.306863338308235143e+02
6.339889795073921732e+02 6.352875919316225009e+02
6.385831025289268155e+02 6.398888271937262289e+02
6.431772256742326590e+02 6.444900397649528259e+02
6.477713487346059082e+02 6.490912299559030316e+02
6.523654717568280148e+02 6.536923980176766236e+02
6.569595948748240062e+02 6.582935438912377322e+02
6.615537180328421982e+02 6.628946675903730466e+02
6.661478410812783295e+02 6.674957694018530674e+02
6.707419640988698575e+02 6.720968494395465314e+02
6.753360870920678281e+02 6.766979081183758353e+02
6.799302103257425642e+02 6.812989451564423007e+02
6.845243333370631262e+02 6.858999608324713790e+02
6.891184563750298366e+02 6.905009554630125876e+02
6.937125795042786649e+02 6.951019291118739147e+02
6.983067027201901737e+02 6.997028816600043228e+02
7.029008258873639079e+02 7.043038133546160680e+02
7.074949489777740155e+02 7.089047244564947050e+02
7.120890721463056252e+02 7.135056149850286147e+02
7.166831953146818250e+02 7.181064852372089717e+02
7.212773185781354641e+02 7.227073351409417228e+02
7.258714419194741367e+02 7.273081647226983932e+02
7.304655649641117634e+02 7.319089743897601466e+02
7.350596879620313757e+02 7.365097639503908340e+02
