0.000000000000000000e+00 0.000000000000000000e+00
4.684757495801635585e+00 4.697988928249430707e+00
9.369514992472833370e+00 9.395902924411233315e+00
1.405427248992522848e+01 1.409374284325205196e+01
1.873902998668902598e+01 1.879150952615989567e+01
2.342378748460908255e+01 2.348920379118607471e+01
2.810854498128914614e+01 2.818682645389818475e+01
3.279330247887766348e+01 3.288437831218949725e+01
3.747805998192789900e+01 3.758186016092560067e+01
4.216281749128846457e+01 4.227927274503277033e+01
4.684757499623945876e+01 4.697661685165004286e+01
5.153233249758664414e+01 5.167389321032581506e+01
5.621709000292950975e+01 5.637110255745481169e+01
6.090184751792234863e+01 6.106824561534419615e+01
6.558660501780512675e+01 6.576532309177861180e+01
7.027136251554119895e+01 7.046233569665457708e+01
7.495612002376137184e+01 7.515928410994615660e+01
7.964087752972487522e+01 7.985616900968875598e+01
8.432563503505653557e+01 8.455299105915379698e+01
8.901039255517024174e+01 8.924975091858789256e+01
9.369515006241542210e+01 9.394644922325269931e+01
9.837990757547404996e+01 9.864308663841737257e+01
1.030646651073698479e+02 1.033396637688546775e+02
1.077494226192141014e+02 1.080361812264652883e+02
1.124341801330676276e+02 1.127326396211030328e+02
1.171189376566717897e+02 1.174290395493549966e+02
1.218036951802947954e+02 1.221253815887244087e+02
1.264884527039428690e+02 1.268216663225175722e+02
1.311732102420694446e+02 1.315178943400458422e+02
1.358579677509574424e+02 1.362140661986753685e+02
1.405427252527659903e+02 1.409101824273141119e+02
1.452274827657091691e+02 1.456062435999646709e+02
1.499122403125159622e+02 1.503022502286937083e+02
1.545969978688470405e+02 1.549982028865264851e+02
1.592817553682763219e+02 1.596941020482055364e+02
1.639665128681141368e+02 1.643899482493611686e+02
1.686512703887287898e+02 1.690857420179731889e+02
1.733360279198650744e+02 1.737814837948268405e+02
1.780207854346180341e+02 1.784771741043627458e+02
1.827055429784511205e+02 1.831728134916741340e+02
1.873903004916979000e+02 1.878684023251113899e+02
1.920750580291097549e+02 1.925639411415538689e+02
1.967598155863049385e+02 1.972594304237442202e+02
2.014445731292538539e+02 2.019548705923470493e+02
2.061293306429857353e+02 2.066502621122513688e+02
2.108140881944668763e+02 2.113456054329215021e+02
2.154988457536544502e+02 2.160409010137595658e+02
2.201836032886904491e+02 2.207361492128826512e+02
2.248683608682082991e+02 2.254313505373623912e+02
2.295531184469870709e+02 2.301265053654587120e+02
2.342378760200103045e+02 2.348216141704072584e+02
2.389226335681991031e+02 2.395166773425819144e+02
2.436073911178875733e+02 2.442116952334376379e+02
2.482921486302145979e+02 2.489066682649081201e+02
2.529769062222264040e+02 2.536015968770723532e+02
2.576616638121891469e+02 2.582964813812861280e+02
2.623464213202922792e+02 2.629913222272209623e+02
2.670311788320689175e+02 2.676861197471470746e+02
2.717159363680086130e+02 2.723808744210168697e+02
2.764006939166063148e+02 2.770755864852072818e+02
2.810854514308909984e+02 2.817702563703282408e+02
2.857702089450309586e+02 2.864648844450147180e+02
2.904549664481487525e+02 2.911594710473323744e+02
2.951397240601347676e+02 2.958540165282971088e+02
2.998244816000312767e+02 3.005485212440079295e+02
3.045092391691295006e+02 3.052429854800119529e+02
3.091939966836265512e+02 3.099374096963412057e+02
3.138787542842413814e+02 3.146317940516166800e+02
3.185635118125525764e+02 3.193261389835244586e+02
3.232482693264320233e+02 3.240204448206284837e+02
3.279330268395879671e+02 3.287147118791957610e+02
3.326177843518050850e+02 3.334089404506192409e+02
3.373025418791100378e+02 3.381031308716625290e+02
3.419872993965992691e+02 3.427972835099189979e+02
3.466720569085002808e+02 3.474913986420231140e+02
3.513568145364736210e+02 3.521854765471257451e+02
3.560415720747561750e+02 3.568795174217875683e+02
3.607263297213227133e+02 3.615735216930573870e+02
3.654110873306993312e+02 3.662674896282389341e+02
3.700958449234672116e+02 3.709614214923276450e+02
3.747806024649837582e+02 3.756553175264480160e+02
3.794653599729277289e+02 3.803491780614187974e+02
3.841501175620315962e+02 3.850430033639281078e+02
3.888348751223668387e+02 3.897367937071880988e+02
3.935196326423787241e+02 3.944305494994710557e+02
3.982043901617777237e+02 3.991242708016118286e+02
4.028891477541160384e+02 4.038179579322739983e+02
4.075739052611004354e+02 4.085116111742954672e+02
4.122586627711069696e+02 4.132052308322164436e+02
4.169434202702042853e+02 4.178988170845648256e+02
4.216281777851185666e+02 4.225923702632392178e+02
4.263129353158193453e+02 4.272858906266955046e+02
4.309976928373143323e+02 4.319793783079306877e+02
4.356824503563937014e+02 4.366728337197883434e+02
4.403672079213462212e+02 4.413662569493479850e+02
4.450519655232266132e+02 4.460596482193000156e+02
4.497367230380889396e+02 4.507530078345786251e+02
4.544214806539573033e+02 4.554463360127674605e+02
4.591062381688938103e+02 4.601396330073215495e+02
4.637909957889275461e+02 4.648328991161370141e+02
4.684757533073081959e+02 4.695261345648565339e+02
4.731605108175627947e+02 4.742193395470845871e+02
4.778452683860530215e+02 4.789125141977212934e+02
4.825300259288112557e+02 4.836056586424777493e+02
4.872147834609071424e+02 4.882987733413837645e+02
4.918995410389652534e+02 4.929918583094926134e+02
4.965842986749261172e+02 4.976849138728856587e+02
5.012690563081091568e+02 5.023779403748520735e+02
5.059538138177899782e+02 5.070709377546156134e+02
5.106385714623891090e+02 5.117639064116791587e+02
5.153233290227209409e+02 5.164568463278094441e+02
5.200080865292065937e+02 5.211497578614154236e+02
5.246928442253102958e+02 5.258426412252820228e+02
5.293776017384170700e+02 5.305354967065270557e+02
5.340623594141806052e+02 5.352283242312061020e+02
5.387471169829921109e+02 5.399211241766104195e+02
5.434318746921414913e+02 5.446138966212773767e+02
5.481166322996604094e+02 5.493066418143193914e+02
5.528013899314385071e+02 5.539993599536428519e+02
5.574861476138727312e+02 5.586920512912706727e+02
5.621709051998221867e+02 5.633847160117145449e+02
5.668556628513244959e+02 5.680773540842429838e+02
5.715404205276026914e+02 5.727699658687904503e+02
5.762251781434406439e+02 5.774625515662601174e+02
5.809099356665033156e+02 5.821551113077237005e+02
5.855946931845053314e+02 5.868476452159413839e+02
5.902794507596237281e+02 5.915401535368928307e+02
5.949642084395617303e+02 5.962326362947405869e+02
5.996489660733052460e+02 6.009250939248695431e+02
6.043337235865758430e+02 6.056175263125892343e+02
6.090184812846143814e+02 6.103099338454867393e+02
6.137032388231261848e+02 6.150023165025569369e+02
6.183879964413868038e+02 6.196946745958713336e+02
6.230727539717466925e+02 6.243870081596729733e+02
6.277575115326886817e+02 6.290793173512043950e+02
6.324422690614926523e+02 6.337716023861707981e+02
6.371270266044793971e+02 6.384638635334420087e+02
6.418117841283387861e+02 6.431561007459688426e+02
6.464965418572526232e+02 6.478483142085526651e+02
6.511812995664458867e+02 6.525405042806087295e+02
6.558660571088601046e+02 6.572326710378449661e+02
6.605508148095261731e+02 6.619248143501654340e+02
6.652355724707476838e+02 6.666169346067865717e+02
6.699203299813784724e+02 6.713090318298329748e+02
6.746050876447857263e+02 6.760011064192214008e+02
6.792898454223243334e+02 6.806931583930602301e+02
6.839746029621869639e+02 6.853851876925334636e+02
6.886593607360546230e+02 6.900771947162378410e+02
6.933441182929020670e+02 6.947691793574922485e+02
6.980288758151884849e+02 6.994611418608333224e+02
7.027136333986603631e+02 7.041530824075025521e+02
7.073983909175096869e+02 7.088450012533113522e+02
7.120831485672142662e+02 7.135368984032668322e+02
7.167679062519881654e+02 7.182287740176195712e+02
7.214526640041256087e+02 7.229206282387549436e+02
7.261374216741623968e+02 7.276124609467958635e+02
7.308221792047880854e+02 7.323042725862355837e+02
7.355069367286479292e+02 7.369960631182153747e+02
7.401916943440164687e+02 7.416878327332178742e+02
7.448764519676233249e+02 7.463795814960642474e+02
7.495612095027540818e+02 7.510713096038089134e+02
