0.000000000000000000e+00 0.000000000000000000e+00
4.684757495779551029e+00 4.697988928257137431e+00
9.369514992734329084e+00 9.395902925106426551e+00
1.405427249035490433e+01 1.409374284375020636e+01
1.873902998710650891e+01 1.879150952613651171e+01
2.342378749208700839e+01 2.348920379223884680e+01
2.810854498822393310e+01 2.818682645499391981e+01
3.279330248640117418e+01 3.288437831363415853e+01
3.747805998969271002e+01 3.758186016040951927e+01
4.216281749194675399e+01 4.227927274451704420e+01
4.684757499296058825e+01 4.697661685584817803e+01
5.153233249501664659e+01 5.167389322515774808e+01
5.621708999249597838e+01 5.637110256710334966e+01
6.090184748988658470e+01 6.106824562590823291e+01
6.558660498870557376e+01 6.576532310380198965e+01
7.027136248804104923e+01 7.046233571589894495e+01
7.495611999362033373e+01 7.515928412974486150e+01
7.964087749954211404e+01 7.985616902803323569e+01
8.432563500498159215e+01 8.455299107564133010e+01
8.901039251334717051e+01 8.924975093488789923e+01
9.369515001756192873e+01 9.394644924045722689e+01
9.837990753321615500e+01 9.864308665528849929e+01
1.030646650449334629e+02 1.033396637865723164e+02
1.077494225663017460e+02 1.080361812437973157e+02
1.124341800801596492e+02 1.127326396204066583e+02
1.171189375892501943e+02 1.174290395566506788e+02
1.218036951141726831e+02 1.221253815956909108e+02
1.264884526378203873e+02 1.268216663506410242e+02
1.311732101780831101e+02 1.315178943758293144e+02
1.358579676879082285e+02 1.362140662229262489e+02
1.405427251867501468e+02 1.409101824505340801e+02
1.452274827058608935e+02 1.456062436094292138e+02
1.499122402526880933e+02 1.503022502378875913e+02
1.545969977819523535e+02 1.549982028644817547e+02
1.592817553135502635e+02 1.596941020474558854e+02
1.639665128433846348e+02 1.643899482895836002e+02
1.686512703401406839e+02 1.690857420409572285e+02
1.733360278857178685e+02 1.737814838174747365e+02
1.780207854040214954e+02 1.784771741267354628e+02
1.827055429047943562e+02 1.831728134951529796e+02
1.873903004180306198e+02 1.878684023415291904e+02
1.920750579747756888e+02 1.925639412148852898e+02
1.967598155319120394e+02 1.972594305133476382e+02
2.014445731042517878e+02 2.019548707073518585e+02
2.061293306487010568e+02 2.066502622336625450e+02
2.108140882002869603e+02 2.113456055855182569e+02
2.154988457594704983e+02 2.160409011771939163e+02
2.201836033249843467e+02 2.207361494177970371e+02
2.248683608959618141e+02 2.254313507833165602e+02
2.295531184741746529e+02 2.301265056687135200e+02
2.342378760471585224e+02 2.348216144383064261e+02
2.389226336196730358e+02 2.395166776156129913e+02
2.436073911530093596e+02 2.442116954594225433e+02
2.482921486670613263e+02 2.489066685226891877e+02
2.529769061971031761e+02 2.536015970944450260e+02
2.576616637323627970e+02 2.582964816362903093e+02
2.623464212492116303e+02 2.629913224487006573e+02
2.670311788554125201e+02 2.676861199923035883e+02
2.717159363894720627e+02 2.723808746187802967e+02
2.764006938998994087e+02 2.770755866823391216e+02
2.810854514242600999e+02 2.817702565665704242e+02
2.857702090263813943e+02 2.864648846374649906e+02
2.904549665384441823e+02 2.911594712391145094e+02
2.951397240642323823e+02 2.958540167485044776e+02
2.998244816553083751e+02 3.005485214975034864e+02
3.045092392023359480e+02 3.052429857269784179e+02
3.091939967172362458e+02 3.099374099427606666e+02
3.138787543187345364e+02 3.146317943050325994e+02
3.185635118627457132e+02 3.193261392363355071e+02
3.232482694640208933e+02 3.240204450967526100e+02
3.279330270807604393e+02 3.287147121340458398e+02
3.326177845985503154e+02 3.334089408118543929e+02
3.373025421283872447e+02 3.381031312479603912e+02
3.419872996394371967e+02 3.427972838951320682e+02
3.466720571770320589e+02 3.474913990329695253e+02
3.513568148050928812e+02 3.521854769317255887e+02
3.560415723434027768e+02 3.568795178342944610e+02
3.607263298792810815e+02 3.615735221076690209e+02
3.654110874411462646e+02 3.662674899587394748e+02
3.700958449781304580e+02 3.709614217635241857e+02
3.747806025197152735e+02 3.756553177969622652e+02
3.794653601604076698e+02 3.803491783358725797e+02
3.841501176836240461e+02 3.850430037316645553e+02
3.888348751996742294e+02 3.897367940936798050e+02
3.935196327280407900e+02 3.944305497694396081e+02
3.982043902591648248e+02 3.991242710707716128e+02
4.028891478497320122e+02 4.038179582689438121e+02
4.075739053588211505e+02 4.085116115065879967e+02
4.122586628676128271e+02 4.132052312265667524e+02
4.169434204113467217e+02 4.178988175154726150e+02
4.216281779261636302e+02 4.225923707231880257e+02
4.263129354929282044e+02 4.272858910818252980e+02
4.309976930144066500e+02 4.319793787446185434e+02
4.356824505568185373e+02 4.366728341715130455e+02
4.403672081264257940e+02 4.413662574014361439e+02
4.450519656406895592e+02 4.460596487718245271e+02
4.497367231555695639e+02 4.507530084717628256e+02
4.544214807715069355e+02 4.554463367189526366e+02
4.591062382857185185e+02 4.601396337080648209e+02
4.637909958992511861e+02 4.648328998296708505e+02
4.684757534619460557e+02 4.695261351726401244e+02
4.731605109722067937e+02 4.742193400096533651e+02
4.778452686393796967e+02 4.789125146407969851e+02
4.825300262766200490e+02 4.836056590851684973e+02
4.872147837885634090e+02 4.882987736920879343e+02
4.918995413665719525e+02 4.929918587079203007e+02
4.965842989103592799e+02 4.976849142715061589e+02
5.012690565428144964e+02 5.023779407502805157e+02
5.059538140524991832e+02 5.070709381461837211e+02
5.106385716607808263e+02 5.117639066736484210e+02
5.153233292233501288e+02 5.164568465903962533e+02
5.200080867580367112e+02 5.211497582563456490e+02
5.246928443856385229e+02 5.258426416122601950e+02
5.293776019852871286e+02 5.305354969341926790e+02
5.340623595597019175e+02 5.352283244625912175e+02
5.387471170880213549e+02 5.399211243806357743e+02
5.434318747969136894e+02 5.446138968246754075e+02
5.481166324042108045e+02 5.493066420814163848e+02
5.528013900355174428e+02 5.539993602221462652e+02
5.574861476816743107e+02 5.586920514912133058e+02
5.621709052676741294e+02 5.633847161200861819e+02
5.668556629196406220e+02 5.680773543662484144e+02
5.715404204801976675e+02 5.727699661378790097e+02
5.762251780959890084e+02 5.774625517584469208e+02
5.809099356190517938e+02 5.821551115303243478e+02
5.855946931366806893e+02 5.868476454352710334e+02
5.902794507054668429e+02 5.915401537648785961e+02
5.949642083962141896e+02 5.962326367105183635e+02
5.996489661417220987e+02 6.009250942259349131e+02
6.043337236551725482e+02 6.056175266758509679e+02
6.090184813544451572e+02 6.103099341319602900e+02
6.137032389039602549e+02 6.150023167772288843e+02
6.183879965182502474e+02 6.196946747766178305e+02
6.230727540432965270e+02 6.243870084413209725e+02
6.277575116509598274e+02 6.290793177252409123e+02
6.324422693057474589e+02 6.337716027609371849e+02
6.371270269958906738e+02 6.384638639310179542e+02
6.418117846128182009e+02 6.431561012483580271e+02
6.464965423415958412e+02 6.478483148078860268e+02
6.511813000507847846e+02 6.525405048389991407e+02
6.558660576466785415e+02 6.572326714154145293e+02
6.605508151829817507e+02 6.619248148095850866e+02
6.652355728441824567e+02 6.666169351502283007e+02
6.699203303514630079e+02 6.713090324484290932e+02
6.746050880150899047e+02 6.760011068585708927e+02
6.792898457920275632e+02 6.806931587357905755e+02
6.839746034624862432e+02 6.853851881241662340e+02
6.886593609743629258e+02 6.900771951415829335e+02
6.933441184929570227e+02 6.947691797559648421e+02
6.980288761425620123e+02 6.994611423670554586e+02
7.027136336661789073e+02 7.041530829690079827e+02
7.073983914511700277e+02 7.088450018619078037e+02
7.120831490289077692e+02 7.135368990094925721e+02
7.167679067228526719e+02 7.182287746724173303e+02
7.214526644749906836e+02 7.229206286940836890e+02
7.261374219802469270e+02 7.276124616545318986e+02
7.308221796183036076e+02 7.323042733424506423e+02
7.355069371332820083e+02 7.369960638833199482e+02
7.401916947486354275e+02 7.416878334926045682e+02
7.448764523366894537e+02 7.463795824198468836e+02
7.495612098428377976e+02 7.510713104994370042e+02
