0.000000000000000000e+00 0.000000000000000000e+00
4.594122972651097925e+00 4.606902083725735508e+00
9.188245947218925735e+00 9.213730051603365112e+00
1.378236892097011967e+01 1.382048476335098641e+01
1.837649189986366949e+01 1.842716707254518482e+01
2.297061487509668254e+01 2.303377781365336574e+01
2.756473785248770270e+01 2.764031781684934685e+01
3.215886083222269320e+01 3.224678789532913470e+01
3.675298381465709951e+01 3.685318883743251916e+01
4.134710679940602063e+01 4.145952142183541866e+01
4.594122978017272629e+01 4.606578642125387546e+01
5.053535275580561859e+01 5.067198460667032833e+01
5.512947574427765574e+01 5.527811669492843549e+01
5.972359872181618101e+01 5.988418343078137696e+01
6.431772169602903944e+01 6.449018554003038162e+01
6.891184468018103360e+01 6.909612370750906507e+01
7.350596768006451498e+01 7.370199865408690698e+01
7.810009066452131776e+01 7.830781104005924931e+01
8.269421364131295604e+01 8.291356156479625383e+01
8.728833661953889589e+01 8.751925088317695156e+01
9.188245961484916791e+01 9.212487961937154068e+01
9.647658260108704553e+01 9.673044844870216252e+01
1.010707055751475707e+02 1.013359580092510157e+02
1.056648285580342730e+02 1.059414089012628182e+02
1.102589515657509480e+02 1.105468017055562200e+02
1.148530745469089851e+02 1.151521370661539265e+02
1.194471975648116882e+02 1.197574155511300802e+02
1.240413205507085621e+02 1.243626377706043513e+02
1.286354435599300245e+02 1.289678042651394492e+02
1.332295665695862112e+02 1.335729156569742031e+02
1.378236895609966837e+02 1.381779724458182272e+02
1.424178125520560343e+02 1.427829751983393294e+02
1.470119355926883031e+02 1.473879244295280841e+02
1.516060586374120192e+02 1.519928207274133740e+02
1.562001816433462693e+02 1.565976645537817262e+02
1.607943046482090494e+02 1.612024565101761482e+02
1.653884276422430162e+02 1.658071970064436300e+02
1.699825506690760903e+02 1.704118866136778934e+02
1.745766736616067476e+02 1.750165257813883670e+02
1.791707967041642462e+02 1.796211150169101529e+02
1.837649197177261726e+02 1.842256547760893568e+02
1.883590427576424986e+02 1.888301455631919339e+02
1.929531657354367553e+02 1.934345879134846768e+02
1.975472887375328241e+02 1.980389821878677878e+02
2.021414117305829450e+02 2.026433288831598247e+02
2.067355347850559610e+02 2.072476283277067637e+02
2.113296578430794170e+02 2.118518811247921008e+02
2.159237808482592982e+02 2.164560876119709860e+02
2.205179038509204474e+02 2.210602482439757921e+02
2.251120268728320184e+02 2.256643634082869028e+02
2.297061498594524949e+02 2.302684336421748412e+02
2.343002729206762638e+02 2.348724592794816601e+02
2.388943959335177283e+02 2.394764406797587526e+02
2.434885189164932910e+02 2.440803782419084200e+02
2.480826419464755759e+02 2.486842724691636874e+02
2.526767649991597295e+02 2.532881235719441975e+02
2.572708880048710967e+02 2.578919321300011234e+02
2.618650110023971820e+02 2.624956984325008875e+02
2.664591340953652434e+02 2.670994227568465362e+02
2.710532571296761830e+02 2.717031056223817700e+02
2.756473801378062944e+02 2.763067473506146143e+02
2.802415032086997257e+02 2.809103482301716213e+02
2.848356261963106135e+02 2.855139086988968415e+02
2.894297492852169853e+02 2.901174290291668285e+02
2.940238722814377752e+02 2.947209096070243959e+02
2.986179953793921413e+02 2.993243508576707654e+02
3.032121184679169801e+02 3.039277529577487940e+02
3.078062415454851930e+02 3.085311162911303313e+02
3.124003646111644912e+02 3.131344412272370619e+02
3.169944876643288580e+02 3.177377280956608843e+02
3.215886107004437235e+02 3.223409773095058881e+02
3.261827337362108210e+02 3.269441890428263378e+02
3.307768567643817050e+02 3.315473636456158602e+02
3.353709798010310124e+02 3.361505013491828322e+02
3.399651028028500832e+02 3.407536025970063633e+02
3.445592257863575583e+02 3.453566674585030114e+02
3.491533488621382730e+02 3.499596963851621467e+02
3.537474719453146008e+02 3.545626896731572515e+02
3.583415950308869924e+02 3.591656476217805221e+02
3.629357180639493663e+02 3.637685704657440624e+02
3.675298411412306905e+02 3.683714586889799421e+02
3.721239642086109711e+02 3.729743123135897918e+02
3.767180872070971418e+02 3.775771317196458767e+02
3.813122102596829563e+02 3.821799171308655332e+02
3.859063333417681179e+02 3.867826688411606142e+02
3.905004563804778286e+02 3.913853871943700256e+02
3.950945794392991388e+02 3.959880723906072717e+02
3.996887025084562879e+02 4.005907245387659259e+02
4.042828255751891788e+02 4.051933440569856657e+02
4.088769486679499323e+02 4.097959312455587906e+02
4.134710718143692816e+02 4.143984863536655894e+02
4.180651948594731948e+02 4.190010095515725084e+02
4.226593178914677083e+02 4.236035010946092143e+02
4.272534410778546317e+02 4.282059611231640019e+02
4.318475640573396959e+02 4.328083900790541065e+02
4.364416870911795172e+02 4.374107880143068314e+02
4.410358101267700022e+02 4.420131551799654517e+02
4.456299332549194219e+02 4.466154920228590299e+02
4.502240563088449790e+02 4.512177985803176625e+02
4.548181793658388870e+02 4.558200751849769858e+02
4.594123024281096832e+02 4.604223218144389875e+02
4.640064254904149834e+02 4.650245388579328392e+02
4.686005484778774530e+02 4.696267266801476126e+02
4.731946716568788247e+02 4.742288852971097413e+02
4.777887948464165220e+02 4.788310150676798003e+02
4.823829178326967622e+02 4.834331161251612343e+02
4.869770410423590761e+02 4.880351885408506405e+02
4.915711640741664041e+02 4.926372327720437170e+02
4.961652870653223886e+02 4.972392487497083948e+02
5.007594101289322452e+02 5.018412368973176285e+02
5.053535331170705831e+02 5.064431974606314384e+02
5.099476561879070005e+02 5.110451303035497403e+02
5.145417793653696208e+02 5.156470358544524970e+02
5.191359024067224937e+02 5.202489143221594077e+02
5.237300254383736728e+02 5.248507660160869364e+02
5.283241486560974636e+02 5.294525909722192409e+02
5.329182718799187342e+02 5.340543894221560777e+02
5.375123949110122794e+02 5.386561614163356353e+02
5.421065179319646177e+02 5.432579071113389091e+02
5.467006410305475583e+02 5.478596268231401609e+02
5.512947641744959810e+02 5.524613207295184338e+02
5.558888873533264814e+02 5.570629890587630371e+02
5.604830103833337489e+02 5.616646317854792869e+02
5.650771335825957067e+02 5.662662494775545383e+02
5.696712567406366361e+02 5.708678419448755221e+02
5.742653799591381585e+02 5.754694095522825137e+02
5.788595031172693552e+02 5.800709522802796982e+02
5.834536263444147153e+02 5.846724703530248917e+02
5.880477495701281896e+02 5.892739640532702197e+02
5.926418727042498631e+02 5.938754333871298741e+02
5.972359959217099004e+02 5.984768786211658380e+02
6.018301190098882216e+02 6.030783000533964469e+02
6.064242420579953432e+02 6.076796975568362313e+02
6.110183651330160046e+02 6.122810713979281445e+02
6.156124881275158032e+02 6.168824219252765033e+02
6.202066113630032760e+02 6.214837490390732455e+02
6.248007344796266125e+02 6.260850529841475236e+02
6.293948577196397309e+02 6.306863339772253312e+02
6.339889808249288308e+02 6.352875919160092053e+02
6.385831040166738148e+02 6.398888271380623110e+02
6.431772271840873145e+02 6.444900397299470569e+02
6.477713502565638919e+02 6.490912298333362287e+02
6.523654733611581378e+02 6.536923978663303387e+02
6.569595963779656813e+02 6.582935437446024025e+02
6.615537195056524524e+02 6.628946675609777230e+02
6.661478425943489583e+02 6.674957693582698539e+02
6.707419656949859927e+02 6.720968493804991795e+02
6.753360887510264092e+02 6.766979080731454133e+02
6.799302118560121926e+02 6.812989451633056888e+02
6.845243348794904250e+02 6.858999608513208841e+02
6.891184578685981705e+02 6.905009554273884760e+02
6.937125808877594864e+02 6.951019290308777272e+02
6.983067041998726836e+02 6.997028815708706588e+02
7.029008272822071604e+02 7.043038132958238293e+02
7.074949503731638742e+02 7.089047244096237819e+02
7.120890735445016162e+02 7.135056150411647877e+02
7.166831966391498554e+02 7.181064852908871217e+02
7.212773197819285542e+02 7.227073350613155753e+02
7.258714431225706676e+02 7.273081647637570768e+02
7.304655661258072996e+02 7.319089744465934473e+02
7.350596891226673506e+02 7.365097643011213222e+02
