0.000000000000000000e+00 0.000000000000000000e+00
4.594122972625676482e+00 4.606902083722404839e+00
9.188245945764041522e+00 9.213730049944903300e+00
1.378236891886722404e+01 1.382048475995755510e+01
1.837649189208901390e+01 1.842716706696844398e+01
2.297061486539022468e+01 2.303377780947306874e+01
2.756473784950289740e+01 2.764031781260572274e+01
3.215886083045053567e+01 3.224678789246252819e+01
3.675298381311873186e+01 3.685318883604055884e+01
4.134710679767098895e+01 4.145952142560614107e+01
4.594122978168404359e+01 4.606578642725656891e+01
5.053535276122337905e+01 5.067198459995044146e+01
5.512947573486443531e+01 5.527811668814045731e+01
5.972359871039253676e+01 5.988418342209453726e+01
6.431772168942359258e+01 6.449018553977148827e+01
6.891184468315402967e+01 6.909612370722791752e+01
7.350596768261644343e+01 7.370199865453101040e+01
7.810009065871807366e+01 7.830781106333313346e+01
8.269421363239450784e+01 8.291356160198373004e+01
8.728833661080733464e+01 8.751925090888589409e+01
9.188245959332263624e+01 9.212487964798927464e+01
9.647658257254784075e+01 9.673044845992811247e+01
1.010707055842854345e+02 1.013359580160023370e+02
1.056648285671762721e+02 1.059414088992347445e+02
1.102589515553387685e+02 1.105468017126865305e+02
1.148530745661772983e+02 1.151521370951096799e+02
1.194471975514768758e+02 1.197574156059603752e+02
1.240413205378950465e+02 1.243626378285512573e+02
1.286354435165513905e+02 1.289678043386530817e+02
1.332295664914780104e+02 1.335729157239642007e+02
1.378236894827357446e+02 1.381779725124148115e+02
1.424178124909849998e+02 1.427829752598652817e+02
1.470119354982664674e+02 1.473879245148195878e+02
1.516060585340702289e+02 1.519928207800360838e+02
1.562001815143175065e+02 1.565976646669529089e+02
1.607943044944829580e+02 1.612024565671885910e+02
1.653884274881586407e+02 1.658071970533353579e+02
1.699825505000063686e+02 1.704118866222592601e+02
1.745766734836789738e+02 1.750165258046234271e+02
1.791707964646329856e+02 1.796211150678892068e+02
1.837649194602683451e+02 1.842256549008377249e+02
1.883590424546403312e+02 1.888301457625760804e+02
1.929531654455010141e+02 1.934345880383054919e+02
1.975472884335699177e+02 1.980389823039909061e+02
2.021414114660978782e+02 2.026433289973601291e+02
2.067355345139789051e+02 2.072476284407220533e+02
2.113296575056925519e+02 2.118518812266163991e+02
2.159237805123032956e+02 2.164560876671266954e+02
2.205179035032906540e+02 2.210602482945398037e+02
2.251120264944700011e+02 2.256643634671404470e+02
2.297061495279013457e+02 2.302684336122628110e+02
2.343002725892099249e+02 2.348724591761387614e+02
2.388943955919925770e+02 2.394764405172743977e+02
2.434885185929051090e+02 2.440803781446608127e+02
2.480826415817057295e+02 2.486842722715202854e+02
2.526767645680466217e+02 2.532881234114515223e+02
2.572708875501851935e+02 2.578919318686970428e+02
2.618650105319582053e+02 2.624956980654526433e+02
2.664591336122496159e+02 2.670994223865854451e+02
2.710532565974093586e+02 2.717031052542379257e+02
2.756473795929005632e+02 2.763067469053991090e+02
2.802415025787150853e+02 2.809103477824132256e+02
2.848356255820359593e+02 2.855139082690718624e+02
2.894297486014933156e+02 2.901174285974669829e+02
2.940238717080443394e+02 2.947209092935602825e+02
2.986179948070104047e+02 2.993243504578100556e+02
3.032121178953576077e+02 3.039277526734871913e+02
3.078062409728486273e+02 3.085311160061932014e+02
3.124003639524730715e+02 3.131344409814489609e+02
3.169944870050439931e+02 3.177377278497099269e+02
3.215886100729016448e+02 3.223409769929002664e+02
3.261827331082293426e+02 3.269441887250937953e+02
3.307768561428266594e+02 3.315473633290574753e+02
3.353709791806054454e+02 3.361505011032309653e+02
3.399651022269256941e+02 3.407536022654300041e+02
3.445592252859103155e+02 3.453566672554334218e+02
3.491533483049789766e+02 3.499596961857880615e+02
3.537474713891450051e+02 3.545626894753146416e+02
3.583415944730691081e+02 3.591656474870226248e+02
3.629357175538232241e+02 3.637685703532153525e+02
3.675298406302376861e+02 3.683714585085358522e+02
3.721239636984580557e+02 3.729743120604518936e+02
3.767180867104584649e+02 3.775771315336795624e+02
3.813122097814139124e+02 3.821799168996828939e+02
3.859063328650354379e+02 3.867826685887826557e+02
3.905004559260529504e+02 3.913853869431309249e+02
3.950945789435199913e+02 3.959880721388660163e+02
3.996887020920617601e+02 4.005907243379936062e+02
4.042828250886703927e+02 4.051933440146135581e+02
4.088769481991367343e+02 4.097959311517093397e+02
4.134710712344337935e+02 4.143984862686886572e+02
4.180651942801612222e+02 4.190010094865215819e+02
4.226593173048897825e+02 4.236035010393972584e+02
4.272534403278101536e+02 4.282059611527938614e+02
4.318475633543140475e+02 4.328083901030545348e+02
4.364416864146269290e+02 4.374107880080507584e+02
4.410358094513665037e+02 4.420131551625922839e+02
4.456299325802181102e+02 4.466154919761355586e+02
4.502240555764419696e+02 4.512177985086379977e+02
4.548181786394006849e+02 4.558200750671110200e+02
4.594123016530882069e+02 4.604223217726144526e+02
4.640064247161351432e+02 4.650245387902489256e+02
4.686005478534473809e+02 4.696267264370067096e+02
4.731946708481784754e+02 4.742288850522268717e+02
4.777887938734426143e+02 4.788310146676559498e+02
4.823829168726954322e+02 4.834331157214718360e+02
4.869770399376560590e+02 4.880351882045065963e+02
4.915711629694058047e+02 4.926372324465738757e+02
4.961652861057239079e+02 4.972392484218885897e+02
5.007594090936927387e+02 5.018412365792942182e+02
5.053535321269605447e+02 5.064431969503667688e+02
5.099476551986577988e+02 5.110451298431605096e+02
5.145417783761092778e+02 5.156470353924462415e+02
5.191359014476904576e+02 5.202489138599261196e+02
5.237300244589093836e+02 5.248507654006941721e+02
5.283241476869865210e+02 5.294525903463347731e+02
5.329182706722742751e+02 5.340543886639969742e+02
5.375123937699496537e+02 5.386561607277885741e+02
5.421065167909232514e+02 5.432579064458154789e+02
5.467006397809210512e+02 5.478596263302400757e+02
5.512947627703319995e+02 5.524613202061389075e+02
5.558888857603794804e+02 5.570629885353515647e+02
5.604830089088592331e+02 5.616646312712517783e+02
5.650771319214277355e+02 5.662662489847671168e+02
5.696712550904551335e+02 5.708678413529528370e+02
5.742653782217312255e+02 5.754694088000082957e+02
5.788595013795812747e+02 5.800709514850373125e+02
5.834536246447734129e+02 5.846724695910017999e+02
5.880477478713011124e+02 5.892739634045681214e+02
5.926418710770669804e+02 5.938754327352340852e+02
5.972359940924225157e+02 5.984768778787325800e+02
6.018301171815478483e+02 6.030782992271508647e+02
6.064242404202764192e+02 6.076796968726796422e+02
6.110183634128137555e+02 6.122810708872696068e+02
6.156124866883487812e+02 6.168824212960680597e+02
6.202066099237773642e+02 6.214837483468058963e+02
6.248007331935732509e+02 6.260850521530069273e+02
6.293948564332913520e+02 6.306863331413217111e+02
6.339889794492966075e+02 6.352875910809600555e+02
6.385831027011031438e+02 6.398888262711748212e+02
6.431772257255679506e+02 6.444900389688677933e+02
6.477713488609958858e+02 6.490912292102816536e+02
6.523654720963473892e+02 6.536923972495092130e+02
6.569595953076213846e+02 6.582935429125366227e+02
6.615537185789345358e+02 6.628946665786580752e+02
6.661478415894175669e+02 6.674957683276475109e+02
6.707419648779567751e+02 6.720968483850779194e+02
6.753360879007407220e+02 6.766979070431032142e+02
6.799302109703454562e+02 6.812989442045898159e+02
6.845243339816418029e+02 6.858999601609197043e+02
6.891184570431868224e+02 6.905009549182734645e+02
6.937125800595522378e+02 6.951019283769583126e+02
6.983067032905642009e+02 6.997028809542389354e+02
7.029008263787432043e+02 7.043038127791487568e+02
7.074949494694860732e+02 7.089047238843425021e+02
7.120890726405197029e+02 7.135056143322548223e+02
7.166831957716597117e+02 7.181064845806208723e+02
7.212773188240485069e+02 7.227073343459665011e+02
7.258714421654302669e+02 7.273081641535520703e+02
7.304655652778476451e+02 7.319089737347965183e+02
7.350596886182991057e+02 7.365097633098488359e+02
