0.000000000000000000e+00 0.000000000000000000e+00
4.594122972908314395e+00 4.606902083735497477e+00
9.188245946044270696e+00 9.213730049934156341e+00
1.378236892102910005e+01 1.382048475934896459e+01
1.837649189383300552e+01 1.842716706639480861e+01
2.297061486689159437e+01 2.303377781313457007e+01
2.756473784393269355e+01 2.764031781859341308e+01
3.215886081922730000e+01 3.224678789819510882e+01
3.675298380160295153e+01 3.685318883887944708e+01
4.134710678628879066e+01 4.145952142046848365e+01
4.594122977539409192e+01 4.606578643253061500e+01
5.053535275450650488e+01 5.067198460518036285e+01
5.512947575128876565e+01 5.527811669715935494e+01
5.972359874173152150e+01 5.988418343228625673e+01
6.431772172005572941e+01 6.449018554384521451e+01
6.891184469466278983e+01 6.909612371143568055e+01
7.350596768771774236e+01 7.370199865722267418e+01
7.810009066928074617e+01 7.830781105229800687e+01
8.269421365160619075e+01 8.291356157035410490e+01
8.728833663523084851e+01 8.751925087501865619e+01
9.188245961784815563e+01 9.212487962286854781e+01
9.647658263276693447e+01 9.673044844491680294e+01
1.010707056309948086e+02 1.013359580108092501e+02
1.056648286528526626e+02 1.059414088861113044e+02
1.102589516776874063e+02 1.105468016939912417e+02
1.148530746619174181e+02 1.151521370360740235e+02
1.194471976380449973e+02 1.197574155179140405e+02
1.240413206243995603e+02 1.243626377109019359e+02
1.286354436464283992e+02 1.289678042495604586e+02
1.332295666285197058e+02 1.335729156190542426e+02
1.378236896578026176e+02 1.381779724090712875e+02
1.424178126925168613e+02 1.427829751812147947e+02
1.470119356865878331e+02 1.473879244103862902e+02
1.516060587221660114e+02 1.519928206731393061e+02
1.562001817178113470e+02 1.565976645295081084e+02
1.607943047225765554e+02 1.612024564262361253e+02
1.653884277565294951e+02 1.658071969319109940e+02
1.699825507705442078e+02 1.704118865023610851e+02
1.745766737506040442e+02 1.750165256633053730e+02
1.791707967813937330e+02 1.796211149135291691e+02
1.837649197849868301e+02 1.842256547607298671e+02
1.883590427951507991e+02 1.888301455680790752e+02
1.929531657860487712e+02 1.934345878556976288e+02
1.975472887927027159e+02 1.980389820918324517e+02
2.021414117857360111e+02 2.026433287061678357e+02
2.067355348336121779e+02 2.072476281745236406e+02
2.113296578636771414e+02 2.118518809630039641e+02
2.159237808476642044e+02 2.164560874456378770e+02
2.205179039029309251e+02 2.210602480796239320e+02
2.251120268999399912e+02 2.256643632743582089e+02
2.297061499292483404e+02 2.302684334221032714e+02
2.343002729114866156e+02 2.348724589727314367e+02
2.388943959282670448e+02 2.394764403883234252e+02
2.434885189798212366e+02 2.440803780176429996e+02
2.480826419686605107e+02 2.486842721505582290e+02
2.526767650474749871e+02 2.532881232402322667e+02
2.572708880446271564e+02 2.578919317997688267e+02
2.618650110286968129e+02 2.624956980142659404e+02
2.664591340708349207e+02 2.670994224345994326e+02
2.710532571671744222e+02 2.717031053002307317e+02
2.756473801790377820e+02 2.763067470574331423e+02
2.802415031752493064e+02 2.809103480152592169e+02
2.848356262696968315e+02 2.855139084785508885e+02
2.894297492958543785e+02 2.901174287854149725e+02
2.940238723844524316e+02 2.947209094676080667e+02
2.986179954829947292e+02 2.993243506546576214e+02
3.032121185712578608e+02 3.039277527465428648e+02
3.078062416487322253e+02 3.085311160881356614e+02
3.124003647146568028e+02 3.131344410917138248e+02
3.169944877671553058e+02 3.177377279286266685e+02
3.215886108060642528e+02 3.223409771414171701e+02
3.261827338411858364e+02 3.269441887936560533e+02
3.307768568746234905e+02 3.315473633980644763e+02
3.353709799563216620e+02 3.361505011752816472e+02
3.399651030018343363e+02 3.407536024301558655e+02
3.445592260427218889e+02 3.453566673026709850e+02
3.491533491179065436e+02 3.499596962677791225e+02
3.537474722026975087e+02 3.545626896425446262e+02
3.583415952879067845e+02 3.591656475932419994e+02
3.629357183673020018e+02 3.637685704722636046e+02
3.675298414436431926e+02 3.683714585430392390e+02
3.721239645113318488e+02 3.729743121000422548e+02
3.767180876070340219e+02 3.775771314912619800e+02
3.813122106678960108e+02 3.821799168466535548e+02
3.859063337498105852e+02 3.867826685512010840e+02
3.905004567471873429e+02 3.913853869330163775e+02
3.950945797393079602e+02 3.959880721195742126e+02
3.996887029068350330e+02 4.005907243918782683e+02
4.042828259484074351e+02 4.051933439174886757e+02
4.088769490412173582e+02 4.097959311611821249e+02
4.134710720779093549e+02 4.143984862345379270e+02
4.180651951233670616e+02 4.190010092915710516e+02
4.226593181480604926e+02 4.236035008370437254e+02
4.272534412743202665e+02 4.282059608381990188e+02
4.318475642994691270e+02 4.328083897689688797e+02
4.364416873607089542e+02 4.374107876339380709e+02
4.410358104505635310e+02 4.420131549750586828e+02
4.456299335790107534e+02 4.466154917839897962e+02
4.502240567146521926e+02 4.512177983393600016e+02
4.548181798469692012e+02 4.558200747871109115e+02
4.594123029034070669e+02 4.604223215509684337e+02
4.640064259664896440e+02 4.650245387157530104e+02
4.686005489770922168e+02 4.696267263946111825e+02
4.731946720572436789e+02 4.742288850153253748e+02
4.777887951008324308e+02 4.788310147289259930e+02
4.823829180906126339e+02 4.834331157882276671e+02
4.869770411184000523e+02 4.880351881160808034e+02
4.915711641508565322e+02 4.926372323620136058e+02
4.961652871396121327e+02 4.972392483426808099e+02
5.007594101379589802e+02 5.018412364863145285e+02
5.053535331665722197e+02 5.064431970199845523e+02
5.099476562357820058e+02 5.110451298879331716e+02
5.145417794133986717e+02 5.156470354346211025e+02
5.191359024745656825e+02 5.202489139030420802e+02
5.237300255563142173e+02 5.248507655976654860e+02
5.283241486801266547e+02 5.294525904382737735e+02
5.329182719092266325e+02 5.340543886381141192e+02
5.375123949407119426e+02 5.386561605886980715e+02
5.421065180140349185e+02 5.432579064514239917e+02
5.467006410530033236e+02 5.478596261801014862e+02
5.512947641792800368e+02 5.524613200440326182e+02
5.558888873588707611e+02 5.570629884211837179e+02
5.604830105081100555e+02 5.616646312398522696e+02
5.650771335005589435e+02 5.662662487520512968e+02
5.696712566678231724e+02 5.708678411113024822e+02
5.742653798864846522e+02 5.754694087661260937e+02
5.788595029186901684e+02 5.800709515081482550e+02
5.834536261459760453e+02 5.846724695816564008e+02
5.880477493727195224e+02 5.892739631977001409e+02
5.926418723932922603e+02 5.938754324998205902e+02
5.972359954050871238e+02 5.984768778543362941e+02
6.018301184942221198e+02 6.030782992065090866e+02
6.064242415423142347e+02 6.076796968238272711e+02
6.110183645358001741e+02 6.122810706656823641e+02
6.156124876686465086e+02 6.168824211284286321e+02
6.202066109043296365e+02 6.214837482257890997e+02
6.248007340021969185e+02 6.260850521712335421e+02
6.293948572421004428e+02 6.306863331641663990e+02
6.339889802740110554e+02 6.352875910841280529e+02
6.385831033379424753e+02 6.398888264565846384e+02
6.431772264832031851e+02 6.444900392357542387e+02
6.477713495431405590e+02 6.490912294031255669e+02
6.523654725626333857e+02 6.536923973292293795e+02
6.569595955849334814e+02 6.582935430369710730e+02
6.615537187772599736e+02 6.628946666857725631e+02
6.661478418093639675e+02 6.674957684246398912e+02
6.707419647908385514e+02 6.720968484907734819e+02
6.753360878204617848e+02 6.766979070358037234e+02
6.799302108876152033e+02 6.812989441671331861e+02
6.845243338902281494e+02 6.858999598624402552e+02
6.891184570798827735e+02 6.905009546233455922e+02
6.937125803451282309e+02 6.951019280945106402e+02
6.983067035747444606e+02 6.997028808434305347e+02
7.029008266623078498e+02 7.043038125430675791e+02
7.074949497531129055e+02 7.089047236498493021e+02
7.120890727756252545e+02 7.135056140987062463e+02
7.166831958704008230e+02 7.181064841229222111e+02
7.212773188837948055e+02 7.227073338969275937e+02
7.258714422246009690e+02 7.273081634831728479e+02
7.304655652278045181e+02 7.319089730799246354e+02
7.350596885673141969e+02 7.365097627752782046e+02
