0.000000000000000000e+00 0.000000000000000000e+00
4.536394141643174116e+00 4.565715165579153023e+00
9.072788318744954950e+00 9.131059225122818646e+00
1.360918250099533999e+01 1.369604156433033459e+01
1.814557671977027198e+01 1.826067118850983917e+01
2.268197097915890481e+01 2.282495686508830346e+01
2.721836519202244631e+01 2.738890683870761222e+01
3.175475953603827861e+01 3.195252918597140734e+01
3.629115414772864767e+01 3.651583196189346836e+01
4.082754871889476789e+01 4.107882248851274198e+01
4.536394301783455774e+01 4.564150803074476670e+01
4.990033733030599450e+01 5.020389534333658332e+01
5.443673170048556642e+01 5.476599167202918750e+01
5.897312608426734215e+01 5.932780330537715940e+01
6.350952047952271329e+01 6.388933735607262321e+01
6.804591485450211508e+01 6.845059830162217906e+01
7.258230926767183178e+01 7.301159294227636565e+01
7.711870376110690017e+01 7.757232690470269176e+01
8.165509820555234910e+01 8.213280569843388434e+01
8.619149321759502413e+01 8.669303471706521691e+01
9.072788770359198907e+01 9.125301862747795667e+01
9.526428215895404605e+01 9.581276349631352218e+01
9.980067688933803538e+01 1.003722736660721608e+02
1.043370718953650851e+02 1.049315539223521370e+02
1.088734664385696647e+02 1.094906082216077721e+02
1.134098610040552728e+02 1.140494421159463343e+02
1.179462553109929104e+02 1.186080596510754077e+02
1.224826498385239688e+02 1.231664646233204365e+02
1.270190443986408866e+02 1.277246612527155776e+02
1.315554386364770778e+02 1.322826535874034164e+02
1.360918332874766463e+02 1.368404452993985103e+02
1.406282282872498968e+02 1.413980405902260600e+02
1.451646230022393524e+02 1.459554428233276724e+02
1.497010178182212030e+02 1.505126549629625288e+02
1.542374124873288679e+02 1.550696811479933217e+02
1.587738072543210421e+02 1.596265242111045666e+02
1.633102019876650672e+02 1.641831875172455284e+02
1.678465972522616880e+02 1.687396749577087007e+02
1.723829922182906103e+02 1.732959886842431843e+02
1.769193881046613797e+02 1.778521319271375773e+02
1.814557837300655478e+02 1.824081078140582122e+02
1.859921782056093207e+02 1.869639191939740499e+02
1.905285731268116933e+02 1.915195686196939562e+02
1.950649679734039523e+02 1.960750589998942814e+02
1.996013629491443453e+02 2.006303916929084039e+02
2.041377578054413391e+02 2.051855716855170044e+02
2.086741527658890050e+02 2.097406002948618209e+02
2.132105474771123568e+02 2.142954800239009785e+02
2.177469433741859461e+02 2.188502134251667712e+02
2.222833398135142318e+02 2.234048023640810641e+02
2.268197352710249106e+02 2.279592494050388609e+02
2.313561313577447720e+02 2.325135567827885552e+02
2.358925272745152313e+02 2.370677250970882142e+02
2.404289223220046665e+02 2.416217594791400813e+02
2.449653174293704012e+02 2.461756605811728491e+02
2.495017118541369996e+02 2.507294305497675282e+02
2.540381069391360711e+02 2.552830710681367350e+02
2.585745018955748264e+02 2.598365842053793813e+02
2.631108970061808918e+02 2.643899701059780796e+02
2.676472922246898634e+02 2.689432340110338373e+02
2.721836874037495022e+02 2.734963762397039773e+02
2.767200827195875377e+02 2.780493981888256485e+02
2.812564779161924093e+02 2.826023025221008993e+02
2.857928727524177930e+02 2.871550895751659027e+02
2.903292673997715383e+02 2.917077616213010742e+02
2.948656617597222294e+02 2.962603202664453192e+02
2.994020572986523234e+02 3.008127671024701044e+02
3.039384525360754878e+02 3.053651038806693236e+02
3.084748478393997289e+02 3.099173317409167794e+02
3.130112436223981831e+02 3.144694523830847857e+02
3.175476405287229227e+02 3.190214673539735486e+02
3.220840351111576183e+02 3.235733779238254897e+02
3.266204305604297815e+02 3.281251855680637846e+02
3.311568265705822114e+02 3.326768912819828756e+02
3.356932237297586425e+02 3.372284971353617493e+02
3.402296202408114141e+02 3.417800041017709418e+02
3.447660165424738352e+02 3.463314135879966216e+02
3.493024109788302667e+02 3.508827267902046287e+02
3.538388063633971115e+02 3.554339447399763685e+02
3.583752019326954041e+02 3.599850666014198168e+02
3.629115974387046890e+02 3.645360983312518783e+02
