0.000000000000000000e+00 0.000000000000000000e+00
4.574996842230382832e+00 4.601700228761302469e+00
9.149993689378653983e+00 9.203075798493015824e+00
1.372499056061999312e+01 1.380413479730777837e+01
1.829998742998657946e+01 1.840488463729764135e+01
2.287498432240575852e+01 2.300533260245165224e+01
2.744998127221964523e+01 2.760548601453097817e+01
3.202497816172301270e+01 3.220535162458457989e+01
3.659997541521971698e+01 3.680493562555746223e+01
4.117497234830237574e+01 4.140424457025208227e+01
4.574996930531486328e+01 4.600328473425086884e+01
5.032496627155100555e+01 5.060206221507549884e+01
5.489996319234818145e+01 5.520058274166356682e+01
5.947496071283991625e+01 5.979885180094415631e+01
6.404995770219053952e+01 6.439687516673836853e+01
6.862495466614217321e+01 6.899465703034306330e+01
7.319995165294119488e+01 7.359220305730480050e+01
7.777494867200884698e+01 7.818951823896881592e+01
8.234994567069571758e+01 8.278660737791588531e+01
8.692494304640052860e+01 8.738347480038720505e+01
9.149994024074021581e+01 9.198012543084587378e+01
9.607493724589750173e+01 9.657656409258378005e+01
1.006499343606386958e+02 1.011727932510075050e+02
1.052249319457287555e+02 1.057688177435468191e+02
1.097999289966292622e+02 1.103646422395487718e+02
1.143749260822610694e+02 1.149602698687648967e+02
1.189499230704159913e+02 1.195557048362144741e+02
1.235249200762417985e+02 1.241509497498971086e+02
1.280999175552868223e+02 1.287460087530087662e+02
1.326749144147861728e+02 1.333408855502248684e+02
1.372499115492715021e+02 1.379355836128816293e+02
1.418249087593987383e+02 1.425301055039321341e+02
1.463999064115599822e+02 1.471244554048736290e+02
1.509749035292012422e+02 1.517186350183278591e+02
1.555499005421213496e+02 1.563126480941212151e+02
1.601248977437016094e+02 1.609064982933045371e+02
1.646998951498966335e+02 1.655001883244351006e+02
1.692748927280792373e+02 1.700937199490322200e+02
1.738498912255762434e+02 1.746870949204153192e+02
1.784248886304297343e+02 1.792803172295178626e+02
1.829998865829436454e+02 1.838733902278482049e+02
1.875748842497886812e+02 1.884663145199872361e+02
1.921498830605037256e+02 1.930590952003845757e+02
1.967248800935269344e+02 1.976517316171613743e+02
2.012998773933029497e+02 2.022442270451697368e+02
2.058748746850654356e+02 2.068365841525869655e+02
2.104498730061517335e+02 2.114288048567534588e+02
2.150248704559205635e+02 2.160208921440196264e+02
2.195998677271402642e+02 2.206128471437529583e+02
2.241748665625897843e+02 2.252046725805455480e+02
2.287498638646478071e+02 2.297963699568087463e+02
2.333248613540864085e+02 2.343879421143195714e+02
2.378998590254402075e+02 2.389793905299490007e+02
2.424748563045270942e+02 2.435707159447150616e+02
2.470498540144593562e+02 2.481619208322576640e+02
2.516248514331679189e+02 2.527530074266546194e+02
2.561998488144562884e+02 2.573439775746255123e+02
2.607748458520528629e+02 2.619348341921418637e+02
2.653498456150679203e+02 2.665255756295440506e+02
2.699248451812871963e+02 2.711162053399120850e+02
2.744998420561420289e+02 2.757067250184435352e+02
2.790748394480783645e+02 2.802971370678492349e+02
2.836498376726734136e+02 2.848874412523674664e+02
2.882248349381550838e+02 2.894776398817531913e+02
2.927998327852754414e+02 2.940677338518619308e+02
2.973748320402353329e+02 2.986577269217583535e+02
3.019498295354949278e+02 3.032476179205864355e+02
3.065248274080424267e+02 3.078374096606770536e+02
3.110998252764425160e+02 3.124271026966594036e+02
3.156748234779911968e+02 3.170166977344215411e+02
3.202498206646340009e+02 3.216061994080192790e+02
3.248248177233168121e+02 3.261956048894357991e+02
3.293998146067434050e+02 3.307849160241022446e+02
3.339748122765843164e+02 3.353741356340468656e+02
3.385498096289434216e+02 3.399632637011992529e+02
3.431248066132324084e+02 3.445523030173080770e+02
3.476998043500101403e+02 3.491412526612926968e+02
3.522748013657334241e+02 3.537301164191972020e+02
3.568497982196022349e+02 3.583188944902288426e+02
3.614247980863010525e+02 3.629075865085593477e+02
3.659997949878493273e+02 3.674961925909707361e+02
