0.000000000000000000e+00 0.000000000000000000e+00
4.662143789500347246e+00 4.680499293279294371e+00
9.324287579339616272e+00 9.360844938699310447e+00
1.398643136891901406e+01 1.404103954002865606e+01
1.864857516744373100e+01 1.872108561747433697e+01
2.331071897195856479e+01 2.340098562308925523e+01
2.797286276205067423e+01 2.808074196379157073e+01
3.263500657182602538e+01 3.276035698680577468e+01
3.729715036227281644e+01 3.743983295422608393e+01
4.195929417382002669e+01 4.211917210471227691e+01
4.662143796435555032e+01 4.679837662911517526e+01
5.128358175798152274e+01 5.147744863320640007e+01
5.594572556460417445e+01 5.615639018651042846e+01
6.060786935597668901e+01 6.083520331260898217e+01
6.527001319302593174e+01 6.551389001597249262e+01
6.993215702713075643e+01 7.019245219287249427e+01
7.459430082445179266e+01 7.487089177954189267e+01
7.925644464721835902e+01 7.954921059090165159e+01
8.391858846968949592e+01 8.422741043249878601e+01
8.858073229593047415e+01 8.890549306882743963e+01
9.324287609957714551e+01 9.358346019290875972e+01
9.790501991207429455e+01 9.826131354770026860e+01
1.025671637151528586e+02 1.029390547266528984e+02
1.072293075145523744e+02 1.076166854444130365e+02
1.118914513305921332e+02 1.122942071417336081e+02
1.165535951813499480e+02 1.169716215118881735e+02
1.212157389757751531e+02 1.216489299370360726e+02
1.258778827931255648e+02 1.263261339737753985e+02
1.305400266620125080e+02 1.310032350280659159e+02
1.352021704566143967e+02 1.356802345140462478e+02
1.398643142976452225e+02 1.403571338622011808e+02
1.445264581624149969e+02 1.450339344298533888e+02
1.491886020490125588e+02 1.497106375540899421e+02
1.538507459285494861e+02 1.543872445640917306e+02
1.585128898134869928e+02 1.590637567367296583e+02
1.631750336347018902e+02 1.637401752327610893e+02
1.678371775290138714e+02 1.684165013747181661e+02
1.724993214287776482e+02 1.730927363110887995e+02
1.771614653233410763e+02 1.777688812519984083e+02
1.818236092106585033e+02 1.824449374432278148e+02
1.864857530878916805e+02 1.871209058673817367e+02
1.911478969572614233e+02 1.917967877752740833e+02
1.958100408216959352e+02 1.964725841224966985e+02
2.004721846783264709e+02 2.011482961519214996e+02
2.051343285317658456e+02 2.058239248406326283e+02
2.097964723829384468e+02 2.104994711524324771e+02
2.144586162805015306e+02 2.151749361238879032e+02
2.191207602260197405e+02 2.198503208323456874e+02
2.237829040244611463e+02 2.245256262594469376e+02
2.284450479023123535e+02 2.292008532436441044e+02
2.331071918443538493e+02 2.338760027345640822e+02
2.377693356857800211e+02 2.385510757604146477e+02
2.424314795535569544e+02 2.432260731694297533e+02
2.470936234431155185e+02 2.479009960133327581e+02
2.517557672708304040e+02 2.525758449390279452e+02
2.564179110959667014e+02 2.572506209039491978e+02
2.610800549139677855e+02 2.619253246760054026e+02
2.657421987646349635e+02 2.665999571670110981e+02
2.704043426998542259e+02 2.712745191892378216e+02
2.750664865048149750e+02 2.759490115305540030e+02
2.797286303377171635e+02 2.806234349942817516e+02
2.843907742483079346e+02 2.852977904718214859e+02
2.890529181995941599e+02 2.899720786649704678e+02
2.937150620981102520e+02 2.946463002669268576e+02
2.983772058995144789e+02 2.993204559288168980e+02
3.030393498099701333e+02 3.039945465071406261e+02
3.077014937020081788e+02 3.086685726763036541e+02
3.123636375199890836e+02 3.133425351695767631e+02
3.170257814168195978e+02 3.180164346666326765e+02
3.216879252581920809e+02 3.226902718552302076e+02
3.263500691075358304e+02 3.273640473534038620e+02
3.310122130713049273e+02 3.320377616673497414e+02
3.356743570686418252e+02 3.367114156226405157e+02
3.403365008644816498e+02 3.413850098774543085e+02
3.449986448701411064e+02 3.460585450389271500e+02
3.496607888344751700e+02 3.507320216974750338e+02
3.543229326542682429e+02 3.554054404235500897e+02
3.589850765325853672e+02 3.600788019187446025e+02
3.636472203774699210e+02 3.647521067546044833e+02
3.683093641925898964e+02 3.694253555098160859e+02
3.729715080836472794e+02 3.740985487841035138e+02
3.776336519110646464e+02 3.787716870232191013e+02
3.822957958736654973e+02 3.834447707796893496e+02
3.869579397201358120e+02 3.881178005781455340e+02
3.916200837999788291e+02 3.927907772942436395e+02
3.962822278877074496e+02 3.974637011095723551e+02
4.009443718454174359e+02 4.021365727271027595e+02
4.056065159261818849e+02 4.068093923132622649e+02
4.102686598548851862e+02 4.114821606964679859e+02
4.149308037804353262e+02 4.161548782449485770e+02
4.195929477682610695e+02 4.208275454776631932e+02
4.242550915793268587e+02 4.255001630432190041e+02
4.289172354364477542e+02 4.301727310922032075e+02
4.335793792656788810e+02 4.348452505599176448e+02
4.382415230806416275e+02 4.395177216610672986e+02
4.429036669756894185e+02 4.441901446439867414e+02
4.475658110247235300e+02 4.488625201194286092e+02
