0.000000000000000000e+00 0.000000000000000000e+00
4.655116608398135014e+00 4.680499297472743514e+00
9.310233216934637568e+00 9.360706469417767295e+00
1.396534982548879178e+01 1.404062826473055736e+01
1.862046643440894300e+01 1.872027118565643988e+01
2.327558304697913272e+01 2.339964150328218295e+01
2.793069966007509919e+01 2.807874529497788529e+01
3.258581628190045620e+01 3.275758844161972405e+01
3.724093289320057920e+01 3.743617660103767264e+01
4.189604950665051319e+01 4.211451527930501015e+01
4.655116611565659213e+01 4.679260979703036583e+01
5.120628272609275200e+01 5.147046530608105996e+01
5.586139934995613032e+01 5.614808677367328471e+01
6.051651598180880143e+01 6.082547906149362404e+01
6.517163259480651050e+01 6.550264686217403209e+01
6.982674924327989174e+01 7.017959468127222067e+01
7.448186585429199624e+01 7.485632695173086404e+01
7.913698247194403734e+01 7.953284793766539451e+01
8.379209911359782836e+01 8.420916178309600753e+01
8.844721575942517688e+01 8.888527250554113834e+01
9.310233237602295731e+01 9.356118402584417026e+01
9.775744899993092929e+01 9.823690017006695996e+01
1.024125656125696082e+02 1.029124245900408425e+02
1.070676822559642289e+02 1.075877608404790067e+02
1.117227988959890013e+02 1.122629124858893022e+02
1.163779155084854438e+02 1.169378828707008040e+02
1.210330321640726652e+02 1.216126752829886470e+02
1.256881488350199447e+02 1.262872929501907322e+02
1.303432654708896337e+02 1.309617390127039869e+02
1.349983821406675588e+02 1.356360164865214983e+02
1.396534987959271632e+02 1.403101283124752854e+02
1.443086154599921258e+02 1.449840773849769562e+02
1.489637321704851161e+02 1.496578664644329137e+02
1.536188488141520452e+02 1.543314983712216986e+02
1.582739654478622811e+02 1.590049757435268702e+02
1.629290821309268154e+02 1.636783011241631982e+02
1.675841988469739192e+02 1.683514771336863021e+02
1.722393155654159500e+02 1.730245061289810451e+02
1.768944322731033481e+02 1.776973905692991593e+02
1.815495489806623368e+02 1.823701329017700630e+02
1.862046656776998361e+02 1.870427353177275336e+02
1.908597823596886087e+02 1.917151999599233818e+02
1.955148990387702383e+02 1.963875291737990949e+02
2.001700157123464123e+02 2.010597249977901981e+02
2.048251323830599233e+02 2.057317895151714424e+02
2.094802490532898958e+02 2.104037248943972713e+02
2.141353657513982114e+02 2.150755330241174192e+02
2.187904824395124024e+02 2.197472158029997900e+02
2.234455991920069664e+02 2.244187750812440640e+02
2.281007158951768474e+02 2.290902128242492495e+02
2.327558325494891278e+02 2.337615307755535525e+02
2.374109492065262259e+02 2.384327307428604854e+02
2.420660658696753558e+02 2.431038144410563291e+02
2.467211825374144496e+02 2.477747836368655783e+02
2.513762991845675856e+02 2.524456398619124684e+02
2.560314158410774326e+02 2.571163848383391723e+02
2.606865324773565931e+02 2.617870200611291125e+02
2.653416491351982813e+02 2.664575471318578366e+02
2.699967657530035012e+02 2.711279675645413363e+02
2.746518825561956874e+02 2.757982828688162726e+02
2.793069991860774053e+02 2.804684945590851157e+02
2.839621158533263383e+02 2.851386040761087770e+02
2.886172325563198342e+02 2.898086126996197436e+02
2.932723491730153000e+02 2.944785217980500533e+02
2.979274658918375280e+02 2.991483327418217186e+02
3.025825827039171827e+02 3.038180468538026844e+02
3.072376993247056589e+02 3.084876654216793668e+02
3.118928160815725050e+02 3.131571897150598716e+02
3.165479327013197235e+02 3.178266209836648386e+02
3.212030493223048779e+02 3.224959604316499053e+02
3.258581661700322343e+02 3.271652092267150920e+02
3.305132830039026430e+02 3.318343683695451318e+02
3.351683998197715368e+02 3.365034391811745422e+02
3.398235166325255250e+02 3.411724227776061298e+02
3.444786333325859005e+02 3.458413202950657706e+02
3.491337501222673154e+02 3.505101327423740258e+02
3.537888668368603931e+02 3.551788611782437215e+02
3.584439834636191335e+02 3.598475067358450588e+02
3.630991000776431861e+02 3.645160703628127976e+02
3.677542167944346829e+02 3.691845530784821676e+02
3.724093334755652904e+02 3.738529558663303760e+02
3.770644501683397039e+02 3.785212797136784957e+02
3.817195669082955760e+02 3.831895255168025187e+02
3.863746835613670783e+02 3.878576941303344370e+02
3.910298004480861209e+02 3.925257866012349837e+02
3.956849171318006029e+02 3.971938040121134463e+02
4.003400337738897861e+02 4.018617467323597907e+02
4.049951504757145813e+02 4.065296161472555809e+02
4.096502671124580957e+02 4.111974128593881801e+02
4.143053837554343772e+02 4.158651375453321748e+02
4.189605003892568789e+02 4.205327911688430049e+02
4.236156170364112654e+02 4.252003746295018232e+02
4.282707336726670633e+02 4.298678887053830522e+02
4.329258503738038826e+02 4.345353340654390877e+02
4.375809670075662439e+02 4.392027115815202478e+02
4.422360837209981810e+02 4.438700220066401130e+02
4.468912005515137480e+02 4.485372660034667547e+02
