0.000000000000000000e+00 0.000000000000000000e+00
4.654774611036000209e+00 4.680499297703802242e+00
9.309549222338237229e+00 9.360698366224562861e+00
1.396432384032500984e+01 1.404060423731007745e+01
1.861909845545647002e+01 1.872022368203809606e+01
2.327387306968363845e+01 2.339956322849395320e+01
2.792864768170714385e+01 2.807862920358348191e+01
3.258342230547650331e+01 3.275742770251886782e+01
3.723819693815811149e+01 3.743596465058582368e+01
4.189297156578631132e+01 4.211424572849648484e+01
4.654774619155134729e+01 4.679227648870666201e+01
5.120252080453425236e+01 5.147006227139183920e+01
5.585729543252569584e+01 5.614760823429981684e+01
6.051207006213876127e+01 6.082491939377770507e+01
6.516684467673835002e+01 6.550200063947077922e+01
6.982161928919926197e+01 7.017885664246999511e+01
7.447639390650206792e+01 7.485549198248301650e+01
7.913116852316871075e+01 7.953191109527679714e+01
8.378594316682067245e+01 8.420811826391042132e+01
8.844071781601428484e+01 8.888411764384269986e+01
9.309549243517363948e+01 9.355991332608044786e+01
9.775026704826881030e+01 9.823550921809734859e+01
1.024050416745338907e+02 1.029109090710179117e+02
1.070598163207347966e+02 1.075861166634309143e+02
1.117145909346154440e+02 1.122611355692488360e+02
1.163693655531602644e+02 1.169359693369765552e+02
1.210241402108718489e+02 1.216106213071394251e+02
1.256789148608442019e+02 1.262850948361102184e+02
1.303336894816401923e+02 1.309593931060838088e+02
1.349884641722503602e+02 1.356335192769480500e+02
1.396432387877475776e+02 1.403074763732062138e+02
1.442980134354274924e+02 1.449812674195421778e+02
1.489527881347547407e+02 1.496548953099866992e+02
1.536075628231857593e+02 1.543283628482327572e+02
1.582623374464534152e+02 1.590016727394418012e+02
1.629171121067217314e+02 1.636748276234326340e+02
1.675718868262436274e+02 1.683478302370517667e+02
1.722266615427254237e+02 1.730206829731072276e+02
1.768814362546290795e+02 1.776933884389071068e+02
1.815362109587749444e+02 1.823659490421082978e+02
1.861909856533919765e+02 1.870383670851682609e+02
1.908457603444909410e+02 1.917106448783772521e+02
1.955005350280918890e+02 1.963827845945505146e+02
2.001553097556658827e+02 2.010547884814002373e+02
2.048100844270612697e+02 2.057266587841523631e+02
2.094648591614255508e+02 2.103983974985233942e+02
2.141196338596591886e+02 2.150700065385609605e+02
2.187744085730749930e+02 2.197414881434451104e+02
2.234291831980511063e+02 2.244128440965016580e+02
2.280839579035536531e+02 2.290840763442409980e+02
2.327387326033345119e+02 2.337551867397771161e+02
2.373935072635441941e+02 2.384261770701018577e+02
2.420482819280668139e+02 2.430970491720003395e+02
2.467030566104325260e+02 2.477678047539058639e+02
2.513578312818208076e+02 2.524384455167798933e+02
2.560126059614960923e+02 2.571089731636689635e+02
2.606673807125793019e+02 2.617793892530802395e+02
2.653221553544534004e+02 2.664496953925051912e+02
2.699769300008395021e+02 2.711198931494983526e+02
2.746317047234131223e+02 2.757899840671703942e+02
2.792864793558222800e+02 2.804599696130835582e+02
2.839412540591213201e+02 2.851298513623912640e+02
2.885960287585486412e+02 2.897996306955337786e+02
2.932508033969401140e+02 2.944693089334385832e+02
2.979055781707394317e+02 2.991388874356016458e+02
3.025603527935662669e+02 3.038083676417661536e+02
3.072151274145300022e+02 3.084777508142901752e+02
3.118699022421583322e+02 3.131470382688482914e+02
3.165246770255054116e+02 3.178162312655222195e+02
3.211794518143016717e+02 3.224853310637959112e+02
3.258342265385863925e+02 3.271543388527560978e+02
3.304890012056330875e+02 3.318232556516777549e+02
3.351437758814761878e+02 3.364920828045299572e+02
3.397985506969353082e+02 3.411608215036171714e+02
3.444533255237643061e+02 3.458294727732179581e+02
3.491081003453139715e+02 3.504980377446973989e+02
3.537628752093000912e+02 3.551665175435742299e+02
3.584176498392405961e+02 3.598349132639846175e+02
3.630724244749755485e+02 3.645032259530203191e+02
3.677271991923626047e+02 3.691714565196487001e+02
3.723819739153213391e+02 3.738396060341916041e+02
3.770367486111058497e+02 3.785076755047186907e+02
3.816915233530019123e+02 3.831756659064900532e+02
3.863462981512549277e+02 3.878435779819466802e+02
3.910010727711679692e+02 3.925114129051131613e+02
3.956558476742704897e+02 3.971791714805131051e+02
4.003106223141437567e+02 4.018468546514184254e+02
4.049653970459078209e+02 4.065144634302364466e+02
4.096201717470526091e+02 4.111819986633353778e+02
4.142749465106938942e+02 4.158494608837310693e+02
4.189297212324885322e+02 4.205168512124804465e+02
4.235844958605279089e+02 4.251841702467262394e+02
4.282392707822181137e+02 4.298514189649911259e+02
4.328940455182188316e+02 4.345185981572793708e+02
4.375488201545472293e+02 4.391857088417467594e+02
4.422035948503621512e+02 4.438527513575607486e+02
4.468583695250414394e+02 4.485197266849789344e+02
