0.000000000000000000e+00 0.000000000000000000e+00
4.669399966052482753e+00 4.689868379120374797e+00
9.338799932119300706e+00 9.379555625679540043e+00
1.400819989898799278e+01 1.406906496323325051e+01
1.867759986548222173e+01 1.875839951554388918e+01
2.334699983155048386e+01 2.344756232934953744e+01
2.801639980599328084e+01 2.813655639005813569e+01
3.268579978471227321e+01 3.282538457939970300e+01
3.735519977189956364e+01 3.751404971999772897e+01
4.202459973946453431e+01 4.220255454723844935e+01
4.669399971013520201e+01 4.689090175384882286e+01
5.136339968638417020e+01 5.157909396617350239e+01
5.603279968432205749e+01 5.626713371875521830e+01
6.070219968003007693e+01 6.095502348991077923e+01
6.537159966814516565e+01 6.564276569408194462e+01
7.004099965563946739e+01 7.033036270676525703e+01
7.471039964439857783e+01 7.501781687046833724e+01
7.937979962600962835e+01 7.970513037656283473e+01
8.404919961322717370e+01 8.439230549249063529e+01
8.871859960783740462e+01 8.907934430973946860e+01
9.338799958360274900e+01 9.376624897747394982e+01
9.805739956190498674e+01 9.845302149021031823e+01
1.027267995537553418e+02 1.031396638789954636e+02
1.073961995789077548e+02 1.078261781400790085e+02
1.120655995829708047e+02 1.125125661344764865e+02
1.167349995660106572e+02 1.171988297435339490e+02
1.214043995641337403e+02 1.218849708537164673e+02
1.260737995414504695e+02 1.265709911811217125e+02
1.307431995285202788e+02 1.312568925185326805e+02
1.354125995641482234e+02 1.359426765536996413e+02
1.400819995562099791e+02 1.406283449974628752e+02
1.447513995841128747e+02 1.453138994149226733e+02
1.494207996122210034e+02 1.499993415302509163e+02
1.540901996115989050e+02 1.546846728192324463e+02
1.587595996348322274e+02 1.593698948340367849e+02
1.634289996586426810e+02 1.640550091514604389e+02
1.680983996789220214e+02 1.687400172076875435e+02
1.727677997028168875e+02 1.734249203485442195e+02
1.774371997374741454e+02 1.781097201129642826e+02
1.821065997823473595e+02 1.827944178858397777e+02
1.867759998369302537e+02 1.874790149694396462e+02
1.914453998910547625e+02 1.921635127302749879e+02
1.961147999410500233e+02 1.968479124787183423e+02
2.007841999930196266e+02 2.015322154405995150e+02
2.054536000532717708e+02 2.062164228855703811e+02
2.101230000999637468e+02 2.109005361328580648e+02
2.147924001346750629e+02 2.155845563485976015e+02
2.194618001632218807e+02 2.202684846642174250e+02
2.241312001903845612e+02 2.249523222815626013e+02
2.288006001816036417e+02 2.296360703513314547e+02
2.334700002140363608e+02 2.343197299723339881e+02
2.381394003128896202e+02 2.390033021367136143e+02
2.428088004015183401e+02 2.436867880641185309e+02
2.474782004057428821e+02 2.483701888270303471e+02
2.521476003965126722e+02 2.530535054224084206e+02
2.568170004049973159e+02 2.577367388293823183e+02
2.614864003910569181e+02 2.624198899928592255e+02
2.661558003756205153e+02 2.671029600211178376e+02
2.708252004240669066e+02 2.717859498096340758e+02
2.754946004581336183e+02 2.764688604607873685e+02
2.801640004936569994e+02 2.811516926412098201e+02
2.848334005523463475e+02 2.858344475052660414e+02
2.895028006563271106e+02 2.905171258350403036e+02
2.941722007153097138e+02 2.951997284675045421e+02
2.988416007270328123e+02 2.998822563352671295e+02
3.035110007740341871e+02 3.045647103000139850e+02
3.081804008205118635e+02 3.092470912360271882e+02
3.128498008816574156e+02 3.139293998239944585e+02
3.175192009821689680e+02 3.186116369401873953e+02
3.221886010151715709e+02 3.232938035072362482e+02
3.268580010535335987e+02 3.279759002014952216e+02
3.315274010626648078e+02 3.326579277227418743e+02
3.361968010972389038e+02 3.373398867861763506e+02
3.408662010893989986e+02 3.420217783125350479e+02
3.455356011910396887e+02 3.467036029331136433e+02
3.502050012513176398e+02 3.513853614362215012e+02
3.548744013588323014e+02 3.560670545693321287e+02
3.595438014818691954e+02 3.607486829801990780e+02
3.642132016238895176e+02 3.654302472780733524e+02
3.688826016034967097e+02 3.701117483099917536e+02
3.735520016585030589e+02 3.747931864611140895e+02
3.782214017817257741e+02 3.794745626751447389e+02
3.828908019602647528e+02 3.841558773967753382e+02
3.875602020232478253e+02 3.888371314791140776e+02
3.922296022209179682e+02 3.935183254095068150e+02
3.968990023887899952e+02 3.981994597095462041e+02
4.015684025691268744e+02 4.028805351116501470e+02
4.062378027496151276e+02 4.075615520706970756e+02
4.109072028914205248e+02 4.122425113450578351e+02
4.155766030059242553e+02 4.169234133474678856e+02
4.202460031003449217e+02 4.216042587117731273e+02
4.249154033277976623e+02 4.262850482334722528e+02
4.295848033698913468e+02 4.309657820889396476e+02
4.342542033637730015e+02 4.356464611012911519e+02
4.389236035046491224e+02 4.403270856957414026e+02
4.435930035017416913e+02 4.450076564165448758e+02
4.482624034938972386e+02 4.496881738098441019e+02
