0.000000000000000000e+00 0.000000000000000000e+00
4.486931956896080820e+00 4.508553780541352474e+00
8.973863913845294249e+00 9.016895412512191399e+00
1.346079587081423057e+01 1.352502907500795892e+01
1.794772782808106726e+01 1.803295882599680411e+01
2.243465978767795477e+01 2.254068860089996207e+01
2.692159174634675622e+01 2.704822223414684501e+01
3.140852370420970630e+01 3.155556343430729171e+01
3.589545566401645260e+01 3.606271582381191365e+01
4.038238763330261349e+01 4.056968289721692145e+01
4.486931961855607653e+01 4.507646806858222988e+01
4.935625157689393916e+01 4.958307466258832363e+01
5.384318356074656009e+01 5.408950593049765132e+01
5.833011551865386934e+01 5.859576499572324337e+01
6.281704748463602073e+01 6.310185492657677742e+01
6.730397945686709704e+01 6.760777868749669040e+01
7.179091142544578474e+01 7.211353915535707415e+01
7.627784343483351392e+01 7.661913918916705768e+01
8.076477543583536089e+01 8.112458151649957472e+01
8.525170742500347387e+01 8.562986884254598863e+01
8.973863939713996274e+01 9.013500377847822165e+01
9.422557136661396271e+01 9.463998887905427182e+01
9.871250339347659519e+01 9.914482654785362570e+01
1.031994354212698397e+02 1.036495192733216868e+02
1.076863674388555836e+02 1.081540694422411946e+02
1.121732994662499294e+02 1.126584793336321866e+02
1.166602314256285098e+02 1.171627512075382924e+02
1.211471634370162320e+02 1.216668872177427829e+02
1.256340954502170462e+02 1.261708895477043058e+02
1.301210274251461669e+02 1.306747602056962023e+02
1.346079594232605245e+02 1.351785013409842406e+02
1.390948914053164458e+02 1.396821149255845285e+02
1.435818233937783646e+02 1.441856028651720578e+02
1.480687554181501753e+02 1.486889670790323805e+02
1.525556874442852404e+02 1.531922094396404361e+02
1.570426194712897257e+02 1.576953318216579305e+02
1.615295515371374790e+02 1.621983359806645808e+02
1.660164835603214328e+02 1.667012235823711137e+02
1.705034155682618575e+02 1.712039964005497268e+02
1.749903475763230745e+02 1.757066561147662469e+02
1.794772795810777666e+02 1.802092043456340775e+02
1.839642115600724992e+02 1.847116426621395817e+02
1.884511435653898275e+02 1.892139725309591824e+02
1.929380755736993649e+02 1.937161956457608483e+02
1.974250075778421092e+02 1.982183134458979339e+02
2.019119395846196880e+02 2.027203273375606614e+02
2.063988715930618696e+02 2.072222387750719008e+02
2.108858035552675005e+02 2.117240491700469818e+02
2.153727355669245185e+02 2.162257598724046375e+02
2.198596675607389272e+02 2.207273722831866394e+02
2.243465996784458696e+02 2.252288877250997530e+02
2.288335317056994995e+02 2.297303073847436679e+02
2.333204638122012398e+02 2.342316326800516890e+02
2.378073958588257426e+02 2.387328647545867284e+02
2.422943278188851934e+02 2.432340048335025813e+02
2.467812598202802405e+02 2.477350542400241125e+02
2.512681919057971527e+02 2.522360139497913281e+02
2.557551240234946306e+02 2.567368852214791559e+02
2.602420561185796259e+02 2.612376690812707238e+02
2.647289881042751176e+02 2.657383667431084859e+02
2.692159201711404535e+02 2.702389792196701706e+02
2.737028522760194278e+02 2.747395076142033759e+02
2.781897843915868407e+02 2.792399530173964877e+02
2.826767164071287652e+02 2.837403164642852857e+02
2.871636485390275197e+02 2.882405989315036550e+02
2.916505805797707467e+02 2.927408013661761288e+02
2.961375127520378783e+02 2.972409247259644189e+02
3.006244449228321400e+02 3.017409699185211025e+02
3.051113770020363063e+02 3.062409379337157702e+02
3.095983090898088790e+02 3.107408297029631967e+02
3.140852410934419368e+02 3.152406461340634678e+02
3.185721730759867114e+02 3.197403881011807698e+02
3.230591051041039350e+02 3.242400563034631773e+02
3.275460372576707755e+02 3.287396517775493976e+02
3.320329694426968672e+02 3.332391753396925083e+02
3.365199014292504671e+02 3.377386278133366204e+02
3.410068335856844897e+02 3.422380100135064254e+02
3.454937656462213909e+02 3.467373227637900754e+02
3.499806977551886575e+02 3.512365668255346236e+02
3.544676297809741072e+02 3.557357429805172160e+02
3.589545617563780979e+02 3.602348519464267156e+02
3.634414937922111903e+02 3.647338945273767763e+02
3.679284258444383795e+02 3.692328714165606698e+02
3.724153578643595779e+02 3.737317833379162266e+02
3.769022899155684172e+02 3.782306310022523803e+02
3.813892221414685650e+02 3.827294149946732773e+02
3.858761541473926400e+02 3.872281361571680236e+02
3.903630861194495765e+02 3.917267952742350303e+02
3.948500181268199754e+02 3.962253926322878215e+02
3.993369501976027323e+02 4.007239291314509728e+02
4.038238821828413165e+02 4.052224053749907853e+02
4.083108142227973758e+02 4.097208221676603443e+02
4.127977463428103420e+02 4.142191800105694028e+02
4.172846784829256421e+02 4.187174793472860301e+02
4.217716105085960976e+02 4.232157210467788673e+02
4.262585424846528213e+02 4.277139054815243639e+02
4.307454744493579710e+02 4.322120331647417970e+02
