0.000000000000000000e+00 0.000000000000000000e+00
4.672773411236292418e+00 4.686823273573896387e+00
9.345546821602132681e+00 9.373561775292387210e+00
1.401832023202841171e+01 1.406021653471796284e+01
1.869109364252249961e+01 1.874678856230573842e+01
2.336386705527583985e+01 2.343327885405454225e+01
2.803664046558095890e+01 2.811968838047962649e+01
3.270941388721288234e+01 3.280601809251864864e+01
3.738218729807161367e+01 3.749226893768154412e+01
4.205496071991163376e+01 4.217844183385195578e+01
4.672773413792774022e+01 4.686453770165020671e+01
5.140050755201774280e+01 5.155055743000934854e+01
5.607328096260865635e+01 5.623650186852675148e+01
6.074605438077337993e+01 6.092237189647578077e+01
6.541882779349201371e+01 6.560816836803076058e+01
7.009160122600454201e+01 7.029389211301176488e+01
7.476437464725134419e+01 7.497954394493530117e+01
7.943714806742750056e+01 7.966512466447660756e+01
8.410992148144882208e+01 8.435063506984798209e+01
8.878269491208857289e+01 8.903607593682838228e+01
9.345546835787300211e+01 9.372144802254223350e+01
9.812824178255546315e+01 9.840675209535228873e+01
1.028010152146172942e+02 1.030919888530033717e+02
1.074737886615557869e+02 1.077771590579627627e+02
1.121465621142699547e+02 1.124622634153944176e+02
1.168193355672404010e+02 1.171473026685180230e+02
1.214921090178469427e+02 1.218322774534815238e+02
1.261648824559735829e+02 1.265171884891556715e+02
1.308376558935511866e+02 1.312020364363496299e+02
1.355104293501385371e+02 1.358868219506947526e+02
1.401832028074877030e+02 1.405715456614152856e+02
1.448559762637069639e+02 1.452562082581751213e+02
1.495287497145147313e+02 1.499408103491678048e+02
1.542015231617671418e+02 1.546253525114639729e+02
1.588742965901513458e+02 1.593098354191240560e+02
1.635470700089754246e+02 1.639942596586881791e+02
1.682198434400347082e+02 1.686786258045862041e+02
1.728926168715461245e+02 1.733629344401163621e+02
1.775653902881153954e+02 1.780471861579825656e+02
1.822381637554020131e+02 1.827313814617656931e+02
1.869109372200490498e+02 1.874155209571351861e+02
1.915837106909241925e+02 1.920996052124141897e+02
1.962564841631035506e+02 1.967836347610012240e+02
2.009292576304093814e+02 2.014676101278544138e+02
2.056020310956809567e+02 2.061515318660691207e+02
2.102748045575941944e+02 2.108354004117086902e+02
2.149475780179372180e+02 2.155192163438013324e+02
2.196203514661522718e+02 2.202029801814207133e+02
2.242931249346806908e+02 2.248866923889155487e+02
2.289658983629851434e+02 2.295703534159090964e+02
2.336386718660726274e+02 2.342539637989631842e+02
2.383114452922956730e+02 2.389375240189785359e+02
2.429842188086682597e+02 2.436210344482765322e+02
2.476569922926695426e+02 2.483044956605553750e+02
2.523297658039010969e+02 2.529879080874819692e+02
2.570025392248880394e+02 2.576712721762863225e+02
2.616753126537127514e+02 2.623545882851959732e+02
2.663480861475799202e+02 2.670378569244850269e+02
2.710208595922771337e+02 2.717210785197275982e+02
2.756936330252758012e+02 2.764042535430211274e+02
2.803664065374847496e+02 2.810873824160309482e+02
2.850391800075888113e+02 2.857704654077491568e+02
2.897119535224465494e+02 2.904535030194721230e+02
2.943847269871706658e+02 2.951364956836695228e+02
2.990575004431460115e+02 2.998194437942728428e+02
3.037302739608321644e+02 3.045023477468021724e+02
3.084030473992454517e+02 3.091852079188341804e+02
3.130758209484946519e+02 3.138680246200945021e+02
3.177485944644131450e+02 3.185507983298686554e+02
3.224213679159151980e+02 3.232335292995084046e+02
3.270941413390362413e+02 3.279162179321623398e+02
3.317669148235629564e+02 3.325988646213020843e+02
3.364396882881811734e+02 3.372814698192569267e+02
3.411124618436051605e+02 3.419640337448654464e+02
3.457852352661841451e+02 3.466465567196397615e+02
3.504580087626936802e+02 3.513290392864112732e+02
3.551307822963485705e+02 3.560114816179680020e+02
3.598035557289449571e+02 3.606938840116233109e+02
3.644763291830179242e+02 3.653762469228038299e+02
3.691491026542710188e+02 3.700585706176605072e+02
3.738218760711209825e+02 3.747408554240072363e+02
3.784946495579138173e+02 3.794231016550349977e+02
3.831674229794778057e+02 3.841053096465814178e+02
3.878401963988997068e+02 3.887874797194863277e+02
3.925129699049723513e+02 3.934696121613554851e+02
3.971857433421567976e+02 3.981517072779849400e+02
4.018585167640165992e+02 4.028337653162727747e+02
4.065312902779685942e+02 4.075157867666121092e+02
4.112040637103876861e+02 4.121977716574309625e+02
4.158768371586140802e+02 4.168797204141387738e+02
4.205496106147517139e+02 4.215616333923333059e+02
4.252223841728118714e+02 4.262435107862103223e+02
4.298951577145274996e+02 4.309253528354859668e+02
4.345679311913567062e+02 4.356071597850007038e+02
4.392407046688121000e+02 4.402889320006680123e+02
4.439134780911726921e+02 4.449706697548093075e+02
4.485862516861782296e+02 4.496523732486306812e+02
4.532590251769516954e+02 4.543340427757706266e+02
4.579317986611032438e+02 4.590156785880840857e+02
4.626045721536108886e+02 4.636972810949897621e+02
4.672773456166474944e+02 4.683788503311810700e+02
4.719501191618417124e+02 4.730603866949253415e+02
4.766228925884671526e+02 4.777418903255975238e+02
4.812956660221631182e+02 4.824233615340167489e+02
4.859684394597834398e+02 4.871048006897592586e+02
4.906412130810136887e+02 4.917862079038401362e+02
4.953139866182047513e+02 4.964675833988452496e+02
4.999867600760538835e+02 5.011489272884520005e+02
5.046595336451171079e+02 5.058302399400300828e+02
5.093323070847725376e+02 5.105115216473413398e+02
5.140050805129435503e+02 5.151927725029102021e+02
5.186778539390900278e+02 5.198739928335317018e+02
5.233506274663221802e+02 5.245551828369930263e+02
5.280234008953663079e+02 5.292363427181668385e+02
5.326961743790585615e+02 5.339174725510334838e+02
5.373689478396386221e+02 5.385985726509734377e+02
5.420417213640447471e+02 5.432796433588495120e+02
5.467144947893069684e+02 5.479606847751468877e+02
5.513872682212171412e+02 5.526416972941937047e+02
5.560600418791700577e+02 5.573226808584482797e+02
5.607328153003161333e+02 5.620036356356723672e+02
5.654055887550064199e+02 5.666845621104943120e+02
5.700783622399926571e+02 5.713654603275468844e+02
5.747511358297668949e+02 5.760463304515529899e+02
5.794239092675909433e+02 5.807271727852084950e+02
5.840966827103160313e+02 5.854079873189216414e+02
5.887694562002288876e+02 5.900887743752259667e+02
5.934422296350762736e+02 5.947695342630696587e+02
5.981150031334221921e+02 5.994502670102349384e+02
6.027877766918907128e+02 6.041309728406056365e+02
6.074605502449767300e+02 6.088116520259541176e+02
6.121333238483894092e+02 6.134923044919125914e+02
6.168060975326427524e+02 6.181729307828420588e+02
6.214788709543404366e+02 6.228535307045927993e+02
6.261516443837747374e+02 6.275341046219671171e+02
6.308244179834457555e+02 6.322146526486890252e+02
6.354971915543953855e+02 6.368951750679943871e+02
6.401699651064069485e+02 6.415756719458513544e+02
6.448427387208811297e+02 6.462561435267505203e+02
6.495155122959922664e+02 6.509365899397512294e+02
6.541882858143291060e+02 6.556170114803255728e+02
6.588610592563215960e+02 6.602974080765814051e+02
6.635338329618407442e+02 6.649777800434256960e+02
6.682066063936263163e+02 6.696581274585507799e+02
6.728793798867402529e+02 6.743384505993078619e+02
