0.000000000000000000e+00 0.000000000000000000e+00
4.672773410380812287e+00 4.686823273542171542e+00
9.345546820665129317e+00 9.373561775264164453e+00
1.401832023495154900e+01 1.406021653824243955e+01
1.869109364545526475e+01 1.874678856579378916e+01
2.336386705595181468e+01 2.343327885757382489e+01
2.803664046707514146e+01 2.811968838345581645e+01
3.270941388334422584e+01 3.280601809363844978e+01
3.738218730617882102e+01 3.749226893709564479e+01
4.205496072820983500e+01 4.217844183344831777e+01
4.672773413946711685e+01 4.686453770127991447e+01
5.140050755091489521e+01 5.155055742923367745e+01
5.607328097939451084e+01 5.623650188917673631e+01
6.074605439746800783e+01 6.092237191837733690e+01
6.541882782131514773e+01 6.560816839870251727e+01
7.009160125442511458e+01 7.029389214367765248e+01
7.476437467569098771e+01 7.497954397568818763e+01
7.943714809585898706e+01 7.966512469320097978e+01
8.410992150988253968e+01 8.435063509857121744e+01
8.878269492238197813e+01 8.903607596549855430e+01
9.345546836356167830e+01 9.372144806527848004e+01
9.812824179161299298e+01 9.840675213789523923e+01
1.028010152239069441e+02 1.030919889150833058e+02
1.074737886592041889e+02 1.077771591271671383e+02
1.121465621040588587e+02 1.124622635000941955e+02
1.168193355570225691e+02 1.171473027317355502e+02
1.214921090076192343e+02 1.218322775206702602e+02
1.261648824456976001e+02 1.265171885510478944e+02
1.308376558597008170e+02 1.312020364744724930e+02
1.355104293033239742e+02 1.358868219878191326e+02
1.401832027606500901e+02 1.405715456999049024e+02
1.448559762168712552e+02 1.452562082542998496e+02
1.495287496678640764e+02 1.499408102990397538e+02
1.542015231154580874e+02 1.546253524811002080e+02
1.588742965587557023e+02 1.593098353836913645e+02
1.635470699744827243e+02 1.639942596231610423e+02
1.682198434055157747e+02 1.686786257323004747e+02
1.728926168568128503e+02 1.733629343677283714e+02
1.775653903084274248e+02 1.780471860641710578e+02
1.822381637757414978e+02 1.827313813749128144e+02
1.869109372403211751e+02 1.874155208941513138e+02
1.915837107111078979e+02 1.920996051362034223e+02
1.962564841860633464e+02 1.967836346591506640e+02
2.009292576399181769e+02 2.014676100435850969e+02
2.056020311102172116e+02 2.061515317821890108e+02
2.102748045790331730e+02 2.108354003768316716e+02
2.149475780354060532e+02 2.155192162976130987e+02
2.196203514836475392e+02 2.202029801200142742e+02
2.242931249211246723e+02 2.248866923224209131e+02
2.289658983727340171e+02 2.295703533496512136e+02
2.336386718709352408e+02 2.342539636922285808e+02
2.383114453004833138e+02 2.389375239178501431e+02
2.429842187275207266e+02 2.436210344067096401e+02
2.476569921555925760e+02 2.483044956699311001e+02
2.523297656303392387e+02 2.529879080413013526e+02
2.570025390816890649e+02 2.576712720592144024e+02
2.616753125104580704e+02 2.623545882140619483e+02
2.663480860276973203e+02 2.670378568434974227e+02
2.710208594990849065e+02 2.717210784898881570e+02
2.756936329723089329e+02 2.764042535493621244e+02
2.803664064288686859e+02 2.810873823264397515e+02
2.850391799382980480e+02 2.857704653656844584e+02
2.897119533650008520e+02 2.904535029780300306e+02
2.943847268888727058e+02 2.951364957128793094e+02
2.990575003222531905e+02 2.998194437833461734e+02
3.037302737959569185e+02 3.045023476851848159e+02
3.084030473193103035e+02 3.091852078582654713e+02
3.130758208703611558e+02 3.138680246170169426e+02
3.177485943863330817e+02 3.185507982888523770e+02
3.224213678378806662e+02 3.232335292584587023e+02
3.270941412628583294e+02 3.279162178870894877e+02
3.317669147140217092e+02 3.325988645728292568e+02
3.364396882608898522e+02 3.372814697710629162e+02
3.411124618213758595e+02 3.419640337632030764e+02
3.457852352439559809e+02 3.466465568658383063e+02
3.504580087382428246e+02 3.513290394359804623e+02
3.551307821910645544e+02 3.560114817667254101e+02
3.598035556133287969e+02 3.606938842766631979e+02
3.644763290397825131e+02 3.653762472556649072e+02
3.691491025110290138e+02 3.700585710023655679e+02
3.738218760869024209e+02 3.747408557749008651e+02
3.784946495446495192e+02 3.794231020293578922e+02
3.831674229961787432e+02 3.841053100186385336e+02
3.878401964150484673e+02 3.887874800361193479e+02
3.925129698991686382e+02 3.934696124216777662e+02
3.971857433363509244e+02 3.981517075449550020e+02
4.018585167931942124e+02 4.028337656245088283e+02
4.065312902402218924e+02 4.075157870643469664e+02
4.112040636726652565e+02 4.121977719782050258e+02
4.158768371008737290e+02 4.168797207124131319e+02
4.205496105465259689e+02 4.215616335379562543e+02
4.252223840249604336e+02 4.262435108852242820e+02
4.298951574529386335e+02 4.309253529256234287e+02
4.345679309298325279e+02 4.356071599823431484e+02
4.392407044073989368e+02 4.402889322184548178e+02
4.439134778638832017e+02 4.449706700190540687e+02
4.485862514329581927e+02 4.496523735491130651e+02
4.532590249122202977e+02 4.543340430993635550e+02
4.579317983964390919e+02 4.590156789094669421e+02
4.626045718902880708e+02 4.636972814142210950e+02
4.672773453535515955e+02 4.683788508028636670e+02
4.719501187928956369e+02 4.730603871632256414e+02
4.766228922707547326e+02 4.777418907980512586e+02
4.812956657317246822e+02 4.824233620036864068e+02
4.859684391693414227e+02 4.871048009992520065e+02
4.906412126167190308e+02 4.917862080153146280e+02
4.953139860395834830e+02 4.964675834075787293e+02
4.999867595101836741e+02 5.011489272720755253e+02
5.046595330793917924e+02 5.058302398897993157e+02
5.093323065169173560e+02 5.105115215608225299e+02
5.140050801492197934e+02 5.151927724059735283e+02
5.186778536296299080e+02 5.198739926841931265e+02
5.233506271162419807e+02 5.245551825372629082e+02
5.280234007085106214e+02 5.292363423149060964e+02
5.326961742575726930e+02 5.339174721932815828e+02
5.373689477305001674e+02 5.385985723221775743e+02
5.420417213683850832e+02 5.432796430803354042e+02
5.467144948972767224e+02 5.479606846102874442e+02
5.513872683291840531e+02 5.526416970823212296e+02
5.560600418009868235e+02 5.573226806594027494e+02
5.607328152189627417e+02 5.620036354382563104e+02
5.654055886863940259e+02 5.666845618185918738e+02
5.700783621714224410e+02 5.713654600589524080e+02
5.747511357611895164e+02 5.760463301252827932e+02
5.794239092453769899e+02 5.807271724393026489e+02
5.840966827220884170e+02 5.854079869853960645e+02
5.887694562120317414e+02 5.900887741530726771e+02
5.934422298169666874e+02 5.947695338695796181e+02
5.981150033153107870e+02 5.994502667359874977e+02
6.027877768738037503e+02 6.041309724852326326e+02
6.074605504269547964e+02 6.088116516682655401e+02
6.121333240304104493e+02 6.134923042203441810e+02
6.168060977147877111e+02 6.181729305095611835e+02
6.214788712591475814e+02 6.228535306136129748e+02
6.261516448648719688e+02 6.275341045462139391e+02
6.308244184645104724e+02 6.322146525566438413e+02
6.354971918987407662e+02 6.368951749271282097e+02
6.401699655292127318e+02 6.415756718183072280e+02
6.448427389518028576e+02 6.462561433751013737e+02
6.495155124026450721e+02 6.509365897865736770e+02
6.541882858279859647e+02 6.556170112703636050e+02
6.588610592479192292e+02 6.602974078038083690e+02
6.635338326842443166e+02 6.649777797667443338e+02
6.682066061160355730e+02 6.696581271501147512e+02
6.728793796092120374e+02 6.743384502899947393e+02
