0.000000000000000000e+00 0.000000000000000000e+00
4.671533591129924723e+00 4.686823281120164886e+00
9.343067182584821495e+00 9.373546867162939833e+00
1.401460077412006910e+01 1.406017206780262541e+01
1.868613436569188124e+01 1.874670015765635256e+01
2.335766795814905095e+01 2.343313239998662567e+01
2.802920155275610625e+01 2.811947002301987197e+01
3.270073514574571050e+01 3.280571422323485820e+01
3.737226874997637083e+01 3.749186620246391044e+01
4.204380234174733744e+01 4.217792711189943589e+01
4.671533593394471495e+01 4.686389809921679728e+01
5.138686952545472764e+01 5.154978028648066157e+01
5.605840312216002275e+01 5.623557477003942040e+01
6.072993671746313282e+01 6.092128261250034882e+01
6.540147031097413333e+01 6.560690488206506643e+01
7.007300392301942793e+01 7.029244261594934073e+01
7.474453752538394724e+01 7.497789684851096581e+01
7.941607112666027035e+01 7.966326856609737206e+01
8.408760472341359105e+01 8.434855874662562769e+01
8.875913831699682532e+01 8.903376836729522381e+01
9.343067191397042848e+01 9.371889838648921511e+01
9.810220552196096833e+01 9.840394972463838030e+01
1.027737391345259255e+02 1.030889232969698242e+02
1.074452727687930746e+02 1.077738199988817485e+02
1.121168063947260691e+02 1.124586407123231595e+02
1.167883400286610538e+02 1.171433862886861164e+02
1.214598736603142584e+02 1.218280576095933441e+02
1.261314072794535974e+02 1.265126555222421700e+02
1.308029408979328991e+02 1.311971808464169271e+02
1.354744745224639360e+02 1.358816343879952910e+02
1.401460081607564803e+02 1.405660169240379389e+02
1.448175418027462911e+02 1.452503292496218705e+02
1.494890754448374821e+02 1.499345721601936248e+02
1.541606090795273474e+02 1.546187463839619056e+02
1.588321427196609079e+02 1.593028527108949675e+02
1.635036763119440479e+02 1.639868918644822315e+02
1.681752099239885752e+02 1.686708645371901696e+02
1.728467435561164507e+02 1.733547714389142129e+02
1.775182772118904211e+02 1.780386132938623973e+02
1.821898108141694479e+02 1.827223907475738827e+02
1.868613444738404610e+02 1.874061045363068843e+02
1.915328781255320791e+02 1.920897552686772372e+02
1.962044117785785602e+02 1.967733436243407255e+02
2.008759454268267746e+02 2.014568702811887704e+02
2.055474790729068673e+02 2.061403358193347231e+02
2.102190127451970056e+02 2.108237409612931685e+02
2.148905464060190411e+02 2.155070862521731101e+02
2.195620800351791218e+02 2.201903722688442713e+02
2.242336136534742650e+02 2.248735996579507628e+02
2.289051472627481019e+02 2.295567689823031401e+02
2.335766808692184782e+02 2.342398808238994263e+02
2.382482144765509986e+02 2.389229358160352490e+02
2.429197481075253506e+02 2.436059343797595034e+02
2.475912817266140564e+02 2.482888772249506246e+02
2.522628154274106009e+02 2.529717647812470318e+02
2.569343490369615779e+02 2.576545976300750453e+02
2.616058827059270584e+02 2.623373763062579087e+02
2.662774163996225525e+02 2.670201013305867264e+02
2.709489500091428340e+02 2.717027733284991200e+02
2.756204836940602263e+02 2.763853926020449876e+02
2.802920173096482586e+02 2.810679597504968115e+02
2.849635509681758663e+02 2.857504753580070087e+02
2.896350846566450059e+02 2.904329397988108212e+02
2.943066182636767962e+02 2.951153535002599710e+02
2.989781518720777171e+02 2.997977170837646668e+02
3.036496854817308986e+02 3.044800309496292812e+02
3.083212191813124718e+02 3.091622955126455849e+02
3.129927529133539110e+02 3.138445113018213419e+02
3.176642866102092739e+02 3.185266786851109373e+02
3.223358202431894597e+02 3.232087981148890776e+02
3.270073539697266938e+02 3.278908700180153915e+02
3.316788876017917005e+02 3.325728948480277722e+02
3.363504212403327642e+02 3.372548731398320001e+02
3.410219549592281965e+02 3.419368052342856572e+02
3.456934885794941579e+02 3.466186914002894355e+02
3.503650222563638295e+02 3.513005322893674247e+02
3.550365558614233805e+02 3.559823281169663574e+02
3.597080895474044837e+02 3.606640793673100234e+02
3.643796231548996047e+02 3.653457863270539292e+02
3.690511568033668368e+02 3.700274494218168684e+02
3.737226905139926885e+02 3.747090690527908805e+02
3.783942241882939470e+02 3.793906456453781857e+02
3.830657578081551264e+02 3.840721795403493957e+02
3.877372915748806008e+02 3.887536711676938239e+02
3.924088252620591675e+02 3.934351207173796183e+02
3.970803590355282608e+02 3.981165286852084364e+02
4.017518926687429257e+02 4.027978953817535057e+02
4.064234263133259333e+02 4.074792211101118937e+02
4.110949599317008847e+02 4.121605062505497017e+02
4.157664936129517628e+02 4.168417511353285363e+02
4.204380272387200534e+02 4.215229560817138577e+02
4.251095609626395344e+02 4.262041215525145503e+02
4.297810945687447770e+02 4.308852477564873880e+02
4.344526282263256007e+02 4.355663350537918745e+02
4.391241618849378483e+02 4.402473836951045314e+02
4.437956955955410194e+02 4.449283939631226872e+02
4.484672293906004370e+02 4.496093664030471473e+02
4.531387630583413397e+02 4.542903011637690724e+02
4.578102967239124155e+02 4.589711983460517786e+02
4.624818303992762480e+02 4.636520585619268786e+02
4.671533640415673290e+02 4.683328819345491638e+02
4.718248976642760795e+02 4.730136688698465832e+02
4.764964312714411676e+02 4.776944195335724999e+02
4.811679649603600524e+02 4.823751342645299474e+02
4.858394985766247487e+02 4.870558134182441563e+02
4.905110321832941622e+02 4.917364572212105713e+02
4.951825658569618440e+02 4.964170659661078275e+02
4.998540995081464189e+02 5.010976399013075024e+02
5.045256332712392577e+02 5.057781792077242358e+02
5.091971669577261537e+02 5.104586843268148186e+02
5.138687007682992771e+02 5.151391554042593270e+02
5.185402343994858256e+02 5.198195927355193362e+02
5.232117680069587777e+02 5.244999965775248256e+02
5.278833018358293430e+02 5.291803671860774330e+02
5.325548354559321069e+02 5.338607046992265168e+02
5.372263690968252376e+02 5.385410094629103241e+02
5.418979027258344559e+02 5.432212819137324686e+02
5.465694363691160333e+02 5.479015219830330352e+02
5.512409700018589547e+02 5.525817301503542467e+02
5.559125036406983327e+02 5.572619065220764014e+02
5.605840374483573214e+02 5.619420513703410052e+02
5.652555710606774255e+02 5.666221648319933593e+02
5.699271047260605201e+02 5.713022470488843965e+02
5.745986383350018514e+02 5.759822985226994660e+02
5.792701719444573882e+02 5.806623193621833252e+02
5.839417057022385507e+02 5.853423097256031724e+02
5.886132393465978794e+02 5.900222699461412503e+02
5.932847729929184197e+02 5.947022000762302696e+02
5.979563066575825587e+02 5.993821004317549068e+02
6.026278403993342181e+02 6.040619712412180888e+02
6.072993741327874204e+02 6.087418127702069341e+02
6.119709079137749086e+02 6.134216252196395089e+02
6.166424417850307691e+02 6.181014086551774653e+02
6.213139755965526092e+02 6.227811633328290100e+02
6.259855094707631906e+02 6.274608896291457540e+02
6.306570431856996493e+02 6.321405874695061584e+02
6.353285769240374066e+02 6.368202572390123350e+02
6.400001107215252887e+02 6.414998990627149169e+02
6.446716444081588406e+02 6.461795132192025903e+02
6.493431780136781981e+02 6.508590997786971002e+02
6.540147116142577488e+02 6.555386591136675634e+02
6.586862452144164308e+02 6.602181911535461722e+02
6.633577789307908006e+02 6.648976961544553888e+02
6.680293128203583137e+02 6.695771744315208025e+02
6.727008465354691680e+02 6.742566260221947232e+02
