0.000000000000000000e+00 0.000000000000000000e+00
4.671533591096741489e+00 4.686823281612690906e+00
9.343067183467823611e+00 9.373546867655324633e+00
1.401460077458892073e+01 1.406017206517571694e+01
1.868613436615134304e+01 1.874670015503215126e+01
2.335766795989096778e+01 2.343313238865346904e+01
2.802920155441526973e+01 2.811947001230889853e+01
3.270073515330931713e+01 3.280571421735922399e+01
3.737226875753481181e+01 3.749186620219856536e+01
4.204380236383829583e+01 4.217792710906812204e+01
4.671533595618936374e+01 4.686389809672584761e+01
5.138686954802030016e+01 5.154978026881991582e+01
5.605840315746317515e+01 5.623557472970667703e+01
6.072993677017458936e+01 6.092128255952666649e+01
6.540147039075681334e+01 6.560690482052618222e+01
7.007300400523324413e+01 7.029244254890421928e+01
7.474453760757036491e+01 7.497789676875356690e+01
7.941607120884603432e+01 7.966326847529323629e+01
8.408760480405371140e+01 8.434855865684971832e+01
8.875913839763558144e+01 8.903376827849598385e+01
9.343067199193380645e+01 9.371889827562202413e+01
9.810220559697242493e+01 9.840394959266814112e+01
1.027737392095370552e+02 1.030889231539925390e+02
1.074452728258676046e+02 1.077738198425095106e+02
1.121168064518117262e+02 1.124586405340054398e+02
1.167883400857439824e+02 1.171433861166844679e+02
1.214598737173911900e+02 1.218280574428694649e+02
1.261314073254270909e+02 1.265126553566743723e+02
1.308029409439528763e+02 1.311971806819605320e+02
1.354744745684017744e+02 1.358816342245325473e+02
1.401460082067231951e+02 1.405660167618426897e+02
1.448175418440441149e+02 1.452503290847357675e+02
1.494890754763793552e+02 1.499345719783418645e+02
1.541606091048563485e+02 1.546187462084295134e+02
1.588321427136936563e+02 1.593028525355898921e+02
1.635036763470525045e+02 1.639868916900312001e+02
1.681752099592085870e+02 1.686708643590091583e+02
1.728467435914502346e+02 1.733547712647041124e+02
1.775182772533474918e+02 1.780386130950509198e+02
1.821898109017192269e+02 1.827223905852548285e+02
1.868613445674858724e+02 1.874061043420335864e+02
1.915328782192523249e+02 1.920897550861859031e+02
1.962044118850152188e+02 1.967733434458639863e+02
2.008759455610926352e+02 2.014568701104929858e+02
2.055474792070645833e+02 2.061403356999381344e+02
2.102190128485786431e+02 2.108237408431877498e+02
2.148905464679043575e+02 2.155070860915514572e+02
2.195620800971198321e+02 2.201903721280719992e+02
2.242336137350131082e+02 2.248735995138001158e+02
2.289051473328005954e+02 2.295567688195440610e+02
2.335766809690036894e+02 2.342398806434677567e+02
2.382482146151987763e+02 2.389229356113363849e+02
2.429197482590743959e+02 2.436059342520987343e+02
2.475912818685665684e+02 2.482888770597697317e+02
2.522628154997435956e+02 2.529717646789285652e+02
2.569343491490161568e+02 2.576545975866012554e+02
2.616058827574591987e+02 2.623373762877981790e+02
2.662774163610759501e+02 2.670201013197125235e+02
2.709489500288240151e+02 2.717027732288982520e+02
2.756204836381161840e+02 2.763853925150177702e+02
2.802920172469147246e+02 2.810679597322927066e+02
2.849635509498326087e+02 2.857504752397509264e+02
2.896350846025070496e+02 2.904329396283484357e+02
2.943066182212856461e+02 2.951153533435880831e+02
2.989781518735318286e+02 2.997977169518952110e+02
3.036496854830193115e+02 3.044800308070771280e+02
3.083212191582243804e+02 3.091622953084386154e+02
3.129927527597154722e+02 3.138445110778417302e+02
3.176642864578443550e+02 3.185266784809618912e+02
3.223358200910285518e+02 3.232087979111432787e+02
3.270073536971989370e+02 3.278908698165587339e+02
3.316788873292168773e+02 3.325728947557672086e+02
3.363504209675629681e+02 3.372548729626995510e+02
3.410219546965980726e+02 3.419368050677622364e+02
3.456934883002447805e+02 3.466186912762656220e+02
3.503650219770032663e+02 3.513005321087881612e+02
3.550365555820663985e+02 3.559823279349410541e+02
3.597080891929620066e+02 3.606640791994856272e+02
3.643796228690760017e+02 3.653457861728493867e+02
3.690511565175561941e+02 3.700274493169742982e+02
3.737226902094892580e+02 3.747090689699750783e+02
3.783942239538306467e+02 3.793906456044805964e+02
3.830657576053758930e+02 3.840721795436694492e+02
3.877372913720867018e+02 3.887536711690754601e+02
3.924088250603370511e+02 3.934351206781670953e+02
3.970803586613535572e+02 3.981165286467592068e+02
4.017518922644452459e+02 4.027978953883168742e+02
4.064234258664695858e+02 4.074792211892045088e+02
4.110949594985428348e+02 4.121605063239169340e+02
4.157664931943939450e+02 4.168417512969003269e+02
4.204380268360615105e+02 4.215229563391622492e+02
4.251095604580032159e+02 4.262041217955290904e+02
4.297810941009201997e+02 4.308852479324255000e+02
4.344526277586171545e+02 4.355663351619076593e+02
4.391241614171854053e+02 4.402473838454553743e+02
4.437956950289334372e+02 4.449283941050380236e+02
4.484672287182417563e+02 4.496093665172114697e+02
4.531387623861020302e+02 4.542903011268764430e+02
4.578102960516674784e+02 4.589711983153323445e+02
4.624818297271365850e+02 4.636520585294150578e+02
4.671533633870351423e+02 4.683328818845131991e+02
4.718248970097278061e+02 4.730136688446596054e+02
4.764964307099380676e+02 4.776944195066662360e+02
4.811679643198259555e+02 4.823751343916745782e+02
4.858394979409184771e+02 4.870558135071468087e+02
4.905110316508624351e+02 4.917364572453727760e+02
4.951825652941420230e+02 4.964170660397737720e+02
4.998540989364203710e+02 5.010976399240225305e+02
5.045256326995066161e+02 5.057781792282250990e+02
5.091971663552554901e+02 5.104586843747751459e+02
5.138687001183255916e+02 5.151391554487718167e+02
5.185402337198668192e+02 5.198195927499738218e+02
5.232117673273347691e+02 5.244999965894562592e+02
5.278833011556999963e+02 5.291803672816041626e+02
5.325548347757927559e+02 5.338607048121166372e+02
5.372263684993920378e+02 5.385410097649830732e+02
5.418979021725303937e+02 5.432212820729251916e+02
5.465694358151909000e+02 5.479015221764086618e+02
5.512409694775675462e+02 5.525817303189566019e+02
5.559125032010276755e+02 5.572619064785077398e+02
5.605840370086832536e+02 5.619420511994635490e+02
5.652555706431380713e+02 5.666221645733119203e+02
5.699271043085294650e+02 5.713022468373843594e+02
5.745986380269422398e+02 5.759822982940374914e+02
5.792701716854073766e+02 5.806623191332719216e+02
5.839417054431230554e+02 5.853423096664623699e+02
5.886132390776227794e+02 5.900222698261455889e+02
5.932847729140123647e+02 5.947022002021890330e+02
5.979563065914001072e+02 5.993821006605414823e+02
6.026278403330957190e+02 6.040619715501725295e+02
6.072993740666070153e+02 6.087418132257869274e+02
6.119709078475391379e+02 6.134216255887580473e+02
6.166424417193071577e+02 6.181014090438110316e+02
6.213139755307327050e+02 6.227811637851448268e+02
6.259855092723862526e+02 6.274608899853056982e+02
6.306570430696568792e+02 6.321405880156720514e+02
6.353285767036535390e+02 6.368202578048511668e+02
6.400001105012306652e+02 6.414998998003950419e+02
6.446716441049043169e+02 6.461795138553995912e+02
6.493431777069099553e+02 6.508591004069746759e+02
6.540147113361460924e+02 6.555386596924433888e+02
6.586862449441026683e+02 6.602181918443728819e+02
6.633577786543514776e+02 6.648976968930974181e+02
6.680293125432874604e+02 6.695771753643917918e+02
6.727008462159449209e+02 6.742566270230668124e+02
