0.000000000000000000e+00 0.000000000000000000e+00
4.672773410070202083e+00 4.686823273358682762e+00
9.345546820183781023e+00 9.373561775083551595e+00
1.401832023433609820e+01 1.406021653465311871e+01
1.869109364483379920e+01 1.874678856356642598e+01
2.336386705695761634e+01 2.343327884728779864e+01
2.803664047732805642e+01 2.811968837523165732e+01
3.270941389503872188e+01 3.280601808513122819e+01
3.738218730656799949e+01 3.749226893054874665e+01
4.205496072121586337e+01 4.217844182687808541e+01
4.672773413773478524e+01 4.686453769473061470e+01
5.140050754881664830e+01 5.155055740752241888e+01
5.607328096068650325e+01 5.623650185045305960e+01
6.074605437887532844e+01 6.092237187850003011e+01
6.541882779372934920e+01 6.560816834691539157e+01
7.009160122660188108e+01 7.029389210064081794e+01
7.476437464786732789e+01 7.497954393271241713e+01
7.943714806803983208e+01 7.966512466320097019e+01
8.410992148205264130e+01 8.435063506879743045e+01
8.878269490138875142e+01 8.903607593577149260e+01
9.345546831656828601e+01 9.372144802250858220e+01
9.812824174112003561e+01 9.840675207570166094e+01
1.028010151731081123e+02 1.030919888506654587e+02
1.074737886084338498e+02 1.077771590605742063e+02
1.121465620533522269e+02 1.124622634343778032e+02
1.168193355063180832e+02 1.171473026495880845e+02
1.214921089569538850e+02 1.218322774306616054e+02
1.261648824077263669e+02 1.265171884545023175e+02
1.308376558452877418e+02 1.312020364012988125e+02
1.355104292889105864e+02 1.358868219149709944e+02
1.401832027462156418e+02 1.405715456269154799e+02
1.448559762024999031e+02 1.452562081792927415e+02
1.495287496536525964e+02 1.499408102744380926e+02
1.542015231008601290e+02 1.546253524503555070e+02
1.588742965167462842e+02 1.593098353603473925e+02
1.635470699355449824e+02 1.639942596001095865e+02
1.682198433666073356e+02 1.686786257370166595e+02
1.728926168179282286e+02 1.733629343724124681e+02
1.775653902741674415e+02 1.780471860712366379e+02
1.822381637415011255e+02 1.827313813769776232e+02
1.869109372062017655e+02 1.874155209298954219e+02
1.915837106770298419e+02 1.920996052154694098e+02
1.962564841495890846e+02 1.967836347921884510e+02
2.009292576248174669e+02 2.014676101496261538e+02
2.056020310900063066e+02 2.061515318901264777e+02
2.102748045519738298e+02 2.108354004939885158e+02
2.149475779776813340e+02 2.155192164268094643e+02
2.196203514259726433e+02 2.202029802512775518e+02
2.242931249274716379e+02 2.248866924433056056e+02
2.289658983555849545e+02 2.295703534698478165e+02
2.336386718699905032e+02 2.342539638274305958e+02
2.383114452985010416e+02 2.389375240177105297e+02
2.429842187749054858e+02 2.436210344635871365e+02
2.476569922029146653e+02 2.483044957004439652e+02
2.523297656352284832e+02 2.529879081404807266e+02
2.570025391212383283e+02 2.576712721585774943e+02
2.616753125501389832e+02 2.623545882700007610e+02
2.663480860009947264e+02 2.670378569447690325e+02
2.710208594800274682e+02 2.717210785398117991e+02
2.756936329531196179e+02 2.764042535527759128e+02
2.803664064258231292e+02 2.810873823923983537e+02
2.850391798486216430e+02 2.857704653898676952e+02
2.897119533188480318e+02 2.904535030963613735e+02
2.943847267440465885e+02 2.951364957427771856e+02
2.990575002513231766e+02 2.998194438127038097e+02
3.037302736878419296e+02 3.045023477171869786e+02
3.084030472110817414e+02 3.091852078545416589e+02
3.130758207607010490e+02 3.138680245291825486e+02
3.177485942761190358e+02 3.185507982305556425e+02
3.224213677276848102e+02 3.232335292004013354e+02
3.270941411918647646e+02 3.279162178740491527e+02
3.317669146431768468e+02 3.325988645816384519e+02
3.364396880536613139e+02 3.372814697805654305e+02
3.411124615278461647e+02 3.419640337862067554e+02
3.457852350316572938e+02 3.466465568791002738e+02
3.504580085286062285e+02 3.513290394359559627e+02
3.551307819558011261e+02 3.560114816832870588e+02
3.598035553775702056e+02 3.606938841922861911e+02
3.644763288329797888e+02 3.653762470744172788e+02
3.691491023935193425e+02 3.700585707126670059e+02
3.738218758943986018e+02 3.747408555092273446e+02
3.784946494164605610e+02 3.794231017047802652e+02
3.831674228680631131e+02 3.841053096950283816e+02
3.878401962870441366e+02 3.887874797712977397e+02
3.925129697884394204e+02 3.934696122295989653e+02
3.971857432256188645e+02 3.981517073543845413e+02
4.018585166474807124e+02 4.028337654211636618e+02
4.065312901250169944e+02 4.075157867692994387e+02
4.112040636292427394e+02 4.121977716359331225e+02
4.158768371211098156e+02 4.168797204008016593e+02
4.205496105810646554e+02 4.215616332230513308e+02
4.252223840553953096e+02 4.262435105714322958e+02
4.298951574886668823e+02 4.309253526534513412e+02
4.345679309653663722e+02 4.356071597165482672e+02
4.392407044428256313e+02 4.402889320610622121e+02
4.439134779709069107e+02 4.449706697615239932e+02
4.485862515627289895e+02 4.496523732460137808e+02
4.532590250527013040e+02 4.543340427729182807e+02
4.579317985368547852e+02 4.590156785861389608e+02
4.626045720270580546e+02 4.636972810929484012e+02
4.672773456494809921e+02 4.683788503468234694e+02
4.719501192612773366e+02 4.730603867112225203e+02
4.766228927332714420e+02 4.777418903728034820e+02
4.812956661620206660e+02 4.824233616332378460e+02
4.859684395996426929e+02 4.871048006173708131e+02
4.906412131454267751e+02 4.917862076184599687e+02
4.953139867441115598e+02 4.964675830147648981e+02
4.999867602042820067e+02 5.011489270112213035e+02
5.046595337730911410e+02 5.058302396658858697e+02
5.093323071922390568e+02 5.105115212868669801e+02
5.140050806236638437e+02 5.151927721523314858e+02
5.186778542254170361e+02 5.198739924135641104e+02
5.233506277684934958e+02 5.245551822694116026e+02
5.280234013897302248e+02 5.292363420775892564e+02
5.326961749595925539e+02 5.339174719173404355e+02
5.373689485428160424e+02 5.385985720595331259e+02
5.420417221654525974e+02 5.432796427717993311e+02
5.467144955910404178e+02 5.479606842624922365e+02
5.513872690229486579e+02 5.526416967356569785e+02
5.560600424522614276e+02 5.573226803253191974e+02
5.607328160590611787e+02 5.620036350876504230e+02
5.654055895090353943e+02 5.666845615516826911e+02
5.700783629940191304e+02 5.713654597481411201e+02
5.747511365837210633e+02 5.760463298768599998e+02
5.794239101030141228e+02 5.807271721837835230e+02
5.840966835226047351e+02 5.854079867378039808e+02
5.887694570125439668e+02 5.900887738661564299e+02
5.934422304644747328e+02 5.947695335857956707e+02
5.981150039628143986e+02 5.994502664575263680e+02
6.027877774133895628e+02 6.041309724063062276e+02
6.074605510910872681e+02 6.088116514601855442e+02
6.121333246945891915e+02 6.134923039354935099e+02
6.168060983758091425e+02 6.181729302311669016e+02
6.214788720165784071e+02 6.228535302902459989e+02
6.261516454552707955e+02 6.275341042106268787e+02
6.308244190549416999e+02 6.322146522246714540e+02
6.354971926190502245e+02 6.368951747383313204e+02
6.401699660452832177e+02 6.415756716261951169e+02
6.448427394748748611e+02 6.462561432041534317e+02
6.495155128959479498e+02 6.509365896286448105e+02
6.541882864967914202e+02 6.556170111515169765e+02
6.588610599167752753e+02 6.602974077486721853e+02
6.635338334444385282e+02 6.649777797499871212e+02
6.682066068906506189e+02 6.696581273468557356e+02
6.728793803837863834e+02 6.743384505789817922e+02
