0.000000000000000000e+00 0.000000000000000000e+00
4.554189493818916468e+00 4.572016789992488839e+00
9.108378987826132089e+00 9.143896447281322892e+00
1.366256848722714246e+01 1.371564109114664376e+01
1.821675798128120149e+01 1.828725279829568251e+01
2.277094748132095603e+01 2.285873357934654493e+01
2.732513697538056263e+01 2.743008542912931702e+01
3.187932646965975891e+01 3.200131026545578550e+01
3.643351596437625517e+01 3.657240997587770437e+01
4.098770548130164570e+01 4.114338641331644908e+01
4.554189497731839253e+01 4.571424138854929708e+01
5.009608448864389629e+01 5.028497666439480440e+01
5.465027400194279750e+01 5.485559396370503293e+01
5.920446350664730772e+01 5.942609498503077958e+01
6.375865301404869001e+01 6.399648138685423504e+01
6.831284252619283848e+01 6.856675477178268352e+01
7.286703203733330270e+01 7.313691676826860544e+01
7.742122155169421660e+01 7.770696886215240795e+01
8.197541105909908765e+01 8.227691263825002466e+01
8.652960055742759948e+01 8.684674953249704288e+01
9.108379007356046486e+01 9.141648102332678150e+01
9.563797961492690547e+01 9.598610853408798960e+01
1.001921691178156379e+02 1.005556334843664672e+02
1.047463586154159572e+02 1.051250572528045524e+02
1.093005481188669989e+02 1.096943811421016335e+02
1.138547376348035414e+02 1.142636064849734083e+02
1.184089271354382902e+02 1.188327345821090830e+02
1.229631166686065171e+02 1.234017666718890354e+02
1.275173061866999547e+02 1.279707040113627841e+02
1.320714957055934917e+02 1.325395478294365148e+02
1.366256852148191001e+02 1.371082993263957235e+02
1.411798747269132832e+02 1.416769596473732804e+02
1.457340642680314886e+02 1.462455299534173037e+02
1.502882538113139788e+02 1.508140113949259273e+02
1.548424433603158263e+02 1.553824050367210816e+02
1.593966328695939865e+02 1.599507119596467533e+02
1.639508224029449934e+02 1.645189332504929212e+02
1.685050119228711765e+02 1.690870699767282304e+02
1.730592014550115891e+02 1.736551231118392025e+02
1.776133910138023566e+02 1.782230936931907195e+02
1.821675805742931971e+02 1.827909827153469564e+02
1.867217700843042394e+02 1.873587910838462562e+02
1.912759595938946973e+02 1.919265198534192791e+02
1.958301491027992824e+02 1.964941698890751809e+02
2.003843387025678453e+02 2.010617421957289821e+02
2.049385282282405569e+02 2.056292376029261959e+02
2.094927177477509304e+02 2.101966570321700090e+02
2.140469072654300362e+02 2.147640013592725552e+02
2.186010968023996384e+02 2.193312714293997203e+02
2.231552864100592615e+02 2.238984681030501633e+02
2.277094759464042113e+02 2.284655921716367288e+02
2.322636654563301022e+02 2.330326444241380841e+02
2.368178549972848259e+02 2.375996257794776625e+02
2.413720445898525497e+02 2.421665368861247885e+02
2.459262341155354932e+02 2.467333785975002343e+02
2.504804236203370920e+02 2.513001517304672632e+02
2.550346132126916814e+02 2.558668569031156323e+02
2.595888027331452008e+02 2.604334949586941548e+02
2.641429922846231193e+02 2.650000665302778202e+02
2.686971818381521189e+02 2.695665724029447574e+02
2.732513713897997718e+02 2.741330133677085996e+02
2.778055609189764255e+02 2.786993899269892836e+02
2.823597504245331606e+02 2.832657028710140139e+02
2.869139399669927570e+02 2.878319528867236272e+02
2.914681295161753951e+02 2.923981405084325615e+02
2.960223191114885140e+02 2.969642664637082135e+02
3.005765086100434473e+02 3.015303314557820045e+02
3.051306981602461974e+02 3.060963359234970653e+02
3.096848876751073476e+02 3.106622806124864837e+02
3.142390772184645584e+02 3.152281661493389038e+02
3.187932667675694347e+02 3.197939932285240729e+02
3.233474563442290446e+02 3.243597622756514056e+02
3.279016458870476072e+02 3.289254738931901443e+02
3.324558354296847256e+02 3.334911287620715257e+02
3.370100250043890355e+02 3.380567273173559215e+02
3.415642145624096315e+02 3.426222701364855538e+02
3.461184041081440910e+02 3.471877577862502449e+02
3.506725936196063458e+02 3.517531909475344492e+02
3.552267831611792417e+02 3.563185699728803115e+02
3.597809726738740324e+02 3.608838953251284920e+02
3.643351622360602278e+02 3.654491676367587161e+02
3.688893518169631989e+02 3.700143874648303495e+02
3.734435413786624167e+02 3.745795552635904642e+02
3.779977309998396322e+02 3.791446715294107435e+02
3.825519205394222126e+02 3.837097367102791736e+02
3.871061100467047709e+02 3.882747513545722882e+02
3.916602995560738236e+02 3.928397158287779689e+02
3.962144891057067184e+02 3.974046307298700640e+02
4.007686788006487291e+02 4.019694964677011058e+02
4.053228685171932284e+02 4.065343135297840718e+02
4.098770580117037525e+02 4.110990821704979226e+02
4.144312475300343408e+02 4.156638031865760468e+02
4.189854371081909790e+02 4.202284766437688290e+02
4.235396268313498922e+02 4.247931031967905255e+02
4.280938165292936901e+02 4.293576832055629211e+02
4.326480060330438846e+02 4.339222170659370477e+02
4.372021955760724268e+02 4.384867052706451886e+02
4.417563852451476123e+02 4.430511481478919791e+02
4.463105749899366401e+02 4.476155461269361240e+02
4.508647646008149650e+02 4.521798996647911508e+02
4.554189541738810476e+02 4.567442089784946120e+02
4.599731436762148746e+02 4.613084745882115953e+02
4.645273334086181762e+02 4.658726968447344348e+02
4.690815229420283003e+02 4.704368761297449737e+02
4.736357125224781726e+02 4.750010127867097935e+02
4.781899020255505661e+02 4.795651073866173419e+02
4.827440916016967094e+02 4.841291600173731240e+02
4.872982811565873362e+02 4.886931711423729894e+02
4.918524706976784273e+02 4.932571410849943163e+02
4.964066602018886556e+02 4.978210703528279737e+02
5.009608497082650729e+02 5.023849590346378022e+02
5.055150392234512537e+02 5.069488074779552562e+02
5.100692288009983599e+02 5.115126160965550071e+02
