0.000000000000000000e+00 0.000000000000000000e+00
4.552644430155768696e+00 4.572016793089947129e+00
9.105288860467306122e+00 9.143872878487449896e+00
1.365793329085969532e+01 1.371557093094557445e+01
1.821057772143878495e+01 1.828711356066460070e+01
2.276322215775179103e+01 2.285850330786698947e+01
2.731586659743810941e+01 2.742974266663325622e+01
3.186851103284290332e+01 3.200083404739527992e+01
3.642115547977898871e+01 3.657177982381195136e+01
4.097379991064821780e+01 4.114258228323741662e+01
4.552644434292665210e+01 4.571324369765444118e+01
5.007908879559464310e+01 5.028376625292999336e+01
5.463173324543332399e+01 5.485415210359205673e+01
5.918437767602593169e+01 5.942440335068447155e+01
6.373702214055606419e+01 6.399452205343369826e+01
6.828966657220485104e+01 6.856451022248080562e+01
7.284231101377733353e+01 7.313436977821277196e+01
7.739495545819174538e+01 7.770410267933800696e+01
8.194759990203012023e+01 8.227371077007097711e+01
8.650024436378089376e+01 8.684319588010012581e+01
9.105288880475688984e+01 9.141255980410878124e+01
9.560553328285303110e+01 9.598180427867467301e+01
1.001581777619840778e+02 1.005509310544646553e+02
1.047108222010530767e+02 1.051199417623252828e+02
1.092634666783080775e+02 1.096888380888843244e+02
1.138161111327895156e+02 1.142576216268539895e+02
1.183687555854732523e+02 1.188262939378178942e+02
1.229214000538798643e+02 1.233948565476615329e+02
1.274740445080921631e+02 1.279633109997260618e+02
1.320266889601654725e+02 1.325316587841096236e+02
1.365793334652731232e+02 1.370999012720492374e+02
1.411319779489269592e+02 1.416680399600339229e+02
1.456846224034291879e+02 1.462360762023571965e+02
1.502372668839166181e+02 1.508040113592036846e+02
1.547899113315726254e+02 1.553718467888930661e+02
1.593425557772467869e+02 1.599395837803675704e+02
1.638952002218717325e+02 1.645072236052656933e+02
1.684478446549667296e+02 1.690747675281139664e+02
1.730004891758781582e+02 1.736422167744898388e+02
1.775531336707078935e+02 1.782095725560625397e+02
1.821057781757404257e+02 1.827768360746965186e+02
1.866584226348293214e+02 1.873440084916404658e+02
1.912110670789268738e+02 1.919110909111743979e+02
1.957637115682540241e+02 1.964780844935289394e+02
2.003163560125994707e+02 2.010449903113999710e+02
2.048690004747936086e+02 2.056118094647195562e+02
2.094216449542512635e+02 2.101785430266864410e+02
2.139742894018484662e+02 2.147451920273635437e+02
2.185269338438130831e+02 2.193117574769945008e+02
2.230795783417796088e+02 2.238782403280406754e+02
2.276322228667116008e+02 2.284446416829394479e+02
2.321848673073726275e+02 2.330109624513837616e+02
2.367375118626488870e+02 2.375772035644623656e+02
2.412901563879296702e+02 2.421433659611126643e+02
2.458428008633930517e+02 2.467094505132866402e+02
2.503954453096174575e+02 2.512754581831608789e+02
2.549480897985927186e+02 2.558413898922992757e+02
2.595007343717388153e+02 2.604072463882647526e+02
2.640533788561776873e+02 2.649730285690450842e+02
2.686060233047190877e+02 2.695387374102074318e+02
2.731586677698069252e+02 2.741043735981777445e+02
2.777113122064491790e+02 2.786699379518049113e+02
2.822639566457377782e+02 2.832354312583560159e+02
2.868166011153566046e+02 2.878008542706111825e+02
2.913692456021336170e+02 2.923662078851615433e+02
2.959218901825994976e+02 2.969314927610254244e+02
3.004745347435118674e+02 3.014967097892086372e+02
3.050271792689804897e+02 3.060618596379686096e+02
3.095798237205143550e+02 3.106269429106158668e+02
3.141324681693225216e+02 3.151919604547858853e+02
3.186851127050523473e+02 3.197569128046296782e+02
3.232377572160046384e+02 3.243218008273314581e+02
3.277904017143868032e+02 3.288866251592178855e+02
3.323430461925042891e+02 3.334513864576206288e+02
3.368956906885393323e+02 3.380160852850805782e+02
3.414483351833906681e+02 3.425807225006279850e+02
3.460009796629084349e+02 3.471452984721721577e+02
3.505536242402187099e+02 3.517098140488069475e+02
3.551062686878173054e+02 3.562742696240802616e+02
3.596589132194150125e+02 3.608386660884996786e+02
3.642115577180225046e+02 3.654030037737750263e+02
3.687642022304663669e+02 3.699672835323900699e+02
3.733168467263427033e+02 3.745315057006720281e+02
3.778694913078131776e+02 3.790956709510885503e+02
3.824221358038902281e+02 3.836597798250255096e+02
3.869747802471687237e+02 3.882238328998708994e+02
3.915274247644289858e+02 3.927878306774869088e+02
3.960800692048736096e+02 3.973517737946056059e+02
4.006327138438555266e+02 4.019156627585308570e+02
4.051853583320345820e+02 4.064794979816495015e+02
4.097380029152221823e+02 4.110432801567864090e+02
4.142906474053361876e+02 4.156070097646756949e+02
4.188432919474340679e+02 4.201706870861290781e+02
4.233959365822881296e+02 4.247343127894768031e+02
4.279485810530370600e+02 4.292978874003619012e+02
4.325012255312175284e+02 4.338614113617175008e+02
4.370538699819381918e+02 4.384248850268284627e+02
4.416065145818751034e+02 4.429883088659477153e+02
4.461591592608971268e+02 4.475516836288800278e+02
4.507118037743923082e+02 4.521150093992293932e+02
4.552644484579352593e+02 4.566782868127478423e+02
4.598170929504668720e+02 4.612415164352395323e+02
4.643697375335268589e+02 4.658046984047505816e+02
4.689223819828782780e+02 4.703678333400141582e+02
4.734750265138764007e+02 4.749309215663071200e+02
4.780276712147605167e+02 4.794939635324616347e+02
4.825803158536717774e+02 4.840569598729388190e+02
4.871329603642723214e+02 4.886199106273049892e+02
4.916856048198617941e+02 4.931828163345920757e+02
4.962382494971742517e+02 4.977456775847178392e+02
5.007908940194351999e+02 5.023084945348919064e+02
5.053435384695193306e+02 5.068712677513179869e+02
5.098961829269478585e+02 5.114339973913292852e+02
