0.000000000000000000e+00 0.000000000000000000e+00
4.552644430036457912e+00 4.572016792988896405e+00
9.105288860306082199e+00 9.143872878384286196e+00
1.365793329080622520e+01 1.371557093095110957e+01
1.821057772428601851e+01 1.828711355969438657e+01
2.276322216056591685e+01 2.285850330694813337e+01
2.731586659769015313e+01 2.742974266806684724e+01
3.186851103305279764e+01 3.200083405610678966e+01
3.642115547992662528e+01 3.657177982729400156e+01
4.097379991315338543e+01 4.114258228676527551e+01
4.552644434628905401e+01 4.571324369847764046e+01
5.007908879460491391e+01 5.028376625335233996e+01
5.463173324461839542e+01 5.485415210259115781e+01
5.918437768683629940e+01 5.942440335013308328e+01
6.373702214216456241e+01 6.399452204843548486e+01
6.828966660688399770e+01 6.856451021111770672e+01
7.284231105534254880e+01 7.313436977133929418e+01
7.739495550553546366e+01 7.770410265086559320e+01
8.194759994302765449e+01 8.227371071752483545e+01
8.650024438745805355e+01 8.684319583173788715e+01
9.105288883143369105e+01 9.141255976248299930e+01
9.560553330940550154e+01 9.598180424617410722e+01
1.001581777543904366e+02 1.005509309980322570e+02
1.047108222096535712e+02 1.051199417360845416e+02
1.092634666663994949e+02 1.096888380628732307e+02
1.138161111449449265e+02 1.142576215911587951e+02
1.183687556168359407e+02 1.188262939136182581e+02
1.229214000863887293e+02 1.233948565467145926e+02
1.274740445501646491e+02 1.279633110096275175e+02
1.320266890061665777e+02 1.325316587506598012e+02
1.365793334643476555e+02 1.370999012768040757e+02
1.411319779623097759e+02 1.416680399570719260e+02
1.456846224373217638e+02 1.462360762257914359e+02
1.502372669162029695e+02 1.508040114060233918e+02
1.547899113682849475e+02 1.553718467953372340e+02
1.593425558396798465e+02 1.599395837754969421e+02
1.638952002836756208e+02 1.645072235671118221e+02
1.684478447272742301e+02 1.690747674741243713e+02
1.730004892133221688e+02 1.736422167626140833e+02
1.775531337116638326e+02 1.782095725520915153e+02
1.821057781579965535e+02 1.827768360557081451e+02
1.866584226700845193e+02 1.873440084589048524e+02
1.912110671482899988e+02 1.919110908848209078e+02
1.957637116677212816e+02 1.964780845216179728e+02
2.003163561175982466e+02 2.010449903590653093e+02
2.048690005612844516e+02 2.056118095006387989e+02
2.094216450449421814e+02 2.101785430632217810e+02
2.139742894994656695e+02 2.147451920677304429e+02
2.185269339411805731e+02 2.193117575471676446e+02
2.230795783837710076e+02 2.238782404704234636e+02
2.276322228646895667e+02 2.284446418326424464e+02
2.321848674138516344e+02 2.330109625223319085e+02
2.367375118548160344e+02 2.375772036043426567e+02
2.412901563788949488e+02 2.421433659122254767e+02
2.458428008956449276e+02 2.467094504904926282e+02
2.503954453582472581e+02 2.512754581472703705e+02
2.549480898276081859e+02 2.558413897984870005e+02
2.595007344004098968e+02 2.604072462859131747e+02
2.640533788852672501e+02 2.649730284549947328e+02
2.686060233227334493e+02 2.695387372693361954e+02
2.731586677607111824e+02 2.741043734839623198e+02
2.777113121973523562e+02 2.786699378105419100e+02
2.822639567578308402e+02 2.832354311463741396e+02
2.868166012366360746e+02 2.878008541873453510e+02
2.913692457231819049e+02 2.923662077945735973e+02
2.959218903035874746e+02 2.969314926659678804e+02
3.004745347751668305e+02 3.014967096985795934e+02
3.050271792366720547e+02 3.060618594719244925e+02
3.095798236881261118e+02 3.106269426921426202e+02
3.141324681614954670e+02 3.151919602378327454e+02
3.186851126468079087e+02 3.197569126873303276e+02
3.232377571572028501e+02 3.243218007109359746e+02
3.277904016347346214e+02 3.288866250065049144e+02
3.323430461161854055e+02 3.334513862078728152e+02
3.368956906122924693e+02 3.380160851587689876e+02
3.414483351070392700e+02 3.425807222298793704e+02
3.460009795871265510e+02 3.471452982816167605e+02
3.505536240286267002e+02 3.517098137864793443e+02
3.551062685556991028e+02 3.562742694413259414e+02
3.596589130344176510e+02 3.608386657896305678e+02
3.642115575327721899e+02 3.654030035432101613e+02
3.687642020489342940e+02 3.699672831775960162e+02
3.733168465500103821e+02 3.745315053465984647e+02
3.778694910455919853e+02 3.790956706164963634e+02
3.824221355481998899e+02 3.836597795226919061e+02
3.869747800632686676e+02 3.882238325965856802e+02
3.915274245089089504e+02 3.927878304046911353e+02
3.960800689493653977e+02 3.973517735205678036e+02
4.006327135879776051e+02 4.019156624704658043e+02
4.051853580765593392e+02 4.064794977456526794e+02
4.097380027121528201e+02 4.110432797833682912e+02
4.142906471708703293e+02 4.156070092061291916e+02
4.188432916113506508e+02 4.201706865350162161e+02
4.233959360705673589e+02 4.247343122379622855e+02
4.279485805413960406e+02 4.292978868943537236e+02
4.325012250444127062e+02 4.338614107234567427e+02
4.370538694951765706e+02 4.384248844147393811e+02
4.416065140952336492e+02 4.429883082516267336e+02
4.461591587740409750e+02 4.475516830002771940e+02
4.507118032490858468e+02 4.521150088462930512e+02
4.552644477106558725e+02 4.566782862228600379e+02
4.598170923637263172e+02 4.612415157336753282e+02
4.643697368772722029e+02 4.658046977577801044e+02
4.689223815381787404e+02 4.703678326198844388e+02
4.734750260529570483e+02 4.749309208401965634e+02
4.780276705580443490e+02 4.794939628562702865e+02
4.825803151670564830e+02 4.840569590952050021e+02
4.871329596904612345e+02 4.886199098879018834e+02
4.916856043241282350e+02 4.931828156207436678e+02
4.962382488547059438e+02 4.977456766433991220e+02
5.007908933769426199e+02 5.023084935936460624e+02
5.053435379376797982e+02 5.068712667840977133e+02
5.098961823954726924e+02 5.114339963345566957e+02
