0.000000000000000000e+00 0.000000000000000000e+00
4.552644429991490327e+00 4.572016792838708987e+00
9.105288861030768288e+00 9.143872878236919632e+00
1.365793329142460699e+01 1.371557093079864842e+01
1.821057772200657610e+01 1.828711356019127976e+01
2.276322215836959018e+01 2.285850330742024639e+01
2.731586659069742495e+01 2.742974266099955472e+01
3.186851102607600694e+01 3.200083404072734083e+01
3.642115546952936711e+01 3.657177981168565850e+01
4.097379990654873438e+01 4.114258227779997412e+01
4.552644433784339384e+01 4.571324369147733080e+01
5.007908878525764607e+01 5.028376625089007490e+01
5.463173323500514300e+01 5.485415210038728162e+01
5.918437769172694374e+01 5.942440334737491270e+01
6.373702212846711745e+01 6.399452205483836309e+01
6.828966659701333697e+01 6.856451019697837523e+01
7.284231103853741729e+01 7.313436974169270854e+01
7.739495547903368333e+01 7.770410264399669131e+01
8.194759992226114775e+01 8.227371070469280312e+01
8.650024438161104001e+01 8.684319579898385655e+01
9.105288882576218157e+01 9.141255972909728200e+01
9.560553330384445303e+01 9.598180420238591637e+01
1.001581777832670070e+02 1.005509309766495960e+02
1.047108222528717505e+02 1.051199417002630128e+02
1.092634666924851814e+02 1.096888380276115385e+02
1.138161111335308959e+02 1.142576215563546782e+02
1.183687555970802805e+02 1.188262938908976594e+02
1.229214000725436335e+02 1.233948565048888213e+02
1.274740445713863721e+02 1.279633109557230739e+02
1.320266890374266495e+02 1.325316587065736371e+02
1.365793334931183267e+02 1.370999012296008743e+02
1.411319779854584908e+02 1.416680399103559580e+02
1.456846224609955414e+02 1.462360761356694923e+02
1.502372669409086541e+02 1.508040112924661003e+02
1.547899113885067379e+02 1.553718466788636192e+02
1.593425558342491968e+02 1.599395836485916789e+02
1.638952002861432220e+02 1.645072234888517073e+02
1.684478447473935603e+02 1.690747674048146223e+02
1.730004892657946129e+02 1.736422166531431799e+02
1.775531337265445586e+02 1.782095724261488385e+02
1.821057782516880934e+02 1.827768359557882718e+02
1.866584226981406687e+02 1.873440083705143309e+02
1.912110672188173339e+02 1.919110908025619153e+02
1.957637116639069177e+02 1.964780843888218271e+02
2.003163561099052572e+02 2.010449902073880253e+02
2.048690005705591659e+02 2.056118093748809486e+02
2.094216450154904123e+02 2.101785429381824315e+02
2.139742895203931425e+02 2.147451919393803337e+02
2.185269339862814491e+02 2.193117574054824672e+02
2.230795785200138823e+02 2.238782402783539851e+02
2.276322229615861943e+02 2.284446416603825014e+02
2.321848674086657525e+02 2.330109623538230039e+02
2.367375119039897129e+02 2.375772034546212126e+02
2.412901564360834641e+02 2.421433657983155854e+02
2.458428008823784694e+02 2.467094503605645173e+02
2.503954453532507500e+02 2.512754580886888789e+02
2.549480898850007407e+02 2.558413898039089247e+02
2.595007344564824052e+02 2.604072463264120643e+02
2.640533789411757652e+02 2.649730284901726236e+02
2.686060234674739604e+02 2.695387373179963788e+02
2.731586680007574728e+02 2.741043735075767245e+02
2.777113124470478169e+02 2.786699378089308539e+02
2.822639569334609178e+02 2.832354311977936163e+02
2.868166014266429329e+02 2.878008542431366550e+02
2.913692459173522025e+02 2.923662078545856957e+02
2.959218904980502316e+02 2.969314928138953178e+02
3.004745349643370105e+02 3.014967098401419889e+02
3.050271794096763074e+02 3.060618595321192288e+02
3.095798238609237956e+02 3.106269428453431374e+02
3.141324683097279262e+02 3.151919604084160937e+02
3.186851127951621265e+02 3.197569128468009012e+02
3.232377573083940661e+02 3.243218008942985762e+02
3.277904017859140140e+02 3.288866251944334067e+02
3.323430463110564688e+02 3.334513863810409475e+02
3.368956908069546898e+02 3.380160852102878835e+02
3.414483353017277523e+02 3.425807224130107898e+02
3.460009797796487305e+02 3.471452983851299905e+02
3.505536242268973979e+02 3.517098138241508423e+02
3.551062688111054513e+02 3.562742694219908799e+02
3.596589132589144810e+02 3.608386657657054570e+02
3.642115577990023780e+02 3.654030034408445999e+02
3.687642023172293761e+02 3.699672831214460871e+02
3.733168468179362094e+02 3.745315052913868499e+02
3.778694913617085263e+02 3.790956705778187370e+02
3.824221358484218172e+02 3.836597794589383170e+02
3.869747802917015633e+02 3.882238325395647962e+02
3.915274247391490121e+02 3.927878305013725821e+02
3.960800693514412387e+02 3.973517736653175803e+02
4.006327139905350805e+02 4.019156625871616484e+02
4.051853584786549050e+02 4.064794978367146996e+02
4.097380030616963609e+02 4.110432800267125231e+02
4.142906475398506245e+02 4.156070096169145245e+02
4.188432919995499333e+02 4.201706869791894974e+02
4.233959365115937317e+02 4.247343126807850240e+02
4.279485809824041098e+02 4.292978871148104645e+02
4.325012254307251851e+02 4.338614109373598922e+02
4.370538699474252553e+02 4.384248845343630023e+02
4.416065145478568184e+02 4.429883084506357136e+02
4.461591592267198507e+02 4.475516832041005273e+02
4.507118039096518487e+02 4.521150090207557923e+02
4.552644485531697001e+02 4.566782865521477675e+02
4.598170930941799952e+02 4.612415160059252912e+02
4.643697375892567152e+02 4.658046979811182382e+02
4.689223820918444403e+02 4.703678329297608798e+02
4.734750266065047981e+02 4.749309212334459289e+02
4.780276713080622812e+02 4.794939632397112064e+02
4.825803159524621719e+02 4.840569593194321669e+02
4.871329604497243508e+02 4.886199102026794208e+02
4.916856050270697551e+02 4.931828159115186736e+02
4.962382497139169573e+02 4.977456771550785675e+02
5.007908942329980277e+02 5.023084939872595100e+02
5.053435387250298163e+02 5.068712671121081144e+02
5.098961831829500397e+02 5.114339967458828369e+02
