0.000000000000000000e+00 0.000000000000000000e+00
4.552644430288276034e+00 4.572016792977462885e+00
9.105288860329450173e+00 9.143872878376935631e+00
1.365793329147457058e+01 1.371557093094002688e+01
1.821057772264012442e+01 1.828711356675727728e+01
2.276322215332533005e+01 2.285850331396301272e+01
2.731586658371391962e+01 2.742974266530742966e+01
3.186851101897766014e+01 3.200083404462881020e+01
3.642115546586447294e+01 3.657177981210004702e+01
4.097379989844012016e+01 4.114258227731483686e+01
4.552644433110348388e+01 4.571324368958856610e+01
5.007908877876457154e+01 5.028376624674616835e+01
5.463173321490604195e+01 5.485415209956742899e+01
5.918437766960602175e+01 5.942440334642915900e+01
6.373702210195754958e+01 6.399452204462475891e+01
6.828966656872958652e+01 6.856451020819213227e+01
7.284231103578758848e+01 7.313436975814681773e+01
7.739495548683242987e+01 7.770410264573081349e+01
8.194759994913684409e+01 8.227371072983629574e+01
8.650024439352334582e+01 8.684319582012085448e+01
9.105288883779024900e+01 9.141255972850888156e+01
9.560553331590476489e+01 9.598180422145603075e+01
1.001581777976773822e+02 1.005509309874710198e+02
1.047108222563375932e+02 1.051199417349726133e+02
1.092634667417461998e+02 1.096888380620969770e+02
1.138161111804733991e+02 1.142576215986676402e+02
1.183687556197124877e+02 1.188262939334737922e+02
1.229214000899976753e+02 1.233948565666311765e+02
1.274740445437179801e+02 1.279633110255279576e+02
1.320266890003200047e+02 1.325316588184748525e+02
1.365793334387324194e+02 1.370999013097249133e+02
1.411319779336432134e+02 1.416680399896011977e+02
1.456846224092884086e+02 1.462360762301839259e+02
1.502372668884145526e+02 1.508040114134386442e+02
1.547899113439523262e+02 1.553718468539764217e+02
1.593425557996664566e+02 1.599395838279760369e+02
1.638952003135632935e+02 1.645072236336306162e+02
1.684478447577415920e+02 1.690747675070853404e+02
1.730004892054153061e+02 1.736422167681790540e+02
1.775531336941569407e+02 1.782095725523099929e+02
1.821057782074565239e+02 1.827768361013884828e+02
1.866584226690589503e+02 1.873440084947307298e+02
1.912110671081733813e+02 1.919110909472821049e+02
1.957637115555864682e+02 1.964780845368273958e+02
2.003163560177686691e+02 2.010449903879978137e+02
2.048690005525599531e+02 2.056118095759848075e+02
2.094216449953824224e+02 2.101785431422007946e+02
2.139742894990284299e+02 2.147451921668417185e+02
2.185269339749458481e+02 2.193117576250288323e+02
2.230795784180701560e+02 2.238782405679061185e+02
2.276322228589521330e+02 2.284446419172186324e+02
2.321848674066547176e+02 2.330109626014447883e+02
2.367375119501490417e+02 2.375772036691010385e+02
2.412901564815233542e+02 2.421433660613898553e+02
2.458428009189674981e+02 2.467094506922599066e+02
2.503954453703513536e+02 2.512754584022334541e+02
2.549480898782093163e+02 2.558413900076940877e+02
2.595007344498361022e+02 2.604072465089781190e+02
2.640533789343478475e+02 2.649730286708188487e+02
2.686060233883913497e+02 2.695387373998308931e+02
2.731586678263712429e+02 2.741043735322137991e+02
2.777113123499420908e+02 2.786699378817828574e+02
2.822639567892005061e+02 2.832354312292792429e+02
2.868166012681351731e+02 2.878008542421406446e+02
2.913692457557456237e+02 2.923662078591848967e+02
2.959218903362942115e+02 2.969314928662440138e+02
3.004745347936158169e+02 3.014967099013410916e+02
3.050271792394200929e+02 3.060618597456830798e+02
3.095798236909172374e+02 3.106269430132497291e+02
3.141324681700945121e+02 3.151919605570745944e+02
3.186851126557461384e+02 3.197569130155521862e+02
3.232377571695283223e+02 3.243218009737188368e+02
3.277904016470598663e+02 3.288866252324164634e+02
3.323430461172585524e+02 3.334513865051138737e+02
3.368956906131471669e+02 3.380160853054293284e+02
3.414483351079865088e+02 3.425807223798016139e+02
3.460009795883652828e+02 3.471452983904270582e+02
3.505536240360374904e+02 3.517098139013307900e+02
3.551062685325515531e+02 3.562742696458722662e+02
3.596589130635730953e+02 3.608386660149934073e+02
3.642115575623197401e+02 3.654030036886792345e+02
3.687642020789871253e+02 3.699672833186116350e+02
3.733168465769405202e+02 3.745315054864860258e+02
3.778694910726007947e+02 3.790956707740318734e+02
3.824221355593256249e+02 3.836597796529815696e+02
3.869747800025992888e+02 3.882238327208607416e+02
3.915274244482135373e+02 3.927878304814101966e+02
3.960800690617868440e+02 3.973517735972388891e+02
4.006327137004404904e+02 4.019156624937583047e+02
4.051853581883719926e+02 4.064794977147161035e+02
4.097380027691027067e+02 4.110432799085010629e+02
4.142906472476938688e+02 4.156070094767755450e+02
4.188432916881681081e+02 4.201706868473874579e+02
4.233959361364398433e+02 4.247343125522758100e+02
4.279485806072431160e+02 4.292978870776919393e+02
4.325012250556079039e+02 4.338614109053592074e+02
4.370538696390493669e+02 4.384248845254484195e+02
4.416065142388835625e+02 4.429883084101769555e+02
4.461591589178289041e+02 4.475516830798947012e+02
4.507118033993403969e+02 4.521150089463798167e+02
4.552644478628974412e+02 4.566782864068972003e+02
4.598170923951207669e+02 4.612415159699070273e+02
4.643697370149833432e+02 4.658046979512608914e+02
4.689223815093827170e+02 4.703678328943930183e+02
4.734750261066340613e+02 4.749309210461237853e+02
4.780276708080746175e+02 4.794939630601754743e+02
4.825803154958750270e+02 4.840569591803163689e+02
4.871329600568675460e+02 4.886199099571457509e+02
4.916856046481459543e+02 4.931828156491030768e+02
4.962382490896436025e+02 4.977456768152673590e+02
5.007908936119335976e+02 5.023084937662816856e+02
5.053435381944074152e+02 5.068712669068680725e+02
5.098961828947973345e+02 5.114339965451895864e+02
