0.000000000000000000e+00 0.000000000000000000e+00
4.646184616514068111e+00 4.669461733926452141e+00
9.292369232803025625e+00 9.338693991359809488e+00
1.393855384908355077e+01 1.400770129941959397e+01
1.858473847311832117e+01 1.867648804990196965e+01
2.323092309950306955e+01 2.334505851016505673e+01
2.787710771900763262e+01 2.801341682368532560e+01
3.252329234836092553e+01 3.268156701727430402e+01
3.716947697101643655e+01 3.734951299784768253e+01
4.181566159195532606e+01 4.201725854824609030e+01
4.646184623430055183e+01 4.668480739302388116e+01
5.110803085802808710e+01 5.135216311124784028e+01
5.575421549363299789e+01 5.601932918201275413e+01
6.040040013642389738e+01 6.068630903431613888e+01
6.504658475650620630e+01 6.535310595493176322e+01
6.969276937780895764e+01 7.001972318641247739e+01
7.433895401872015896e+01 7.468616386829046405e+01
7.898513867644508935e+01 7.935243103511504614e+01
8.363132330411997373e+01 8.401852767132979238e+01
8.827750795808947260e+01 8.868445671056556989e+01
9.292369258960086142e+01 9.335022093990517078e+01
9.756987723700999027e+01 9.801582312021830035e+01
1.022160618881706569e+02 1.026812659524240701e+02
1.068622465600615499e+02 1.073465520507633357e+02
1.115084311814491684e+02 1.120116839759973004e+02
1.161546158500807735e+02 1.166766642114158401e+02
1.208008004826477446e+02 1.213414951649355373e+02
1.254469851113579892e+02 1.260061792658711681e+02
1.300931697721446483e+02 1.306707188376346664e+02
1.347393544394855098e+02 1.353351160800626189e+02
1.393855390584101883e+02 1.399993732728668761e+02
1.440317237286518548e+02 1.446634925269065661e+02
1.486779083600643787e+02 1.493274759886181187e+02
1.533240930245756317e+02 1.539913256749827042e+02
1.579702776702320932e+02 1.586550436295377722e+02
1.626164623081125455e+02 1.633186318052163415e+02
1.672626469676414445e+02 1.679820921289758644e+02
1.719088316276724413e+02 1.726454265050754202e+02
1.765550162567894574e+02 1.773086367643194592e+02
1.812012008808115695e+02 1.819717247483614244e+02
1.858473855269153319e+02 1.866346921380941808e+02
1.904935701961676102e+02 1.912975407139645370e+02
1.951397548239485786e+02 1.959602721448525813e+02
1.997859394617419753e+02 2.006228881041300269e+02
2.044321240882405561e+02 2.052853902162677002e+02
2.090783087143482533e+02 2.099477800592059111e+02
2.137244933609432849e+02 2.146100591114838494e+02
2.183706780388274069e+02 2.192722289099214947e+02
2.230168627629128082e+02 2.239342910754980949e+02
2.276630475015519437e+02 2.285962469660866816e+02
2.323092322394615508e+02 2.332580980109535176e+02
2.369554169344142451e+02 2.379198455723403356e+02
2.416016015557624144e+02 2.425814910970102005e+02
2.462477861884191839e+02 2.472430358545896070e+02
2.508939708363953400e+02 2.519044812369760109e+02
2.555401555014341284e+02 2.565658284448156223e+02
2.601863401334824744e+02 2.612270787742128277e+02
2.648325248624232700e+02 2.658882334714278954e+02
2.694787095851486356e+02 2.705492937865100771e+02
2.741248942547481420e+02 2.752102609087778546e+02
2.787710788772375281e+02 2.798711360227154046e+02
2.834172635536319831e+02 2.845319202010110757e+02
2.880634482179758606e+02 2.891926145856831454e+02
2.927096328931754670e+02 2.938532203520849748e+02
2.973558176244370657e+02 2.985137385215690529e+02
3.020020023678903272e+02 3.031741702768469509e+02
3.066481870102995799e+02 3.078345164756156009e+02
3.112943716506775331e+02 3.124947782779468639e+02
3.159405563194656565e+02 3.171549568008229016e+02
3.205867409859262125e+02 3.218150527612095857e+02
3.252329256584364430e+02 3.264750673110620482e+02
3.298791103362038939e+02 3.311350013590000572e+02
3.345252949733283003e+02 3.357948559331021556e+02
3.391714796053992131e+02 3.404546318945880330e+02
3.438176642825811768e+02 3.451143301000547012e+02
3.484638489371571382e+02 3.497739514934208387e+02
3.531100336664330825e+02 3.544334969167173313e+02
3.577562183784838226e+02 3.590929673092261964e+02
3.624024030824647298e+02 3.637523634766398573e+02
3.670485877564642578e+02 3.684116862677782365e+02
3.716947724512920104e+02 3.730709363614212180e+02
3.763409571155173126e+02 3.777301147843760418e+02
3.809871417630888573e+02 3.823892221311694470e+02
3.856333263892447007e+02 3.870482594235169245e+02
3.902795110427642840e+02 3.917072272394310630e+02
3.949256958176875969e+02 3.963661263941870629e+02
3.995718804399474493e+02 4.010249575042521428e+02
4.042180652012634710e+02 4.056837215356574688e+02
4.088642499638001482e+02 4.103424189059612672e+02
4.135104346531396686e+02 4.150010505274801744e+02
4.181566193400868769e+02 4.196596171760391485e+02
4.228028039790805224e+02 4.243181192581586174e+02
4.274489886522455890e+02 4.289765576375772298e+02
4.320951735189604506e+02 4.336349330589133615e+02
4.367413583413386391e+02 4.382932458916980067e+02
4.413875431119603263e+02 4.429514969230519910e+02
4.460337279851705716e+02 4.476096868148549675e+02
4.506799126571273746e+02 4.522678162502720625e+02
4.553260974677887702e+02 4.569258858626669735e+02
4.599722822952969636e+02 4.615838961207077773e+02
4.646184671209510952e+02 4.662418474618120285e+02
4.692646518969999079e+02 4.708997407467949188e+02
4.739108365516274262e+02 4.755575764057765582e+02
4.785570213954667906e+02 4.802153551089584198e+02
4.832032062345713257e+02 4.848730774261579199e+02
4.878493909260163264e+02 4.895307438605231596e+02
4.924955757067125433e+02 4.941883549201472192e+02
4.971417603719604585e+02 4.988459113779255745e+02
5.017879450530905387e+02 5.035034134323155968e+02
5.064341296828742998e+02 5.081608617547688027e+02
5.110803143385611520e+02 5.128182568087938762e+02
5.157264992122370586e+02 5.174755991279569116e+02
5.203726839244868643e+02 5.221328894216103436e+02
