0.000000000000000000e+00 0.000000000000000000e+00
4.646150497278484615e+00 4.669818605320616989e+00
9.292300994752764609e+00 9.339400318663166445e+00
1.393845149230818237e+01 1.400874988565471924e+01
1.858460199227513954e+01 1.867787190031511457e+01
2.323075249533373210e+01 2.334677082920978108e+01
2.787690299299067576e+01 2.801545100467760108e+01
3.252305350360070690e+01 3.268391663638936251e+01
3.716920400747328301e+01 3.735217181921886009e+01
4.181535450939942677e+01 4.202022051549031545e+01
4.646150500761166313e+01 4.668806660571362954e+01
5.110765552873797191e+01 5.135571383048264238e+01
5.575380602769089222e+01 5.602316581118520844e+01
6.039995653564074019e+01 6.069042613007275122e+01
6.504610705905488999e+01 6.535749822432180167e+01
6.969225755896968622e+01 7.002438545663392233e+01
7.433840806767929621e+01 7.469109111492025477e+01
7.898455857145543746e+01 7.935761837874107982e+01
8.363070908343894416e+01 8.402397032231203866e+01
8.827685959827645945e+01 8.869014998386199977e+01
9.292301011027355173e+01 9.335616030237683560e+01
9.756916063807992145e+01 9.802200416098402513e+01
1.022153111699735746e+02 1.026876843216814450e+02
1.068614617228971042e+02 1.073532035236118958e+02
1.115076122256355973e+02 1.120185644404598975e+02
1.161537627763893283e+02 1.166837696685171011e+02
1.207999133046693316e+02 1.213488217178771151e+02
1.254460638170426421e+02 1.260137230824825565e+02
1.300922143458707296e+02 1.306784761362096674e+02
1.347383648926506794e+02 1.353430831982508380e+02
1.393845154068847876e+02 1.400075466573719609e+02
1.440306659681384645e+02 1.446718686892879191e+02
1.486768164906046081e+02 1.493360514685883231e+02
1.533229670377047853e+02 1.540000971858021330e+02
1.579691175558395742e+02 1.586640079274216362e+02
1.626152680836848390e+02 1.633277856732053124e+02
1.672614185973562257e+02 1.679914324525221900e+02
1.719075691202977509e+02 1.726549502347568819e+02
1.765537196252993795e+02 1.773183408917655868e+02
1.811998701870623449e+02 1.819816063489801650e+02
1.858460207051678026e+02 1.866447483892288801e+02
1.904921712155269802e+02 1.913077688063129358e+02
1.951383217766113489e+02 1.959706693325771312e+02
1.997844722903649313e+02 2.006334516422241165e+02
2.044306228973760824e+02 2.052961174489354335e+02
2.090767734026172775e+02 2.099586684357741717e+02
2.137229239308937849e+02 2.146211061226769345e+02
2.183690745099197841e+02 2.192834321692585036e+02
2.230152251283082592e+02 2.239456480163099457e+02
2.276613757441228358e+02 2.286077551811422381e+02
2.323075263700930009e+02 2.332697551664468563e+02
2.369536768917834593e+02 2.379316494542517830e+02
2.415998274244059871e+02 2.425934394640556206e+02
2.462459779336015799e+02 2.472551265212538851e+02
2.508921284843327157e+02 2.519167119722403640e+02
2.555382790305906155e+02 2.565781972340261063e+02
2.601844295783658367e+02 2.612395835008799168e+02
2.648305801948378075e+02 2.659008721633809955e+02
2.694767307035519366e+02 2.705620643767840647e+02
2.741228812088278914e+02 2.752231614813496776e+02
2.787690317125913566e+02 2.798841645991914220e+02
2.834151823141954765e+02 2.845450749170482254e+02
2.880613328598795420e+02 2.892058935591441013e+02
2.927074834137833363e+02 2.938666217507881129e+02
2.973536339360057923e+02 2.985272605870056282e+02
3.019997845077772354e+02 3.031878111774182116e+02
3.066459350311338881e+02 3.078482746203828242e+02
3.112920855526949708e+02 3.125086519542859378e+02
3.159382361026961803e+02 3.171689441562655247e+02
3.205843866433430094e+02 3.218291523132176053e+02
3.252305372797654286e+02 3.264892774877523607e+02
3.298766878395909998e+02 3.311493205246954972e+02
3.345228384374614734e+02 3.358092824444148050e+02
3.391689889586875779e+02 3.404691642908286440e+02
3.438151395212331636e+02 3.451289669090372172e+02
3.484612900579047050e+02 3.497886911849318494e+02
3.531074406393953495e+02 3.544483380310262532e+02
3.577535911657865881e+02 3.591079083761576953e+02
3.623997417548558815e+02 3.637674032322076982e+02
3.670458923361898087e+02 3.684268232370045553e+02
3.716920429113397972e+02 3.730861691917003213e+02
3.763381934581378800e+02 3.777454420701988624e+02
3.809843441007466254e+02 3.824046426343112444e+02
3.856304946405167584e+02 3.870637718202651740e+02
3.902766451536839440e+02 3.917228301439173492e+02
3.949227957333730501e+02 3.963818186063036819e+02
3.995689462754045849e+02 4.010407379840062276e+02
4.042150968341477437e+02 4.056995889014941667e+02
4.088612474760395799e+02 4.103583719446921236e+02
4.135073980485223615e+02 4.150170881340162623e+02
4.181535485606191287e+02 4.196757381730722045e+02
4.227996990805950759e+02 4.243343226240776289e+02
4.274458496592315555e+02 4.289928420855549120e+02
4.320920003248396597e+02 4.336512974524116544e+02
4.367381510281480814e+02 4.383096892931147295e+02
4.413843015398222178e+02 4.429680181685229172e+02
4.460304522941042933e+02 4.476262848611036702e+02
4.506766028385817435e+02 4.522844899946087480e+02
4.553227533938512579e+02 4.569426340964245128e+02
4.599689039808534972e+02 4.616007180818220377e+02
4.646150545083051497e+02 4.662587422964087409e+02
4.692612051675827161e+02 4.709167072287805240e+02
4.739073557209927685e+02 4.755746136680312475e+02
4.785535064507702145e+02 4.802324621958714488e+02
4.831996569790050557e+02 4.848902535128428326e+02
4.878458075524980018e+02 4.895479878221483432e+02
4.924919580684484117e+02 4.942056658569892988e+02
4.971381087148027973e+02 4.988632882113835763e+02
5.017842592746773107e+02 5.035208554390504219e+02
5.064304098259883062e+02 5.081783680521109545e+02
5.110765603629027964e+02 5.128358265673631422e+02
5.157227108699947848e+02 5.174932315694736644e+02
5.203688614636363354e+02 5.221505833699419554e+02
