0.000000000000000000e+00 0.000000000000000000e+00
4.648628377158527947e+00 4.667194583742630520e+00
9.297256754923884259e+00 9.334241357188931332e+00
1.394588513259266804e+01 1.400114267889943065e+01
1.859451350993134611e+01 1.866790085517276765e+01
2.324314189310366174e+01 2.333451814107754529e+01
2.789177027191013991e+01 2.800099673083649066e+01
3.254039866053523156e+01 3.266733877547235920e+01
3.718902704680427718e+01 3.733354638314279583e+01
4.183765542501523527e+01 4.199962157674235641e+01
4.648628380871288357e+01 4.666556638666752121e+01
5.113491218748686151e+01 5.133138276319691329e+01
5.578354057896738993e+01 5.599707259081174016e+01
6.043216897417708822e+01 6.066263777220125064e+01
6.508079738899556332e+01 6.532808011697487416e+01
6.972942577018065435e+01 6.999340143164229744e+01
7.437805415798057140e+01 7.465860347282287535e+01
7.902668257806183760e+01 7.932368793875772894e+01
8.367531097411959706e+01 8.398865651524161535e+01
8.832393936301997428e+01 8.865351082860125587e+01
9.297256775542174978e+01 9.331825249418832868e+01
9.762119616328340044e+01 9.798288307417379883e+01
1.022698245745702934e+02 1.026474041213360380e+02
1.069184530077146320e+02 1.073118171025949152e+02
1.115670813969441468e+02 1.119761235650923368e+02
1.162157098272269025e+02 1.166403248979463854e+02
1.208643382356447233e+02 1.213044225047049167e+02
1.255129666511719080e+02 1.259684178271724022e+02
1.301615950938872857e+02 1.306323121962522578e+02
1.348102235237520858e+02 1.352961069292454965e+02
1.394588519414383256e+02 1.399598034036252443e+02
1.441074803577472778e+02 1.446234028384640169e+02
1.487561087418573607e+02 1.492869065090282561e+02
1.534047371666220556e+02 1.539503156237582573e+02
1.580533655527825658e+02 1.586136314034408770e+02
1.627019939624095173e+02 1.632768550209068792e+02
1.673506223563281310e+02 1.679399876468357888e+02
1.719992507370383237e+02 1.726030304233554489e+02
1.766478791284530416e+02 1.772659844705544288e+02
1.812965075459811430e+02 1.819288508893909295e+02
1.859451359414086369e+02 1.865916308066600777e+02
1.905937643802805042e+02 1.912543251744867234e+02
1.952423928476929404e+02 1.959169350882785920e+02
1.998910212591016489e+02 2.005794615683446409e+02
2.045396497464722643e+02 2.052419056919416676e+02
2.091882781343964837e+02 2.099042682859073352e+02
2.138369065253161523e+02 2.145665503811363806e+02
2.184855350192764547e+02 2.192287529955111722e+02
2.231341634918405248e+02 2.238908770091561280e+02
2.277827919914692529e+02 2.285529233559863656e+02
2.324314203788511008e+02 2.332148929076086858e+02
2.370800487814840949e+02 2.378767865254004050e+02
2.417286771740810991e+02 2.425386051627420443e+02
2.463773055818218722e+02 2.472003495505304045e+02
2.510259340311309302e+02 2.518620205948641058e+02
2.556745624577665694e+02 2.565236192014808125e+02
2.603231908615941848e+02 2.611851460554797768e+02
2.649718193403624014e+02 2.658466019295249794e+02
2.696204477276924081e+02 2.705079877107602329e+02
2.742690761909846628e+02 2.751693041016583834e+02
2.789177046480380113e+02 2.798305520031011611e+02
2.835663331882205966e+02 2.844917320246263444e+02
2.882149616127925924e+02 2.891528448531639697e+02
2.928635900375672918e+02 2.938138913004412416e+02
2.975122185399000045e+02 2.984748720528522767e+02
3.021608469312637908e+02 3.031357878442155425e+02
3.068094753338672263e+02 3.077966393167404249e+02
3.114581037354203090e+02 3.124574272232279668e+02
3.161067321239866601e+02 3.171181522469199763e+02
3.207553605530036975e+02 3.217788148773879584e+02
3.254039889549998179e+02 3.264394158041050105e+02
3.300526173939138062e+02 3.310999558074270226e+02
3.347012457821680869e+02 3.357604354925138068e+02
3.393498742257069694e+02 3.404208552576056945e+02
3.439985026680937494e+02 3.450812160033228793e+02
3.486471310797884371e+02 3.497415180707585591e+02
3.532957594705761153e+02 3.544017621103824354e+02
3.579443878686645348e+02 3.590619488518492517e+02
3.625930163324241562e+02 3.637220787935015096e+02
3.672416447311129559e+02 3.683821524344226646e+02
3.718902731873357084e+02 3.730421702900482614e+02
3.765389017354719954e+02 3.777021329377301981e+02
3.811875301388056414e+02 3.823620409407126317e+02
3.858361585881967812e+02 3.870218948703911792e+02
3.904847869815049535e+02 3.916816952134887515e+02
3.951334154271117995e+02 3.963414425240933951e+02
3.997820438126166209e+02 4.010011372930799780e+02
4.044306722527066995e+02 4.056607800846943519e+02
4.090793007743194494e+02 4.103203711850252375e+02
4.137279293261943849e+02 4.149799112571856767e+02
4.183765577341277435e+02 4.196394008055117411e+02
4.230251862046915221e+02 4.242988400866024676e+02
4.276738146316551479e+02 4.289582298316249762e+02
4.323224432229892500e+02 4.336175703662936485e+02
4.369710718048576155e+02 4.382768620770737016e+02
4.416197003374942938e+02 4.429361056024272898e+02
4.462683288012572120e+02 4.475953011724958515e+02
4.509169574339078963e+02 4.522544492625193584e+02
4.555655858190051504e+02 4.569135505296288784e+02
4.602142142331082368e+02 4.615726050163383434e+02
4.648628427781823120e+02 4.662316133973297383e+02
4.695114712773630572e+02 4.708905759926489054e+02
4.741600996931225040e+02 4.755494931980482534e+02
4.788087280890587181e+02 4.802083654556606689e+02
4.834573564999914197e+02 4.848671933950311654e+02
4.881059849571486211e+02 4.895259770557875072e+02
4.927546134150836679e+02 4.941847170179160003e+02
4.974032419988936908e+02 4.988434134468089383e+02
5.020518705498224108e+02 5.035020670167226626e+02
5.067004990269955442e+02 5.081606779129542701e+02
5.113491274264965796e+02 5.128192464522060163e+02
5.159977560214140340e+02 5.174777731714565334e+02
5.206463844941969228e+02 5.221362582139868209e+02
