0.000000000000000000e+00 0.000000000000000000e+00
4.648407548125309319e+00 4.667194583474450376e+00
9.296815096589885030e+00 9.334237746768463850e+00
1.394522264643069676e+01 1.400113193563878511e+01
1.859363019426014318e+01 1.866787954423362095e+01
2.324203774275012790e+01 2.333448290328024655e+01
2.789044529670863426e+01 2.800094428956436587e+01
3.253885284599481054e+01 3.266726593024709757e+01
3.718726040066002270e+01 3.733345001320334688e+01
4.183566794961146229e+01 4.199949862223439823e+01
4.648407551565173890e+01 4.666541386842706629e+01
5.113248308668889308e+01 5.133119775764819792e+01
5.578089065156148507e+01 5.599685225864554639e+01
6.042929820137848651e+01 6.066237932761786311e+01
6.507770576188961797e+01 6.532778083647920653e+01
6.972611332649421456e+01 6.999305867565755079e+01
7.437452088560141306e+01 7.465821462755133098e+01
7.902292845028469515e+01 7.932325044757257615e+01
8.367133604410432213e+01 8.398816785607482416e+01
8.831974363968939201e+01 8.865296857664230856e+01
9.296815120084400519e+01 9.331765428733638146e+01
9.761655877925905145e+01 9.798222656823506327e+01
1.022649663619262128e+02 1.026466869930700909e+02
1.069133739252129374e+02 1.073110371683680029e+02
1.115617814822598461e+02 1.119752785758047509e+02
1.162101890842777152e+02 1.166394127346635230e+02
1.208585966624377903e+02 1.213034410936252243e+02
1.255070042393727903e+02 1.259673650992645975e+02
1.301554118517513530e+02 1.306311861329241992e+02
1.348038194522426352e+02 1.352949055400787302e+02
1.394522270310361591e+02 1.399585247357614151e+02
1.441006345872106635e+02 1.446220449749850729e+02
1.487490421404591530e+02 1.492854675975319765e+02
1.533974497365374248e+02 1.539487938432068290e+02
1.580458573065097312e+02 1.586120249445534398e+02
1.626942648831765723e+02 1.632751621567144582e+02
1.673426724727843293e+02 1.679382066387607892e+02
1.719910800737649765e+02 1.726011596064900573e+02
1.766394877105226158e+02 1.772640221939481080e+02
1.812878952716169465e+02 1.819267954711225741e+02
1.859363029142085963e+02 1.865894806248750228e+02
1.905847105219266666e+02 1.912520786975116778e+02
1.952331181734032270e+02 1.959145907857871975e+02
1.998815257614456300e+02 2.005770179208141712e+02
2.045299333251553833e+02 2.052393611674536373e+02
2.091783408933456769e+02 2.099016214833558820e+02
2.138267485512261032e+02 2.145637998895875853e+02
2.184751561120473298e+02 2.192258973443927061e+02
2.231235637732943928e+02 2.238879148611783876e+02
2.277719714443343264e+02 2.285498533204162754e+02
2.324203790034000008e+02 2.332117136803312576e+02
2.370687866590276940e+02 2.378734968049151632e+02
2.417171942211059559e+02 2.425352036584261555e+02
2.463656017896766173e+02 2.471968349752388576e+02
2.510140094010990310e+02 2.518583917230615725e+02
2.556624169988502331e+02 2.565198747263754058e+02
2.603108245631528348e+02 2.611812848791884107e+02
2.649592322070556065e+02 2.658426229736024311e+02
2.696076397978305295e+02 2.705038897346561271e+02
2.742560473699094814e+02 2.751650860140424584e+02
2.789044549240829838e+02 2.798262125283819159e+02
2.835528625870657038e+02 2.844872701331792086e+02
2.882012701819500649e+02 2.891482595541908154e+02
2.928496777894188199e+02 2.938091814547174181e+02
2.974980853575949027e+02 2.984700365763977175e+02
3.021464929383570279e+02 3.031308257216659854e+02
3.067949005274990668e+02 3.077915496602004737e+02
3.114433081920883524e+02 3.124522088350325930e+02
3.160917157768110428e+02 3.171128040842627342e+02
3.207401233800028990e+02 3.217733361448245546e+02
3.253885310208552823e+02 3.264338055393195646e+02
3.300369386300341716e+02 3.310942129541678582e+02
3.346853461905855056e+02 3.357545591332635126e+02
3.393337537544870202e+02 3.404148446242899695e+02
3.439821613669259932e+02 3.450750700189865938e+02
3.486305689499246228e+02 3.497352359740641532e+02
3.532789765648293496e+02 3.543953431614335159e+02
3.579273841917239452e+02 3.590553920779351529e+02
3.625757918264255295e+02 3.637153833465677053e+02
3.672241993922310712e+02 3.683753174142976263e+02
3.718726070170034177e+02 3.730351948906617281e+02
3.765210147624817978e+02 3.776950164385362996e+02
3.811694223928113843e+02 3.823547825916386955e+02
3.858178299626081298e+02 3.870144939050489370e+02
3.904662375267135985e+02 3.916741507496145687e+02
3.951146450870857052e+02 3.963337539357891615e+02
3.997630527152749664e+02 4.009933038457894554e+02
4.044114603255212614e+02 4.056528009623385174e+02
4.090598680175668278e+02 4.103122456349315712e+02
4.137082757251092744e+02 4.149716385541154295e+02
4.183566833232026738e+02 4.196309801487628874e+02
4.230050910220746232e+02 4.242902710156414514e+02
4.276534986200396133e+02 4.289495114427854787e+02
4.323019063786933316e+02 4.336087020620597059e+02
4.369503141311446370e+02 4.382678431963073535e+02
4.415987218340121672e+02 4.429269354924871323e+02
4.462471295610159814e+02 4.475859791428239305e+02
4.508955371740681812e+02 4.522449746992000428e+02
4.555439448037467969e+02 4.569039226096952007e+02
4.601923524146334330e+02 4.615628233367262965e+02
4.648407600006745497e+02 4.662216772871822741e+02
4.694891675909476589e+02 4.708804848840219393e+02
4.741375751765843347e+02 4.755392464877419343e+02
4.787859827530473922e+02 4.801979625815250188e+02
4.834343904002354293e+02 4.848566335199274704e+02
4.880827980738208680e+02 4.895152597898852491e+02
4.927312056360885890e+02 4.941738418872078000e+02
4.973796133301444229e+02 4.988323800466513376e+02
5.020280210930775411e+02 5.034908745849567140e+02
5.066764286549686176e+02 5.081493257999563298e+02
5.113248362372802376e+02 5.128077342850774585e+02
5.159732438657191551e+02 5.174661002157299663e+02
5.206216515095427440e+02 5.221244241970799749e+02
