0.000000000000000000e+00 0.000000000000000000e+00
4.650549368525951799e+00 4.667194583906489669e+00
9.301098737337795797e+00 9.334270125800813389e+00
1.395164810625983520e+01 1.400122833857852100e+01
1.860219747713096439e+01 1.866807088696342021e+01
2.325274685144541564e+01 2.333479941689669346e+01
2.790329622075789473e+01 2.800141552888047158e+01
3.255384560007788508e+01 3.266792079857968645e+01
3.720439497291732778e+01 3.733431677203009258e+01
4.185494434326191993e+01 4.200060492834876413e+01
4.650549371228696316e+01 4.666678677319323043e+01
5.115604308362507169e+01 5.133286371437870343e+01
5.580659248136040418e+01 5.599883718581301650e+01
6.045714185214627889e+01 6.066470858210381323e+01
6.510769123044374851e+01 6.533047924243895466e+01
6.975824061527831077e+01 6.999615053282875010e+01
7.440878999529871862e+01 7.466172374599041461e+01
7.905933938337963696e+01 7.932720013082419541e+01
8.370988877800158434e+01 8.399258098555284846e+01
8.836043818288976581e+01 8.865786751004789323e+01
9.301098756673239620e+01 9.332306089107372316e+01
9.766153696589310584e+01 9.798816235066240665e+01
1.023120863686316113e+02 1.026531730231052251e+02
1.069626357864419504e+02 1.073180940854792311e+02
1.116131851834443296e+02 1.119829266272943755e+02
1.162637346009505848e+02 1.166476717527955316e+02
1.209142840345356547e+02 1.213123305109606349e+02
1.255648334375884474e+02 1.259769039963860138e+02
1.302153828672784925e+02 1.306413932536041784e+02
1.348659323062146314e+02 1.353057992437636585e+02
1.395164816789345252e+02 1.399701230489756654e+02
1.441670310493047964e+02 1.446343655809149880e+02
1.488175804444634878e+02 1.492985278389713244e+02
1.534681298611565978e+02 1.539626107106623749e+02
1.581186793148507945e+02 1.586266152038893722e+02
1.627692287113609950e+02 1.632905421915211832e+02
1.674197781033010983e+02 1.679543925789147352e+02
1.720703274954090602e+02 1.726181673011902262e+02
1.767208768789695057e+02 1.772818671533599968e+02
1.813714262832501163e+02 1.819454929729017749e+02
1.860219757175774475e+02 1.866090456335989813e+02
1.906725250986460196e+02 1.912725259817174788e+02
1.953230745202304774e+02 1.959359347874573132e+02
1.999736239628713861e+02 2.005992728625227528e+02
2.046241734344173722e+02 2.052625410589060664e+02
2.092747229071295010e+02 2.099257400014566031e+02
2.139252723778762970e+02 2.145888705513773971e+02
2.185758218669064945e+02 2.192519334343132869e+02
2.232263713211668801e+02 2.239149293740288158e+02
2.278769208126913099e+02 2.285778591372435358e+02
2.325274702849996800e+02 2.332407233683946686e+02
2.371780197775266004e+02 2.379035228179464525e+02
2.418285691532880151e+02 2.425662581625745702e+02
2.464791186632144218e+02 2.472289300432199468e+02
2.511296681312608143e+02 2.518915391584847612e+02
2.557802175531449507e+02 2.565540861497084393e+02
2.604307669387655437e+02 2.612165715910599033e+02
2.650813163689397811e+02 2.658789962174706716e+02
2.697318657650067166e+02 2.705413605841075650e+02
2.743824151842250103e+02 2.752036653298779925e+02
2.790329645643410004e+02 2.798659111125649588e+02
2.836835139598850901e+02 2.845280984614911404e+02
2.883340633755939280e+02 2.891902279243378189e+02
2.929846128014487476e+02 2.938523001591703974e+02
2.976351623030337805e+02 2.985143157180386311e+02
3.022857117295429816e+02 3.031762751682630324e+02
3.069362611230994844e+02 3.078381790883524332e+02
3.115868105157429113e+02 3.125000279228953559e+02
3.162373600680246000e+02 3.171618223921898334e+02
3.208879094881400533e+02 3.218235628734734064e+02
3.255384588820782596e+02 3.264852499249529956e+02
3.301890083117076529e+02 3.311468839761251957e+02
3.348395577208560780e+02 3.358084656905406291e+02
3.394901071033008861e+02 3.404699955269189786e+02
3.441406565358962553e+02 3.451314738665906248e+02
3.487912059294232563e+02 3.497929012833126308e+02
3.534417553398204745e+02 3.544542783114162603e+02
3.580923047329690689e+02 3.591156053948850513e+02
3.627428541860167570e+02 3.637768828015059057e+02
3.673934037660913532e+02 3.684381112195335390e+02
3.720439533398423464e+02 3.730992910526530295e+02
3.766945027806136750e+02 3.777604226762708208e+02
3.813450521822468886e+02 3.824215065233378255e+02
3.859956016203626632e+02 3.870825432531763681e+02
3.906461510369227881e+02 3.917435329309107601e+02
3.952967004801688518e+02 3.964044763191079710e+02
3.999472498919014924e+02 4.010653737046933429e+02
4.045977993243870969e+02 4.057262252747941602e+02
4.092483488336707751e+02 4.103870316281029886e+02
4.138988982484207781e+02 4.150477933864309534e+02
4.185494476804848887e+02 4.197085105794562878e+02
4.231999970686315464e+02 4.243691838673797747e+02
4.278505466767323924e+02 4.290298133993934471e+02
4.325010960656055090e+02 4.336903997242675928e+02
4.371516456369446360e+02 4.383509431515538495e+02
4.418021951649229777e+02 4.430114440573240699e+02
4.464527445735614037e+02 4.476719027622823432e+02
4.511032941411395996e+02 4.523323196437369234e+02
4.557538436049212578e+02 4.569926952452386786e+02
4.604043931047849583e+02 4.616530297339943445e+02
4.650549425280762534e+02 4.663133232608776098e+02
4.697054919870807908e+02 4.709735763998852462e+02
4.743560415475189984e+02 4.756337896571371857e+02
4.790065909714594454e+02 4.802939630391044830e+02
4.836571405288858614e+02 4.849540970245434437e+02
4.883076899754591409e+02 4.896141920677214330e+02
4.929582393607850577e+02 4.942742483192084819e+02
4.976087889132999180e+02 4.989342659908726887e+02
5.022593384652362829e+02 5.035942456098339335e+02
5.069098878980772724e+02 5.082541875000744085e+02
5.115604373114073269e+02 5.129140917161136031e+02
5.162109866862051604e+02 5.175739587139396463e+02
5.208615361517001929e+02 5.222337887895428139e+02
