0.000000000000000000e+00 0.000000000000000000e+00
4.652145258648106463e+00 4.667194583250662276e+00
9.304290517525718229e+00 9.334291747410366824e+00
1.395643577671833846e+01 1.400129276235346332e+01
1.860858104355509113e+01 1.866819887093804553e+01
2.326072630786521600e+01 2.333501128306127015e+01
2.791287156731759111e+01 2.800173120032776097e+01
3.256501682834527855e+01 3.266835980494001745e+01
3.721716209941123310e+01 3.733489823912137240e+01
4.186930736556838184e+01 4.200134762670163013e+01
4.652145262813083093e+01 4.666770910513878334e+01
5.117359789481149335e+01 5.133398373818547356e+01
5.582574315849183932e+01 5.600017257902888446e+01
6.047788841949505922e+01 6.066627670814800410e+01
6.513003370444015161e+01 6.533229712626952335e+01
6.978217897528764979e+01 6.999823487440721692e+01
7.443432424552355542e+01 7.466409093550626608e+01
7.908646954848515520e+01 7.932986627738533514e+01
8.373861484807054012e+01 8.399556183964494949e+01
8.839076013997244274e+01 8.866117857317128426e+01
9.304290543643571709e+01 9.332671739947898004e+01
9.769505072548044211e+01 9.799217921808681808e+01
1.023471960181363016e+02 1.026575649371122125e+02
1.069993413335431569e+02 1.073228754169163892e+02
1.116514865961762553e+02 1.119881115122449415e+02
1.163036319064612911e+02 1.166532741126969626e+02
1.209557771960720771e+02 1.213183640160902854e+02
1.256079224745254379e+02 1.259833820429904279e+02
1.302600677808356409e+02 1.306483289798248393e+02
1.349122130970638977e+02 1.353132056518164177e+02
1.395643583707206687e+02 1.399780127877490372e+02
1.442165036507080913e+02 1.446427512135215636e+02
1.488686489776882240e+02 1.493074216679307824e+02
1.535207942859465788e+02 1.539720248791300605e+02
1.581729395920528987e+02 1.586365615355282443e+02
1.628250848573537723e+02 1.633010324005338987e+02
1.674772301337097815e+02 1.679654381322531833e+02
1.721293754809106531e+02 1.726297794463617947e+02
1.767815207558811323e+02 1.772940570474672768e+02
1.814336660553628064e+02 1.819582715704895293e+02
1.860858113543729928e+02 1.866224236813451967e+02
1.907379566570636769e+02 1.912865140383069047e+02
1.953901019562817964e+02 1.959505432887798690e+02
2.000422472435820396e+02 2.006145121064034811e+02
2.046943925436472114e+02 2.052784210066808157e+02
2.093465378174869898e+02 2.099422706572806874e+02
2.139986831847224948e+02 2.146060616606392557e+02
2.186508284529575121e+02 2.192697946556571083e+02
2.233029738278213472e+02 2.239334701435737145e+02
2.279551192029280742e+02 2.285970886899807510e+02
2.326072645666784524e+02 2.332606509713806986e+02
2.372594098522030777e+02 2.379241574364455971e+02
2.419115551503565484e+02 2.425876087272550876e+02
2.465637004177376639e+02 2.472510052330102610e+02
2.512158457129359590e+02 2.519143476897143614e+02
2.558679910252074023e+02 2.565776364212911744e+02
2.605201363015104903e+02 2.612408720604831842e+02
2.651722816117452908e+02 2.659040550774420808e+02
2.698244268940793518e+02 2.705671859685166964e+02
2.744765721824236948e+02 2.752302653138873438e+02
2.791287174617607434e+02 2.798932935921222906e+02
2.837808627912188513e+02 2.845562711790801131e+02
2.884330081040498044e+02 2.892191985380802635e+02
2.930851534216322989e+02 2.938820761809380429e+02
2.977372987634688570e+02 2.985449046123228527e+02
3.023894440480794401e+02 3.032076842937462402e+02
3.070415893316497886e+02 3.078704156174381410e+02
3.116937346144770231e+02 3.125330991520193038e+02
3.163458798852417431e+02 3.171957351474567872e+02
3.209980251971423399e+02 3.218583241504386478e+02
3.256501704961710857e+02 3.265208664892622892e+02
3.303023158161261676e+02 3.311833627301559204e+02
3.349544610897285111e+02 3.358458132015355204e+02
3.396066063791176930e+02 3.405082184020070599e+02
3.442587517014181344e+02 3.451705785915170281e+02
3.489108969891354377e+02 3.498328942796570118e+02
3.535630422598333098e+02 3.544951656480868678e+02
3.582151875587078393e+02 3.591573932381979830e+02
3.628673329001592265e+02 3.638195774176789996e+02
3.675194783465216801e+02 3.684817187266620522e+02
3.721716236827144257e+02 3.731438173639909337e+02
3.768237690341629786e+02 3.778058736161229945e+02
3.814759143390995177e+02 3.824678879227167272e+02
3.861280596089540040e+02 3.871298607262000360e+02
3.907802048837024813e+02 3.917917923580660045e+02
3.954323501617125203e+02 3.964536831531578400e+02
4.000844956222751989e+02 4.011155334554842966e+02
4.047366409459739884e+02 4.057773435220826741e+02
4.093887863403631968e+02 4.104391135998928348e+02
4.140409316386712817e+02 4.151008443819698073e+02
4.186930769621121726e+02 4.197625358753519436e+02
4.233452222440308788e+02 4.244241885878394669e+02
4.279973677312855784e+02 4.290858027131359904e+02
4.326495130170210359e+02 4.337473785173435203e+02
4.373016583128415959e+02 4.384089164197490618e+02
4.419538037352168089e+02 4.430704166904306476e+02
4.466059490106896419e+02 4.477318796931042471e+02
4.512580942769490662e+02 4.523933056366051915e+02
4.559102396013259977e+02 4.570546948614683060e+02
4.605623850600807145e+02 4.617160477078479062e+02
4.652145303835623622e+02 4.663773643362984558e+02
4.698666759119467997e+02 4.710386453378193892e+02
4.745188212673767794e+02 4.756998905639005670e+02
4.791709666122301314e+02 4.803611005230847013e+02
4.838231119081065117e+02 4.850222755087746123e+02
4.884752572418982481e+02 4.896834157366756699e+02
4.931274026051762576e+02 4.943445215954119476e+02
4.977795479806446224e+02 4.990055931286958639e+02
5.024316934238014483e+02 5.036666308219090524e+02
5.070838387450335176e+02 5.083276346822018468e+02
5.117359841253719424e+02 5.129886052026894276e+02
5.163881296152152345e+02 5.176495427076876013e+02
5.210402749711015531e+02 5.223104472205637876e+02
