0.000000000000000000e+00 0.000000000000000000e+00
4.650409753776315824e+00 4.667194583724616486e+00
9.300819507742509984e+00 9.334268209470794275e+00
1.395122926310550326e+01 1.400122263060179506e+01
1.860163901678726717e+01 1.866805955086737256e+01
2.325204877671068004e+01 2.333478065513364186e+01
2.790245853071186843e+01 2.800138758087441815e+01
3.255286829489627110e+01 3.266788195152244612e+01
3.720327805463350046e+01 3.733426532539434106e+01
4.185368780869367811e+01 4.200053922492453040e+01
4.650409757208603168e+01 4.666670518949354118e+01
5.115450733332580313e+01 5.133276467470099647e+01
5.580491710599312682e+01 5.599871912219103365e+01
6.045532687429295038e+01 6.066456996916169686e+01
6.510573665591820713e+01 6.533031860067288221e+01
6.975614642380995178e+01 6.999596635378270548e+01
7.440655619331764115e+01 7.466151460717833288e+01
7.905696598942891740e+01 7.932696465040456246e+01
8.370737577817693875e+01 8.399231773091359798e+01
8.835778556436726205e+01 8.865757513803791312e+01
9.300819533300634134e+01 9.332273807249168840e+01
9.765860511714409142e+01 9.798780778792468027e+01
1.023090149054254425e+02 1.026527854434566507e+02
1.069594246817038794e+02 1.073176721951112000e+02
1.116098344856781068e+02 1.119824691774745133e+02
1.162602442920792924e+02 1.166471775593497000e+02
1.209106540882563507e+02 1.213117984036256871e+02
1.255610638890125870e+02 1.259763327649641838e+02
1.302114736987698791e+02 1.306407817337439781e+02
1.348618835064814903e+02 1.353051463558750811e+02
1.395122932893807217e+02 1.399694276619396760e+02
1.441627031152017935e+02 1.446336265777334233e+02
1.488131129243775490e+02 1.492977441756586643e+02
1.534635227258025907e+02 1.539617813740202337e+02
1.581139324946679210e+02 1.586257391404173518e+02
1.627643422656261691e+02 1.632896183602314295e+02
1.674147520273832015e+02 1.679534199741365796e+02
1.720651618759853818e+02 1.726171449449991826e+02
1.767155716534740009e+02 1.772807940768106221e+02
1.813659814207017575e+02 1.819443682830586795e+02
1.860163912017085863e+02 1.866078684062614457e+02
1.906668010033661176e+02 1.912712951953950267e+02
1.953172107815567529e+02 1.959346495584845229e+02
1.999676205717587436e+02 2.005979323197482529e+02
2.046180304362817992e+02 2.052611442584146459e+02
2.092684402947244280e+02 2.099242861747767108e+02
2.139188501624853131e+02 2.145873588321236696e+02
2.185692600193942781e+02 2.192503629891144783e+02
2.232196698074003507e+02 2.239132994174618716e+02
2.278700796834287985e+02 2.285761688055484342e+02
2.325204894492667620e+02 2.332389719003674031e+02
2.371708992213449108e+02 2.379017093663451874e+02
2.418213089859073079e+02 2.425643820103823600e+02
2.464717187473625586e+02 2.472269904019295836e+02
2.511221285357481747e+02 2.518895353201635601e+02
2.557725383422290975e+02 2.565520172982724034e+02
2.604229481666204720e+02 2.612144371102573359e+02
2.650733579863808700e+02 2.658767952912419332e+02
2.697237677568521690e+02 2.705390926028991316e+02
2.743741775454291769e+02 2.752013296004356562e+02
2.790245873198612117e+02 2.798635068170341356e+02
2.836749971765651708e+02 2.845256250433928358e+02
2.883254069771080594e+02 2.891876846844045303e+02
2.929758167900563421e+02 2.938496864816993934e+02
2.976262267126555798e+02 2.985116309941146255e+02
3.022766365524950061e+02 3.031735187757566905e+02
3.069270463307032060e+02 3.078353503395024973e+02
3.115774561082146192e+02 3.124971262385498676e+02
3.162278658731735277e+02 3.171588471523147064e+02
3.208782756697432887e+02 3.218205134677194792e+02
3.255286854487225696e+02 3.264821257229920093e+02
3.301790952629081630e+02 3.311436844500786947e+02
3.348295051051505880e+02 3.358051902305360272e+02
3.394799148738399026e+02 3.404666434767189003e+02
3.441303246903576110e+02 3.451280448099353180e+02
3.487807344749073764e+02 3.497893946661280324e+02
3.534311442425898804e+02 3.544506934834751064e+02
3.580815540267444135e+02 3.591119419399496451e+02
3.627319638650025126e+02 3.637731403257856755e+02
3.673823738146692222e+02 3.684342891366276262e+02
3.720327836457378226e+02 3.730953886795967946e+02
3.766831934687538705e+02 3.777564395622820825e+02
3.813336032467267387e+02 3.824174421997928448e+02
3.859840130258697855e+02 3.870783970712193991e+02
3.906344228631748479e+02 3.917393046401837182e+02
3.952848327593273439e+02 3.964001653634898616e+02
3.999352425190079998e+02 4.010609796335376132e+02
4.045856523361127870e+02 4.057217477210008383e+02
4.092360622315391083e+02 4.103824700790111706e+02
4.138864720052489474e+02 4.150431471351143387e+02
4.185368818357222835e+02 4.197037794860760869e+02
4.231872917015882081e+02 4.243643673259601314e+02
4.278377014990028329e+02 4.290249111542429432e+02
4.324881113549311067e+02 4.336854111883607175e+02
4.371385213108159746e+02 4.383458678502419161e+02
4.417889312227596861e+02 4.430062815857229452e+02
4.464393411117288792e+02 4.476666527643133122e+02
4.510897508919266556e+02 4.523269816694764813e+02
4.557401607237633243e+02 4.569872688974797370e+02
4.603905705204728065e+02 4.616475144490354978e+02
4.650409803920965146e+02 4.663077188864255618e+02
4.696913901976655552e+02 4.709678824755457072e+02
4.743417999886985399e+02 4.756280057976628655e+02
4.789922097799990297e+02 4.802880888116643519e+02
4.836426195990612769e+02 4.849481320805946325e+02
4.882930294274071343e+02 4.896081359151717152e+02
4.929434392936301492e+02 4.942681005707039503e+02
4.975938491179886114e+02 4.989280266296812556e+02
5.022442590545016401e+02 5.035879142269895965e+02
5.068946688271996663e+02 5.082477636060777400e+02
5.115450786533326095e+02 5.129075749353185074e+02
5.161954884158187724e+02 5.175673487079089909e+02
5.208458982635362418e+02 5.222270852461108461e+02
