2.466574193120317120e-07
2.492349846677436964e-07
2.527072314084179047e-07
2.561260374292599677e-07
2.596916998861309164e-07
2.641756653010525808e-07
2.656629658137788242e-07
2.709825159028688028e-07
2.687540692734911208e-07
2.740976583251991101e-07
2.685572011767677046e-07
2.727910969769105222e-07
2.676547536664058985e-07
2.700472208898891484e-07
2.722936092658696932e-07
2.735387258876271933e-07
2.913632299609890509e-07
2.944650814105564057e-07
3.324744336056774194e-07
3.423972736972518495e-07
3.948691240474951889e-07
4.144967974515808860e-07
4.701922384256593303e-07
4.959653188800540733e-07
5.992091808282572644e-07
6.451075595739708832e-07
9.733574687944939840e-07
1.138753964532996206e-06
2.007940788824001293e-06
2.607918433066905335e-06
7.931347063160749833e-06
1.577826141905376976e-05
3.023222117267566748e-04
1.982022266775128327e-02
2.479530477348998799e-02
4.974516097366827455e-02
5.301635196744479417e-02
7.797484368653360975e-02
8.144218556729307390e-02
1.064114884829720359e-01
1.100412299952684275e-01
1.350272654789699267e-01
1.388188809399210910e-01
1.638177623455640552e-01
1.677818751159919353e-01
1.927836348148219692e-01
1.969278865531893519e-01
2.219292653409696559e-01
2.262571263824627310e-01
2.512578609084429315e-01
2.557714298573693923e-01
2.807718417544178280e-01
2.854731861840050233e-01
3.104733667554196996e-01
3.153645354110847232e-01
3.403646237600850277e-01
3.454477517948552623e-01
3.704476950682103475e-01
3.757249172626588862e-01
4.007247743169302101e-01
4.061981523563740204e-01
4.311980024888824037e-01
4.368696025990180254e-01
4.618694403440969931e-01
4.677413343125981227e-01
4.927411685670177177e-01
4.988154067405563552e-01
5.238152310360236763e-01
5.300938110793057545e-01
5.550936706366953466e-01
5.615785544587422740e-01
5.865784390347572597e-01
5.747279199924014925e+00
