4.550898139282059053e-07
4.550901271065953028e-07
4.550880591417377626e-07
4.550890127576798620e-07
4.550819197777633825e-07
4.550920739975806490e-07
4.550929768900204812e-07
4.550886114066060677e-07
4.550902244442947206e-07
4.550873025435510355e-07
4.550910421734321156e-07
4.550897868547717566e-07
4.550836698353199019e-07
4.550896559020454078e-07
4.550858127732697538e-07
4.550937518022183749e-07
4.550847489745031348e-07
4.550852058835162486e-07
4.550867945383744038e-07
4.550968600723845079e-07
4.550868553399287286e-07
4.550929709091305815e-07
4.550901220600051903e-07
4.550889351443939534e-07
4.550877582063253682e-07
4.550915251822994968e-07
4.550865639608337365e-07
4.550886796949225653e-07
4.550870751862206812e-07
4.550884693227823251e-07
4.550856265705236435e-07
4.550866053453012400e-07
4.550892805122724665e-07
4.550921370531093400e-07
4.550835249441656508e-07
4.550864249527320503e-07
4.550854747922088727e-07
4.550924184268504654e-07
4.550858396059855034e-07
4.550845183926481580e-07
3.073369263324266409e+00
