5.790225065311473794e-08
5.738322830876832298e-08
6.317967206368135504e-08
6.371708088735458727e-08
6.797604501228375498e-08
6.947259862309674606e-08
7.115680634667008865e-08
7.322343920184354173e-08
7.189451135608992053e-08
7.392365462712327196e-08
7.036192025822474970e-08
7.176300853374892582e-08
6.800529209449353273e-08
6.850971588246267563e-08
6.717835617028542790e-08
6.707521929503188262e-08
7.051874646720937396e-08
7.075078270290516876e-08
7.990461731348862771e-08
8.183828383215146731e-08
9.476811777512873681e-08
9.916102964461595818e-08
1.122455092802984260e-07
1.181339619125914131e-07
1.380944594692706950e-07
1.467814369303886284e-07
2.083176788476457983e-07
2.366832757542767192e-07
3.917180977770662741e-07
4.806918102314728753e-07
1.002241494284236808e-06
1.481240566584050905e-06
7.715398990604488243e-06
6.013657227850973845e-05
9.100347960014647589e-03
3.403296488629187211e-02
3.731930377572894447e-02
6.230026647737817169e-02
6.572664158138442903e-02
9.070858747827915958e-02
9.432498376876331803e-02
1.193111761096812828e-01
1.230959927310784213e-01
1.480919857281302321e-01
1.520481326534392219e-01
1.770497813042901381e-01
1.811846499917891262e-01
2.061860679092415438e-01
2.105048908830925158e-01
2.355052080093473221e-01
2.400092909675557162e-01
2.650099997844856392e-01
2.697014497258670152e-01
2.947020281388489926e-01
2.995832737214802477e-01
3.245832932002635784e-01
3.296565553708001306e-01
3.546566786287345119e-01
3.599237721916355159e-01
3.849239281311495064e-01
3.903869513703504546e-01
4.153871042418895709e-01
4.210480718085551355e-01
4.460483756202042183e-01
4.519097664126655589e-01
4.769098359857650848e-01
4.829736040696196997e-01
5.079731969553897830e-01
5.142414683537253062e-01
5.392413080446646356e-01
5.457156671481433463e-01
5.707153861536046202e-01
5.773980117526109623e-01
6.023979404475285904e-01
6.092901426447807633e-01
6.342905996149111880e-01
6.413949909467487887e-01
6.663945297767943643e-01
6.737130458930518095e-01
6.987129624152021989e-01
5.901433498701276648e+00
