1.578158668969434267e-06
1.578158680396939565e-06
1.578158663091674229e-06
1.578158664815259857e-06
1.578158677938409283e-06
1.578158668374895913e-06
1.578158711710036195e-06
1.578158682215690827e-06
1.578158688665618657e-06
1.578158699969642221e-06
1.578158680597763030e-06
1.578158662407653408e-06
1.578158697347348071e-06
1.578158678833258299e-06
1.578158650013665730e-06
1.578158685294689895e-06
1.578158672007252076e-06
1.578158683158853332e-06
1.578158703375756731e-06
1.578158677637311729e-06
1.578158665388451923e-06
1.578158674426249848e-06
1.578158678365224315e-06
1.578158673727964780e-06
1.578158677437162925e-06
1.578158669548946470e-06
1.578158671101561250e-06
1.578158686190213573e-06
1.578158691174173646e-06
1.578158681747356993e-06
1.578158677378482177e-06
1.578158658004804312e-06
4.448134760302152380e+00
