0.000000000000000000e+00 0.000000000000000000e+00
2.012407184646797909e+00 2.012407184646797909e+00
5.520009367816236079e+00 5.520010730288829492e+00
8.802253444683067585e+00 8.802277854286579384e+00
1.264979369673823051e+01 1.264985211085704364e+01
1.649223857381642588e+01 1.649252356778528750e+01
2.033443277316897380e+01 2.033507954355252778e+01
2.417658183699516883e+01 2.417823067477814902e+01
2.801872935867464065e+01 2.802055923486160083e+01
3.186082062212270927e+01 3.186267663409399020e+01
3.570262171887907243e+01 3.570509417804149166e+01
3.954448145939299764e+01 3.954736767331694836e+01
4.338627576272123321e+01 4.338959978778692061e+01
4.722816902163275188e+01 4.723184813588045472e+01
5.106979572185232996e+01 5.107372971767013325e+01
5.491162503288083485e+01 5.491581144294099204e+01
5.875321834831439105e+01 5.875771442514271570e+01
6.259489710404540830e+01 6.260012019796286609e+01
6.643672984568057416e+01 6.644207196555882433e+01
7.027833615874320117e+01 7.028426026446378216e+01
7.412004874442473579e+01 7.412664830420300177e+01
7.796158605624276561e+01 7.796871569815505154e+01
8.180324444210320678e+01 8.181134334406809216e+01
8.564497255164125988e+01 8.565340480110472754e+01
8.948662899831134609e+01 8.949528691423913074e+01
9.332826229616529190e+01 9.333707988972915359e+01
9.716985247186610763e+01 9.717882986217156827e+01
1.010116126168677226e+02 1.010206524652616906e+02
1.048533176427836224e+02 1.048626408900827442e+02
1.086950701744614207e+02 1.087046523022193867e+02
1.125368279847564281e+02 1.125464801235220591e+02
1.163783577839604391e+02 1.163883514881869843e+02
1.202200185437369271e+02 1.202304636661953481e+02
