0.000000000000000000e+00 0.000000000000000000e+00
2.012402213092251202e+00 2.012402213092250314e+00
5.520008060715619003e+00 5.520012937195195590e+00
8.802234525204781335e+00 8.802270022102913316e+00
1.264982738986279998e+01 1.264989633010501180e+01
1.649251501612164716e+01 1.649275746810972976e+01
2.033502098052588636e+01 2.033578564895591967e+01
2.417730922620225442e+01 2.417871464208576171e+01
2.801956422627309706e+01 2.802144310336829136e+01
3.186119776920003233e+01 3.186395059383917072e+01
3.570303392987545976e+01 3.570629400453763935e+01
3.954493739076232117e+01 3.954861379401914689e+01
4.338710512325312152e+01 4.339090286425435750e+01
4.722902306825174890e+01 4.723323536551406221e+01
5.107090708380978583e+01 5.107539756444614909e+01
5.491264478025821205e+01 5.491780136484221941e+01
5.875465496532932974e+01 5.876025436820927439e+01
6.259670275557654406e+01 6.260269299981428048e+01
6.643847267507393894e+01 6.644492537713554725e+01
7.028031753527099568e+01 7.028698177453571816e+01
7.412186979560365785e+01 7.412923022376169513e+01
7.796364990176869014e+01 7.797138679078639711e+01
8.180546172494034352e+01 8.181369168563151106e+01
8.564715640889134818e+01 8.565588997087897383e+01
8.948895218095120185e+01 8.949798867687559323e+01
9.333069935695738195e+01 9.334031755398184771e+01
9.717233481610193735e+01 9.718251258123905245e+01
1.010141075190599054e+02 1.010247152062960936e+02
1.048556308072857917e+02 1.048667662477578801e+02
1.086972997376275032e+02 1.087089429385706865e+02
1.125389827587045204e+02 1.125510557686810245e+02
1.163805979098046066e+02 1.163931878783187983e+02
1.202225110405660757e+02 1.202354641039635936e+02
