6.531566877697326845e+02
6.358334190715605700e+02
6.006358314340678817e+02
6.198867368066603376e+02
6.480330933042915831e+02
6.476596213458913098e+02
7.106213601833073881e+02
5.958584144189713925e+02
5.791544654071506102e+02
5.618879782216658896e+02
6.290765766193403579e+02
5.444663084042986156e+02
5.981194006090415769e+02
5.411107396899222977e+02
6.372294557653916627e+02
6.379425001985213157e+02
6.893576728894754524e+02
6.678346415354297960e+02
5.983090557980984840e+02
6.692606014745348375e+02
5.991994612139189940e+02
6.094027876635738039e+02
6.002414101438929492e+02
5.780951070939229339e+02
6.855631926579305855e+02
5.887067130030131921e+02
6.499983007131002068e+02
6.518590489371699732e+02
6.618237261706210575e+02
6.585313686377583053e+02
6.314872727613218331e+02
6.577140767739241483e+02
5.739556052105980370e+02
5.626118354174388969e+02
5.718197644709471206e+02
6.041658842777565042e+02
6.653703057490581614e+02
5.626457765901083121e+02
5.678798052438854711e+02
6.362869490732185795e+02
5.607908632809698020e+02
6.424923160822769432e+02
6.800026930258666198e+02
6.198620506989701653e+02
6.125338652926378700e+02
6.197815333144214947e+02
6.465882842765886380e+02
6.077701490842997600e+02
5.133369882451842159e+02
6.055954394002679919e+02
6.545509431331994392e+02
5.622974478763144361e+02
6.220314056809934300e+02
5.366684047567456446e+02
6.277542644153726314e+02
6.653999099649280424e+02
5.787932662324499233e+02
5.957596872586555037e+02
5.690269001657395620e+02
5.635158185707539360e+02
5.865251940754294537e+02
6.748643889405924483e+02
5.950946991068483385e+02
6.067993796076725630e+02
5.318341752107833145e+02
6.649381969439726845e+02
5.764423784346615776e+02
7.001018573470087176e+02
6.279938210117828703e+02
5.776313116025220324e+02
6.337803847254466518e+02
6.455545132998739746e+02
5.477163078997677985e+02
4.892719291551472338e+02
6.137026374595469633e+02
5.911082987292282951e+02
6.639050466404605686e+02
7.349147083460120484e+02
6.176031091553767283e+02
6.037907244662950461e+02
5.637464390328303807e+02
6.413935216695005010e+02
6.060184381599565313e+02
5.794943345223006190e+02
6.426719076986152004e+02
5.614839729229166778e+02
6.199512977150133111e+02
6.323851549297135080e+02
6.714480232865361131e+02
6.522545686798296174e+02
6.607910543710326010e+02
6.016853542066639875e+02
7.043391931701328303e+02
6.431557906924318786e+02
6.156241149613911148e+02
5.643466809668224187e+02
5.454451071220601079e+02
6.790506232681032088e+02
6.492198497297320046e+02
6.091545201599410575e+02
