7.589170416880924677e+02
8.561701447507265357e+02
8.447884324888001402e+02
8.494364336184562490e+02
7.883525783431355194e+02
9.047221264747275882e+02
8.009644791446318095e+02
7.485856594973480469e+02
9.529233518207877296e+02
8.517122530191256828e+02
8.046361119817306644e+02
7.585140051257700406e+02
8.472202971452686597e+02
1.019418596681545068e+03
9.030960507307927401e+02
8.280638783665573328e+02
8.262353172203003169e+02
9.239881191406361722e+02
7.793781778234990725e+02
9.632684292496819580e+02
8.278026810902937314e+02
8.765375776791485123e+02
8.806792803488931440e+02
8.192224334244909869e+02
8.445017266854662239e+02
7.953323864945590458e+02
8.887564231055021082e+02
8.316679772126357193e+02
7.940631464461841915e+02
7.759312387174900323e+02
8.082143875116016716e+02
7.882374761121071742e+02
9.065142617778225258e+02
8.294465675575274872e+02
7.916814740541901756e+02
8.316272598817395192e+02
7.877391196116166157e+02
8.838043311927560808e+02
7.538912468299757847e+02
7.253930140449784858e+02
7.183427753282200001e+02
7.329947813234231262e+02
7.754244394880578284e+02
8.404009883129004947e+02
8.185356956120276664e+02
7.104675863978567349e+02
8.478265137891738732e+02
7.421231121096247989e+02
7.079014443671238723e+02
7.887233657626986769e+02
7.281588115140594937e+02
8.353662696749629504e+02
9.789790166019474782e+02
7.999709948079249671e+02
8.806074243948733056e+02
8.663923056508526770e+02
7.701132550608801921e+02
8.033815509071202996e+02
7.715612535719054677e+02
8.328015892994015985e+02
7.474638691250868305e+02
8.340251259290824919e+02
8.364341565923390363e+02
7.466501874887785561e+02
7.707858222775716968e+02
7.773157905759625237e+02
7.997652234853225082e+02
9.534331046691229403e+02
8.314200247754727116e+02
9.036816025099908529e+02
7.699987907084456538e+02
8.553281617421844203e+02
7.771234289092720928e+02
8.179401306546768637e+02
7.968612317332789416e+02
8.572520644504855909e+02
8.868755984622907818e+02
7.294292487772179356e+02
9.174435222615649081e+02
8.499102761737817673e+02
7.101513084715033983e+02
7.801859743141178569e+02
7.215243979315032448e+02
8.474290149020682748e+02
9.060120194559024185e+02
8.730348722994156105e+02
7.229602343874092867e+02
8.904243425715393414e+02
8.835772972245601977e+02
7.344259746185605309e+02
8.772591867767113172e+02
7.307031511051463895e+02
8.290232762323668112e+02
8.194013523359481042e+02
9.112197451427455235e+02
8.233400456504866725e+02
8.985521789440903149e+02
8.999954482450854130e+02
8.446302758750845214e+02
7.801305511453100507e+02
