1.381765838339901791e+02
2.036942600179025931e+02
1.448623288082886518e+02
1.812412933066624419e+02
9.667052307454420657e+01
1.496170133424515711e+02
1.260702315366889081e+02
1.177464229323657321e+02
1.425382158919538824e+02
1.996535891058965433e+02
9.613079450881905075e+01
1.275950148746278501e+02
1.792220783197711285e+02
1.773296850237967419e+02
1.667529496699848437e+02
1.675741756627107293e+02
1.049418775317462718e+02
1.197953577286763078e+02
1.763608553664320766e+02
1.786689710870747376e+02
1.740252682171385459e+02
1.725104835833214452e+02
1.631261617127204602e+02
1.841147203578955782e+02
1.377850185037891038e+02
1.243318609306309526e+02
1.824774076771540763e+02
1.720151911933866415e+02
1.946427198886071324e+02
1.145906994041883422e+02
1.157704117637980943e+02
1.363519518455480579e+02
1.655716229214257282e+02
1.257009432217331408e+02
1.253811490962568911e+02
1.033482554625296501e+02
1.785385738059423488e+02
1.931720357345760988e+02
1.286372870721410209e+02
1.327598332596027433e+02
1.155211037392025588e+02
1.265388474412510789e+02
1.270538440203895334e+02
1.345702663690898646e+02
1.674031294919201116e+02
1.258770215991857526e+02
1.803474168696221227e+02
1.836146628075733531e+02
9.177693372186351439e+01
1.426528988360370249e+02
1.710272795463918385e+02
1.628766696788215143e+02
1.004641378155970841e+02
1.572452306578925061e+02
1.473120494860411043e+02
1.601837077877104036e+02
1.559717366248507346e+02
1.734936912373322855e+02
1.445825199243058137e+02
1.462066029391689597e+02
1.486949456034989510e+02
9.849330341366257358e+01
1.328365057384801275e+02
1.718558423907492738e+02
1.387581553893728881e+02
1.435660218872706650e+02
1.700353812955269746e+02
1.850742865674287430e+02
1.410038396434622996e+02
1.054423025420106086e+02
1.801560919541731494e+02
1.606515022756643702e+02
1.122367671205534094e+02
1.418046278651875980e+02
1.162872399237663217e+02
1.688447090059626134e+02
1.616110128407494244e+02
1.984255406066788225e+02
1.393996731806020080e+02
1.414946727028657278e+02
1.092406025912036398e+02
1.149295905398366955e+02
1.868942287670015503e+02
1.203377164985733572e+02
1.500723330430959948e+02
1.862863440645678565e+02
1.373659066258090888e+02
1.488609223857667985e+02
9.181205660451908557e+01
8.520228512030118395e+01
1.348504698888824009e+02
1.080146098869833651e+02
1.625532870093152837e+02
1.443362399202533481e+02
1.401133136138470832e+02
1.305819496744535400e+02
1.154765380966261432e+02
1.543360781875901182e+02
1.143024283808666155e+02
1.669010007485602216e+02
