1.035685431040914864e+03
9.703712073080396294e+02
1.033672618316673152e+03
1.055083562995751663e+03
1.019385474120267986e+03
9.005525324400339287e+02
9.627935017036636509e+02
9.230224354670355069e+02
9.863309573509692427e+02
1.119409284973413151e+03
9.918544031513858954e+02
9.271252806024145912e+02
9.282620658854634712e+02
1.060941159535011593e+03
1.019439781522963813e+03
8.931995081721958059e+02
8.611335610937459251e+02
1.029274291057159417e+03
8.770428816820387965e+02
9.743978221100650217e+02
8.497390415371124845e+02
1.000649159444683050e+03
9.264191930344995853e+02
1.002724429966569119e+03
9.977870830024852467e+02
9.988174583310978960e+02
1.054452078370099798e+03
1.089452068570312122e+03
9.351976418322798281e+02
9.772059965895788309e+02
1.046620339687609658e+03
1.084589504733628701e+03
1.018682333983752756e+03
9.649652800779859945e+02
1.093234193401661969e+03
9.679764561648942163e+02
9.881223834795670200e+02
9.594045588262484898e+02
1.091668919566835712e+03
8.762158021535515218e+02
9.708589437969550318e+02
9.231541038670861781e+02
9.913478980030588446e+02
1.101041368311319275e+03
9.827292492512459603e+02
1.025412097918435165e+03
8.875016215753431652e+02
9.689873585780458143e+02
9.425347609139327005e+02
9.902531016122485426e+02
1.042372450506356017e+03
9.241259156092769445e+02
9.136017501865270560e+02
1.011977813950381460e+03
9.657678655194943076e+02
9.617920474721012170e+02
1.110489805503199705e+03
1.036343505229152697e+03
1.023693528984657064e+03
1.139381041695032309e+03
1.008850321988372002e+03
1.048029492566122599e+03
9.910185394107696766e+02
9.601142417172810610e+02
8.764552847324376899e+02
1.079176214165059491e+03
1.076385583588519921e+03
9.995656874552049658e+02
9.448962462373259541e+02
9.774395579217147088e+02
8.789109069161237358e+02
1.054956024886169416e+03
9.593490183318917843e+02
9.917898478383959855e+02
1.038693773767658286e+03
9.646628125204125581e+02
9.344992236753699899e+02
1.128076612669438646e+03
9.588030649164199986e+02
1.030289363655439729e+03
9.091100391949025834e+02
9.828566184863152557e+02
1.019649330137348443e+03
1.015679772295305270e+03
9.801815526721487686e+02
1.106200921161823317e+03
9.124635128259307066e+02
9.814109522138521697e+02
9.417007042047056302e+02
1.005206528772809179e+03
1.052796843655351040e+03
1.088703711955686003e+03
9.270056094369164157e+02
1.005565356978581008e+03
8.252421009261610152e+02
8.748741894034010329e+02
1.079479469647853193e+03
9.733768868256129281e+02
1.067501287662316827e+03
9.549638823344401999e+02
