6.610226243993865864e+02
6.381463678920102893e+02
6.061766920511141734e+02
6.189682373783126650e+02
6.505728211612747600e+02
6.505510016054010975e+02
7.230672116733046551e+02
6.145152739979508851e+02
5.782798238823512520e+02
5.562805050645575875e+02
6.562919307746701634e+02
5.460386683625265505e+02
6.013064271540652044e+02
5.444342140801752521e+02
6.393968321992906567e+02
6.401214749203732026e+02
6.929545581070227627e+02
6.717064178920165887e+02
6.002837538905845349e+02
6.717452849041648051e+02
6.008314286890280300e+02
6.117176029114262974e+02
6.022975855753402357e+02
5.795301199511645791e+02
6.880542878946881729e+02
5.906235129549495468e+02
6.502721276864173205e+02
6.525831066754507219e+02
6.639154691703645312e+02
6.622359477857553429e+02
6.380341703198083678e+02
6.678929856751451553e+02
5.851160661402620917e+02
5.656935528003982654e+02
5.719646877711180650e+02
5.977369668377149310e+02
6.677603155607611143e+02
5.813388752720751427e+02
5.696977422147392645e+02
6.342931659133201947e+02
5.629891881096812085e+02
6.439012857930564451e+02
6.941036833704872606e+02
6.177930984301050330e+02
6.145516413552783206e+02
6.394690742847849378e+02
6.489254718431135416e+02
6.098716891585063422e+02
5.149182901160103256e+02
6.048794738256473238e+02
6.666122232004668149e+02
5.641420934334071262e+02
6.148767507602477735e+02
5.392615275429741359e+02
6.261279927935327123e+02
6.681661529127101176e+02
5.769441850644733449e+02
5.975853808238041438e+02
5.708360460937859671e+02
5.658935723944099436e+02
5.890873984094691878e+02
6.772509398077172591e+02
6.083742471234295408e+02
6.087163579391134363e+02
5.466793424438659486e+02
6.675695659862511775e+02
5.781267492778071073e+02
7.026144666156476433e+02
6.503717250009435702e+02
5.807812825336463902e+02
6.359667790121654889e+02
6.493633228529372445e+02
5.504291897524502701e+02
4.904777570963923381e+02
6.159284365312526006e+02
5.931059134778349744e+02
6.658534590112878959e+02
7.376896042586653266e+02
6.198582556845799445e+02
5.979979554857166022e+02
5.565565200778754615e+02
6.456690949797462054e+02
6.058948130121999611e+02
5.816467797558193524e+02
6.514766778746441105e+02
5.792796358603160343e+02
6.243688233434138510e+02
6.483198788408885775e+02
6.752434887464963822e+02
6.546887846262123958e+02
6.641370560176237632e+02
6.037496473523468694e+02
7.066682777200495593e+02
6.408929494955064001e+02
6.176951895077003201e+02
5.662577969620435852e+02
5.473694309193450636e+02
6.855087704471604866e+02
6.514354134198442807e+02
6.328423086861390630e+02
