9.798835298703402259e+02
9.366908601505951992e+02
9.801582288363518956e+02
1.001913403859478308e+03
9.801486324061696678e+02
8.716285225441764624e+02
9.316146575769105311e+02
8.760155399337327253e+02
9.370817645551063606e+02
1.083211271150519224e+03
9.197858628361192359e+02
8.767845622353951285e+02
8.640911902353294636e+02
1.011195004607039664e+03
9.599339067407264565e+02
8.381488242856333954e+02
7.969256661627827043e+02
9.765282997848516970e+02
8.232084637408679555e+02
9.427403495474676447e+02
8.019500799632991175e+02
9.729079498590369894e+02
8.736166468169678865e+02
9.330746312317027105e+02
9.588860400324986131e+02
9.576107687942680968e+02
1.016799916109818582e+03
1.046030157920488591e+03
8.813073281024952621e+02
9.338903095680053639e+02
1.003312076646165792e+03
1.038820355455189883e+03
9.727282812066579254e+02
9.072305836535257413e+02
1.034182019702202524e+03
9.247220109166109978e+02
9.355609662584959096e+02
9.180612135394833331e+02
1.027627989064496887e+03
8.337717097346318269e+02
9.257980912973447403e+02
8.732059594224739385e+02
9.370908915298207376e+02
1.060077624880638041e+03
9.463616193103704290e+02
9.717507618097540671e+02
8.292026677971258550e+02
9.077670626499359514e+02
9.154089685986898530e+02
9.214175402883902279e+02
9.819579138579038045e+02
8.795572667348941422e+02
8.707800217354341612e+02
9.772554070855625241e+02
9.154068542133097708e+02
9.291321751743387267e+02
1.061684919231319100e+03
9.710551499260074024e+02
9.869014814192298672e+02
1.082990369010648919e+03
9.487280542238473799e+02
9.856120982807246946e+02
9.429925707350762423e+02
8.981202827954152781e+02
8.362152166461472689e+02
1.025479523311869571e+03
1.025032677613658052e+03
9.594731809563483012e+02
8.992371386370929258e+02
9.440251961449835107e+02
8.243119559051734768e+02
9.899417347991156930e+02
8.989956830112425905e+02
9.541474967175040547e+02
9.896514155804867414e+02
9.131437242537507473e+02
8.810428682578037751e+02
1.056687386984463046e+03
9.126624543838551062e+02
9.922376979467006777e+02
8.664265917552721703e+02
9.193563879081838195e+02
9.669271666152536682e+02
9.816890904910782183e+02
9.339048855156021318e+02
1.044517449479067409e+03
8.662787362398139521e+02
9.322250304722759893e+02
8.798796842641000922e+02
9.610870702390865290e+02
1.010319387114041660e+03
1.033784111756054017e+03
8.754288883376174226e+02
9.469709305974978406e+02
7.767815629378649191e+02
8.222519386285730434e+02
1.023436236996242314e+03
9.200571485282181357e+02
1.023823548749630390e+03
9.116030318528042926e+02
