0.000000000000000000e+00 0.000000000000000000e+00
5.784603808867363028e+00 5.805436867473892093e+00
1.156920760912941404e+01 1.161070223440190219e+01
1.735381138678738466e+01 1.741579904438149384e+01
2.313841519066435026e+01 2.322072972341685926e+01
2.892301902116789236e+01 2.902549732074175637e+01
3.470762301172753439e+01 3.483010423644992670e+01
4.049222688916548663e+01 4.063455266593639692e+01
4.627683098105576676e+01 4.643884535095392607e+01
5.206143490468815571e+01 5.224298474484840682e+01
5.784603869307103707e+01 5.804697353207498622e+01
6.363064258646468829e+01 6.385081356247979301e+01
6.941524632926788740e+01 6.965450736670547371e+01
7.519985022308395628e+01 7.545805702769847301e+01
8.098445423476886162e+01 8.126146442731391062e+01
8.676905844994860217e+01 8.706473230278504616e+01
9.255366231450852865e+01 9.286786202127976253e+01
9.833826644872206657e+01 9.867085620583308980e+01
1.041228701928664577e+02 1.044737162493625391e+02
1.099074739799691969e+02 1.102764443893243254e+02
1.156920777180728805e+02 1.160790428700775294e+02
1.214766818526898646e+02 1.218815129881662358e+02
1.272612857329996672e+02 1.276838567334524441e+02
1.330458895410229729e+02 1.334860758754229551e+02
1.388304933156160246e+02 1.392881721516348819e+02
1.446150972399443901e+02 1.450901472957991416e+02
1.503997011433883131e+02 1.508920028694066104e+02
1.561843049203496037e+02 1.566937404991905964e+02
1.619689086583839526e+02 1.624953619411655836e+02
1.677535124477690260e+02 1.682968686199135391e+02
1.735381166001619135e+02 1.740982623641372982e+02
1.793227203364141076e+02 1.798995442135902749e+02
1.851073245342298605e+02 1.857007161841262928e+02
1.908919285870260296e+02 1.915017792213419341e+02
1.966765324641060317e+02 1.973027348363868896e+02
2.024611363594304407e+02 2.031035843999585495e+02
2.082457404118874535e+02 2.089043293521448277e+02
2.140303443261683469e+02 2.147049714660009272e+02
2.198149481262873053e+02 2.205055112470863605e+02
2.255995520033910680e+02 2.263059503933328074e+02
2.313841560765127952e+02 2.321062902500003702e+02
2.371687599230014598e+02 2.379065321108315629e+02
2.429533637049424897e+02 2.437066767007994486e+02
2.487379676466422893e+02 2.495067255588191983e+02
2.545225713905403495e+02 2.553066798768371370e+02
2.603071753776113724e+02 2.611065408127811907e+02
2.660917792500700330e+02 2.669063094692861569e+02
2.718763830404379291e+02 2.727059871603187275e+02
2.776609872208196066e+02 2.785055744392105908e+02
2.834455909736030890e+02 2.843050727095966295e+02
2.892301947100469306e+02 2.901044830010289957e+02
2.950147985611088188e+02 2.959038063719917773e+02
3.007994023153116814e+02 3.017030436971303970e+02
3.065840060736459236e+02 3.075021963471060644e+02
3.123686099506780920e+02 3.133012648690530568e+02
3.181532137267583948e+02 3.191002504316735440e+02
3.239378176755415666e+02 3.248991537907479596e+02
3.297224218218007081e+02 3.306979760100310273e+02
3.355070259423519019e+02 3.364967181418296605e+02
3.412916299436188865e+02 3.422953810715758891e+02
3.470762337510640236e+02 3.480939655361727318e+02
3.528608375499047156e+02 3.538924722566086984e+02
3.586454415842052867e+02 3.596909022586581841e+02
3.644300455911734389e+02 3.654892564229239724e+02
3.702146496151509041e+02 3.712875355602990339e+02
3.759992536283687627e+02 3.770857405261952522e+02
3.817838576418238290e+02 3.828838720148373795e+02
3.875684617509903092e+02 3.886819309250954575e+02
3.933530655667680662e+02 3.944799179117890731e+02
3.991376693277619552e+02 4.002778337663424395e+02
4.049222731736625747e+02 4.060756793022324587e+02
4.107068769271139672e+02 4.118734552042240011e+02
4.164914806825538562e+02 4.176711621814836803e+02
4.222760844967382354e+02 4.234688010558638780e+02
4.280606886122580477e+02 4.292663724358934019e+02
4.338452926544937327e+02 4.350638770347423474e+02
4.396298966388261533e+02 4.408613155911242529e+02
4.454145005669032571e+02 4.466586886648652239e+02
4.511991044170732721e+02 4.524559971292810587e+02
4.569837083063439422e+02 4.582532414877858855e+02
4.627683121909803958e+02 4.640504224042632586e+02
4.685529160769763166e+02 4.698475404551087422e+02
4.743375199675194835e+02 4.756445961395205586e+02
4.801221238315948199e+02 4.814415905093071615e+02
4.859067280155148296e+02 4.872385236414004339e+02
4.916913319863589322e+02 4.930353964701938594e+02
4.974759360054999888e+02 4.988322094015958328e+02
5.032605400325887217e+02 5.046289630616850559e+02
5.090451440336216820e+02 5.104256581798484831e+02
5.148297480120766068e+02 5.162222953010326592e+02
5.206143519640755812e+02 5.220188746960430990e+02
5.263989559107399145e+02 5.278153974186809592e+02
5.321835598166994714e+02 5.336118634602054271e+02
5.379681636775192146e+02 5.394082735255460648e+02
5.437527675025030476e+02 5.452046281467214612e+02
5.495373713483049869e+02 5.510009280487472552e+02
5.553219754720150831e+02 5.567971735443327361e+02
