0.000000000000000000e+00 0.000000000000000000e+00
5.784603812529209854e+00 5.805436836369489484e+00
1.156920761244649754e+01 1.161070212570284532e+01
1.735381139750786161e+01 1.741579893623605813e+01
2.313841516114826291e+01 2.322072977823267337e+01
2.892301928412051382e+01 2.902549734904294354e+01
3.470762335674675114e+01 3.483010419984070438e+01
4.049222755804338192e+01 4.063455278176806473e+01
4.627683172286320712e+01 4.643884572487549889e+01
5.206143563844803879e+01 5.224298521450052135e+01
5.784603978611035302e+01 5.804697371899842295e+01
6.363064352597896800e+01 6.385081361248055742e+01
6.941524732722862723e+01 6.965450713005604655e+01
7.519985121996361954e+01 7.545805679849397052e+01
8.098445500627758520e+01 8.126146462252094693e+01
8.676905886700122039e+01 8.706473249506136369e+01
9.255366303372227321e+01 9.286786245479049740e+01
9.833826689154952305e+01 9.867085663983834820e+01
1.041228706356894804e+02 1.044737166390904122e+02
1.099074744370950043e+02 1.102764447151550939e+02
1.156920784071077009e+02 1.160790429814133518e+02
1.214766826213585773e+02 1.218815130803181717e+02
1.272612868216954496e+02 1.276838568028255452e+02
1.330458905989198115e+02 1.334860759374850261e+02
1.388304943768598321e+02 1.392881723776338276e+02
1.446150985699579792e+02 1.450901474755216896e+02
1.503997023360672074e+02 1.508920029275648744e+02
1.561843062721881665e+02 1.566937406677752733e+02
1.619689101356582057e+02 1.624953621096910013e+02
1.677535139043563106e+02 1.682968688796867980e+02
1.735381177135535893e+02 1.740982624588086765e+02
1.793227217507362639e+02 1.798995446131759195e+02
1.851073258739847063e+02 1.857007163708717599e+02
1.908919296874569795e+02 1.915017792264827108e+02
1.966765334610601030e+02 1.973027347620211742e+02
2.024611373196433419e+02 2.031035844715974008e+02
2.082457410813140939e+02 2.089043296134869365e+02
2.140303450413940709e+02 2.147049716451902839e+02
2.198149487953511141e+02 2.205055114187033496e+02
2.255995525608894923e+02 2.263059508961637221e+02
2.313841563092809395e+02 2.321062909102025174e+02
2.371687600988907434e+02 2.379065324942113477e+02
2.429533638819217458e+02 2.437066770955119068e+02
2.487379677224527654e+02 2.495067260015453030e+02
2.545225717417112605e+02 2.553066803469041020e+02
2.603071757051316126e+02 2.611065411892721499e+02
2.660917795293103154e+02 2.669063099135721586e+02
2.718763833689976650e+02 2.727059872785877701e+02
2.776609871142974271e+02 2.785055747920121121e+02
2.834455910321159422e+02 2.843050730409379412e+02
2.892301949578109088e+02 2.901044835781129336e+02
2.950147987096119095e+02 2.959038069169592973e+02
3.007994024837532834e+02 3.017030442244340520e+02
3.065840062719729531e+02 3.075021969089697222e+02
3.123686100371326120e+02 3.133012657213209877e+02
3.181532140412707008e+02 3.191002514638679486e+02
3.239378179128909778e+02 3.248991550194242564e+02
3.297224216766071550e+02 3.306979774340318841e+02
3.355070256414535379e+02 3.364967194340124479e+02
3.412916296268278415e+02 3.422953821974650737e+02
3.470762333899469922e+02 3.480939666401781096e+02
3.528608372437058733e+02 3.538924736479731337e+02
3.586454412763526989e+02 3.596909036399831621e+02
3.644300452850266652e+02 3.654892577976048074e+02
3.702146493089398973e+02 3.712875369188367927e+02
3.759992533587153503e+02 3.770857418652512365e+02
3.817838574378741896e+02 3.828838733506689209e+02
3.875684615981726893e+02 3.886819322508018217e+02
3.933530653567834179e+02 3.944799192280285070e+02
3.991376691178447800e+02 4.002778350812003509e+02
4.049222728781352316e+02 4.060756807890959408e+02
4.107068766848868790e+02 4.118734566782530919e+02
4.164914804797881516e+02 4.176711636461068338e+02
4.222760844858207747e+02 4.234688024307527030e+02
4.280606886003773184e+02 4.292663738081648717e+02
4.338452926403394940e+02 4.350638784032697686e+02
4.396298966200619134e+02 4.408613169420763143e+02
4.454145005481453836e+02 4.466586900000562537e+02
4.511991044037597476e+02 4.524559984582049310e+02
4.569837082926841845e+02 4.582532428382244234e+02
4.627683121815931599e+02 4.640504237438245809e+02
4.685529160678172502e+02 4.698475417849482483e+02
4.743375199539572122e+02 4.756445974659513922e+02
4.801221238143127152e+02 4.814415918265375467e+02
4.859067279244582096e+02 4.872385248946759475e+02
4.916913318950461189e+02 4.930353977123000391e+02
4.974759359100874008e+02 4.988322106044957991e+02
5.032605399364888399e+02 5.046289644531781278e+02
5.090451439372897084e+02 5.104256595440907631e+02
5.148297479159779186e+02 5.162222964399596776e+02
5.206143518479948398e+02 5.220188761282201995e+02
5.263989557889133266e+02 5.278153988172778099e+02
5.321835596758036218e+02 5.336118648282335926e+02
5.379681635468541572e+02 5.394082749343210708e+02
5.437527673579306793e+02 5.452046296610311629e+02
5.495373710986599463e+02 5.510009295233412558e+02
5.553219751809961053e+02 5.567971749147004630e+02
