0.000000000000000000e+00 0.000000000000000000e+00
4.378754417832573687e+00 4.399891335385090585e+00
8.757508836091524529e+00 8.799589698740451382e+00
1.313626325416455920e+01 1.319909862439385684e+01
1.751501767245858332e+01 1.759842154900736233e+01
2.189377209494670495e+01 2.199756181805898336e+01
2.627252652558243184e+01 2.639652268426565485e+01
3.065128094395901570e+01 3.079530731999246740e+01
3.503003536843372956e+01 3.519391881005675771e+01
3.940878979004213534e+01 3.959236016290277860e+01
4.378754421649477990e+01 4.399063429994086505e+01
4.816629863685351154e+01 4.838874408178274678e+01
5.254505306003318310e+01 5.278669227383896612e+01
5.692380748834604276e+01 5.718448158654503999e+01
6.130256190866792565e+01 6.158211466560003089e+01
6.568131634630643134e+01 6.597959407091374828e+01
7.006007078044322611e+01 7.037692233545891440e+01
7.443882521817216968e+01 7.477410189537346241e+01
7.881757964848728193e+01 7.917113516086112668e+01
8.319633410377636551e+01 8.356802444857868295e+01
8.757508854197325832e+01 8.796477205193913562e+01
9.195384301330572896e+01 9.236138019675084365e+01
9.633259743939117925e+01 9.675785101911489505e+01
1.007113519051681010e+02 1.011541866626614308e+02
1.050901063510429196e+02 1.055503891999412218e+02
1.094688608056898858e+02 1.099464606617199536e+02
1.138476152438144169e+02 1.143424030162194356e+02
1.182263696855616644e+02 1.187382182190092834e+02
1.226051241143636048e+02 1.231339081438743790e+02
1.269838785836950592e+02 1.275294746109274797e+02
1.313626330714284620e+02 1.319249194766415485e+02
1.357413875401179553e+02 1.363202445345075091e+02
1.401201419739201128e+02 1.407154514913302705e+02
1.444988964311753818e+02 1.451105419442386619e+02
1.488776509251576101e+02 1.495055176595836883e+02
1.532564053839832923e+02 1.539003802493181752e+02
1.576351598109570773e+02 1.582951312148082366e+02
1.620139142564265740e+02 1.626897722265013897e+02
1.663926687706382097e+02 1.670843047402519801e+02
1.707714232826201339e+02 1.714787302656680481e+02
1.751501777816078516e+02 1.758730502302977357e+02
1.795289322684792808e+02 1.802672660519774581e+02
1.839076867387361744e+02 1.846613791923535359e+02
1.882864412104466396e+02 1.890553910376809768e+02
1.926651956754799357e+02 1.934493028919227982e+02
1.970439501322771889e+02 1.978431159880084635e+02
2.014227046201065150e+02 2.022368317066083137e+02
2.058014591045628663e+02 2.066304513742949496e+02
2.101802135727140808e+02 2.110239761208399614e+02
2.145589680365243908e+02 2.154174072201300874e+02
2.189377225010374559e+02 2.198107459102574808e+02
2.233164769665320364e+02 2.242039933252835340e+02
2.276952314316840216e+02 2.285971505659255172e+02
2.320739858940952161e+02 2.329902188291337666e+02
2.364527403670423951e+02 2.373831991596820785e+02
2.408314948385698244e+02 2.417760926263540568e+02
2.452102494073806724e+02 2.461689003480873055e+02
2.495890038442336731e+02 2.505616233689454475e+02
2.539677582726268952e+02 2.549542627307739053e+02
2.583465127040068978e+02 2.593468193897715537e+02
2.627252672679949796e+02 2.637392943447452467e+02
2.671040217720558303e+02 2.681316886372837871e+02
2.714827762943350535e+02 2.725240032486843234e+02
2.758615307724985541e+02 2.769162389667324078e+02
2.802402852588176074e+02 2.813083967687678637e+02
2.846190397644840573e+02 2.857004775904771918e+02
2.889977942956805919e+02 2.900924822965932890e+02
2.933765487789153781e+02 2.944844117747030054e+02
2.977553032575183352e+02 2.988762668631004544e+02
3.021340578033966153e+02 3.032680484799239480e+02
3.065128123367509261e+02 3.076597573861985779e+02
3.108915668325665820e+02 3.120513943740987770e+02
3.152703213207237241e+02 3.164429603299676046e+02
3.196490757520947454e+02 3.208344559893566839e+02
3.240278302515947644e+02 3.252258822026843745e+02
3.284065847397199036e+02 3.296172396264353210e+02
3.327853393136758200e+02 3.340085291180348577e+02
3.371640938136355317e+02 3.383997512703697339e+02
3.415428482469405935e+02 3.427909069203614081e+02
3.459216027736447359e+02 3.471819967566126479e+02
3.503003573970193543e+02 3.515730215328835584e+02
3.546791119674572883e+02 3.559639818146698644e+02
3.590578665601249213e+02 3.603548783678014615e+02
3.634366211769485631e+02 3.647457119647228865e+02
3.678153756929085603e+02 3.691364831182679609e+02
3.721941302505474596e+02 3.735271925419345962e+02
3.765728847301891733e+02 3.779178407736734471e+02
3.809516393512122931e+02 3.823084286365333355e+02
3.853303937932171266e+02 3.866989564715742063e+02
3.897091484155142780e+02 3.910894251759168583e+02
3.940879029909903579e+02 3.954798351973064996e+02
3.984666574823061183e+02 3.998701870869847426e+02
4.028454120586084173e+02 4.042604814573116983e+02
4.072241665191759239e+02 4.086507190752379302e+02
4.116029211911828725e+02 4.130409001927368990e+02
4.159816758239168166e+02 4.174310256393982854e+02
4.203604304261668290e+02 4.218210957593083776e+02
