0.000000000000000000e+00 0.000000000000000000e+00
5.782391475882181275e+00 5.805436952746138246e+00
1.156478294343468960e+01 1.161066416514631783e+01
1.734717445402038294e+01 1.741568580162783775e+01
2.312956594630127682e+01 2.322050518634506489e+01
2.891195750145671184e+01 2.902512586590507482e+01
3.469434905847412409e+01 3.482955160652745263e+01
4.047674051207081902e+01 4.063378593502805103e+01
4.625913240057890619e+01 4.643783152122807678e+01
5.204152388407808871e+01 5.224169192017073016e+01
5.782391540884017189e+01 5.804537023523645445e+01
6.360630683167234167e+01 6.384886951103036523e+01
6.938869829792548671e+01 6.965219275185883419e+01
7.517109006743137911e+01 7.545534319182985428e+01
8.095348163855780399e+01 8.125832324799570472e+01
8.673587320550308277e+01 8.706113597129018444e+01
9.251826480781980422e+01 9.286378352453806428e+01
9.830065635206047148e+01 9.866626920379556509e+01
1.040830477898453097e+02 1.044685949880827422e+02
1.098654392618390716e+02 1.102707635949138023e+02
1.156478308335633898e+02 1.160727777110681131e+02
1.214302222501066950e+02 1.218746393944699662e+02
1.272126137339708407e+02 1.276763513425942449e+02
1.329950051931098187e+02 1.334779154866573947e+02
1.387773966436008664e+02 1.392793343669299588e+02
1.445597880672164024e+02 1.450806099001607379e+02
1.503421795474629050e+02 1.508817446832988480e+02
1.561245710007172818e+02 1.566827402427805396e+02
1.619069624779468199e+02 1.624835988266744948e+02
1.676893543818610794e+02 1.682843225583041260e+02
1.734717458422140908e+02 1.740849135084046111e+02
1.792541373043695216e+02 1.798853732873570834e+02
1.850365291069664408e+02 1.856857039583400137e+02
1.908189210041530259e+02 1.914859067974539073e+02
1.966013124642971661e+02 1.972859842199754610e+02
2.023837039797370210e+02 2.030859378921186362e+02
2.081660954296268642e+02 2.088857691797079497e+02
2.139484868641157504e+02 2.146854800789458295e+02
2.197308782977776218e+02 2.204850722053243715e+02
2.255132697512798643e+02 2.262845471141257860e+02
2.312956613456391892e+02 2.320839067791796424e+02
2.370780528180146689e+02 2.378831521401714895e+02
2.428604442830936705e+02 2.436822849867729417e+02
2.486428357170051413e+02 2.494813067340729731e+02
2.544252274520724768e+02 2.552802189167350662e+02
2.602076190918645580e+02 2.610790231915825643e+02
2.659900106620233373e+02 2.668777205167391458e+02
2.717724021394182046e+02 2.726763128136781802e+02
2.775547936132087443e+02 2.784748008427904438e+02
2.833371853244266276e+02 2.842731860601893459e+02
2.891195767425101621e+02 2.900714701877794823e+02
2.949019682029407932e+02 2.958696539935228884e+02
3.006843596897394946e+02 3.016677388281540289e+02
3.064667511308067560e+02 3.074657261961259564e+02
3.122491425743976379e+02 3.132636170969705063e+02
3.180315340493003191e+02 3.190614129791347295e+02
3.238139257728516895e+02 3.248591144416149064e+02
3.295963175291386733e+02 3.306567229798785092e+02
3.353787093368055139e+02 3.364542397629167567e+02
3.411611009595656583e+02 3.422516658678615045e+02
3.469434926521949478e+02 3.480490025247336234e+02
3.527258841937598390e+02 3.538462503145321989e+02
3.585082759097700773e+02 3.596434107166601279e+02
3.642906676027243975e+02 3.654404844881515260e+02
3.700730593071785961e+02 3.712374727576997202e+02
3.758554510408678198e+02 3.770343765367915694e+02
3.816378427990405271e+02 3.828311968742267482e+02
3.874202346286272132e+02 3.886279345458486887e+02
3.932026260711787131e+02 3.944245904993885006e+02
3.989850175099213629e+02 4.002211657324432394e+02
4.047674089532655444e+02 4.060176611558994182e+02
4.105498004068938371e+02 4.118140776333348185e+02
4.163321918435725593e+02 4.176104160088215735e+02
4.221145836036921537e+02 4.234066773863508502e+02
4.278969754190980552e+02 4.292028622774619748e+02
4.336793671605601617e+02 4.349989716640632764e+02
4.394617588390282776e+02 4.407950063657069109e+02
4.452441506284316119e+02 4.465909672908052812e+02
4.510265421591442419e+02 4.523868550651255873e+02
4.568089337302002377e+02 4.581826704567356501e+02
4.625913252951303321e+02 4.639784142896086223e+02
4.683737168631703298e+02 4.697740874151553498e+02
4.741561084036966349e+02 4.755696903651627849e+02
4.799384999567233763e+02 4.813652243467826111e+02
4.857208915952450070e+02 4.871606896409117553e+02
4.915032832468644983e+02 4.929560871078131186e+02
4.972856749525294617e+02 4.987514173628918570e+02
5.030680666627531537e+02 5.045466809939616724e+02
5.088504583480739143e+02 5.103418791083737460e+02
5.146328500122563128e+02 5.161370118292886673e+02
5.204152416529248057e+02 5.219320801196954562e+02
5.261976332762982338e+02 5.277270847647066603e+02
5.319800248698973064e+02 5.335220259916853820e+02
5.377624164291535180e+02 5.393169046653231362e+02
5.435448079372303027e+02 5.451117214494395284e+02
5.493271994625256411e+02 5.509064768752068630e+02
5.551095909936743737e+02 5.567011714198188201e+02
