0.000000000000000000e+00 0.000000000000000000e+00
5.784603810662468426e+00 5.805436838722022763e+00
1.156920761670620124e+01 1.161070236474790285e+01
1.735381139655003224e+01 1.741579917686430434e+01
2.313841520702110444e+01 2.322073015387629624e+01
2.892301920321810371e+01 2.902549772037839659e+01
3.470762307307033723e+01 3.483010440143084452e+01
4.049222730574926743e+01 4.063455288999696791e+01
4.627683106127362578e+01 4.643884571021403929e+01
5.206143493523982357e+01 5.224298515849457658e+01
5.784603875606541123e+01 5.804697365249218421e+01
6.363064256503804472e+01 6.385081363355284623e+01
6.941524635178897995e+01 6.965450756443459568e+01
7.519985031446010737e+01 7.545805722362987922e+01
8.098445409464518718e+01 8.126146459830412994e+01
8.676905796319239528e+01 8.706473247481329736e+01
9.255366173475292157e+01 9.286786251628421951e+01
9.833826559267389200e+01 9.867085632698547215e+01
1.041228693889713952e+02 1.044737163862689613e+02
1.099074732074596739e+02 1.102764444772107026e+02
1.156920770303374582e+02 1.160790427063932242e+02
1.214766810685346172e+02 1.218815127996990100e+02
1.272612848445132556e+02 1.276838565134159182e+02
1.330458888835720188e+02 1.334860758641056577e+02
1.388304926621021878e+02 1.392881721744873289e+02
1.446150964558325995e+02 1.450901473125731513e+02
1.503997005985318651e+02 1.508920029611510358e+02
1.561843043696555924e+02 1.566937407601088523e+02
1.619689081224739766e+02 1.624953620781543862e+02
1.677535118990978162e+02 1.682968689818200119e+02
1.735381158863054338e+02 1.740982625928288314e+02
1.793227198111216580e+02 1.798995446250987698e+02
1.851073239307157223e+02 1.857007162249717567e+02
1.908919277400341059e+02 1.915017790679797827e+02
1.966765318638991289e+02 1.973027345927458214e+02
2.024611357220472883e+02 2.031035841745739958e+02
2.082457394642221118e+02 2.089043293471781340e+02
2.140303432731903683e+02 2.147049711818772266e+02
2.198149470289761211e+02 2.205055109475477479e+02
2.255995507953476249e+02 2.263059500524166197e+02
2.313841546965416569e+02 2.321062901172819579e+02
2.371687585041570117e+02 2.379065317122278316e+02
2.429533623259386559e+02 2.437066763706362735e+02
2.487379662920287160e+02 2.495067252309156061e+02
2.545225700448023076e+02 2.553066795180965300e+02
2.603071740063947459e+02 2.611065405626728761e+02
2.660917779553803939e+02 2.669063093064800114e+02
2.718763818558292087e+02 2.727059867059293765e+02
2.776609857573367321e+02 2.785055739500043046e+02
2.834455896848357384e+02 2.843050721575472721e+02
2.892301935808368398e+02 2.901044826574494664e+02
2.950147977566246027e+02 2.959038059916373982e+02
3.007994019231664993e+02 3.017030434348320114e+02
3.065840059625292611e+02 3.075021961623737070e+02
3.123686098750798692e+02 3.133012649838099151e+02
3.181532138791259854e+02 3.191002506387502535e+02
3.239378176456783649e+02 3.248991542325059072e+02
3.297224217321688684e+02 3.306979765980605634e+02
3.355070257651593693e+02 3.364967186208779708e+02
3.412916295216142544e+02 3.422953814401419095e+02
3.470762333632313812e+02 3.480939658645896770e+02
3.528608371628404825e+02 3.538924726317051750e+02
3.586454411972877097e+02 3.596909027896913926e+02
3.644300452043134442e+02 3.654892572243617224e+02
3.702146492285713180e+02 3.712875363477181168e+02
3.759992532800263234e+02 3.770857412981157495e+02
3.817838573617353859e+02 3.828838727894766407e+02
3.875684615238868673e+02 3.886819316948011647e+02
3.933530652823478704e+02 3.944799186827785888e+02
3.991376690431827683e+02 4.002778345422723305e+02
4.049222729788361903e+02 4.060756800790276202e+02
4.107068767361563459e+02 4.118734559706363143e+02
4.164914805133526556e+02 4.176711629358485425e+02
4.222760842887917079e+02 4.234688018005666663e+02
4.280606884050619101e+02 4.292663731736889758e+02
4.338452923059236355e+02 4.350638777671258595e+02
4.396298962886020831e+02 4.408613163100246766e+02
4.454145002160374816e+02 4.466586893733450552e+02
4.511991040717835517e+02 4.524559978484674048e+02
4.569837079608101362e+02 4.582532421912817426e+02
4.627683118392637880e+02 4.640504231000135178e+02
4.685529155851244809e+02 4.698475411484096185e+02
4.743375194715867451e+02 4.756445967806779436e+02
4.801221233281037826e+02 4.814415911453654076e+02
4.859067274335906177e+02 4.872385242165260024e+02
4.916913314037861369e+02 4.930353970960645711e+02
4.974759354231997008e+02 4.988322099576957385e+02
5.032605394514307591e+02 5.046289636094526259e+02
5.090451434528555410e+02 5.104256587260966853e+02
5.148297474331104695e+02 5.162222957389935800e+02
5.206143513658953452e+02 5.220188752142144040e+02
5.263989553069613976e+02 5.278153979049329791e+02
5.321835592126082020e+02 5.336118639226674532e+02
5.379681630703285009e+02 5.394082739626503553e+02
5.437527668959897937e+02 5.452046289646099240e+02
5.495373707350622681e+02 5.510009289518970945e+02
5.553219744944678951e+02 5.567971743361802055e+02
