0.000000000000000000e+00 0.000000000000000000e+00
2.632470430823096841e+00 2.751193450712189570e+00
5.264940863534695481e+00 5.495985830562680086e+00
7.897411302493531515e+00 8.235029068920264095e+00
1.052988174407034094e+01 1.096888116202835306e+01
1.316235218795887718e+01 1.369802322506670222e+01
1.579482263242250539e+01 1.642287296116715112e+01
1.842729308778099551e+01 1.914379525688181616e+01
2.105976353497332099e+01 2.186111061032443814e+01
2.369223398116548651e+01 2.457510206468120373e+01
2.632470442762198815e+01 2.728602071776070659e+01
2.895717487246803401e+01 2.999409049588673781e+01
3.158964531119766761e+01 3.269951173673417344e+01
3.422211578656420272e+01 3.540246450822020563e+01
3.685458622203350387e+01 3.810311108309787187e+01
3.948705665573184120e+01 4.080159846226020193e+01
4.211952709301469611e+01 4.349805985362189631e+01
