0.000000000000000000e+00 0.000000000000000000e+00
3.619545188535939317e+00 3.738066250371681498e+00
7.239090380542950953e+00 7.470178030552407478e+00
1.085863557657083689e+01 1.119690367293000222e+01
1.447818077465630537e+01 1.491873438278821418e+01
1.809772597582770715e+01 1.863609753799719115e+01
2.171727117879218838e+01 2.234936718412446055e+01
2.533681638477236930e+01 2.605887252978174828e+01
2.895636157486026008e+01 2.976490481616307449e+01
3.257590679686587265e+01 3.346772282008535626e+01
3.619545202721013055e+01 3.716755760947530973e+01
3.981499723484389364e+01 4.086461620232880421e+01
4.343454243606593934e+01 4.455908497296204729e+01
4.705408764580320735e+01 4.825113211081558973e+01
5.067363285263492401e+01 5.194091005256265703e+01
5.429317804993578989e+01 5.562855718875202626e+01
5.791272326302770068e+01 5.931419972493947057e+01
