0.000000000000000000e+00 0.000000000000000000e+00
3.492569879311933523e+00 3.611160131907304116e+00
6.985139761988669704e+00 7.216308117686306645e+00
1.047770964829868134e+01 1.081602275826613457e+01
1.397027953697753588e+01 1.441080366458031925e+01
1.746284943233936815e+01 1.800108502889899853e+01
2.095541932630091253e+01 2.158724644299994111e+01
2.444798922234739180e+01 2.516962167702420317e+01
2.794055910354206063e+01 2.874850572925224412e+01
3.143312901869992615e+01 3.232416057092433448e+01
3.492569890473134819e+01 3.589681977566696958e+01
3.841826878911287224e+01 3.946669272421634389e+01
4.191083868011900648e+01 4.303396746069732615e+01
4.540340857084809301e+01 4.659881378663533269e+01
4.889597846295278316e+01 5.016138543666201599e+01
5.238854835821049960e+01 5.372182188847928330e+01
5.588111828443523166e+01 5.728025040360763143e+01
