0.000000000000000000e+00 0.000000000000000000e+00
2.796094787785716296e+00 2.914847206863370843e+00
5.592189575180918304e+00 5.823366308951541725e+00
8.388284370432399939e+00 8.726195121827396761e+00
1.118437916823929967e+01 1.162388044757582506e+01
1.398047396861421809e+01 1.451689443083906994e+01
1.677656877339797958e+01 1.740564754383883184e+01
1.957266357483589658e+01 2.029049876016601672e+01
2.236875837464867800e+01 2.317176380168337602e+01
2.516485317805678079e+01 2.604972168782654052e+01
2.796094799476806969e+01 2.892462036078197940e+01
3.075704278606848519e+01 3.179668097324954701e+01
3.355313761745343726e+01 3.466610160292073317e+01
3.634923243136410065e+01 3.753306037343909196e+01
3.914532723098751887e+01 4.039771808828231769e+01
4.194142204952336783e+01 4.326022028437241573e+01
4.473751684365026193e+01 4.612069906221717019e+01
