0.000000000000000000e+00 0.000000000000000000e+00
3.152278394000291417e+00 3.270999632843457849e+00
6.304556792342519422e+00 6.535832169556834437e+00
9.456835194077291007e+00 9.795104961273166211e+00
1.260911359970416790e+01 1.304934051854547228e+01
1.576139200616623981e+01 1.629899148972689815e+01
1.891367041402691740e+01 1.954445252554889834e+01
2.206594882201412844e+01 2.278606972229146521e+01
2.521822723408998002e+01 2.602414815932562675e+01
2.837050564228035299e+01 2.925895825104953474e+01
3.152278407559090923e+01 3.249074057804767790e+01
3.467506247427544253e+01 3.571971027834071322e+01
3.782734089649049736e+01 3.894606044544796930e+01
4.097961929586457330e+01 4.216996492887123793e+01
4.413189775258701530e+01 4.539158102374942416e+01
4.728417615454871736e+01 4.861105111426937242e+01
5.043645456825991857e+01 5.182850492403301246e+01
