0.000000000000000000e+00 0.000000000000000000e+00
2.903327792483497927e+00 3.022082752482000423e+00
5.806655584609735854e+00 6.037885746412118060e+00
8.709983384474014656e+00 9.048037561088271730e+00
1.161331118728940126e+01 1.205307764304100004e+01
1.451663899214841003e+01 1.505347225459179938e+01
1.741996679925355807e+01 1.804962710719316732e+01
2.032329460560870871e+01 2.104189731110841421e+01
2.322662240956019986e+01 2.403059535622283960e+01
2.612995023200969058e+01 2.701599766175222683e+01
2.903327803224806303e+01 2.999834998047861490e+01
3.193660586681344427e+01 3.297787167236253225e+01
3.483993371631768099e+01 3.595475931290208393e+01
3.774326153166220621e+01 3.892918980158864883e+01
4.064658933097352644e+01 4.190132281989299656e+01
4.354991714389534962e+01 4.487130302857282516e+01
4.645324494281440764e+01 4.783926177141560743e+01
