0.000000000000000000e+00 0.000000000000000000e+00 0.000000000000000000e+00 0.000000000000000000e+00 0.000000000000000000e+00 0.000000000000000000e+00 0.000000000000000000e+00 0.000000000000000000e+00 0.000000000000000000e+00
0.000000000000000000e+00 4.162107504059926910e+00 4.843056236124010816e+00 4.843056236124010816e+00 4.843056236124010816e+00 4.843056236124010816e+00 4.843056236124010816e+00 4.843056236124010816e+00 4.843056236124010816e+00
0.000000000000000000e+00 6.818602681812361510e+00 8.889548646131400389e+00 9.560395488472714476e+00 9.686112471611492580e+00 9.686112471611492580e+00 9.686112471611492580e+00 9.686112471611492580e+00 9.686112471611492580e+00
0.000000000000000000e+00 8.740554393462538485e+00 1.229774474308969445e+01 1.377379366729038779e+01 1.434329481281662666e+01 1.450433646249345543e+01 1.452916872276573201e+01 1.452916872276573201e+01 1.452916872276573201e+01
0.000000000000000000e+00 1.023568162157191352e+01 1.516472628009453061e+01 1.752431044879924826e+01 1.867163853398468021e+01 1.916129703275355212e+01 1.932801701361190894e+01 1.936725993744947871e+01 1.937222496267826699e+01
0.000000000000000000e+00 1.145451806411717932e+01 1.759951678817769860e+01 2.087072472511145094e+01 2.264745771994481771e+01 2.357068382786759031e+01 2.399594936220357155e+01 2.415775388033243232e+01 2.420492716213514939e+01
0.000000000000000000e+00 1.248096784120034108e+01 1.969548409605167194e+01 2.386274318481938650e+01 2.629354593846048616e+01 2.770292887278565530e+01 2.846836344432254506e+01 2.883942032669791189e+01 2.899236872316209457e+01
0.000000000000000000e+00 1.336623874910855392e+01 2.152481056581742536e+01 2.654605567646909847e+01 2.964086379395864057e+01 3.156084976667356301e+01 3.271515508632654701e+01 3.336210112529121830e+01 3.368809145471173139e+01
0.000000000000000000e+00 1.414373883290326361e+01 2.314169007071239648e+01 2.896286683476947488e+01 3.271867391905999511e+01 3.516056082404516303e+01 3.673017307756911976e+01 3.769699839274402109e+01 3.825159873591915272e+01
0.000000000000000000e+00 1.483640503343314876e+01 2.458676492667740376e+01 3.115082959942188623e+01 3.555367894581600297e+01 3.852161297514003024e+01 4.051996265493094995e+01 4.183328042497107901e+01 4.265627682613354921e+01
0.000000000000000000e+00 1.546063271636324288e+01 2.589081662341613210e+01 3.314248520245531893e+01 3.817048123448478947e+01 4.166320196228600992e+01 4.409655416742676692e+01 4.577148130561207040e+01 4.688895914582835900e+01
0.000000000000000000e+00 1.602852973465401476e+01 2.707748329640102725e+01 3.496539193449252991e+01 4.059176175902439354e+01 4.460320296928904327e+01 4.747363277784224067e+01 4.951820548161077085e+01 5.094625494581670466e+01
0.000000000000000000e+00 1.654928156883928736e+01 2.816518919269454457e+01 3.664264287517379159e+01 4.283823119953463276e+01 4.735815642463269626e+01 5.066479667791529096e+01 5.308279670689620389e+01 5.483081686379573227e+01
0.000000000000000000e+00 1.703001587440248343e+01 2.916850519457536706e+01 3.819351402290722319e+01 4.492856464665177896e+01 4.994342085955512545e+01 5.368292566630506002e+01 5.647548822944140312e+01 5.854858792124719002e+01
0.000000000000000000e+00 1.747637056148257528e+01 3.009911375771240216e+01 3.963410038143536696e+01 4.687941332890141410e+01 5.237327192575936863e+01 5.654005329398453483e+01 5.970647788054889560e+01 6.210704853770502609e+01
0.000000000000000000e+00 1.789287970508202008e+01 3.096650123438380575e+01 4.097788062961061684e+01 4.870549941693444396e+01 5.466093801063829716e+01 5.924741516036455380e+01 6.278553032247280896e+01 6.551419832295803758e+01
0.000000000000000000e+00 1.828324243602080657e+01 3.177846089986305245e+01 4.223619226998561516e+01 5.041976817201283012e+01 5.681860985953376542e+01 6.181552693099160933e+01 6.572185226570017846e+01 6.877801160088478127e+01
