0.000000000000000000e+00 0.000000000000000000e+00
2.969478387986983492e+00 3.088229714753949473e+00
5.938956780541413849e+00 6.170209549178145458e+00
8.908435176415713030e+00 9.246562420434699447e+00
1.187791357551965632e+01 1.231782324850188104e+01
1.484739197687904522e+01 1.538445467374394049e+01
1.781687037881522784e+01 1.844685946533531506e+01
2.078634879481472808e+01 2.150539029040393046e+01
2.375582720708009887e+01 2.456035776363315648e+01
2.672530561367536706e+01 2.761203666302017012e+01
2.969478401779797139e+01 3.066067137484168015e+01
3.266426244778758559e+01 3.370648017792003515e+01
3.563374085103556155e+01 3.674965869889312842e+01
3.860321926269137549e+01 3.979038298367412096e+01
4.157269765709892795e+01 4.282881204078859838e+01
4.454217607518966560e+01 4.586509006627683505e+01
4.751165447004886744e+01 4.889934798697188967e+01
