0.000000000000000000e+00 0.000000000000000000e+00 0.000000000000000000e+00 0.000000000000000000e+00 0.000000000000000000e+00 0.000000000000000000e+00 0.000000000000000000e+00 0.000000000000000000e+00 0.000000000000000000e+00
0.000000000000000000e+00 4.162107488348486761e+00 5.348001481901230925e+00 5.348001481901230925e+00 5.348001481901230925e+00 5.348001481901230925e+00 5.348001481901230925e+00 5.348001481901230925e+00 5.348001481901230925e+00
0.000000000000000000e+00 6.818602659092631413e+00 9.325421527645492148e+00 1.037085779001584385e+01 1.069600297465943761e+01 1.069600297465943761e+01 1.069600297465943761e+01 1.069600297465943761e+01 1.069600297465943761e+01
0.000000000000000000e+00 8.740554368220390558e+00 1.262085443433552712e+01 1.461482047087853786e+01 1.558189099761432139e+01 1.594706396179935837e+01 1.604400446929791713e+01 1.604400446929791713e+01 1.604400446929791713e+01
0.000000000000000000e+00 1.023568157529106770e+01 1.540123480004974255e+01 1.827727237155615825e+01 1.994827038572149647e+01 2.083102412475963305e+01 2.123033265452331264e+01 2.136247497984496846e+01 2.139200595686251205e+01
0.000000000000000000e+00 1.145451801815524107e+01 1.777578052697855071e+01 2.150495043027536468e+01 2.385725582853919491e+01 2.529862397422016329e+01 2.611713637488269768e+01 2.651992001705249891e+01 2.668345626119054970e+01
0.000000000000000000e+00 1.248096779494044029e+01 1.983010032405557865e+01 2.438419374121963656e+01 2.738725863048984976e+01 2.938383221379878663e+01 3.066275728196535511e+01 3.142090950623838452e+01 3.182281822276521055e+01
0.000000000000000000e+00 1.336623870658271329e+01 2.163012096425358166e+01 2.697207943385972584e+01 3.060259512585255237e+01 3.313638577579706634e+01 3.488078393817621503e+01 3.603129700793765267e+01 3.673951144944116720e+01
0.000000000000000000e+00 1.414373879272783263e+01 2.322588304331607034e+01 2.931183355931324286e+01 3.355105116303704449e+01 3.660241481755863902e+01 3.880319357143586956e+01 4.035523794518807961e+01 4.140359345649351752e+01
0.000000000000000000e+00 1.483640499631952636e+01 2.465537058668600068e+01 3.143867059268607278e+01 3.626831765484163128e+01 3.982018020214800913e+01 4.246387985103649498e+01 4.441340242149611583e+01 4.581370589264068371e+01
0.000000000000000000e+00 1.546063271086331703e+01 2.594765576212307323e+01 3.338202364493587027e+01 3.878227814406519514e+01 4.282031236578282574e+01 4.589323270890266571e+01 4.823093298835654252e+01 4.998299046207407059e+01
0.000000000000000000e+00 1.602852972619416150e+01 2.712525822359765115e+01 3.516663763156677902e+01 4.111580382364390829e+01 4.562729119726616744e+01 4.911701322579231999e+01 5.183217319308291593e+01 5.393006839583919287e+01
0.000000000000000000e+00 1.654928155670381429e+01 2.820585392439132733e+01 3.681332476166996770e+01 4.328833525482836819e+01 4.826101866016794872e+01 5.215666248325498344e+01 5.523883162016575454e+01 5.767440108195579285e+01
0.000000000000000000e+00 1.703001577235604813e+01 2.920350162819647721e+01 3.833959363704919099e+01 4.531674177146605587e+01 5.073809358837361572e+01 5.503000839629660845e+01 5.846963929258234316e+01 6.123424373814661692e+01
0.000000000000000000e+00 1.747637046453778709e+01 3.012952609034020668e+01 3.976019522928500294e+01 4.721580867542868987e+01 5.307272322663986586e+01 5.775200468475287607e+01 6.154057494845832821e+01 6.462592511666994710e+01
0.000000000000000000e+00 1.789287960869209826e+01 3.099315846006105346e+01 4.108759128142516914e+01 4.899854741826161586e+01 5.527733001255255374e+01 6.033537655893212559e+01 6.446526221404027979e+01 6.786374372083000139e+01
0.000000000000000000e+00 1.828324233411147048e+01 3.180200652743184619e+01 4.233234948767926653e+01 5.067642481734384319e+01 5.736294172449082396e+01 6.279113601310292836e+01 6.725538247801731018e+01 7.096012144019394441e+01
