0.000000000000000000e+00 0.000000000000000000e+00
3.593891967444043711e+00 3.712425388649254643e+00
7.187783938577151588e+00 7.418884958093808990e+00
1.078167591347604315e+01 1.111994910330721353e+01
1.437556789055688888e+01 1.481611068397941366e+01
1.796945987115078225e+01 1.850779842741841463e+01
2.156335185293880485e+01 2.219538746851278788e+01
2.515724383731098968e+01 2.587920793710944167e+01
2.875113582663350087e+01 2.955955176625578673e+01
3.234502781938033422e+01 3.323667839949848712e+01
3.593891981171393724e+01 3.691081939460479333e+01
3.953281180496116320e+01 4.058218224467007929e+01
4.312670378227956292e+01 4.425095365060693098e+01
4.672059576148130589e+01 4.791730206047584062e+01
5.031448775066552059e+01 5.158138025154345030e+01
5.390837975383797698e+01 5.524332680310122612e+01
5.750227175949325442e+01 5.890326805533851484e+01
