0.000000000000000000e+00 0.000000000000000000e+00
2.796094787111609747e+00 2.914847206839446869e+00
5.592189575971945992e+00 5.823366306599607967e+00
8.388284371340809287e+00 8.726195119618584073e+00
1.118437916914639629e+01 1.162388044613361160e+01
1.398047396972986434e+01 1.451689443024773141e+01
1.677656877396093904e+01 1.740564754355720112e+01
1.957266357596390804e+01 2.029049874545935950e+01
2.236875837601404982e+01 2.317176378843730689e+01
2.516485317808255218e+01 2.604972167529073346e+01
2.796094798081314536e+01 2.892462036208660692e+01
3.075704279650503992e+01 3.179668095137624562e+01
3.355313762811290701e+01 3.466610156068273341e+01
3.634923242327050730e+01 3.753306034174285344e+01
3.914532721417627670e+01 4.039771807295397821e+01
4.194142200545825716e+01 4.326022020985753613e+01
4.473751679958942873e+01 4.612069899797450745e+01
