0.000000000000000000e+00 0.000000000000000000e+00
3.619545188452969242e+00 3.738066250381610445e+00
7.239090380514634049e+00 7.470178030538053626e+00
1.085863557618443664e+01 1.119690368009978165e+01
1.447818077410990512e+01 1.491873439938215640e+01
1.809772597611758016e+01 1.863609755331963669e+01
2.171727117846394606e+01 2.234936719799567584e+01
2.533681638369273870e+01 2.605887256148017173e+01
2.895636159775924057e+01 2.976490483372415241e+01
3.257590681693292822e+01 3.346772281380707170e+01
3.619545203181537829e+01 3.716755761431333838e+01
3.981499724013497854e+01 4.086461623652081698e+01
4.343454244841443312e+01 4.455908499207141915e+01
4.705408764901607555e+01 4.825113214544433049e+01
5.067363287453864018e+01 5.194091008556881661e+01
5.429317807132912321e+01 5.562855725277330521e+01
5.791272330005969593e+01 5.931419980645540591e+01
