0.000000000000000000e+00 0.000000000000000000e+00
2.817242010540424779e+00 2.935996103536681279e+00
5.634484020780247349e+00 5.865673578379493769e+00
8.451726038834866728e+00 8.789668432303663792e+00
1.126896805967940374e+01 1.170852600195458670e+01
1.408621008312757361e+01 1.462271729698840339e+01
1.690345211014378179e+01 1.753265184449916703e+01
1.972069414110005781e+01 2.043868784530014437e+01
2.253793615991540378e+01 2.334114038421354920e+01
2.535517818548446201e+01 2.624028804167443241e+01
2.817242020897743515e+01 2.913637829034897919e+01
3.098966226891444720e+01 3.202963188796283589e+01
3.380690432217629393e+01 3.492024664847389914e+01
3.662414635971857990e+01 3.780840046375772090e+01
3.944138839442046418e+01 4.069425390482824412e+01
4.225863042829758598e+01 4.357795234000037965e+01
4.507587246066543685e+01 4.645962778142614269e+01
