0.000000000000000000e+00 0.000000000000000000e+00
2.991824414033723123e+00 3.110573606984244677e+00
5.983648832475171986e+00 6.214907439794202126e+00
8.975473254366223230e+00 9.313622501719496682e+00
1.196729767961942059e+01 1.240725218667674312e+01
1.495912210735703241e+01 1.549625792558688175e+01
1.795094653455336342e+01 1.858104148923612087e+01
2.094277097822737232e+01 2.166195473193149468e+01
2.393459542563005726e+01 2.473930761401869205e+01
2.692641985892413459e+01 2.781337436594540691e+01
2.991824429188368129e+01 3.088439887790973870e+01
3.291006874964239159e+01 3.395259905132807887e+01
3.590189316911299500e+01 3.701817022360265241e+01
3.889371760236742404e+01 4.008128821872261938e+01
4.188554202890072986e+01 4.314211183601393174e+01
4.487736647057411687e+01 4.620078495590146872e+01
4.786919089919058479e+01 4.925743842311599963e+01
