0.000000000000000000e+00 0.000000000000000000e+00
3.295088437180688334e+00 3.413763418896254453e+00
6.590176877400162780e+00 6.821424987356992098e+00
9.885265320973061876e+00 1.022357995326180813e+01
1.318035376827990746e+01 1.362074114699478500e+01
1.647544221672302456e+01 1.701335340274761876e+01
1.977053066761702382e+01 2.040180501552356418e+01
2.306561912115871849e+01 2.378643687708812138e+01
2.636070757587356184e+01 2.716754984377616466e+01
2.965579602621892974e+01 3.054541072700554594e+01
3.295088450706254690e+01 3.392025724089208438e+01
3.624597296014762549e+01 3.729230208350460174e+01
3.954106140804482550e+01 4.066173618154368796e+01
4.283614987482557979e+01 4.402873170965271754e+01
4.613123835953133067e+01 4.739344444824718039e+01
4.942632680540053514e+01 5.075601570561349263e+01
5.272141525287443642e+01 5.411657403464973015e+01
