0.000000000000000000e+00 0.000000000000000000e+00
2.838541545878306316e+00 2.957296825086455527e+00
5.677083094745134062e+00 5.908284594148216939e+00
8.515624647973726979e+00 8.853597477986966169e+00
1.135416620383321273e+01 1.179377935487694629e+01
1.419270776238953857e+01 1.472930007102418593e+01
1.703124932463791907e+01 1.766056820244443770e+01
1.986979088409064786e+01 2.058794118592054190e+01
2.270833244199332412e+01 2.351173351347989637e+01
2.554687400300245770e+01 2.643222319974878687e+01
2.838541559236330869e+01 2.934965724303322077e+01
3.122395715066597432e+01 3.226425612453111569e+01
3.406249874215083651e+01 3.517621734520675147e+01
3.690104033801244299e+01 3.808571849221199557e+01
3.973958189346157610e+01 4.099291998254359726e+01
4.257812344520898762e+01 4.389796690572980253e+01
4.541666501883619844e+01 4.680099130209010383e+01
