0.000000000000000000e+00 0.000000000000000000e+00
3.568414408975885355e+00 3.686962879375916824e+00
7.136828821441347337e+00 7.367948282109280100e+00
1.070524323777794606e+01 1.104352871882451126e+01
1.427365765642772288e+01 1.471419873079631202e+01
1.784207207786008098e+01 1.838038843320429194e+01
2.141048650138607101e+01 2.204247406315104740e+01
2.497890092768942338e+01 2.570078667120384708e+01
2.854731535224308914e+01 2.935561898597878994e+01
3.211572976615463659e+01 3.300723106090380554e+01
3.568414418566017332e+01 3.665585495108858538e+01
3.925255860693714993e+01 4.030169863901492988e+01
4.282097302949399875e+01 4.394494914022382659e+01
4.638938745301419431e+01 4.758577530594048710e+01
4.995780191740340115e+01 5.122433006806100764e+01
5.352621635940818834e+01 5.486075234695094593e+01
5.709463080717797112e+01 5.849516871088317060e+01
