0.000000000000000000e+00 0.000000000000000000e+00
3.082655503035255151e+00 3.201391278257989192e+00
6.165311010340323250e+00 6.396583933959210100e+00
9.247966521383267136e+00 9.586191225796451221e+00
1.233062203586786509e+01 1.277074036644099131e+01
1.541327755262800103e+01 1.595068781102339273e+01
1.849593306961776662e+01 1.912643131712826516e+01
2.157858858704785732e+01 2.229831944810796784e+01
2.466124410750901319e+01 2.546665937202877217e+01
2.774389962343271776e+01 2.863172319592658965e+01
3.082655517058667982e+01 3.179375294529237905e+01
3.390921070995833020e+01 3.495296497462565100e+01
3.699186623862324552e+01 3.810955326399611920e+01
4.007452175970379926e+01 4.126369259637121445e+01
4.315717730894926518e+01 4.441554086425514924e+01
4.623983282295426989e+01 4.756524120881286422e+01
4.932248833546638167e+01 5.071292373270098608e+01
