0.000000000000000000e+00 0.000000000000000000e+00
3.036952985991385745e+00 3.155696455989454474e+00
6.073905976300594034e+00 6.305173569108577070e+00
9.110858970214627206e+00 9.449048484383324009e+00
1.214781196747753000e+01 1.258785154175954801e+01
1.518476496760766814e+01 1.572204168661771462e+01
1.822171796717843506e+01 1.885201866359431833e+01
2.125867096838009473e+01 2.197813275705115998e+01
2.429562397079218528e+01 2.510069251179342587e+01
2.733257697130558128e+01 2.821997107635139912e+01
3.036952998918422963e+01 3.133621145018431520e+01
3.340648302098899336e+01 3.444963076883419006e+01
3.644343602314567931e+01 3.756042367213825628e+01
3.948038902478944578e+01 4.066876546590832220e+01
4.251734203094311226e+01 4.377481452299999631e+01
4.555429501805541292e+01 4.687871432869322064e+01
4.859124802318094538e+01 4.998059545186948327e+01
