0.000000000000000000e+00 0.000000000000000000e+00
3.270994460434723194e+00 3.389679916691466843e+00
6.541988925392000276e+00 6.773246782365209384e+00
9.812983393857654946e+00 1.015129790619756989e+01
1.308397786611326907e+01 1.352434777367696483e+01
1.635497233887439350e+01 1.689284255372387378e+01
1.962596681433407753e+01 2.025717162420600204e+01
2.289696128998966884e+01 2.361767680248738088e+01
2.616795576813561297e+01 2.697465961423249325e+01
2.943895024242875280e+01 3.032838748056026645e+01
3.270994474571705268e+01 3.367909864401210029e+01
3.598093925548008087e+01 3.702700620505500240e+01
3.925193372766006661e+01 4.037230149031982762e+01
4.252292819699097493e+01 4.371515695867910978e+01
4.579392267581986431e+01 4.705572863705948805e+01
4.906491715478712479e+01 5.039415800496733766e+01
5.233591162694853693e+01 5.373057385017932575e+01
