0.000000000000000000e+00 0.000000000000000000e+00
3.619545188500929989e+00 3.738066250654983769e+00
7.239090380475178499e+00 7.470178030863852570e+00
1.085863557634569787e+01 1.119690367315160096e+01
1.447818077397094072e+01 1.491873438094792981e+01
1.809772597549045869e+01 1.863609753124600843e+01
2.171727117745666646e+01 2.234936717988561838e+01
2.533681638281033344e+01 2.605887255017092841e+01
2.895636159734096893e+01 2.976490481510615282e+01
3.257590681877231731e+01 3.346772279544576634e+01
3.619545203717464688e+01 3.716755757124363413e+01
3.981499725398974476e+01 4.086461624105052692e+01
4.343454245518090318e+01 4.455908501087267837e+01
4.705408769744440178e+01 4.825113219037763201e+01
5.067363289796841741e+01 5.194091013046172378e+01
5.429317813500752266e+01 5.562855729624867962e+01
5.791272336616714256e+01 5.931419987535151961e+01
