0.000000000000000000e+00 0.000000000000000000e+00
3.199362311681592352e+00 3.318070546174303193e+00
6.398724627132546416e+00 6.629995443524768994e+00
9.598086946039543932e+00 9.936378046571316958e+00
1.279744926855739706e+01 1.323773769729894667e+01
1.599681159164332556e+01 1.653452442444966408e+01
1.919617391746746193e+01 1.982713081377951880e+01
2.239553624244881291e+01 2.311590126651156396e+01
2.559489857242414246e+01 2.640113942066778918e+01
2.879426088548091656e+01 2.968311452036252618e+01
3.199362323614516868e+01 3.296206623198877850e+01
3.519298556183971272e+01 3.623820887789338485e+01
3.839234789242674140e+01 3.951173484281370918e+01
4.159171021221558817e+01 4.278281745893244192e+01
4.479107253476200867e+01 4.605161338019836137e+01
4.799043485630789263e+01 4.931826486808606091e+01
5.118979717835584609e+01 5.258290116087954402e+01
