0.000000000000000000e+00 0.000000000000000000e+00
2.903327791873629327e+00 3.022082756594124398e+00
5.806655586749588593e+00 6.037885750312703692e+00
8.709983386570318231e+00 9.048037572811647777e+00
1.161331118939782492e+01 1.205307765516326590e+01
1.451663899459332185e+01 1.505347226790140525e+01
1.741996680146533549e+01 1.804962712000339664e+01
2.032329460836053414e+01 2.104189728084862310e+01
2.322662241266801431e+01 2.403059531731202725e+01
2.612995022234043319e+01 2.701599765630984962e+01
2.903327802215657982e+01 2.999834998969800637e+01
3.193660585608152758e+01 3.297787168341734798e+01
3.483993365032061007e+01 3.595475931557939475e+01
3.774326146398465909e+01 3.892918980203755552e+01
4.064658926443422615e+01 4.190132280047217250e+01
4.354991706307257004e+01 4.487130300994229515e+01
4.645324486510259021e+01 4.783926179784710087e+01
