0.000000000000000000e+00 0.000000000000000000e+00
3.199362311007908133e+00 3.318070546026110179e+00
6.398724626380363212e+00 6.629995443359742779e+00
9.598086945509487933e+00 9.936378046371896033e+00
1.279744926789193293e+01 1.323773767536316015e+01
1.599681159203991854e+01 1.653452440422770664e+01
1.919617391814116303e+01 1.982713079299752934e+01
2.239553624295832535e+01 2.311590121228543637e+01
2.559489857245471711e+01 2.640113940918277535e+01
2.879426092380060709e+01 2.968311449363207188e+01
3.199362325478179869e+01 3.296206621844459050e+01
3.519298557833424468e+01 3.623820886546385367e+01
3.839234791111974943e+01 3.951173481038021151e+01
4.159171028016619687e+01 4.278281741435481678e+01
4.479107263871780731e+01 4.605161335261091438e+01
4.799043495312683660e+01 4.931826482706554771e+01
5.118979727503823085e+01 5.258290107361501953e+01
