0.000000000000000000e+00 0.000000000000000000e+00
3.319348789698841173e+00 3.438014632382791369e+00
6.638697583884431097e+00 6.869938467810777993e+00
9.958046381942406100e+00 1.029636472175650219e+01
1.327739518309575217e+01 1.371780457981173740e+01
1.659674398498815862e+01 1.713470156558850022e+01
1.991609278924288873e+01 2.054744289184983330e+01
2.323544159519827090e+01 2.395636861979656373e+01
2.655479039997516111e+01 2.736177885090231854e+01
2.987413919773456783e+01 3.076393973485540556e+01
3.319348803324042052e+01 3.416308854352399749e+01
3.651283685037447668e+01 3.755943753731315837e+01
3.983218565984553550e+01 4.095317733343323141e+01
4.315153450371214205e+01 4.434447976772615618e+01
4.647088332188375404e+01 4.773350041597928595e+01
4.979023211440689067e+01 5.112038031139106664e+01
5.310958092928704843e+01 5.450524786586773018e+01
