0.000000000000000000e+00 0.000000000000000000e+00
2.632470431258059573e+00 2.751193446143030741e+00
5.264940863776329749e+00 5.495985826432226773e+00
7.897411302760744434e+00 8.235029060153683744e+00
1.052988174432478452e+01 1.096888114066458897e+01
1.316235218813801211e+01 1.369802321868969841e+01
1.579482263295034805e+01 1.642287297222824805e+01
1.842729308846946523e+01 1.914379526751637073e+01
2.105976353622835973e+01 2.186111062436581420e+01
2.369223398227728694e+01 2.457510205993211372e+01
2.632470442944875444e+01 2.728602071772651527e+01
2.895717489802960998e+01 2.999409049586060760e+01
3.158964533563041499e+01 3.269951173571244141e+01
3.422211581104090072e+01 3.540246451548859596e+01
3.685458626316407305e+01 3.810311112622534324e+01
3.948705672447305659e+01 4.080159849563260366e+01
4.211952718931848239e+01 4.349805986130394331e+01
