0.000000000000000000e+00 0.000000000000000000e+00 0.000000000000000000e+00 0.000000000000000000e+00 0.000000000000000000e+00 0.000000000000000000e+00 0.000000000000000000e+00 0.000000000000000000e+00 0.000000000000000000e+00
0.000000000000000000e+00 4.162107504977101691e+00 6.450030152761301316e+00 6.450030152761301316e+00 6.450030152761301316e+00 6.450030152761301316e+00 6.450030152761301316e+00 6.450030152761301316e+00 6.450030152761301316e+00
0.000000000000000000e+00 6.818602685321027757e+00 1.031971151761763750e+01 1.197424125744682932e+01 1.290006032282934711e+01 1.290006032282934711e+01 1.290006032282934711e+01 1.290006032282934711e+01 1.290006032282934711e+01
0.000000000000000000e+00 8.740554400217023456e+00 1.338828558354748033e+01 1.627503031644114628e+01 1.811319367790476065e+01 1.893954604463197100e+01 1.935009047983480102e+01 1.935009047983480102e+01 1.935009047983480102e+01
0.000000000000000000e+00 1.023568160949979777e+01 1.598011515349667988e+01 1.980560515172431835e+01 2.246969120339237946e+01 2.414561258360959783e+01 2.518019993930123945e+01 2.561219521488278161e+01 2.580012063311489356e+01
0.000000000000000000e+00 1.145451805257522970e+01 1.821661504867514125e+01 2.283938098294866492e+01 2.623082311044461079e+01 2.864240026636419145e+01 3.032451681517768804e+01 3.134500795499349124e+01 3.193501192762163754e+01
0.000000000000000000e+00 1.248096783059718007e+01 2.017205776649100812e+01 2.552071434170103714e+01 2.955643094644918278e+01 3.260450193701630894e+01 3.488779036121340482e+01 3.649512532051811320e+01 3.757902359667453140e+01
0.000000000000000000e+00 1.336623874660977052e+01 2.190071142563193263e+01 2.793021396504035536e+01 3.254944139902399769e+01 3.616061569429378153e+01 3.898659623956899622e+01 4.113440743832128277e+01 4.271926788300551436e+01
0.000000000000000000e+00 1.414373883636140050e+01 2.344407650295251599e+01 3.011794962023946809e+01 3.527836080154204268e+01 3.939853390220493168e+01 4.271512757344399347e+01 4.535226113299782469e+01 4.741058520265274012e+01
0.000000000000000000e+00 1.483640503677869305e+01 2.483433909159240827e+01 3.211863856279967422e+01 3.779013287461598480e+01 4.237899392244876395e+01 4.614388378759301190e+01 4.922516432857111113e+01 5.172067322535994549e+01
0.000000000000000000e+00 1.546063275912233692e+01 2.609669109825098587e+01 3.395850884238274858e+01 4.011807570737546769e+01 4.514532549729081268e+01 4.932492517222659956e+01 5.281297229989408493e+01 5.571059906988688226e+01
0.000000000000000000e+00 1.602852977466081441e+01 2.725103731241076233e+01 3.565850327801686603e+01 4.228683839199099737e+01 4.772938241350409072e+01 5.229706447579695805e+01 5.616158493387463579e+01 5.943053227836687569e+01
0.000000000000000000e+00 1.654928160475786569e+01 2.831326523322459110e+01 3.723588961089934912e+01 4.431546444935361251e+01 5.015523366154837959e+01 5.508975781256207682e+01 5.930628684752269919e+01 6.292047063209427904e+01
0.000000000000000000e+00 1.703001581978717738e+01 2.929618919698787849e+01 3.870516416913651625e+01 4.621926321254315440e+01 5.244154879419672000e+01 5.772580935957263648e+01 6.227450315920418689e+01 6.621212609468325638e+01
0.000000000000000000e+00 1.747637051655701512e+01 3.021025190904743596e+01 4.007862593997080580e+01 4.801095016311847985e+01 5.460318754669351904e+01 6.022322085115665402e+01 6.508785643811741295e+01 6.933076096885470463e+01
0.000000000000000000e+00 1.789287965400081504e+01 3.106404845326360586e+01 4.136678239669019064e+01 4.970134833588568313e+01 5.665227894414917387e+01 6.259647035055841258e+01 6.776365451188355848e+01 7.229668523603477581e+01
0.000000000000000000e+00 1.828324236886364673e+01 3.186472031447048892e+01 4.257865747979704452e+01 5.129983034227259964e+01 5.859896001744812821e+01 6.485741103079999448e+01 7.031596146515865087e+01 7.512640690530645315e+01
