0.000000000000000000e+00 0.000000000000000000e+00
2.859992686564392539e+00 2.978748678417723283e+00
5.719985374994853267e+00 5.951197949067141835e+00
8.579978069610382008e+00 8.917980136661931567e+00
1.143997076683373137e+01 1.187963764725795102e+01
1.429996346716942845e+01 1.483663918021304973e+01
1.715995617040559296e+01 1.778939231530766563e+01
2.001994888712952303e+01 2.073825375427500717e+01
2.287994158651520138e+01 2.368353730862775564e+01
2.573993429016866941e+01 2.662552047679194089e+01
2.859992697811219386e+01 2.956444987191781948e+01
3.145991968838431774e+01 3.250054560285980187e+01
3.431991242373334927e+01 3.543400480343137815e+01
3.717990512215836674e+01 3.836500491387486278e+01
4.003989786911933635e+01 4.129370605904318126e+01
4.289989056235089038e+01 4.422025323360261950e+01
4.575988330616530675e+01 4.714477821568905824e+01
