0.000000000000000000e+00 0.000000000000000000e+00
2.692664431256478252e+00 2.811401649124225965e+00
5.385328862567721586e+00 5.616428989224321988e+00
8.077993301776176693e+00 8.415728746515515724e+00
1.077065774347292404e+01 1.120985479729112555e+01
1.346332218738938025e+01 1.399928496583018322e+01
1.615598663273454605e+01 1.678443429786018015e+01
1.884865108181779547e+01 1.956566546898662295e+01
2.154131552657889159e+01 2.234329726499379376e+01
2.423397997315776564e+01 2.511761127218792922e+01
2.692664442046382334e+01 2.788885741566596721e+01
2.961930889550368917e+01 3.065725855465615268e+01
3.231197337784306711e+01 3.342301427807525727e+01
3.500463785952836560e+01 3.618630387765913525e+01
3.769730230279374439e+01 3.894728915388793666e+01
4.038996674437727563e+01 4.170611647940929601e+01
4.308263121240965177e+01 4.446291875135786853e+01
