0.000000000000000000e+00 0.000000000000000000e+00
2.754259801754898707e+00 2.873007489854885410e+00
5.508519603576597312e+00 5.739668146734820731e+00
8.262779413448916088e+00 8.600623391762777459e+00
1.101703922572159655e+01 1.145642286824341305e+01
1.377129904046316788e+01 1.430754105709302770e+01
1.652555885812035186e+01 1.715439025388151606e+01
1.927981867563542195e+01 1.999733094271308786e+01
2.203407848903079724e+01 2.283668010095142265e+01
2.478833829414748635e+01 2.567271778597273624e+01
2.754259811345597697e+01 2.850569269072375533e+01
3.029685796219649063e+01 3.133582668255860781e+01
3.305111782134977716e+01 3.416331849984545954e+01
3.580537764058327355e+01 3.698834669782151963e+01
3.855963747458887525e+01 3.981107248770751994e+01
4.131389735086052895e+01 4.263164171851303763e+01
4.406815716808598893e+01 4.545018686066377711e+01
