0.000000000000000000e+00 0.000000000000000000e+00
2.991824414777001451e+00 3.110573607204652813e+00
5.983648833289006319e+00 6.214907440696178398e+00
8.975473255274600604e+00 9.313622497831012481e+00
1.196729768065083732e+01 1.240725219660704148e+01
1.495912210813650489e+01 1.549625793512791816e+01
1.795094653544192909e+01 1.858104149849846465e+01
2.094277097067769233e+01 2.166195474197048298e+01
2.393459539839290073e+01 2.473930761346437635e+01
2.692641983897746627e+01 2.781337436556074749e+01
2.991824429500174887e+01 3.088439888703583591e+01
3.291006875271602183e+01 3.395259905693461633e+01
3.590189317215764930e+01 3.701817022903308896e+01
3.889371759498123993e+01 4.008128822149977566e+01
4.188554201817069611e+01 4.314211181281994811e+01
4.487736643912427326e+01 4.620078492123711555e+01
4.786919089070910616e+01 4.925743837332270658e+01
