0.000000000000000000e+00 0.000000000000000000e+00
3.223080993581061371e+00 3.341780858109243191e+00
6.446161991637734623e+00 6.677427014131962935e+00
9.669242993305569911e+00 1.000753979336396426e+01
1.289232399866767409e+01 1.333263689826013731e+01
1.611540500444132107e+01 1.665316708661284650e+01
1.933848601284075386e+01 1.996952185050424333e+01
2.256156702051556806e+01 2.328204469525516629e+01
2.578464803295993946e+01 2.659103862606148283e+01
2.900772903062778596e+01 2.989677227087801015e+01
3.223081005332080196e+01 3.319948473918306320e+01
3.545389105226570337e+01 3.649938999009579277e+01
3.867697209546382453e+01 3.979668004531675507e+01
4.190005310830350993e+01 4.309152793897848710e+01
4.512313414734020967e+01 4.638409012434711087e+01
4.834621518268430407e+01 4.967450860318136563e+01
5.156929618742978505e+01 5.296291244457722058e+01
