0.000000000000000000e+00 0.000000000000000000e+00
3.619545188485747467e+00 3.738066250374993071e+00
7.239090380477248843e+00 7.470178030575089778e+00
1.085863557654265321e+01 1.119690366805569681e+01
1.447818077493862354e+01 1.491873437691477733e+01
1.809772597643673464e+01 1.863609752660262942e+01
2.171727117965280485e+01 2.234936717238904436e+01
2.533681638505463951e+01 2.605887251085105660e+01
2.895636158843741725e+01 2.976490477615361385e+01
3.257590678947477869e+01 3.346772278405018142e+01
3.619545198319981694e+01 3.716755754974558101e+01
3.981499721140883707e+01 4.086461619727703010e+01
4.343454240234829911e+01 4.455908500031402752e+01
4.705408760270994151e+01 4.825113213494756792e+01
5.067363280328659414e+01 5.194091007456906084e+01
5.429317805391669083e+01 5.562855717360504570e+01
5.791272324241094793e+01 5.931419974738334844e+01
