0.000000000000000000e+00 0.000000000000000000e+00
3.774914125329120296e+00 3.893336900329404049e+00
7.549828254186008891e+00 7.780789711026862676e+00
1.132474238688542201e+01 1.166291411691017288e+01
1.509965652235798572e+01 1.554019114768490084e+01
1.887457066168471442e+01 1.941303991806498175e+01
2.264948480325769609e+01 2.328182772607476281e+01
2.642439895769149771e+01 2.714687821317220795e+01
3.019931309502788963e+01 3.100847799322794174e+01
3.397422722017955010e+01 3.486688203784800066e+01
3.774914138308579936e+01 3.872231823980455090e+01
4.152405552979126924e+01 4.257499101719498924e+01
4.529896966469073050e+01 4.642508435221652974e+01
4.907388381727112403e+01 5.027276461034980315e+01
5.284879795513162293e+01 5.411818248014858312e+01
5.662371211863940346e+01 5.796147517630267032e+01
6.039862629354649926e+01 6.180276761207950642e+01
