0.000000000000000000e+00 0.000000000000000000e+00
2.838541545125154997e+00 2.957296825035811594e+00
5.677083092208697224e+00 5.908284593780485316e+00
8.515624645473646837e+00 8.853597477421565998e+00
1.135416620127905318e+01 1.179377935420869150e+01
1.419270775981904009e+01 1.472930008554051895e+01
1.703124932178172202e+01 1.766056821066218419e+01
1.986979088042905772e+01 2.058794119991294025e+01
2.270833244615267787e+01 2.351173351573881831e+01
2.554687400940856179e+01 2.643222318144615457e+01
2.838541556537388999e+01 2.934965722565363677e+01
3.122395711393251361e+01 3.226425608820477464e+01
3.406249870582274752e+01 3.517621727359519213e+01
3.690104030179128358e+01 3.808571843877120955e+01
3.973958185421038536e+01 4.099291989424393989e+01
4.257812343012455614e+01 4.389796684071882993e+01
4.541666502371401748e+01 4.680099123747351086e+01
