0.000000000000000000e+00 0.000000000000000000e+00
2.881594694239294263e+00 3.000350911670254916e+00
5.763189388728349627e+00 5.994412143676660421e+00
8.644784091038808072e+00 8.982814162551857606e+00
1.152637879611983784e+01 1.196609790691580955e+01
1.440797350380058006e+01 1.494473088460603982e+01
1.728956821408777600e+01 1.791911971233437129e+01
2.017116293827617568e+01 2.088962029934952014e+01
2.305275764499058866e+01 2.385654583546158136e+01
2.593435235969825925e+01 2.682017333789198688e+01
2.881594706105916259e+01 2.978074891837436411e+01
3.169754180010072275e+01 3.273849231655860592e+01
3.457913654705640738e+01 3.569360039877661706e+01
3.746073126437330814e+01 3.864625030920282711e+01
4.034232596962453954e+01 4.159660197222441980e+01
4.322392068245030572e+01 4.454480019921000178e+01
4.610551542104608558e+01 4.749097668962382102e+01
