0.000000000000000000e+00 0.000000000000000000e+00
3.175756072994670554e+00 3.294471212339023403e+00
6.351512150370405507e+00 6.582786001549831845e+00
9.527268231399403930e+00 9.865549734029233520e+00
1.270302431601019677e+01 1.314328345276553733e+01
1.587878040189650974e+01 1.641643826621089630e+01
1.905453648947463918e+01 1.968540790752111747e+01
2.223029256783249963e+01 2.295053759186862408e+01
2.540604865899562981e+01 2.621213178619415274e+01
2.858180473957671097e+01 2.947046025521674650e+01
3.175756085109936322e+01 3.272576315637934385e+01
3.493331692517710252e+01 3.597825516439891658e+01
3.810907301509242018e+01 3.922812905517853466e+01
4.128482912614376943e+01 4.247555844487584409e+01
4.446058520679196135e+01 4.572070023582271858e+01
4.763634129126743488e+01 4.896369676024654893e+01
5.081209737501389156e+01 5.220467754465294519e+01
