0.000000000000000000e+00 0.000000000000000000e+00
3.247005052723044294e+00 3.365699451134111619e+00
6.494010109883539883e+00 6.725274827877402828e+00
9.741015170633028575e+00 1.007932547786633748e+01
1.298802023471288436e+01 1.342836751119116023e+01
1.623502529964135732e+01 1.677284842024227274e+01
1.948203036736656202e+01 2.011315865013459359e+01
2.272903543494297551e+01 2.344964086521618896e+01
2.597604050649886531e+01 2.678259736503461141e+01
2.922304557387679580e+01 3.011229620439411647e+01
3.247005066864825551e+01 3.343897605951620733e+01
3.571705576065922116e+01 3.676285038688952511e+01
3.896406082226927481e+01 4.008411095907311505e+01
4.221106588339197430e+01 4.340293047306572305e+01
4.545807099089681458e+01 4.671946521606848535e+01
4.870507605293848030e+01 5.003385691379908451e+01
5.195208115224343715e+01 5.334623441169001268e+01
