0.000000000000000000e+00 0.000000000000000000e+00
3.036952987258537462e+00 3.155696457112985964e+00
6.073905977553663682e+00 6.305173570820033824e+00
9.110858971661606631e+00 9.449048487451062073e+00
1.214781196897753546e+01 1.258785154220773705e+01
1.518476496873235604e+01 1.572204168710988270e+01
1.822171796798052412e+01 1.885201866026034168e+01
2.125867096935012057e+01 2.197813274432075303e+01
2.429562397156264453e+01 2.510069248914075501e+01
2.733257696740362874e+01 2.821997103571665377e+01
3.036952998663917924e+01 3.133621141112915609e+01
3.340648301839836165e+01 3.444963068556619135e+01
3.644343601933918819e+01 3.756042360629606947e+01
3.948038901567052505e+01 4.066876542653494653e+01
4.251734200826270182e+01 4.377481445243456903e+01
4.555429500121481823e+01 4.687871433322931125e+01
4.859124801431194385e+01 4.998059542716400472e+01
