0.000000000000000000e+00 0.000000000000000000e+00
3.568414409011768651e+00 3.686962879210603727e+00
7.136828821521721267e+00 7.367948281975525759e+00
1.070524323741524420e+01 1.104352871276330816e+01
1.427365765611781967e+01 1.471419873385729638e+01
1.784207207723947874e+01 1.838038842580851195e+01
2.141048650034244361e+01 2.204247405602783161e+01
2.497890092622416702e+01 2.570078664744861641e+01
2.854731534917197777e+01 2.935561893091251662e+01
3.211572977121110739e+01 3.300723097584832288e+01
3.568414419612836497e+01 3.665585483949892875e+01
3.925255864221152535e+01 4.030169850237291485e+01
4.282097308467115226e+01 4.394494900819829297e+01
4.638938754421573663e+01 4.758577516671347496e+01
4.995780196328719569e+01 5.122432995705793957e+01
5.352621640113825663e+01 5.486075223945377388e+01
5.709463084785195974e+01 5.849516852086080831e+01
