0.000000000000000000e+00 0.000000000000000000e+00
3.105718128334237882e+00 3.224449276033958700e+00
6.211436260385339914e+00 6.442710401924053976e+00
9.317154396224527346e+00 9.655394664570303931e+00
1.242287253563024585e+01 1.286302772675942308e+01
1.552859067671600002e+01 1.606606476362721025e+01
1.863430881759059332e+01 1.926490249482250761e+01
2.174002696167730164e+01 2.245988869001823218e+01
2.484574510665271418e+01 2.565132982899958947e+01
2.795146327211805115e+01 2.883949742952056994e+01
3.105718144119710189e+01 3.202463304634265739e+01
3.416289959604084459e+01 3.520695262278778159e+01
3.726861774898431179e+01 3.838664984407585479e+01
4.037433588895647318e+01 4.156389919599433824e+01
4.348005406355501634e+01 4.473885836863301790e+01
4.658577225104200892e+01 4.791167027481819218e+01
4.969149043422045509e+01 5.108246485789251068e+01
