2.963402826642104628e+02
3.079510422943478716e+02
3.093227910328685653e+02
3.100322149945515093e+02
3.124522124590280328e+02
3.132426667830958991e+02
3.138803979285517585e+02
3.144741298705919235e+02
3.178110735291665492e+02
3.316055375202724349e+02
3.359871354634173599e+02
3.379331510480356542e+02
3.431608567288274116e+02
3.483626703790523607e+02
3.525796454359949621e+02
3.531129472499438862e+02
3.548250770733764057e+02
3.471436144784119051e+02
3.268264109036155105e+02
3.352040209896931628e+02
3.293881413175382704e+02
3.438191163746076882e+02
3.459677005343363021e+02
3.486721393907174047e+02
3.392323818659232870e+02
3.499389731467622369e+02
3.483296665931590610e+02
3.443767148262671753e+02
3.516337527325117662e+02
3.557061816668581855e+02
3.523339019933530381e+02
3.500853725284404732e+02
3.513388107798272699e+02
3.637772576458028766e+02
3.587887034993068482e+02
3.544376092853212867e+02
3.552550236078836861e+02
3.640716709620980964e+02
3.695699443027421012e+02
3.595294710235583580e+02
3.544732132757690692e+02
3.489953946710083414e+02
3.542617208948840357e+02
3.688943305291811043e+02
3.693032357194798010e+02
3.743930533562959226e+02
3.820627138331557830e+02
3.881170288720674080e+02
3.922188621099157899e+02
3.953410612635320831e+02
4.011373937607379503e+02
