6.623860118433032085e+01
6.584359228260520069e+01
6.584985540624467149e+01
6.596345663623641542e+01
6.620673281842613278e+01
6.632756032903627386e+01
6.638442370195799924e+01
6.649859146566100776e+01
6.647163342096543204e+01
6.655662224964022755e+01
6.662109570097945266e+01
6.666513282491813186e+01
6.655917278544870896e+01
6.653634779626527518e+01
6.641598385167249319e+01
6.652569073737262784e+01
6.676922183085719098e+01
6.658583156784571599e+01
6.603074774665694235e+01
6.611305027960743530e+01
6.612395652017087855e+01
6.583431442588111793e+01
6.575102459822399226e+01
6.579905426886195130e+01
6.584930168053101340e+01
6.579531769003702379e+01
6.574566086153659228e+01
6.560491915263864371e+01
6.570088153682625887e+01
6.548611871128355233e+01
6.502452768729678212e+01
6.502841360002312854e+01
6.487615607833161846e+01
6.505655641273075673e+01
6.501061346942857710e+01
6.473361719457874131e+01
6.467214292330932324e+01
6.472364362964721352e+01
6.491342760038216397e+01
6.448544757342575906e+01
6.423288513598336635e+01
6.422262346943571742e+01
6.428094616270577433e+01
6.441931139567932973e+01
6.436760156367823527e+01
6.436786867931699874e+01
6.403122395612547280e+01
6.415710416802201621e+01
6.422434289247597405e+01
6.444501745927220782e+01
6.437885925379731589e+01
