0.000000000000000000e+00 0.000000000000000000e+00
4.444329661587147484e+00 4.465759504352377007e+00
8.888659323184521455e+00 8.931320684506832919e+00
1.333298898474599525e+01 1.339668721994245715e+01
1.777731864625316049e+01 1.786186269393614623e+01
2.222164830827790638e+01 2.232685058616192464e+01
2.666597797007902670e+01 2.679165427629060758e+01
3.111030764352113565e+01 3.125627707502684771e+01
3.555463731068282129e+01 3.572072217786242732e+01
3.999896697191903172e+01 4.018499271140734663e+01
4.444329664203115016e+01 4.464909171448405800e+01
4.888762630399122600e+01 4.911302214692076973e+01
5.333195596913212455e+01 5.357678690138705946e+01
5.777628563915889970e+01 5.804038878277741276e+01
6.222061531096009190e+01 6.250383053308598136e+01
6.666494500543794288e+01 6.696711484019701288e+01
7.110927467877357344e+01 7.143024430939738068e+01
7.555360434605196929e+01 7.589322144792299696e+01
7.999793402013722243e+01 8.035604877132645640e+01
8.444226369313150826e+01 8.481872864092403574e+01
8.888659335962064745e+01 8.928126345351236637e+01
9.333092302548891439e+01 9.374365553182508393e+01
9.777525270014206171e+01 9.820590709033805865e+01
1.022195823934524697e+02 1.026680203329361660e+02
1.066639121125519978e+02 1.071299974148625722e+02
1.111082418119223121e+02 1.115918404233548529e+02
1.155525715358393910e+02 1.160535514045952397e+02
1.199969012642752091e+02 1.205151323788013542e+02
1.244412309745832488e+02 1.249765853096096606e+02
1.288855606629830959e+02 1.294379120316248191e+02
1.333298903328781648e+02 1.338991144805428917e+02
1.377742200687083880e+02 1.383601944626534532e+02
1.422185497588035048e+02 1.428211537424833750e+02
1.466628794797088062e+02 1.472819941134627300e+02
1.511072091526047529e+02 1.517427172633768464e+02
1.555515388984798051e+02 1.562033248553325961e+02
1.599958685768882845e+02 1.606638185261588774e+02
1.644401982458881264e+02 1.651241999373295641e+02
1.688845279943862465e+02 1.695844706305236969e+02
1.733288576657939188e+02 1.740446321006221808e+02
1.777731874229606888e+02 1.785046858475193687e+02
1.822175171686818089e+02 1.829646333353813930e+02
1.866618469017710424e+02 1.874244760727692096e+02
1.911061766253314147e+02 1.918842154553509545e+02
1.955505063568602964e+02 1.963438528230460065e+02
1.999948360962259812e+02 2.008033896136338399e+02
2.044391658353098933e+02 2.052628271063483396e+02
2.088834955625848693e+02 2.097221665438633522e+02
2.133278252749132093e+02 2.141814092907324039e+02
2.177721549876639529e+02 2.186405565922839855e+02
2.222164846940405312e+02 2.230996096844977785e+02
2.266608144912034106e+02 2.275585697647410370e+02
2.311051442253084929e+02 2.320174379804484488e+02
2.355494739726756848e+02 2.364762155175843077e+02
2.399938036518865943e+02 2.409349034651505974e+02
2.444381334287294578e+02 2.453935029745360907e+02
2.488824631518606907e+02 2.498520151923293611e+02
2.533267928735114651e+02 2.543104411377365466e+02
2.577711225667270583e+02 2.587687818346940958e+02
2.622154522484945574e+02 2.632270383888296692e+02
2.666597820487517083e+02 2.676852118754366074e+02
2.711041118040839137e+02 2.721433032225793909e+02
2.755484415257263890e+02 2.766013133695316810e+02
2.799927712551445325e+02 2.810592432424996332e+02
2.844371010056046885e+02 2.855170938577024344e+02
2.888814307854742651e+02 2.899748661203219626e+02
2.933257605127372472e+02 2.944325609463215869e+02
2.977700902196521611e+02 2.988901792486676641e+02
3.022144199987455977e+02 3.033477220495312281e+02
3.066587497657744166e+02 3.078051899218037306e+02
3.111030795080774283e+02 3.122625839349240096e+02
3.155474092120336991e+02 3.167199048889350479e+02
3.199917390314273007e+02 3.211771535440865364e+02
3.244360688236465649e+02 3.256343308118948698e+02
3.288803986579257526e+02 3.300914373085161060e+02
3.333247283945303820e+02 3.345484739630401236e+02
3.377690581359998987e+02 3.390054415744481275e+02
3.422133878243137133e+02 3.434623407654598850e+02
3.466577175749246180e+02 3.479191722928473496e+02
3.511020473306062968e+02 3.523759371617240959e+02
3.555463771467685774e+02 3.568326356775162367e+02
3.599907069739331291e+02 3.612892688613314931e+02
3.644350368183898468e+02 3.657458372369120525e+02
3.688793665212284623e+02 3.702023416273478915e+02
3.733236963000699120e+02 3.746587826270674668e+02
3.777680260612182792e+02 3.791151608731186116e+02
3.822123557685467858e+02 3.835714769914673070e+02
3.866566855174323223e+02 3.880277317670664274e+02
3.911010153616023217e+02 3.924839258365753949e+02
3.955453450443681049e+02 3.969400595396257359e+02
3.999896748520355914e+02 4.013961338044244940e+02
4.044340047597450507e+02 4.058521489725995366e+02
4.088783346678262092e+02 4.103081059050263093e+02
4.133226645299053530e+02 4.147640049606661705e+02
4.177669943535036055e+02 4.192198468501843536e+02
4.222113241448564054e+02 4.236756323205042918e+02
4.266556538144683373e+02 4.281313615755466344e+02
