0.000000000000000000e+00 0.000000000000000000e+00
1.853384264070656151e+00 1.854222994902690047e+00
5.306058400492508653e+00 5.305263696380178473e+00
8.751091923267752648e+00 8.751137970507013364e+00
1.219461077009124672e+01 1.219694300914813212e+01
1.563943548963795394e+01 1.564133360427308794e+01
1.908340836986598532e+01 1.908557411122350800e+01
2.252731510834610873e+01 2.252850135494843897e+01
2.596822651366780832e+01 2.596964357920000310e+01
2.940763487497643425e+01 2.941033541751196623e+01
3.284798885818135261e+01 3.284632489978986314e+01
3.628368099748382747e+01 3.628559072916540629e+01
3.972328826760283960e+01 3.972562806737681740e+01
4.316216650518947517e+01 4.316539315798614496e+01
4.660188387976177182e+01 4.660395423514106028e+01
5.004223844609193605e+01 5.004310905802978482e+01
5.348102087317418096e+01 5.348271980069547737e+01
