0.000000000000000000e+00 0.000000000000000000e+00
4.579263526628708725e+00 4.595599213601678557e+00
9.158527053518248806e+00 9.191083730800079010e+00
1.373779058196980252e+01 1.378645517038505552e+01
1.831705410958747748e+01 1.838171511667873048e+01
2.289631763844034040e+01 2.297686511970233880e+01
2.747558116692427888e+01 2.757190670151305056e+01
3.205484469457979912e+01 3.216684135442947934e+01
3.663410822842112680e+01 3.676167052555810244e+01
4.121337176449075912e+01 4.135639564556210246e+01
4.579263529429555035e+01 4.595101811476986597e+01
5.037189882321366952e+01 5.054553932046501075e+01
5.495116235787625669e+01 5.513996056676301549e+01
5.953042590526477795e+01 5.973428320975369843e+01
6.410968943290561128e+01 6.432850850551871247e+01
6.868895296172991038e+01 6.892263775442795293e+01
7.326821651382229561e+01 7.351667216243876624e+01
7.784748004124706711e+01 7.811061295920103476e+01
8.242674357867622348e+01 8.270446134952969430e+01
8.700600714723591977e+01 8.729821849797718869e+01
9.158527068579763863e+01 9.189188554074047488e+01
9.616453422750763025e+01 9.648546363450992658e+01
1.007437977844915906e+02 1.010789538680797364e+02
1.053230613265452007e+02 1.056723573113623331e+02
1.099023248730121622e+02 1.102656750294189010e+02
1.144815884276889193e+02 1.148589081024438485e+02
1.190608519863567665e+02 1.194520575113337628e+02
1.236401155447979221e+02 1.240451242886154546e+02
1.282193790949636707e+02 1.286381094216055487e+02
1.327986426388697225e+02 1.332310138669333242e+02
1.373779061762324716e+02 1.378238386312549153e+02
1.419571697445777545e+02 1.424165845837545987e+02
1.465364332884797420e+02 1.470092526949046317e+02
1.511156968387320489e+02 1.516018438246741766e+02
1.556949603659944046e+02 1.561943589381959896e+02
1.602742239006669251e+02 1.607867988308490226e+02
1.648534874892003188e+02 1.653791644205385296e+02
1.694327510727741810e+02 1.699714564676544910e+02
1.740120146604030253e+02 1.745636758776415718e+02
1.785912782643101764e+02 1.791558234710830959e+02
1.831705418552925835e+02 1.837479000219546492e+02
1.877498054373691332e+02 1.883399062817114782e+02
1.923290689868536276e+02 1.929318430828371334e+02
1.969083325337548160e+02 1.975237111559146115e+02
2.014875961041956884e+02 2.021155112643973553e+02
2.060668597067200949e+02 2.067072441855552540e+02
2.106461232890600286e+02 2.112989105598862523e+02
2.152253868363422384e+02 2.158905111392625997e+02
2.198046504503147958e+02 2.204820466298537553e+02
2.243839139991205514e+02 2.250735177214576197e+02
2.289631775447629138e+02 2.296649251583010027e+02
2.335424411125646884e+02 2.342562694861833847e+02
2.381217046829765991e+02 2.388475514702012674e+02
2.427009682851768844e+02 2.434387716697307837e+02
2.472802318560463277e+02 2.480299308235057083e+02
2.518594954692847523e+02 2.526210294785067276e+02
2.564387590118518574e+02 2.572120682692492437e+02
2.610180225524634352e+02 2.618030478539117780e+02
2.655972861990766205e+02 2.663939687774745835e+02
2.701765498431566925e+02 2.709848316744461272e+02
2.747558134668497019e+02 2.755756371335291988e+02
2.793350771276138858e+02 2.801663856489337832e+02
2.839143407185574688e+02 2.847570777669623112e+02
2.884936042843582982e+02 2.893477141230213192e+02
2.930728678318085940e+02 2.939382952756416216e+02
2.976521314255952575e+02 2.985288218231023620e+02
3.022313950001671401e+02 3.031192941900463325e+02
3.068106585383633274e+02 3.077097128614283292e+02
3.113899220791680023e+02 3.123000784067705808e+02
3.159691856805131920e+02 3.168903914051711581e+02
3.205484492443337103e+02 3.214806522182659592e+02
3.251277128109668411e+02 3.260708614886887631e+02
3.297069763503062632e+02 3.306610196253787421e+02
3.342862398902495897e+02 3.352511271761386524e+02
3.388655035318817568e+02 3.398411845780499334e+02
3.434447670993662882e+02 3.444311922890282176e+02
3.480240306459273825e+02 3.490211507675212488e+02
3.526032942665873975e+02 3.536110604540757549e+02
3.571825579068413958e+02 3.582009216914549370e+02
3.617618214693343361e+02 3.627907350618631881e+02
3.663410850102184213e+02 3.673805009698995718e+02
3.709203485499872386e+02 3.719702198754300753e+02
3.754996121987389870e+02 3.765598921431234771e+02
3.800788758625618584e+02 3.811495183392208901e+02
3.846581394485431247e+02 3.857390987282387869e+02
3.892374030398776767e+02 3.903286336990724976e+02
3.938166666882811455e+02 3.949181237256552208e+02
3.983959303009896757e+02 3.995075692794870292e+02
4.029751938707738645e+02 4.040969706175784495e+02
4.075544574295124676e+02 4.086863282056822300e+02
4.121337210409830050e+02 4.132756423284893117e+02
4.167129846336488299e+02 4.178649133959310689e+02
4.212922482307928931e+02 4.224541418484693622e+02
4.258715118262761621e+02 4.270433278787435256e+02
4.304507753987770684e+02 4.316324719959617369e+02
4.350300389706562783e+02 4.362215745305024370e+02
4.396093025708663617e+02 4.408106358229579769e+02
4.441885662501198340e+02 4.453996562902015057e+02
4.487678299693909594e+02 4.499886362115140059e+02
4.533470936021285524e+02 4.545775758979762600e+02
4.579263572910997482e+02 4.591664758286625556e+02
4.625056208374968492e+02 4.637553362517826372e+02
4.670848845645826941e+02 4.683441575115315345e+02
4.716641481173710417e+02 4.729329398463385701e+02
4.762434118341289491e+02 4.775216835680450913e+02
4.808226755791415599e+02 4.821103891978861498e+02
4.854019391123721903e+02 4.866990567959979330e+02
4.899812028753839286e+02 4.912876867111109505e+02
4.945604664891756101e+02 4.958762793231617252e+02
4.991397302297183955e+02 5.004648349525167532e+02
5.037189938775578071e+02 5.050533538661179591e+02
5.082982574877323714e+02 5.096418363110666405e+02
5.128775210952474026e+02 5.142302826666781357e+02
5.174567846411564460e+02 5.188186930630332654e+02
5.220360482847582944e+02 5.234070679840116327e+02
5.266153118595985916e+02 5.279954076000756231e+02
5.311945754679904894e+02 5.325837122262648791e+02
5.357738390297070055e+02 5.371719820638027159e+02
5.403531027192977945e+02 5.417602174842664908e+02
5.449323663017141826e+02 5.463484184851240570e+02
5.495116300261954621e+02 5.509365855411942903e+02
5.540908936697012450e+02 5.555247188893047223e+02
5.586701572932834097e+02 5.601128187726043279e+02
5.632494210211318659e+02 5.647008856581938971e+02
5.678286846341820819e+02 5.692889195196528362e+02
5.724079482055371955e+02 5.738769206149382853e+02
5.769872118761715001e+02 5.784648893125618088e+02
5.815664754741507068e+02 5.830528259878709605e+02
5.861457391253859441e+02 5.876407305376783370e+02
