0.000000000000000000e+00 0.000000000000000000e+00
4.579263526766136572e+00 4.595599213620507051e+00
9.158527053640478144e+00 9.191083730826036913e+00
1.373779058100626926e+01 1.378645516964659201e+01
1.831705410869444606e+01 1.838171512003260233e+01
2.289631764153307714e+01 2.297686512411980431e+01
2.747558117612651429e+01 2.757190670588334314e+01
3.205484470377722772e+01 3.216684135264364386e+01
3.663410823761184076e+01 3.676167052790198397e+01
4.121337177531282236e+01 4.135639564885692465e+01
4.579263532115938062e+01 4.595101811984397955e+01
5.037189884871314405e+01 5.054553932218907164e+01
5.495116238364312267e+01 5.513996056578783111e+01
5.953042591851115617e+01 5.973428321480030689e+01
6.410968944747580167e+01 6.432850851316686658e+01
6.868895297538097111e+01 6.892263776702779410e+01
7.326821650601135616e+01 7.351667217339955585e+01
7.784748004269205524e+01 7.811061297171374918e+01
8.242674358556732273e+01 8.270446137260350383e+01
8.700600713081732351e+01 8.729821853516827446e+01
9.158527066943133832e+01 9.189188557763270637e+01
9.616453421113683930e+01 9.648546365896019950e+01
1.007437977685743391e+02 1.010789538649626564e+02
1.053230613020565016e+02 1.056723573103422495e+02
1.099023248449541370e+02 1.102656750262802916e+02
1.144815884116936786e+02 1.148589080773863031e+02
1.190608519929120632e+02 1.194520574862623334e+02
1.236401155513752030e+02 1.240451242588506773e+02
1.282193791015201327e+02 1.286381093917788121e+02
1.327986426383824323e+02 1.332310138564063777e+02
1.373779062046728825e+02 1.378238386262136146e+02
1.419571697689722498e+02 1.424165845842891542e+02
1.465364333094452718e+02 1.470092526958632675e+02
1.511156968394498676e+02 1.516018438257081868e+02
1.556949603933607023e+02 1.561943589243462327e+02
1.602742239574856171e+02 1.607867987996102102e+02
1.648534875073912929e+02 1.653791643494681409e+02
1.694327510738105502e+02 1.699714564027137271e+02
1.740120146337932283e+02 1.745636758466274046e+02
1.785912781989197242e+02 1.791558234215068524e+02
1.831705417430738407e+02 1.837478999818879970e+02
1.877498053184214371e+02 1.883399062925262797e+02
1.923290689227420103e+02 1.929318431207786375e+02
1.969083324859178674e+02 1.975237112031919082e+02
2.014875960876896670e+02 2.021155113350849035e+02
2.060668596206222105e+02 2.067072442607501443e+02
2.106461232399942674e+02 2.112989106702010247e+02
2.152253867871461921e+02 2.158905112150000605e+02
2.198046503280892239e+02 2.204820467522845604e+02
2.243839139439376709e+02 2.250735178709427657e+02
2.289631775086481298e+02 2.296649252470900819e+02
2.335424411370155440e+02 2.342562695970798359e+02
2.381217046810064630e+02 2.388475515923736907e+02
2.427009682614122141e+02 2.434387718532909446e+02
2.472802318040499756e+02 2.480299309687085270e+02
2.518594953364651587e+02 2.526210296201760457e+02
2.564387589125233262e+02 2.572120684136742170e+02
2.610180225622842727e+02 2.618030480144511785e+02
2.655972861030951435e+02 2.663939689724324467e+02
2.701765497070313700e+02 2.709848319014934077e+02
2.747558132431366289e+02 2.755756373480690513e+02
2.793350769027057368e+02 2.801663858797374473e+02
2.839143404933742545e+02 2.847570781126207748e+02
2.884936040724692248e+02 2.893477144824416882e+02
2.930728676291460033e+02 2.939382956809294001e+02
2.976521312230543685e+02 2.985288221067115728e+02
3.022313948033489623e+02 3.031192944613012514e+02
3.068106583508812832e+02 3.077097131297340411e+02
3.113899219140928949e+02 3.123000787446638924e+02
3.159691854535834636e+02 3.168903917422350105e+02
3.205484490131370308e+02 3.214806526398309643e+02
3.251277125528862371e+02 3.260708619484220208e+02
3.297069760923014883e+02 3.306610201739991908e+02
3.342862396333561037e+02 3.352511277308216222e+02
3.388655032749579732e+02 3.398411851372334809e+02
3.434447669425121603e+02 3.444311928043480293e+02
3.480240305826051213e+02 3.490211512051130285e+02
3.526032941310837714e+02 3.536110608909507391e+02
3.571825576717324111e+02 3.582009222744360386e+02
3.617618212374909490e+02 3.627907356219541271e+02
3.663410847783658255e+02 3.673805015197577291e+02
3.709203483648713018e+02 3.719702204419161262e+02
3.754996120135862725e+02 3.765598927613720548e+02
3.800788756772714123e+02 3.811495189545026960e+02
3.846581392616373023e+02 3.857390992337521993e+02
3.892374028530439887e+02 3.903286342770966257e+02
3.938166664317199093e+02 3.949181243923653710e+02
3.983959299772169516e+02 3.995075698586990711e+02
4.029751935167258807e+02 4.040969711927049843e+02
4.075544570831518740e+02 4.086863287847443189e+02
4.121337206790693699e+02 4.132756429605239532e+02
4.167129842721639079e+02 4.178649141308369508e+02
4.212922478693414519e+02 4.224541425340099750e+02
4.258715114648675808e+02 4.270433285596164978e+02
4.304507750094639391e+02 4.316324726724232050e+02
4.350300385857459560e+02 4.362215752028863562e+02
4.396093021864379580e+02 4.408106365061104270e+02
4.441885658655254474e+02 4.453996569513196846e+02
4.487678294303942721e+02 4.499886370256214150e+02
4.533470930083673807e+02 4.545775768730283062e+02
4.579263565636938438e+02 4.591664769083402575e+02
4.625056201397899258e+02 4.637553373618043224e+02
4.670848838302695185e+02 4.683441586141725566e+02
4.716641473985115454e+02 4.729329409398854409e+02
4.762434110505853369e+02 4.775216847029387282e+02
4.808226747955941391e+02 4.821103901844950315e+02
4.854019383425048204e+02 4.866990577198793062e+02
4.899812020351795354e+02 4.912876876272739537e+02
4.945604655690323170e+02 4.958762802291979597e+02
4.991397293252449572e+02 5.004648357926441804e+02
5.037189929685177958e+02 5.050533547092102253e+02
5.082982567478105693e+02 5.096418371475583626e+02
5.128775203050748814e+02 5.142302834968776324e+02
5.174567838511562741e+02 5.188186939140020968e+02
5.220360475693113358e+02 5.234070687892470914e+02
5.266153111441753936e+02 5.279954083994497296e+02
5.311945748261668996e+02 5.325837130215528532e+02
5.357738384336396393e+02 5.371719828534999124e+02
5.403531019920917515e+02 5.417602181387351266e+02
5.449323655875084569e+02 5.463484191532932073e+02
5.495116291434670757e+02 5.509365861542801213e+02
5.540908927209011381e+02 5.555247195521162666e+02
5.586701563443388068e+02 5.601128196570359705e+02
5.632494200297228417e+02 5.647008863794820854e+02
5.678286836750040720e+02 5.692889203583781637e+02
5.724079472464691207e+02 5.738769214801920953e+02
5.769872109163786718e+02 5.784648902556056100e+02
5.815664745143727714e+02 5.830528269055298551e+02
5.861457381681132119e+02 5.876407313874691454e+02
