0.000000000000000000e+00 0.000000000000000000e+00
4.579263526619630653e+00 4.595599214406449917e+00
9.158527055654415605e+00 9.191083731618324038e+00
1.373779058302510236e+01 1.378645516987179676e+01
1.831705411071536105e+01 1.838171512028674215e+01
2.289631763937740772e+01 2.297686512329847375e+01
2.747558117426328295e+01 2.757190671104896040e+01
3.205484470286160104e+01 3.216684136076854372e+01
3.663410823515746984e+01 3.676167053176506272e+01
4.121337177430297061e+01 4.135639565338745882e+01
4.579263530671555316e+01 4.595101812332440261e+01
5.037189884060755674e+01 5.054553932212561307e+01
5.495116239074931741e+01 5.513996057668435213e+01
5.953042592622205120e+01 5.973428322416012293e+01
6.410968945432435362e+01 6.432850853210922537e+01
6.868895298819704465e+01 6.892263778033257893e+01
7.326821651544312886e+01 7.351667219105995343e+01
7.784748004526169041e+01 7.811061299035284833e+01
8.242674360393628774e+01 8.270446137358209171e+01
8.700600713534100805e+01 8.729821852498329804e+01
9.158527068045118824e+01 9.189188556754291426e+01
9.616453425082097795e+01 9.648546366552049847e+01
1.007437978079833698e+02 1.010789538928556084e+02
1.053230613490496950e+02 1.056723573223264196e+02
1.099023249026603111e+02 1.102656750431899724e+02
1.144815884573702078e+02 1.148589081047449980e+02
1.190608520163947901e+02 1.194520575124647621e+02
1.236401155748573615e+02 1.240451242861680612e+02
1.282193791529950317e+02 1.286381094464707644e+02
1.327986426986325057e+02 1.332310139112377954e+02
1.373779062360661669e+02 1.378238386476292590e+02
1.419571698227613865e+02 1.424165846320986759e+02
1.465364333648535364e+02 1.470092527434823069e+02
1.511156969465206998e+02 1.516018438733962057e+02
1.556949605312250355e+02 1.561943589761470719e+02
1.602742240829254570e+02 1.607867988581658381e+02
1.648534876456811844e+02 1.653791644301020938e+02
1.694327512279424468e+02 1.699714564868501725e+02
1.740120148220576652e+02 1.745636759053307969e+02
1.785912783738695566e+02 1.791558234989342964e+02
1.831705419689308769e+02 1.837479000494670345e+02
1.877498055266312349e+02 1.883399063287193371e+02
1.923290691103537711e+02 1.929318431128485543e+02
1.969083326521337654e+02 1.975237111959374374e+02
2.014875961996935985e+02 2.021155113146525366e+02
2.060668597445521186e+02 2.067072442414213924e+02
2.106461232938930834e+02 2.112989106457087018e+02
2.152253868654854330e+02 2.158905112764113596e+02
2.198046504579753275e+02 2.204820468232966846e+02
2.243839140311105780e+02 2.250735179143263736e+02
2.289631776274886192e+02 2.296649252966332142e+02
2.335424411592726699e+02 2.342562696073209167e+02
2.381217047028231946e+02 2.388475515699672656e+02
2.427009682460587214e+02 2.434387717785921836e+02
2.472802318759904097e+02 2.480299309046609437e+02
2.518594954476798193e+02 2.526210296086144069e+02
2.564387589980534585e+02 2.572120684682635101e+02
2.610180225501255791e+02 2.618030480028078273e+02
2.655972861030963372e+02 2.663939688658368254e+02
2.701765496585261417e+02 2.709848317618992155e+02
2.747558132286637829e+02 2.755756371824560347e+02
2.793350768850245913e+02 2.801663857459595306e+02
2.839143405346063673e+02 2.847570779512872150e+02
2.884936040818790275e+02 2.893477143100516287e+02
2.930728676492365139e+02 2.939382955087784239e+02
2.976521312429331374e+02 2.985288220549088010e+02
3.022313948236607075e+02 3.031192944484407121e+02
3.068106584836802426e+02 3.077097130980445172e+02
3.113899220196201441e+02 3.123000786727340028e+02
3.159691856318493706e+02 3.168903916705069150e+02
3.205484491981605970e+02 3.214806526266137325e+02
3.251277127448184956e+02 3.260708619362965806e+02
3.297069763918000262e+02 3.306610200498848826e+02
3.342862399323091154e+02 3.352511275987657200e+02
3.388655035738354400e+02 3.398411850208713645e+02
3.434447671631780850e+02 3.444311926468820957e+02
3.480240307096449897e+02 3.490211510494963250e+02
3.526032942623779718e+02 3.536110606838742569e+02
3.571825578031986197e+02 3.582009219180016544e+02
3.617618214180823770e+02 3.627907353849140009e+02
3.663410851006073017e+02 3.673805012869335656e+02
3.709203486403785064e+02 3.719702201535244512e+02
3.754996122890860306e+02 3.765598924148512197e+02
3.800788759527462162e+02 3.811495186027140107e+02
3.846581395387317457e+02 3.857390989376431207e+02
3.892374031302140338e+02 3.903286339320816296e+02
3.938166667762769180e+02 3.949181239232394773e+02
3.983959303686217481e+02 3.995075693611282759e+02
4.029751939081298815e+02 4.040969707540194804e+02
4.075544574870593806e+02 4.086863283427147167e+02
4.121337210950316603e+02 4.132756423509581509e+02
4.167129846877029422e+02 4.178649134182448961e+02
4.212922482848558730e+02 4.224541417825567464e+02
4.258715118803719406e+02 4.270433278365958358e+02
4.304507754433308264e+02 4.316324719544732602e+02
4.350300389854082255e+02 4.362215744899181118e+02
4.396093025632737863e+02 4.408106357911577788e+02
4.441885661290756389e+02 4.453996562584763410e+02
4.487678296719503805e+02 4.499886363409151500e+02
4.533470932150620456e+02 4.545775761941199562e+02
4.579263567968449706e+02 4.591664762328841789e+02
4.625056204745139325e+02 4.637553366523517866e+02
4.670848841225135288e+02 4.683441579089834477e+02
4.716641477259776707e+02 4.729329402401940570e+02
4.762434114425103644e+02 4.775216840740342832e+02
4.808226751874578326e+02 4.821103896356486871e+02
4.854019387551277305e+02 4.866990572331415592e+02
4.899812022973984540e+02 4.912876871439585216e+02
4.945604660701347939e+02 4.958762797974070509e+02
4.991397298422479025e+02 5.004648354166827176e+02
5.037189934839708485e+02 5.050533543159981491e+02
5.082982570941828726e+02 5.096418367573683668e+02
5.128775208218844455e+02 5.142302831139262480e+02
5.174567845336316623e+02 5.188186936614947626e+02
5.220360482979258450e+02 5.234070684846134327e+02
5.266153118728166191e+02 5.279954080988226224e+02
5.311945754409746314e+02 5.325837125627751902e+02
5.357738389903021243e+02 5.371719823980579349e+02
5.403531025343229430e+02 5.417602177125039589e+02
5.449323660990052076e+02 5.463484187899676954e+02
5.495116298132948032e+02 5.509365860093330411e+02
5.540908933587633101e+02 5.555247193547463667e+02
5.586701569823924274e+02 5.601128194878804152e+02
5.632494205908412823e+02 5.647008863703342740e+02
5.678286842339635996e+02 5.692889201549933205e+02
5.724079479291960979e+02 5.738769213552589008e+02
5.769872115993259740e+02 5.784648900202180357e+02
5.815664751973337161e+02 5.830528264580090081e+02
5.861457388522264864e+02 5.876407309560729573e+02
