0.000000000000000000e+00 0.000000000000000000e+00
4.579263526614694158e+00 4.595599213595296995e+00
9.158527053607041779e+00 9.191083730812676933e+00
1.373779058096777916e+01 1.378645516946791716e+01
1.831705410865592754e+01 1.838171511902624999e+01
2.289631764417526938e+01 2.297686512238641399e+01
2.747558117873364125e+01 2.757190670126949072e+01
3.205484470738437608e+01 3.216684135207150064e+01
3.663410823901141811e+01 3.676167052410908553e+01
4.121337176833335292e+01 4.135639563914394756e+01
4.579263531664190623e+01 4.595101811137926262e+01
5.037189885058760552e+01 5.054553929665601686e+01
5.495116237881201471e+01 5.513996054789254231e+01
5.953042593186086151e+01 5.973428316853564013e+01
6.410968946814378455e+01 6.432850846731754757e+01
6.868895300259299574e+01 6.892263769640069881e+01
7.326821653152666158e+01 7.351667211234973820e+01
7.784748006820373689e+01 7.811061291031253973e+01
8.242674359841171849e+01 8.270446129600213681e+01
8.700600715308193855e+01 8.729821844992667934e+01
9.158527069162801126e+01 9.189188549304432740e+01
9.616453423300458780e+01 9.648546357026994258e+01
1.007437977906001834e+02 1.010789537840962282e+02
1.053230613240282878e+02 1.056723572181439579e+02
1.099023248670043245e+02 1.102656749361315178e+02
1.144815884222808506e+02 1.148589079874589061e+02
1.190608519809756842e+02 1.194520573930574159e+02
1.236401155595481214e+02 1.240451241961207245e+02
1.282193791098349038e+02 1.286381093288005104e+02
1.327986426561675160e+02 1.332310138216357132e+02
1.373779061936164112e+02 1.378238385547068106e+02
1.419571697256466223e+02 1.424165845096756584e+02
1.465364332547129607e+02 1.470092526211766710e+02
1.511156968066113677e+02 1.516018437511648926e+02
1.556949603432986464e+02 1.561943588623042842e+02
1.602742238772386827e+02 1.607867987322527767e+02
1.648534874198912803e+02 1.653791643043642523e+02
1.694327509862398529e+02 1.699714563758741406e+02
1.740120145348093956e+02 1.745636757699755890e+02
1.785912781312070479e+02 1.791558233632943029e+02
1.831705416852773851e+02 1.837478998641888666e+02
1.877498052340753816e+02 1.883399061767228773e+02
1.923290688521947800e+02 1.929318429948443168e+02
1.969083324567088766e+02 1.975237110350365981e+02
2.014875960779323805e+02 2.021155111663200614e+02
2.060668596732953688e+02 2.067072440608590682e+02
2.106461232583248204e+02 2.112989104609442279e+02
2.152253868106921573e+02 2.158905110413529655e+02
2.198046503613270488e+02 2.204820465281425754e+02
2.243839139193634651e+02 2.250735176320669666e+02
2.289631774903454016e+02 2.296649250398056950e+02
2.335424410352088955e+02 2.342562693804050866e+02
2.381217046220762938e+02 2.388475513691072365e+02
2.427009681803228318e+02 2.434387715797117551e+02
2.472802317593789780e+02 2.480299306965345636e+02
2.518594954061913995e+02 2.526210293479020095e+02
2.564387590383863085e+02 2.572120681056403555e+02
2.610180225825395155e+02 2.618030476110452014e+02
2.655972861220911909e+02 2.663939685693675870e+02
2.701765497720812164e+02 2.709848314586726019e+02
2.747558134315312373e+02 2.755756368733319732e+02
2.793350770887319641e+02 2.801663854409709984e+02
2.839143406348634926e+02 2.847570776257301759e+02
2.884936041923058383e+02 2.893477140860450163e+02
2.930728677396688227e+02 2.939382952864529557e+02
2.976521313337678976e+02 2.985288218314310598e+02
3.022313949141194485e+02 3.031192942404445034e+02
3.068106584523206379e+02 3.077097129309555044e+02
3.113899220088009656e+02 3.123000785182798609e+02
3.159691855482982419e+02 3.168903915440402557e+02
3.205484491081753049e+02 3.214806524198403395e+02
3.251277126773068176e+02 3.260708617426101341e+02
3.297069762545496019e+02 3.306610199472714271e+02
3.342862397945001476e+02 3.352511274960002083e+02
3.388655034357609566e+02 3.398411848973667020e+02
3.434447671074196933e+02 3.444311925292720389e+02
3.480240306547293585e+02 3.490211509430415617e+02
3.526032942074555194e+02 3.536110605419976309e+02
3.571825578846734288e+02 3.582009218203623959e+02
3.617618214502768410e+02 3.627907352087802337e+02
3.663410851507488246e+02 3.673805010849118844e+02
3.709203488417575159e+02 3.719702200011669220e+02
3.754996124905259762e+02 3.765598923405890446e+02
3.800788761542689826e+02 3.811495185564930921e+02
3.846581397399273783e+02 3.857390989851149357e+02
3.892374033314011967e+02 3.903286339557074029e+02
3.938166669072943478e+02 3.949181240047035999e+02
3.983959304524170193e+02 3.995075694124113852e+02
4.029751940792336882e+02 4.040969706228071345e+02
4.075544576349487897e+02 4.086863280824973117e+02
4.121337213376110640e+02 4.132756421051485063e+02
4.167129849299292346e+02 4.178649131751014920e+02
4.212922485271241158e+02 4.224541415435668910e+02
4.258715121226186966e+02 4.270433276378415712e+02
4.304507756672106780e+02 4.316324717573852467e+02
4.350300392092821085e+02 4.362215742943857890e+02
4.396093028098407558e+02 4.408106355884384584e+02
4.441885664886447103e+02 4.453996560581662720e+02
4.487678300308635926e+02 4.499886361589506123e+02
4.533470935974560234e+02 4.545775758735662748e+02
4.579263571512193494e+02 4.591664758484938034e+02
4.625056207603454368e+02 4.637553362709555813e+02
4.670848843223634503e+02 4.683441575306162576e+02
4.716641480547646665e+02 4.729329398617030620e+02
4.762434117710070609e+02 4.775216836751575329e+02
4.808226755159704453e+02 4.821103891729896986e+02
4.854019390738825450e+02 4.866990568297098321e+02
4.899812026082651073e+02 4.912876867832937364e+02
4.945604663542075059e+02 4.958762794862590226e+02
4.991397299512765358e+02 5.004648350770615934e+02
5.037189935924675410e+02 5.050533539565506089e+02
5.082982572022991690e+02 5.096418364210484242e+02
5.128775207504834270e+02 5.142302827748366099e+02
5.174567843476643247e+02 5.188186931002559277e+02
5.220360478977844423e+02 5.234070679003916666e+02
5.266153115294043801e+02 5.279954074958009187e+02
5.311945751377789975e+02 5.325837121192621453e+02
5.357738386871247940e+02 5.371719819550884267e+02
5.403531022611790604e+02 5.417602171296701954e+02
5.449323660407869738e+02 5.463484181102298862e+02
5.495116297039268147e+02 5.509365853635495114e+02
5.540908932819349957e+02 5.555247187110808227e+02
5.586701569055064738e+02 5.601128186386363268e+02
5.632494205539063614e+02 5.647008855530680194e+02
5.678286841677236225e+02 5.692889193231787885e+02
5.724079477952791422e+02 5.738769204170744160e+02
5.769872114661952764e+02 5.784648892021800748e+02
5.815664750641901719e+02 5.830528256717675504e+02
5.861457387178299996e+02 5.876407302645836808e+02
