0.000000000000000000e+00 0.000000000000000000e+00
4.579263526804907336e+00 4.595599213911221170e+00
9.158527053684482055e+00 9.191083731121773681e+00
1.373779058043646728e+01 1.378645516967193529e+01
1.831705410812753243e+01 1.838171512005799713e+01
2.289631763561339994e+01 2.297686512504324341e+01
2.747558117011928402e+01 2.757190670634804519e+01
3.205484469777120893e+01 3.216684135077282747e+01
3.663410822660832622e+01 3.676167052199463114e+01
4.121337176432069782e+01 4.135639563696486221e+01
4.579263531138828824e+01 4.595101810948015952e+01
5.037189884351396074e+01 5.054553929021242453e+01
5.495116237493000000e+01 5.513996053647454687e+01
5.953042592086974594e+01 5.973428318510052293e+01
6.410968945834272859e+01 6.432850847997431742e+01
6.868895298622588541e+01 6.892263772915252673e+01
7.326821654412782436e+01 7.351667214864485800e+01
7.784748007392776969e+01 7.811061296266996123e+01
8.242674362754743811e+01 8.270446133891357476e+01
8.700600716995856487e+01 8.729821848495086556e+01
9.158527070865554265e+01 9.189188552885836714e+01
9.616453425082096373e+01 9.648546363022646233e+01
1.007437978076872014e+02 1.010789538647756700e+02
1.053230613828793736e+02 1.056723572924600774e+02
1.099023249335343309e+02 1.102656750160130912e+02
1.144815884881968913e+02 1.148589080673558556e+02
1.190608520402163606e+02 1.194520574758172131e+02
1.236401155696368477e+02 1.240451242763994628e+02
1.282193791456778627e+02 1.286381094325805066e+02
1.327986426808392366e+02 1.332310138849570080e+02
1.373779062165504001e+02 1.378238386212944988e+02
1.419571697606482985e+02 1.424165846125881103e+02
1.465364332973859973e+02 1.470092527237066520e+02
1.511156968426076617e+02 1.516018438533361632e+02
1.556949604210614098e+02 1.561943589780007073e+02
1.602742239727740525e+02 1.607867988841925353e+02
1.648534875154384167e+02 1.653791644558186817e+02
1.694327510824427918e+02 1.699714565555827335e+02
1.740120146393894629e+02 1.745636759898563355e+02
1.785912781909044611e+02 1.791558235790189997e+02
1.831705417624184520e+02 1.837479001117230553e+02
1.877498052936450961e+02 1.883399064045421198e+02
1.923290688399187047e+02 1.929318432350263492e+02
1.969083323714855567e+02 1.975237113231116837e+02
2.014875959102635932e+02 2.021155114008762155e+02
2.060668594579861406e+02 2.067072442685619649e+02
2.106461230039185750e+02 2.112989106794775864e+02
2.152253866038994943e+02 2.158905112961989516e+02
2.198046501508533197e+02 2.204820468054194293e+02
2.243839136987494953e+02 2.250735179399645176e+02
2.289631772443771638e+02 2.296649253119895775e+02
2.335424408306377018e+02 2.342562696985554567e+02
2.381217044253087920e+02 2.388475516751652208e+02
2.427009680329525736e+02 2.434387718771204163e+02
2.472802315847526415e+02 2.480299309913875163e+02
2.518594951106939277e+02 2.526210296767164323e+02
2.564387586772206760e+02 2.572120684570846834e+02
2.610180222497334626e+02 2.618030480405120670e+02
2.655972858145361783e+02 2.663939689353426274e+02
2.701765494603063757e+02 2.709848318474360553e+02
2.747558130751703516e+02 2.755756373058198392e+02
2.793350767349539865e+02 2.801663858564268708e+02
2.839143403253269753e+02 2.847570780924125415e+02
2.884936038663078648e+02 2.893477145352491107e+02
2.930728674347074048e+02 2.939382957318507010e+02
2.976521310287275810e+02 2.985288222743224651e+02
3.022313946090724812e+02 3.031192946271947903e+02
3.068106582158663969e+02 3.077097132939188100e+02
3.113899217477650154e+02 3.123000789468518974e+02
3.159691853410802764e+02 3.168903919424310516e+02
3.205484489063004503e+02 3.214806528882089651e+02
3.251277124387888762e+02 3.260708621955325270e+02
3.297069759816841952e+02 3.306610204292652497e+02
3.342862395264588713e+02 3.352511279863139748e+02
3.388655031682373533e+02 3.398411853812684740e+02
3.434447667354537543e+02 3.444311929882607615e+02
3.480240302819110525e+02 3.490211513875049150e+02
3.526032938346650099e+02 3.536110610724715571e+02
3.571825573790657700e+02 3.582009223136394667e+02
3.617618209191714982e+02 3.627907357835949824e+02
3.663410844600491600e+02 3.673805017361324872e+02
3.709203480067153578e+02 3.719702206375538935e+02
3.754996116555582262e+02 3.765598928842108535e+02
3.800788753193781986e+02 3.811495190083795706e+02
3.846581389037664849e+02 3.857390993616192532e+02
3.892374024952325726e+02 3.903286342827179851e+02
3.938166660431267019e+02 3.949181243951650231e+02
3.983959296140737933e+02 3.995075697997491488e+02
4.029751932221064408e+02 4.040969711343164477e+02
4.075544568949327981e+02 4.086863286068045227e+02
4.121337205035287639e+02 4.132756426107453080e+02
4.167129840962858225e+02 4.178649136828129258e+02
4.212922476933541702e+02 4.224541420635412123e+02
4.258715112888476142e+02 4.270433280905273250e+02
4.304507748334518737e+02 4.316324722045716271e+02
4.350300383755213716e+02 4.362215747362474758e+02
4.396093019760052130e+02 4.408106360480019248e+02
4.441885656545512120e+02 4.453996566413704841e+02
4.487678293224035997e+02 4.499886367193959131e+02
4.533470929702444892e+02 4.545775765724721396e+02
4.579263566811077908e+02 4.591664766084528537e+02
4.625056202260158216e+02 4.637553369574972635e+02
4.670848837755938803e+02 4.683441582118538804e+02
4.716641473135379101e+02 4.729329404897443965e+02
4.762434110303991019e+02 4.775216842544309657e+02
4.808226747754721373e+02 4.821103897475341000e+02
4.854019383283970797e+02 4.866990573039274750e+02
4.899812019029180874e+02 4.912876872099238881e+02
4.945604654411406500e+02 4.958762797562934566e+02
4.991397292092739235e+02 5.004648354623249702e+02
5.037189928509958463e+02 5.050533543567494235e+02
5.082982565452680888e+02 5.096418369219716169e+02
5.128775201170873288e+02 5.142302832712339296e+02
5.174567836915880434e+02 5.188186936523086388e+02
5.220360472416934954e+02 5.234070686078442805e+02
5.266153108165223102e+02 5.279954082174448331e+02
5.311945744248992014e+02 5.325837126752394397e+02
5.357738379742145298e+02 5.371719823665633839e+02
5.403531015128558010e+02 5.417602177007889850e+02
5.449323650485916914e+02 5.463484189116079506e+02
5.495116286675794299e+02 5.509365860907532806e+02
5.540908922449913234e+02 5.555247194306074334e+02
5.586701558686304452e+02 5.601128194794490582e+02
5.632494195342649164e+02 5.647008863574066027e+02
5.678286831495513525e+02 5.692889203373822511e+02
5.724079468848353827e+02 5.738769214246334514e+02
5.769872105555875805e+02 5.784648901479513370e+02
5.815664741535781559e+02 5.830528266668670767e+02
5.861457378077395788e+02 5.876407311810899046e+02
