0.000000000000000000e+00 0.000000000000000000e+00
4.579263526612544766e+00 4.595599213764905322e+00
9.158527053518451311e+00 9.191083730975318389e+00
1.373779058089366245e+01 1.378645517029374723e+01
1.831705410857944116e+01 1.838171511749702702e+01
2.289631764414288995e+01 2.297686512273708104e+01
2.747558117861427718e+01 2.757190670132171562e+01
3.205484471141454605e+01 3.216684135257943211e+01
3.663410824524967779e+01 3.676167052684294845e+01
4.121337178295968329e+01 4.135639564190509532e+01
4.579263532235067657e+01 4.595101811385475798e+01
5.037189886668127059e+01 5.054553931860361615e+01
5.495116239790532120e+01 5.513996056778393040e+01
5.953042592671138067e+01 5.973428318842566398e+01
6.410968946982576711e+01 6.432850849087196821e+01
6.868895299889588557e+01 6.892263773997670739e+01
7.326821653009440638e+01 7.351667215668720701e+01
7.784748006676105092e+01 7.811061298269409292e+01
8.242674362693939827e+01 8.270446136640512691e+01
8.700600716333462969e+01 8.729821850447456200e+01
9.158527073250759543e+01 9.189188554449955859e+01
9.616453427397243559e+01 9.648546362957608835e+01
1.007437978309654483e+02 1.010789538418069640e+02
1.053230613644209086e+02 1.056723573044652369e+02
1.099023249073692199e+02 1.102656750148386209e+02
1.144815884428759603e+02 1.148589080661601542e+02
1.190608519751460221e+02 1.194520574868349314e+02
1.236401155335739190e+02 1.240451242600721855e+02
1.282193790716627575e+02 1.286381093958532631e+02
1.327986426080897786e+02 1.332310138448906400e+02
1.373779061533863057e+02 1.378238385854903072e+02
1.419571697272157849e+02 1.424165845512988824e+02
1.465364333239038785e+02 1.470092526625361984e+02
1.511156968731696679e+02 1.516018438259143295e+02
1.556949604094476740e+02 1.561943588867516155e+02
1.602742239555381047e+02 1.607867988021597512e+02
1.648534875070575367e+02 1.653791643904532407e+02
1.694327510734576094e+02 1.699714564717015719e+02
1.740120146460533874e+02 1.745636759176947237e+02
1.785912782210690466e+02 1.791558234999619117e+02
1.831705417836833476e+02 1.837479000340097741e+02
1.877498053388934522e+02 1.883399063430827596e+02
1.923290688717753483e+02 1.929318431181278584e+02
1.969083324747334416e+02 1.975237111833646395e+02
2.014875960438222933e+02 2.021155113138716786e+02
2.060668596393909411e+02 2.067072442152744145e+02
2.106461232655242952e+02 2.112989105910871501e+02
2.152253868657831504e+02 2.158905111688918907e+02
2.198046504126740501e+02 2.204820466515014061e+02
2.243839139694711093e+02 2.250735177807590617e+02
2.289631775245851486e+02 2.296649251847376831e+02
2.335424410693799757e+02 2.342562695412042899e+02
2.381217046372990183e+02 2.388475515585878384e+02
2.427009682735515526e+02 2.434387717698317886e+02
2.472802318199327374e+02 2.480299309501675395e+02
2.518594953635735578e+02 2.526210296527422656e+02
2.564387589358703394e+02 2.572120684862393318e+02
2.610180225051839784e+02 2.618030480592374829e+02
2.655972861228195256e+02 2.663939689747589341e+02
2.701765497635969382e+02 2.709848319043026663e+02
2.747558134219071349e+02 2.755756372473214810e+02
2.793350769876598179e+02 2.801663858062241843e+02
2.839143405755851290e+02 2.847570779670216439e+02
2.884936041919414720e+02 2.893477143802864475e+02
2.930728677662319797e+02 2.939382955964001667e+02
2.976521313663620276e+02 2.985288221042880537e+02
3.022313949466339409e+02 3.031192944600875308e+02
3.068106585075248631e+02 3.077097131288188621e+02
3.113899221092709695e+02 3.123000786916768448e+02
3.159691856485201242e+02 3.168903916972567458e+02
3.205484492150520168e+02 3.214806526579186539e+02
3.251277127709240631e+02 3.260708619625925166e+02
3.297069763560512001e+02 3.306610200901800454e+02
3.342862398960013479e+02 3.352511276076713784e+02
3.388655035369778261e+02 3.398411849934183806e+02
3.434447671042011052e+02 3.444311925860696988e+02
3.480240306506531169e+02 3.490211509888936234e+02
3.526032942033722861e+02 3.536110606727432355e+02
3.571825578439279525e+02 3.582009219305084002e+02
3.617618214968290431e+02 3.627907354228046302e+02
3.663410850376938015e+02 3.673805014606477926e+02
3.709203486608938647e+02 3.719702203650847423e+02
3.754996123095006624e+02 3.765598926301747724e+02
3.800788759733157463e+02 3.811495187803934641e+02
3.846581395593518664e+02 3.857390991133684679e+02
3.892374031503477454e+02 3.903286340386331403e+02
3.938166666982917832e+02 3.949181240652478664e+02
3.983959302462095593e+02 3.995075694872778058e+02
4.029751939169404409e+02 4.040969708117374921e+02
4.075544574953605661e+02 4.086863282739606120e+02
4.121337210898569197e+02 4.132756424386247431e+02
4.167129846826746871e+02 4.178649135052223755e+02
4.212922482798135775e+02 4.224541418400333441e+02
4.258715118752987792e+02 4.270433278704035160e+02
4.304507755118860359e+02 4.316324720684394833e+02
4.350300390539467799e+02 4.362215746031255321e+02
4.396093026540028745e+02 4.408106359978650062e+02
4.441885663329683780e+02 4.453996564736086157e+02
4.487678299397286423e+02 4.499886365515450848e+02
4.533470934781005894e+02 4.545775764039252635e+02
4.579263571247881828e+02 4.591664764273718902e+02
4.625056206680172863e+02 4.637553368483778513e+02
4.670848842170975104e+02 4.683441581051980620e+02
4.716641479562522363e+02 4.729329404278556694e+02
4.762434116731870972e+02 4.775216841960502165e+02
4.808226754182112472e+02 4.821103896907383728e+02
4.854019389852106769e+02 4.866990572411077665e+02
4.899812025881757904e+02 4.912876871591774943e+02
4.945604663231612221e+02 4.958762798498176494e+02
4.991397300846848566e+02 5.004648354308268381e+02
5.037189937079259607e+02 5.050533544254424783e+02
5.082982573139465785e+02 5.096418369269043751e+02
5.128775210003145730e+02 5.142302832474763363e+02
5.174567847756247829e+02 5.188186935861056099e+02
5.220360483255186637e+02 5.234070684104835891e+02
5.266153120761557602e+02 5.279954080250544166e+02
5.311945756835725660e+02 5.325837126490228002e+02
5.357738392263173637e+02 5.371719823931045994e+02
5.403531027703249947e+02 5.417602177444109657e+02
5.449323663253603627e+02 5.463484187441972608e+02
5.495116298660793746e+02 5.509365858733162895e+02
5.540908935452775950e+02 5.555247192187680412e+02
5.586701571688736294e+02 5.601128193078089907e+02
5.632494208380729788e+02 5.647008862408672485e+02
5.678286844522252750e+02 5.692889202057330067e+02
5.724079480990358206e+02 5.738769215479981085e+02
5.769872117722829898e+02 5.784648901955076781e+02
5.815664753704147643e+02 5.830528268423306599e+02
5.861457390242679821e+02 5.876407313642423560e+02
