1.346354233994141170e-01
1.096407068693757980e-01
1.140901371985962448e-01
8.909746003668125858e-02
9.447541539292023116e-02
6.948762855803625182e-02
7.577147763646201184e-02
5.078208787074500047e-02
5.797718456950990557e-02
3.298486902644199442e-02
4.108178166841762458e-02
1.608086320454037849e-02
2.473481359673404545e-02
8.675616531863316119e-04
4.559026022694770419e-03
3.898940473357657776e-05
3.287705228462418450e-05
1.291146790497231802e-05
1.109827227472082177e-05
6.221587064609499019e-06
5.620788842087863160e-06
3.642080323580484086e-06
3.346181250041005075e-06
2.399025220859781462e-06
2.255912314666866775e-06
1.727620032468013673e-06
1.653302832010721337e-06
1.315273310640147361e-06
1.263195925740861996e-06
1.035883293319924096e-06
9.907040857989896544e-07
8.388611775578882088e-07
7.990955898284735973e-07
7.000018064819264443e-07
6.673699631357549742e-07
6.037295464895017840e-07
5.794276974927504104e-07
5.381776965374328485e-07
5.222865035096196166e-07
4.941311012078494066e-07
4.858909496684262764e-07
4.646677440557598216e-07
4.629147230410662623e-07
4.448226576514067560e-07
4.482867517953698859e-07
4.311631349335642886e-07
4.386379102388487372e-07
4.214104996930246457e-07
4.318609834413761331e-07
4.141194731595444782e-07
4.267173219002571841e-07
4.084219024114478601e-07
4.225407841656972292e-07
4.038286919587688749e-07
4.190220688254866394e-07
4.000899813537309794e-07
4.160476693904469157e-07
3.970891711693358370e-07
4.135982624632762461e-07
3.947787632853020889e-07
4.116782511047573815e-07
3.931258795943436502e-07
4.102740420845539838e-07
3.920842685224400999e-07
4.093122063716890808e-07
3.915697943991541109e-07
4.086526694024682776e-07
3.914519210645045317e-07
4.081011448471010562e-07
3.915552648805667891e-07
4.074104502836726156e-07
3.916659914714945656e-07
5.913552506416229981e+00
