0.000000000000000000e+00 0.000000000000000000e+00 0.000000000000000000e+00 0.000000000000000000e+00 0.000000000000000000e+00 0.000000000000000000e+00 0.000000000000000000e+00 0.000000000000000000e+00 0.000000000000000000e+00
0.000000000000000000e+00 4.196131636599081283e+00 5.816336822445544286e+00 5.816336822445544286e+00 5.816336822445544286e+00 5.816336822445544286e+00 5.816336822445544286e+00 5.816336822445544286e+00 5.816336822445544286e+00
0.000000000000000000e+00 6.868294486188798231e+00 1.035258384602995818e+01 1.137693776336453055e+01 1.163267365030485045e+01 1.163267365030485045e+01 1.163267365030485045e+01 1.163267365030485045e+01 1.163267365030485045e+01
0.000000000000000000e+00 8.799208641574120193e+00 1.393045539406366728e+01 1.624195679127391756e+01 1.716691740341028094e+01 1.740604924662661546e+01 1.744901048268334165e+01 1.744901048268334165e+01 1.744901048268334165e+01
0.000000000000000000e+00 1.030016864795116227e+01 1.682849974526408232e+01 2.040690838355039460e+01 2.222178947025830809e+01 2.296311690832929742e+01 2.320542553334143676e+01 2.325805989639226112e+01 2.326534730555574271e+01
0.000000000000000000e+00 1.152313674860045722e+01 1.923904531169090149e+01 2.397769582842705915e+01 2.674734989910432148e+01 2.816564352014794537e+01 2.878977029882630134e+01 2.900951273231229521e+01 2.906940603974121018e+01
0.000000000000000000e+00 1.255269283665825419e+01 2.129032255371517479e+01 2.706779718205950047e+01 3.077396667549353637e+01 3.295169300402542945e+01 3.410064440747617454e+01 3.462266212776442842e+01 3.482128137310925808e+01
0.000000000000000000e+00 1.344040430109328987e+01 2.306905248740394399e+01 2.977254859688966349e+01 3.436093244301046923e+01 3.731686983276523506e+01 3.907729389610693005e+01 4.001875594680274162e+01 4.046038390249708527e+01
0.000000000000000000e+00 1.421988774742978379e+01 2.463548042171117913e+01 3.216673161781890400e+01 3.757136571711404827e+01 4.128775902395804565e+01 4.369853868704191768e+01 4.514185044383685863e+01 4.592391265442752513e+01
0.000000000000000000e+00 1.491420933648700675e+01 2.603266932265563227e+01 3.430793316779239888e+01 4.046251654309217827e+01 4.490342089827435501e+01 4.797045297507274597e+01 4.996320348346776541e+01 5.116171533141953631e+01
0.000000000000000000e+00 1.553984881711621213e+01 2.729223462372964093e+01 3.624052052444285010e+01 4.308314360497358564e+01 4.820523763220629121e+01 5.191427380420328319e+01 5.447638458245954496e+01 5.614220385018513326e+01
0.000000000000000000e+00 1.610897145705698819e+01 2.843795247920028402e+01 3.799895746764060078e+01 4.547369670985025891e+01 5.123216771327159336e+01 5.555790890105657809e+01 5.868994427428629734e+01 6.085140794537669962e+01
0.000000000000000000e+00 1.663080323229951318e+01 2.948808874103733046e+01 3.961031713701779466e+01 4.766741517584313925e+01 5.401894147687081471e+01 5.893086793307735860e+01 6.262101682881528575e+01 6.528893950612287256e+01
0.000000000000000000e+00 1.711250113173581155e+01 3.045694239785809643e+01 4.109612669883532732e+01 4.969158255050089679e+01 5.659569710564997536e+01 6.206157798459604180e+01 6.629076659215562017e+01 6.946350657760498848e+01
0.000000000000000000e+00 1.755972503068644031e+01 3.135589439882167540e+01 4.247371116806597513e+01 5.156866483492099462e+01 5.898825043671802604e+01 6.497614790155245146e+01 6.972150872633936558e+01 7.338917280619577355e+01
0.000000000000000000e+00 1.797702568318610616e+01 3.219413730524410511e+01 4.375717525102091088e+01 5.331726198135938688e+01 6.121859787633479755e+01 6.769794126463474981e+01 7.293505022336894683e+01 7.708265103245364003e+01
0.000000000000000000e+00 1.836811506503070390e+01 3.297919363849002394e+01 4.495812656510581462e+01 5.495287266474925048e+01 6.330546376916599627e+01 7.024756786360754290e+01 7.595182795892009153e+01 8.056151584796516829e+01
