0.000000000000000000e+00 0.000000000000000000e+00
4.552642647553816424e+00 4.572015001474898810e+00
9.105285295872096896e+00 9.143869295493345817e+00
1.365792794351434125e+01 1.371556555684852441e+01
1.821057059118547627e+01 1.828710639427524853e+01
2.276321323977921907e+01 2.285849435061170709e+01
2.731585588837175393e+01 2.742973192090799017e+01
3.186849854102188573e+01 3.200082151400835073e+01
3.642114120765839402e+01 3.657176549434915103e+01
4.097378385849969362e+01 4.114256616887574580e+01
4.552642653052425459e+01 4.571322579146470844e+01
5.007906919539365020e+01 5.028374656038634072e+01
5.463171186250006883e+01 5.485413061920092304e+01
5.918435451524817381e+01 5.942438009069169880e+01
6.373699717049758107e+01 6.399449699926435642e+01
6.828963985028769912e+01 6.856448337289589290e+01
7.284228250777505309e+01 7.313434113793729807e+01
7.739492518341729976e+01 7.770407222302318928e+01
8.194756786303568674e+01 8.227367852463734721e+01
8.650021052488472151e+01 8.684316182866656675e+01
9.105285318619331747e+01 9.141252395965815936e+01
9.560549588104903762e+01 9.598176665577901190e+01
1.001581385501876866e+02 1.005508916189539121e+02
1.047107812047510436e+02 1.051199005525856194e+02
1.092634238752040119e+02 1.096887950908503910e+02
1.138160665374272895e+02 1.142575768191512111e+02
1.183687092258362981e+02 1.188262473281110090e+02
1.229213519114810538e+02 1.233948081571545003e+02
1.274739945775862964e+02 1.279632608342801632e+02
1.320266372908939161e+02 1.325316067939895106e+02
1.365792800128745057e+02 1.370998475288525640e+02
1.411319226865740006e+02 1.416679844216472191e+02
1.456845653806312839e+02 1.462360188510538137e+02
1.502372080784788011e+02 1.508039522195550148e+02
1.547898507508286059e+02 1.553717858148199866e+02
1.593424934138134006e+02 1.599395210107939533e+02
1.638951360782152165e+02 1.645071590481406929e+02
1.684477787430179205e+02 1.690747011638503636e+02
1.730004214545144805e+02 1.736421486142180015e+02
1.775530641142708532e+02 1.782095026435218870e+02
1.821057067944408914e+02 1.827767643673346925e+02
1.866583495206410532e+02 1.873439349840828640e+02
1.912109921837483739e+02 1.919110156344797815e+02
1.957636348777369051e+02 1.964780074518331503e+02
2.003162776187677423e+02 2.010449115213125992e+02
2.048689203115833379e+02 2.056117288960600149e+02
2.094215629732471768e+02 2.101784606719038209e+02
2.139742056284415526e+02 2.147451078883671016e+02
2.185268483335646010e+02 2.193116715398902556e+02
2.230794910871316574e+02 2.238781526719591852e+02
2.276321337919841881e+02 2.284445521901007226e+02
2.321847765416245579e+02 2.330108711844798108e+02
2.367374192991770201e+02 2.375771104551928943e+02
2.412900620479721283e+02 2.421432710847835210e+02
2.458427047667728402e+02 2.467093539054482676e+02
2.503953474290475469e+02 2.512753597813839974e+02
2.549479901210103492e+02 2.558412896673784758e+02
2.595006329118040185e+02 2.604071443976464479e+02
2.640532756123522518e+02 2.649729248495657430e+02
2.686059182704995010e+02 2.695386317812503876e+02
2.731585609896021651e+02 2.741042661845580710e+02
2.777112036907035986e+02 2.786698287384031119e+02
2.822638463530236095e+02 2.832353203031019007e+02
2.868164890493119401e+02 2.878007415772294735e+02
2.913691317542385377e+02 2.923660934027814164e+02
2.959217745516074274e+02 2.969313766077063406e+02
3.004744172772906268e+02 3.014965918513480574e+02
3.050270599798636795e+02 3.060617398263615883e+02
3.095797026373190874e+02 3.106268212570655578e+02
3.141323453771735785e+02 3.151918370165713554e+02
3.186849880799520633e+02 3.197567875703052778e+02
3.232376308099225071e+02 3.243216738930669862e+02
3.277902735046624230e+02 3.288864964804906776e+02
3.323429162031995929e+02 3.334512559083116230e+02
3.368955589153250685e+02 3.380159529289970806e+02
3.414482016274162106e+02 3.425805882266993194e+02
3.460008443240631095e+02 3.471451624144980315e+02
3.505534870966270091e+02 3.517096761319054394e+02
3.551061297614702994e+02 3.562741299336240672e+02
3.596587724285661807e+02 3.608385245309655716e+02
3.642114151444730510e+02 3.654028605007088117e+02
3.687640578805785481e+02 3.699671383317315190e+02
3.733167005967733303e+02 3.745313587159897679e+02
3.778693433112359230e+02 3.790955221768699630e+02
3.824219860117354983e+02 3.836596292809109059e+02
3.869746286722524928e+02 3.882236805758107607e+02
3.915272713351382095e+02 3.927876766238055097e+02
3.960799141103768761e+02 3.973516179341175416e+02
4.006325569650341549e+02 4.019155050278461090e+02
4.051851996707702028e+02 4.064793386150512333e+02
4.097378424703138649e+02 4.110431190559324932e+02
4.142904851419751822e+02 4.156068468599570451e+02
4.188431278842866732e+02 4.201705223987911495e+02
4.233957705554196309e+02 4.247341463698774078e+02
4.279484132232618663e+02 4.292977192027205433e+02
4.325010560913536892e+02 4.338612412673791141e+02
4.370536988127739164e+02 4.384247131443846683e+02
4.416063416303463782e+02 4.429881352233511507e+02
4.461589845263192160e+02 4.475515081659411862e+02
4.507116274191466800e+02 4.521148321774861074e+02
4.552642700988744764e+02 4.566781078534781955e+02
4.598169128789747901e+02 4.612413356624180096e+02
4.643695557820382760e+02 4.658045157707612134e+02
4.689221984935685441e+02 4.703676489397836349e+02
4.734748412247558917e+02 4.749307354319174692e+02
4.780274841432342328e+02 4.794937755768711440e+02
4.825801270094291340e+02 4.840567700268700264e+02
4.871327697363668108e+02 4.886197191279159142e+02
4.916854124539757436e+02 4.931826230518695411e+02
4.962380552465789378e+02 4.977454824764383829e+02
5.007906979860094907e+02 5.023082976383152527e+02
5.053433406921098481e+02 5.068710690179647713e+02
5.098959834264093729e+02 5.114337968717007925e+02
