0.000000000000000000e+00 0.000000000000000000e+00
4.554187712249806452e+00 4.572015000863697054e+00
9.108375424810832399e+00 9.143892868716140043e+00
1.366256313871611461e+01 1.371563572326519065e+01
1.821675085192470789e+01 1.828724563468706776e+01
2.277093857042705594e+01 2.285872462666088367e+01
2.732512628839818447e+01 2.743007468120436698e+01
3.187931400557301487e+01 3.200129772223669278e+01
3.643350171954133998e+01 3.657239565158543115e+01
4.098768943264123976e+01 4.114337030070669243e+01
4.554187714630462125e+01 4.571422348875982777e+01
5.009606488401908564e+01 5.028495697520259711e+01
5.465025262472845213e+01 5.485557248611834780e+01
5.920444036826251732e+01 5.942607171966986357e+01
6.375862808829720052e+01 6.399645633859578453e+01
6.831281581747334997e+01 6.856672793999010196e+01
7.286700354489292408e+01 7.313688813877470807e+01
7.742119128879281220e+01 7.770693844173464981e+01
8.197537901431496721e+01 8.227688041289036391e+01
8.652956674585669816e+01 8.684671552950158002e+01
9.108375447198429242e+01 9.141644526193550746e+01
9.563794223196893540e+01 9.598607098520913894e+01
1.001921299641189194e+02 1.005555941370053574e+02
1.047463176876308069e+02 1.051250160970230496e+02
1.093005054156489848e+02 1.096943382057774556e+02
1.138546931698994342e+02 1.142635617644964157e+02
1.184088809056889602e+02 1.188326880752903634e+02
1.229630686559626298e+02 1.234017183689882700e+02
1.275172563937444750e+02 1.279706539356372303e+02
1.320714441285789746e+02 1.325394959527677656e+02
1.366256318605124704e+02 1.371082456646936407e+02
1.411798195741117752e+02 1.416769042021805944e+02
1.457340073316466373e+02 1.462454727249208304e+02
1.502881950957963397e+02 1.508139523623360674e+02
1.548423828257935213e+02 1.553823442221111577e+02
1.593965705912034423e+02 1.599506493875099977e+02
1.639507583432420006e+02 1.645188689042818453e+02
1.685049460730452040e+02 1.690870038301407590e+02
1.730591338166084086e+02 1.736550551384552250e+02
1.776133215460919246e+02 1.782230239507315446e+02
1.821675092753373519e+02 1.827909111571248104e+02
1.867216970579313511e+02 1.873587177594157254e+02
1.912758848478035532e+02 1.919264447238032858e+02
1.958300725666240680e+02 1.964940930475693222e+02
2.003842603569468110e+02 2.010616635893387638e+02
2.049384481143337666e+02 2.056291572180695653e+02
2.094926358390371774e+02 2.101965748923117872e+02
2.140468236449511323e+02 2.147639173921143083e+02
2.186010114655315135e+02 2.193311856769934138e+02
2.231551991908919490e+02 2.238983805318019620e+02
2.277093869943686286e+02 2.284655028126628906e+02
2.322635748233291793e+02 2.330325533641250217e+02
2.368177626524328048e+02 2.375995328979695671e+02
2.413719504148900512e+02 2.421664422575416324e+02
2.459261381386714902e+02 2.467332821882356484e+02
2.504803258595467810e+02 2.513000534665812893e+02
2.550345136168342606e+02 2.558667568663174734e+02
2.595887014602885188e+02 2.604333931552529293e+02
2.641428892306960279e+02 2.649999630179505061e+02
2.686970770075037649e+02 2.695664670632975799e+02
2.732512647776466110e+02 2.741329062146829187e+02
2.778054525152904830e+02 2.786992809490931222e+02
2.823596402378752828e+02 2.832655921689705565e+02
2.869138279988452496e+02 2.878318404108123332e+02
2.914680157665404749e+02 2.923980262402851622e+02
2.960222035815284585e+02 2.969641503955890016e+02
3.005763913056172214e+02 3.015302135962194257e+02
3.051305790910599853e+02 3.060962162819225796e+02
3.096847668488316003e+02 3.106621591870194834e+02
3.142389545867535503e+02 3.152280430146854542e+02
3.187931423544326890e+02 3.197938682483818411e+02
3.233473301456591571e+02 3.243596355104535860e+02
3.279015179072155206e+02 3.289253453261877667e+02
3.324557056678730760e+02 3.334909983336734740e+02
3.370098934462411080e+02 3.380565950684497238e+02
3.415640812196641036e+02 3.426221361700975194e+02
3.461182689831915695e+02 3.471876220703933313e+02
3.506724567132019956e+02 3.517530534099356601e+02
3.552266444433089418e+02 3.563184306908549388e+02
3.597808322402712520e+02 3.608837542608033573e+02
3.643350200209488321e+02 3.654490248547042484e+02
3.688892078205498706e+02 3.700142430113633054e+02
3.734433956884845429e+02 3.745794090115417134e+02
3.779975834661568683e+02 3.791445234871315506e+02
3.825517712460739403e+02 3.837095869357362403e+02
3.871059589719321821e+02 3.882745997737951029e+02
3.916601467338967382e+02 3.928395624651980711e+02
3.962143346107332604e+02 3.974044756643547771e+02
4.007685225232334574e+02 4.019693396380232002e+02
4.053227102944567832e+02 4.065341549494833089e+02
4.098768980220725098e+02 4.110989218236435363e+02
4.144310857586527277e+02 4.156636409108316457e+02
4.189852734812066046e+02 4.202283126281568570e+02
4.235394613590721065e+02 4.247929373557083181e+02
4.280936491072233139e+02 4.293575156653406566e+02
4.326478368681598567e+02 4.339220477480151885e+02
4.372020246465579021e+02 4.384865341676165826e+02
4.417562125340609214e+02 4.430509752254417890e+02
4.463104004973259862e+02 4.476153715497526946e+02
4.508645882205986481e+02 4.521797232849884267e+02
4.554187759408221723e+02 4.567440308200048094e+02
4.599729638638585811e+02 4.613082946158236837e+02
4.645271516135017578e+02 4.658725150973256177e+02
4.690813393794366561e+02 4.704366925531523975e+02
4.736355271784484557e+02 4.750008274450920567e+02
4.781897150675606554e+02 4.795649201046011285e+02
4.827439028795694185e+02 4.841289708289853024e+02
4.872980906708144175e+02 4.886929801620797207e+02
4.918522783980895383e+02 4.932569482749538565e+02
4.964064661395329949e+02 4.978208756517548181e+02
5.009606539118834689e+02 5.023847625561433006e+02
5.055148418866343718e+02 5.069486091948170952e+02
5.100690296441840701e+02 5.115124161476038580e+02
