0.000000000000000000e+00 0.000000000000000000e+00
4.554187712358301887e+00 4.572015000318947919e+00
9.108375424895358563e+00 9.143892868180451217e+00
1.366256313795840072e+01 1.371563572273540288e+01
1.821675085303321140e+01 1.828724563366511546e+01
2.277093857523180986e+01 2.285872462570865338e+01
2.732512629403233717e+01 2.743007467802361532e+01
3.187931401120359354e+01 3.200129771872097706e+01
3.643350172552216293e+01 3.657239564445032443e+01
4.098768945575001510e+01 4.114337029344663677e+01
4.554187716939772912e+01 4.571422348583523387e+01
5.009606489895642056e+01 5.028495697103969064e+01
5.465025261842099980e+01 5.485557248406085762e+01
5.920444033345486901e+01 5.942607171725747151e+01
6.375862804888687663e+01 6.399645633127272504e+01
6.831281577943772731e+01 6.856672792736139854e+01
7.286700350331307163e+01 7.313688811674697376e+01
7.742119123066257202e+01 7.770693843802581569e+01
8.197537895617332993e+01 8.227688043113346339e+01
8.652956668292469544e+01 8.684671555691269873e+01
9.108375441118903382e+01 9.141644525469089899e+01
9.563794217139255238e+01 9.598607100578567497e+01
1.001921299054724415e+02 1.005555941634985402e+02
1.047463176212735618e+02 1.051250161062339714e+02
1.093005053431615323e+02 1.096943381870190706e+02
1.138546930572072284e+02 1.142635617422302658e+02
1.184088807819114493e+02 1.188326880298661195e+02
1.229630685449292571e+02 1.234017183454833173e+02
1.275172563205916845e+02 1.279706539230657967e+02
1.320714440812699877e+02 1.325394959427132164e+02
1.366256318661945102e+02 1.371082456535627898e+02
1.411798195993394529e+02 1.416769041880155271e+02
1.457340073573948587e+02 1.462454727043044329e+02
1.502881951213915954e+02 1.508139523465482625e+02
1.548423828514262368e+02 1.553823441854817418e+02
1.593965705936014956e+02 1.599506493074434843e+02
1.639507583220537299e+02 1.645188688371952708e+02
1.685049461253532854e+02 1.690870037803337596e+02
1.730591338943576147e+02 1.736550551346642806e+02
1.776133217019963126e+02 1.782230239150409830e+02
1.821675094343239607e+02 1.827909111307325816e+02
1.867216971629259206e+02 1.873587177464796127e+02
1.912758848897369148e+02 1.919264447582351067e+02
1.958300726320436809e+02 1.964940930506820393e+02
2.003842603676261263e+02 2.010616635409905939e+02
2.049384481348508871e+02 2.056291571472273745e+02
2.094926358777081248e+02 2.101965748092164290e+02
2.140468237023034703e+02 2.147639173627327693e+02
2.186010115255224378e+02 2.193311856060596483e+02
2.231551992559789426e+02 2.238983804892915543e+02
2.277093870786373486e+02 2.284655028023572640e+02
2.322635748019673656e+02 2.330325533414096242e+02
2.368177625273043532e+02 2.375995329139976207e+02
2.413719503390241243e+02 2.421664422507940913e+02
2.459261381344790038e+02 2.467332822230652880e+02
2.504803259399725448e+02 2.513000535214621038e+02
2.550345136971807563e+02 2.558667569479765120e+02
2.595887015139495588e+02 2.604333932017293023e+02
2.641428892819612315e+02 2.649999630771195029e+02
2.686970770033923372e+02 2.695664671692898651e+02
2.732512647511332489e+02 2.741329062553721769e+02
2.778054525052195913e+02 2.786992810522563104e+02
2.823596402483916563e+02 2.832655922123358323e+02
2.869138280094985021e+02 2.878318403181459644e+02
2.914680157776056149e+02 2.923980261588234271e+02
2.960222035922031409e+02 2.969641502954143562e+02
3.005763913162951440e+02 3.015302135064908953e+02
3.051305791264798586e+02 3.060962161940102533e+02
3.096847668745757574e+02 3.106621591601070804e+02
3.142389546054606626e+02 3.152280429372799517e+02
3.187931423729529570e+02 3.197938682634963925e+02
3.233473301674312097e+02 3.243596354865183002e+02
3.279015180295521077e+02 3.289253453215599734e+02
3.324557057879158037e+02 3.334909983112181067e+02
3.370098935663580733e+02 3.380565950473508110e+02
3.415640813430275102e+02 3.426221360520167423e+02
3.461182691078113294e+02 3.471876219202367793e+02
3.506724568378160143e+02 3.517530531752162233e+02
3.552266446530166490e+02 3.563184303502347916e+02
3.597808324793212478e+02 3.608837539224670081e+02
3.643350202600363446e+02 3.654490244540688764e+02
3.688892080595850302e+02 3.700142425483506941e+02
3.734433958424573348e+02 3.745794085519213468e+02
3.779975836202967230e+02 3.791445230315526373e+02
3.825517713764702989e+02 3.837095864306854196e+02
3.871059591023283701e+02 3.882745992713101373e+02
3.916601468302542344e+02 3.928395619978020932e+02
3.962143345528359646e+02 3.974044751103961062e+02
4.007685224657379308e+02 4.019693390534301898e+02
4.053227102370898933e+02 4.065341543428364730e+02
4.098768980980148058e+02 4.110989213420969577e+02
4.144310858467914613e+02 4.156636405022916279e+02
4.189852736504075779e+02 4.202283122194329508e+02
4.235394613775880543e+02 4.247929369520600176e+02
4.280936492585658470e+02 4.293575153216278295e+02
4.326478370280694321e+02 4.339220474495195958e+02
4.372020247887825235e+02 4.384865338715806615e+02
4.417562126897869348e+02 4.430509749868647305e+02
4.463104006531591494e+02 4.476153712864694398e+02
4.508645883943341914e+02 4.521797230077545464e+02
4.554187761168335555e+02 4.567440306338700111e+02
4.599729638619903653e+02 4.613082945388651979e+02
4.645271517094360547e+02 4.658725151313842616e+02
4.690813394710107787e+02 4.704366927255147175e+02
4.736355272844797923e+02 4.750008275818501033e+02
4.781897150548173840e+02 4.795649202921759979e+02
4.827439028018791873e+02 4.841289710169560863e+02
4.872980905312944628e+02 4.886929804415738090e+02
4.918522783931458662e+02 4.932569486330570498e+02
4.964064661346172898e+02 4.978208759532757313e+02
5.009606539068568054e+02 5.023847628516131749e+02
5.055148416442358439e+02 5.069486096349661466e+02
5.100690294748483211e+02 5.115124166558995285e+02
