0.000000000000000000e+00 0.000000000000000000e+00
4.552642647288872801e+00 4.572015001457550909e+00
9.105285294805261387e+00 9.143869295471308334e+00
1.365792794349983019e+01 1.371556555680709266e+01
1.821057059459509730e+01 1.828710640186707792e+01
2.276321324235263432e+01 2.285849435816924569e+01
2.731585589096804512e+01 2.742973192843026098e+01
3.186849854358119671e+01 3.200082151836429034e+01
3.642114120779206132e+01 3.657176549204520910e+01
4.097378387285110080e+01 4.114256616263273258e+01
4.552642652228607290e+01 4.571322578732151243e+01
5.007906918703103827e+01 5.028374655411723637e+01
5.463171186298950488e+01 5.485413061290732628e+01
5.918435451261458979e+01 5.942438007022769852e+01
6.373699716947281502e+01 6.399449699348890164e+01
6.828963982075752881e+01 6.856448336841432933e+01
7.284228249277440170e+01 7.313434113318950835e+01
7.739492514570291348e+01 7.770407221630354400e+01
8.194756780604734558e+01 8.227367849823288282e+01
8.650021046792021195e+01 8.684316180937628360e+01
9.105285312917507667e+01 9.141252393062470105e+01
9.560549582461356977e+01 9.598176661532829712e+01
1.001581385235818118e+02 1.005508915824071465e+02
1.047107812181070585e+02 1.051199005282174141e+02
1.092634238714118453e+02 1.096887950667000950e+02
1.138160665653635277e+02 1.142575768074384541e+02
1.183687092197199746e+02 1.188262473142296898e+02
1.229213519057400674e+02 1.233948081591775008e+02
1.274739945774125687e+02 1.279632608405816541e+02
1.320266372505093955e+02 1.325316068029005407e+02
1.365792799051005204e+02 1.370998475116369377e+02
1.411319226309155113e+02 1.416679844038733620e+02
1.456845653151343072e+02 1.462360188620000656e+02
1.502372080126511946e+02 1.508039522346638250e+02
1.547898507390054306e+02 1.553717858858317129e+02
1.593424934001457416e+02 1.599395210718221847e+02
1.638951361330379655e+02 1.645071591048150310e+02
1.684477788395325319e+02 1.690747012428765004e+02
1.730004215045087221e+02 1.736421487286616241e+02
1.775530641690929201e+02 1.782095027360385302e+02
1.821057068245374353e+02 1.827767644612526965e+02
1.866583495712566787e+02 1.873439351100387853e+02
1.912109922698146818e+02 1.919110157590283734e+02
1.957636349746386770e+02 1.964780075750245203e+02
2.003162776412919470e+02 2.010449116251980399e+02
2.048689203818760234e+02 2.056117290061190204e+02
2.094215630518461637e+02 2.101784607602236292e+02
2.139742057410903726e+02 2.147451080116446178e+02
2.185268484319733204e+02 2.193116717054200535e+02
2.230794910919327094e+02 2.238781528581271800e+02
2.276321337779148166e+02 2.284445523965383131e+02
2.321847764417928204e+02 2.330108713285823967e+02
2.367374191285475717e+02 2.375771106017290890e+02
2.412900618772510200e+02 2.421432711227957952e+02
2.458427045912815743e+02 2.467093538824777568e+02
2.503953472692350601e+02 2.512753597394233225e+02
2.549479899904792717e+02 2.558412896032518802e+02
2.595006327813910048e+02 2.604071443471257226e+02
2.640532754821962840e+02 2.649729247416037197e+02
2.686059181666732911e+02 2.695386316814652332e+02
2.731585608260854769e+02 2.741042660851548476e+02
2.777112035125806528e+02 2.786698286480314550e+02
2.822638462729747744e+02 2.832353201266458882e+02
2.868164889690357882e+02 2.878007413802215524e+02
2.913691316741903847e+02 2.923660931523506292e+02
2.959217744719258008e+02 2.969313763105807311e+02
3.004744171421010606e+02 3.014965915602152222e+02
3.050270598725455784e+02 3.060617394694679660e+02
3.095797025413063466e+02 3.106268208913324429e+02
3.141323452072051623e+02 3.151918365531569179e+02
3.186849879098749625e+02 3.197567872281925929e+02
3.232376306394590983e+02 3.243216734674567761e+02
3.277902733329951843e+02 3.288864960398624930e+02
3.323429160315544095e+02 3.334512554879397612e+02
3.368955587404468019e+02 3.380159525645672147e+02
3.414482014524820670e+02 3.425805878260144937e+02
3.460008441488970448e+02 3.471451620150573945e+02
3.505534868339019567e+02 3.517096757232413893e+02
3.551061295089400573e+02 3.562741295053064050e+02
3.596587721754568747e+02 3.608385240662535125e+02
3.642114148908024731e+02 3.654028599603294651e+02
3.687640576226020812e+02 3.699671378915325022e+02
3.733167003401921420e+02 3.745313582774808765e+02
3.778693430530315709e+02 3.790955217417293852e+02
3.824219857531251137e+02 3.836596288336897373e+02
3.869746284136442682e+02 3.882236801292557402e+02
3.915272710765294164e+02 3.927876762387350027e+02
3.960799137467897708e+02 3.973516175678771560e+02
4.006325566015037793e+02 4.019155048421401943e+02
4.051851993068319189e+02 4.064793382875494672e+02
4.097378421073670438e+02 4.110431185389386428e+02
4.142904847790371150e+02 4.156068463453796085e+02
4.188431275288019151e+02 4.201705218656750276e+02
4.233957702845666518e+02 4.247341457809795884e+02
4.279484129964214389e+02 4.292977185964408022e+02
4.325010558638074372e+02 4.338612406234004766e+02
4.370536987151441508e+02 4.384247124333693364e+02
4.416063415326068480e+02 4.429881345535114860e+02
4.461589844284122819e+02 4.475515075324424288e+02
4.507116271508143655e+02 4.521148315718450021e+02
4.552642698135642831e+02 4.566781073499083732e+02
4.598169124693544063e+02 4.612413350399448859e+02
4.643695553143624011e+02 4.658045153058169490e+02
4.689221981097841194e+02 4.703676484622067164e+02
4.734748408418598160e+02 4.749307349381047629e+02
4.780274835820732733e+02 4.794937750767254556e+02
4.825801264482375927e+02 4.840567693880229854e+02
4.871327691757863931e+02 4.886197184087361620e+02
4.916854118342308766e+02 4.931826223502357607e+02
4.962380545166220145e+02 4.977454816428248705e+02
5.007906972560523968e+02 5.023082968101259667e+02
5.053433399234257877e+02 5.068710681318742672e+02
5.098959825985446059e+02 5.114337960572178190e+02
