0.000000000000000000e+00 0.000000000000000000e+00
4.552642647376527130e+00 4.572015002213372092e+00
9.105285294793155515e+00 9.143869296220884735e+00
1.365792794237715668e+01 1.371556555756364659e+01
1.821057059502752296e+01 1.828710640218410788e+01
2.276321324854969319e+01 2.285849435849425504e+01
2.731585591064025209e+01 2.742973191912111730e+01
3.186849856333665088e+01 3.200082150700158934e+01
3.642114121795935944e+01 3.657176548325206511e+01
4.097378388303403085e+01 4.114256615886721136e+01
4.552642653245840876e+01 4.571322578079180232e+01
5.007906919841688875e+01 5.028374655019358386e+01
5.463171186544686719e+01 5.485413060890873993e+01
5.918435453261884049e+01 5.942438006628728431e+01
6.373699720128894342e+01 6.399449697727497721e+01
6.828963985712434237e+01 6.856448334279888002e+01
7.284228251046113201e+01 7.313434110829378199e+01
7.739492516194056293e+01 7.770407219775546537e+01
8.194756782740839185e+01 8.227367847606663531e+01
8.650021048911055743e+01 8.684316180945009478e+01
9.105285315046744188e+01 9.141252395724404778e+01
9.560549584521238842e+01 9.598176665477008385e+01
1.001581385241256044e+02 1.005508916208780335e+02
1.047107811865735556e+02 1.051199005731059799e+02
1.092634238434732197e+02 1.096887950893773223e+02
1.138160664935211912e+02 1.142575768401527654e+02
1.183687091479165758e+02 1.188262473693835659e+02
1.229213518451158222e+02 1.233948082185780777e+02
1.274739945128482930e+02 1.279632608811000978e+02
1.320266371867650719e+02 1.325316068619866030e+02
1.365792798550144767e+02 1.370998476054298010e+02
1.411319225105814894e+02 1.416679844966633937e+02
1.456845652021967794e+02 1.462360189581217753e+02
1.502372078984862185e+02 1.508039523399499444e+02
1.547898505473342539e+02 1.553717859315918872e+02
1.593424932456022702e+02 1.599395211253510354e+02
1.638951359520964672e+02 1.645071591685643568e+02
1.684477786331320317e+02 1.690747013111330546e+02
1.730004213003061295e+02 1.736421487882639667e+02
1.775530639904609416e+02 1.782095027930396043e+02
1.821057067269031222e+02 1.827767645080299417e+02
1.866583493989614908e+02 1.873439351239011899e+02
1.912109920617849355e+02 1.919110157716455092e+02
1.957636347421230880e+02 1.964780075771496115e+02
2.003162774886579882e+02 2.010449116451300142e+02
2.048689201558250659e+02 2.056117290421019561e+02
2.094215628275969152e+02 2.101784608161039500e+02
2.139742054869762455e+02 2.147451080591092705e+02
2.185268481477836531e+02 2.193116717389411860e+02
2.230794908143979569e+02 2.238781528764697555e+02
2.276321335794778520e+02 2.284445524185832141e+02
2.321847762422821688e+02 2.330108713753954817e+02
2.367374189061084735e+02 2.375771107070981998e+02
2.412900616547476034e+02 2.421432712967937277e+02
2.458427043094181670e+02 2.467093540764161901e+02
2.503953470590097652e+02 2.512753600130646987e+02
2.549479897509239379e+02 2.558412898641200286e+02
2.595006325395499971e+02 2.604071445972879246e+02
2.640532752431992662e+02 2.649729250426212843e+02
2.686059179200815947e+02 2.695386319823516033e+02
2.731585605752667334e+02 2.741042663943661637e+02
2.777112032291507262e+02 2.786698289512930273e+02
2.822638459375543789e+02 2.832353204697658384e+02
2.868164886337842745e+02 2.878007418332538805e+02
2.913691313512451870e+02 2.923660936804789117e+02
2.959217741484782778e+02 2.969313767879018542e+02
3.004744168455841873e+02 3.014965920272928770e+02
3.050270595086266781e+02 3.060617399315962075e+02
3.095797021773486222e+02 3.106268213560153981e+02
3.141323448434545753e+02 3.151918371052504426e+02
3.186849875461110742e+02 3.197567876559264732e+02
3.232376302769783933e+02 3.243216738899209304e+02
3.277902730159906923e+02 3.288864964206761670e+02
3.323429157115483576e+02 3.334512558293303073e+02
3.368955584061779405e+02 3.380159528695858739e+02
3.414482011181673329e+02 3.425805881565672166e+02
3.460008438145652008e+02 3.471451624710473993e+02
3.505534865336261987e+02 3.517096762849836296e+02
3.551061292858516936e+02 3.562741301117991952e+02
3.596587719519952770e+02 3.608385246673752249e+02
3.642114146674967969e+02 3.654028605577528310e+02
3.687640573974128415e+02 3.699671384495775328e+02
3.733167001153167348e+02 3.745313588308633257e+02
3.778693428281870865e+02 3.790955222885544345e+02
3.824219855291578369e+02 3.836596293803695517e+02
3.869746282269749145e+02 3.882236806723736890e+02
3.915272709273667715e+02 3.927876766637192532e+02
3.960799135980846586e+02 3.973516180506667865e+02
4.006325564530695829e+02 4.019155052652870381e+02
4.051851991588249007e+02 4.064793388125317506e+02
4.097378419234690909e+02 4.110431190828950321e+02
4.142904847830850485e+02 4.156068468860639769e+02
4.188431274778878901e+02 4.201705224216997294e+02
4.233957702126640470e+02 4.247341463157229100e+02
4.279484130827629542e+02 4.292977191554840033e+02
4.325010558436201791e+02 4.338612412202096493e+02
4.370536985114550248e+02 4.384247130104608345e+02
4.416063413290775088e+02 4.429881350530525879e+02
4.461589842253903271e+02 4.475515079242298953e+02
4.507116270107368337e+02 4.521148319712908688e+02
4.552642696658764407e+02 4.566781075659840781e+02
4.598169123250597750e+02 4.612413353212524498e+02
4.643695551431545141e+02 4.658045155934472632e+02
4.689221978549869050e+02 4.703676487350104480e+02
4.734748405847591357e+02 4.749307352839354053e+02
4.780274835032823262e+02 4.794937755132909842e+02
4.825801263696123442e+02 4.840567699737732710e+02
4.871327690976145277e+02 4.886197189848643347e+02
4.916854117610797630e+02 4.931826230391667423e+02
4.962380544819499164e+02 4.977454824830969642e+02
5.007906972207424587e+02 5.023082976445400050e+02
5.053433398899849180e+02 5.068710690145113631e+02
5.098959825651783149e+02 5.114337968096627947e+02
