0.000000000000000000e+00 0.000000000000000000e+00
4.552642647102387308e+00 4.572015001280874458e+00
9.105285294595706347e+00 9.143869295296575217e+00
1.365792794221831308e+01 1.371556555663722321e+01
1.821057059222878749e+01 1.828710639336968313e+01
2.276321324569763505e+01 2.285849434971563454e+01
2.731585589710605788e+01 2.742973192006137850e+01
3.186849855109112895e+01 3.200082150824038507e+01
3.642114121530033799e+01 3.657176548429205809e+01
4.097378388035610186e+01 4.114256615679521900e+01
4.552642652922335742e+01 4.571322578333182207e+01
5.007906919414110547e+01 5.028374655247046121e+01
5.463171186145164171e+01 5.485413060969477783e+01
5.918435453348664055e+01 5.942438006702697351e+01
6.373699718779391787e+01 6.399449697405428594e+01
6.828963985786053570e+01 6.856448332325217621e+01
7.284228254317805806e+01 7.313434109019544849e+01
7.739492522122867513e+01 7.770407220347114219e+01
8.194756788184525931e+01 8.227367847632973508e+01
8.650021054361026529e+01 8.684316178672753495e+01
9.105285320501687352e+01 9.141252390827031604e+01
9.560549590079034488e+01 9.598176659413948641e+01
1.001581385606186529e+02 1.005508915802081731e+02
1.047107812207781024e+02 1.051199005174125745e+02
1.092634238776318227e+02 1.096887950653598409e+02
1.138160665477241906e+02 1.142575768239541105e+02
1.183687092189155408e+02 1.188262473347736545e+02
1.229213519054296739e+02 1.233948081625771209e+02
1.274739946129832333e+02 1.279632608439881807e+02
1.320266372862611775e+02 1.325316067992906142e+02
1.365792799518602578e+02 1.370998475341326639e+02
1.411319226160248945e+02 1.416679844265581210e+02
1.456845652688330688e+02 1.462360189003876201e+02
1.502372079650695298e+02 1.508039522682254869e+02
1.547898506298909354e+02 1.553717859088623072e+02
1.593424932927412954e+02 1.599395211276887778e+02
1.638951360273071884e+02 1.645071591564272921e+02
1.684477787007054417e+02 1.690747012938232956e+02
1.730004213953139924e+02 1.736421487785437989e+02
1.775530640807565987e+02 1.782095028106658958e+02
1.821057067616072800e+02 1.827767645330586674e+02
1.866583494252288631e+02 1.873439351672186319e+02
1.912109921220502713e+02 1.919110157894306781e+02
1.957636348026975952e+02 1.964780075884032726e+02
2.003162774820473828e+02 2.010449116368054661e+02
2.048689202318000753e+02 2.056117290212565649e+02
2.094215629879680591e+02 2.101784607972538765e+02
2.139742056792694029e+02 2.147451080017528682e+02
2.185268483502573815e+02 2.193116716336767809e+02
2.230794910918293112e+02 2.238781527654631134e+02
2.276321337706738746e+02 2.284445523329260936e+02
2.321847765368741250e+02 2.330108713262019080e+02
2.367374192029633377e+02 2.375771106489416979e+02
2.412900619426026765e+02 2.421432712780070915e+02
2.458427046065822879e+02 2.467093540801404004e+02
2.503953472620377738e+02 2.512753599494756713e+02
2.549479899539895769e+02 2.558412898074455200e+02
2.595006327443509804e+02 2.604071445448180384e+02
2.640532754462652747e+02 2.649729250359803814e+02
2.686059181237854432e+02 2.695386319715364607e+02
2.731585608003824746e+02 2.741042663737088674e+02
2.777112035914266244e+02 2.786698289316991577e+02
2.822638463097503063e+02 2.832353204811165597e+02
2.868164890068834438e+02 2.878007417635708407e+02
2.913691317110371983e+02 2.923660936277938163e+02
2.959217745088132006e+02 2.969313767286061534e+02
3.004744171842477272e+02 3.014965919887671362e+02
3.050270598473488803e+02 3.060617399234166669e+02
3.095797025161004967e+02 3.106268213814980754e+02
3.141323451855708981e+02 3.151918370341396667e+02
3.186849878881950531e+02 3.197567876204320783e+02
3.232376306189713659e+02 3.243216738159784995e+02
3.277902733120499192e+02 3.288864964171352767e+02
3.323429160105868050e+02 3.334512559752121774e+02
3.368955587170215153e+02 3.380159530491730493e+02
3.414482014292992744e+02 3.425805884130107302e+02
3.460008441259766414e+02 3.471451625987378407e+02
3.505534869076360565e+02 3.517096763151541268e+02
3.551061295903166410e+02 3.562741302786847655e+02
3.596587722565764125e+02 3.608385248315332205e+02
3.642114149720268870e+02 3.654028607923121399e+02
3.687640577074105863e+02 3.699671386794659611e+02
3.733167004252004517e+02 3.745313590779371111e+02
3.778693431380685297e+02 3.790955226046788766e+02
3.824219859076571311e+02 3.836596296968259026e+02
3.869746285681706581e+02 3.882236809893299778e+02
3.915272712628130307e+02 3.927876770815541931e+02
3.960799139205507799e+02 3.973516184101891326e+02
4.006325567724469465e+02 4.019155054958839628e+02
4.051851994782030033e+02 4.064793389980218308e+02
4.097378422781719678e+02 4.110431194517281028e+02
4.142904849498372073e+02 4.156068472542254995e+02
4.188431276075612004e+02 4.201705229009475033e+02
4.233957703052910233e+02 4.247341467707732363e+02
4.279484131786772423e+02 4.292977195703232383e+02
4.325010560700267774e+02 4.338612416332157409e+02
4.370536987428255884e+02 4.384247135097799060e+02
4.416063415602757800e+02 4.429881355773951555e+02
4.461589844560605798e+02 4.475515085160184299e+02
4.507116271108212686e+02 4.521148326208890467e+02
4.552642700008873362e+02 4.566781082087809409e+02
4.598169128732761237e+02 4.612413358748896712e+02
4.643695555291014898e+02 4.658045161982042828e+02
4.689221981951388898e+02 4.703676493484520620e+02
4.734748410898378097e+02 4.749307358232471756e+02
4.780274839923385457e+02 4.794937761495647237e+02
4.825801268586988044e+02 4.840567704842248986e+02
4.871327695857940512e+02 4.886197193602741891e+02
4.916854124572925571e+02 4.931826232736798374e+02
4.962380551101704782e+02 4.977454825689222275e+02
5.007906978498879198e+02 5.023082977221303054e+02
5.053433405172265793e+02 5.068710691061968419e+02
5.098959832397349601e+02 5.114337968846423337e+02
