0.000000000000000000e+00 0.000000000000000000e+00
4.552642647194431902e+00 4.572015001443439530e+00
9.105285294665094398e+00 9.143869295458543434e+00
1.365792794230838325e+01 1.371556555679795508e+01
1.821057059068682804e+01 1.828710640028965884e+01
2.276321324424250037e+01 2.285849435659061157e+01
2.731585589641076695e+01 2.742973192690418927e+01
3.186849854910529345e+01 3.200082151695579569e+01
3.642114121331720611e+01 3.657176550548063432e+01
4.097378387870727323e+01 4.114256617432086927e+01
4.552642652726487427e+01 4.571322579696277444e+01
5.007906919250847011e+01 5.028374656407279986e+01
5.463171186414464131e+01 5.485413063075291262e+01
5.918435451426331895e+01 5.942438009379967667e+01
6.373699716680889793e+01 6.399449700601275026e+01
6.828963984148342092e+01 6.856448336362937823e+01
7.284228252136526294e+01 7.313434113055822650e+01
7.739492517717846454e+01 7.770407223839626454e+01
8.194756783753183527e+01 8.227367851582050662e+01
8.650021049943022433e+01 8.684316183761055186e+01
9.105285315127784429e+01 9.141252398347633346e+01
9.560549584631689868e+01 9.598176670213703687e+01
1.001581385109514173e+02 1.005508917023235966e+02
1.047107811902096444e+02 1.051199006552306798e+02
1.092634238524903481e+02 1.096887951926277793e+02
1.138160665259756286e+02 1.142575769311193454e+02
1.183687091825713082e+02 1.188262474533780590e+02
1.229213518751796386e+02 1.233948083039614119e+02
1.274739945481180570e+02 1.279632609616961503e+02
1.320266372471806449e+02 1.325316069228916831e+02
1.365792799653338534e+02 1.370998476563142958e+02
1.411319226577236634e+02 1.416679845707173513e+02
1.456845653505600353e+02 1.462360190478485720e+02
1.502372080492852433e+02 1.508039524349879628e+02
1.547898507593502586e+02 1.553717860841213962e+02
1.593424934364203409e+02 1.599395212865284748e+02
1.638951360940396285e+02 1.645071593227596907e+02
1.684477788197752659e+02 1.690747014231249352e+02
1.730004214806067466e+02 1.736421488769384496e+02
1.775530641453455587e+02 1.782095028791926268e+02
1.821057068083815977e+02 1.827767646270752380e+02
1.866583495044872620e+02 1.873439352418266708e+02
1.912109922494702516e+02 1.919110158904219361e+02
1.957636349678053307e+02 1.964780076677131433e+02
2.003162776395429034e+02 2.010449117621130313e+02
2.048689202978531796e+02 2.056117291790976651e+02
2.094215629584772103e+02 2.101784609492272011e+02
2.139742056419046889e+02 2.147451081611302470e+02
2.185268483005866926e+02 2.193116718513874162e+02
2.230794909565609601e+02 2.238781529383712154e+02
2.276321336170734355e+02 2.284445524962407603e+02
2.321847763842547181e+02 2.330108714296429184e+02
2.367374190720153422e+02 2.375771106873774841e+02
2.412900618214392239e+02 2.421432712635524354e+02
2.458427044953353970e+02 2.467093540775273368e+02
2.503953471508943949e+02 2.512753599465813750e+02
2.549479898073524282e+02 2.558412897956908125e+02
2.595006325978274617e+02 2.604071445714245669e+02
2.640532752996739987e+02 2.649729250487914101e+02
2.686059179734760960e+02 2.695386319615340653e+02
2.731585606286988650e+02 2.741042663621027486e+02
2.777112033544912606e+02 2.786698289198912448e+02
2.822638461445077382e+02 2.832353204914026037e+02
2.868164888595165394e+02 2.878007417213332246e+02
2.913691315642137170e+02 2.923660936227256570e+02
2.959217743617792848e+02 2.969313767986187713e+02
3.004744170618723729e+02 3.014965920510215938e+02
3.050270597249941602e+02 3.060617399574349520e+02
3.095797024078973436e+02 3.106268213714546391e+02
3.141323450739884038e+02 3.151918371291420726e+02
3.186849877766537134e+02 3.197567878305633826e+02
3.232376305082183308e+02 3.243216740214116953e+02
3.277902732030801189e+02 3.288864964977769318e+02
3.323429159016051244e+02 3.334512559426443659e+02
3.368955586152430897e+02 3.380159529858416931e+02
3.414482013274267729e+02 3.425805882972286440e+02
3.460008440239962511e+02 3.471451624830622222e+02
3.505534867451984837e+02 3.517096761867088048e+02
3.551061295495700847e+02 3.562741301634952151e+02
3.596587723837457133e+02 3.608385247194352132e+02
3.642114150995037107e+02 3.654028606085233832e+02
3.687640578315560447e+02 3.699671384549389472e+02
3.733167005487881625e+02 3.745313588384866534e+02
3.778693432616692007e+02 3.790955222799693161e+02
3.824219859646359509e+02 3.836596293695042164e+02
3.869746286914943312e+02 3.882236806640293025e+02
3.915272714189493399e+02 3.927876766673539919e+02
3.960799141230249347e+02 3.973516180952232162e+02
4.006325569522167598e+02 4.019155052382150757e+02
4.051851996580077184e+02 4.064793386647874058e+02
4.097378425299358469e+02 4.110431190883618910e+02
4.142904852154160267e+02 4.156068468945045424e+02
4.188431279297948322e+02 4.201705224681102777e+02
4.233957706317283964e+02 4.247341463843314386e+02
4.279484133197697133e+02 4.292977191474335541e+02
4.325010560536361481e+02 4.338612412130229359e+02
4.370536987216737543e+02 4.384247130904255982e+02
4.416063415392252978e+02 4.429881353137873816e+02
4.461589844351819920e+02 4.475515082492009924e+02
4.507116273271926161e+02 4.521148322818699512e+02
4.552642700379437883e+02 4.566781078701230285e+02
4.598169127067270665e+02 4.612413355875049774e+02
4.643695554282126068e+02 4.658045159023262158e+02
4.689221981398587786e+02 4.703676490443547209e+02
4.734748408719963209e+02 4.749307355660619123e+02
4.780274837906907806e+02 4.794937757954995732e+02
4.825801266569022232e+02 4.840567700897976806e+02
4.871327693841361679e+02 4.886197191071784118e+02
4.916854121531437158e+02 4.931826229785195892e+02
4.962380550671852006e+02 4.977454824122431774e+02
5.007906978067263708e+02 5.023082975788063891e+02
5.053433404741532513e+02 5.068710688618954237e+02
5.098959831492890089e+02 5.114337967147254176e+02
