0.000000000000000000e+00 0.000000000000000000e+00
4.554187712268795707e+00 4.572015000353686354e+00
9.108375424837353407e+00 9.143892868214123837e+00
1.366256313755331320e+01 1.371563572277453247e+01
1.821675085608115552e+01 1.828724563416366422e+01
2.277093857467689730e+01 2.285872462619709466e+01
2.732512628827141299e+01 2.743007467707117542e+01
3.187931400746708732e+01 3.200129773122193910e+01
3.643350172663524944e+01 3.657239565752605159e+01
4.098768945687832854e+01 4.114337030655165250e+01
4.554187717049491368e+01 4.571422349399472296e+01
5.009606490035746162e+01 5.028495697721544389e+01
5.465025263232744379e+01 5.485557248998878777e+01
5.920444037704920248e+01 5.942607172599475973e+01
6.375862809016322785e+01 6.399645634009476680e+01
6.831281581932530855e+01 6.856672794875346710e+01
7.286700354324807449e+01 7.313688815117555464e+01
7.742119126828703202e+01 7.770693846896938339e+01
8.197537899384496995e+01 8.227688045753131973e+01
8.652956672050524389e+01 8.684671559105406402e+01
9.108375444697185230e+01 9.141644529455757606e+01
9.563794220713586469e+01 9.598607101609393055e+01
1.001921299270420889e+02 1.005555941689830917e+02
1.047463176465951165e+02 1.051250161229597779e+02
1.093005053687246857e+02 1.096943382168678625e+02
1.138546930903948606e+02 1.142635617719132313e+02
1.184088808097510537e+02 1.188326880821159932e+02
1.229630685592399004e+02 1.234017183933788431e+02
1.275172562960185019e+02 1.279706539558572729e+02
1.320714440216117680e+02 1.325394959880701435e+02
1.366256317363483390e+02 1.371082456982746862e+02
1.411798194561200148e+02 1.416769042315454499e+02
1.457340072139529923e+02 1.462454727229822993e+02
1.502881949778958415e+02 1.508139523571468033e+02
1.548423827079780892e+02 1.553823442257780130e+02
1.593965704460848087e+02 1.599506493516755086e+02
1.639507581754800754e+02 1.645188688826353882e+02
1.685049459738496580e+02 1.690870037561286381e+02
1.730591337209456810e+02 1.736550551103047155e+02
1.776133214507124762e+02 1.782230239473261122e+02
1.821675091838739036e+02 1.827909111823402384e+02
1.867216969102451571e+02 1.873587178575592702e+02
1.912758846613886590e+02 1.919264448253547641e+02
1.958300724044235324e+02 1.964940931425347230e+02
2.003842601302881690e+02 2.010616636839391163e+02
2.049384478684477244e+02 2.056291573533325163e+02
2.094926355854616133e+02 2.101965749940918329e+02
2.140468234130861447e+02 2.147639175602572550e+02
2.186010111515064978e+02 2.193311858373157861e+02
2.231551989653153782e+02 2.238983806927835190e+02
2.277093866884716817e+02 2.284655029263331016e+02
2.322635744744531507e+02 2.330325534511044623e+02
2.368177621964854893e+02 2.375995329335111137e+02
2.413719499069255221e+02 2.421664423245467219e+02
2.459261376410212847e+02 2.467332822168060034e+02
2.504803253848131135e+02 2.513000535121988150e+02
2.550345131420434086e+02 2.558667569130313382e+02
2.595887009848910338e+02 2.604333932247628809e+02
2.641428887556277232e+02 2.649999630137192526e+02
2.686970764826202185e+02 2.695664671156466170e+02
2.732512642059822952e+02 2.741329061732975561e+02
2.778054520115504147e+02 2.786992809680123742e+02
2.823596397303094818e+02 2.832655921260811738e+02
2.869138274913433406e+02 2.878318402309006387e+02
2.914680152593391540e+02 2.923980260228732959e+02
2.960222030744903350e+02 2.969641502885534692e+02
3.005763908597359659e+02 3.015302135021909180e+02
3.051305785811169358e+02 3.060962161879148198e+02
3.096847663933027661e+02 3.106621590978123209e+02
3.142389541244845077e+02 3.152280428425358423e+02
3.187931418921250497e+02 3.197938680041094131e+02
3.233473296869974547e+02 3.243596352647564345e+02
3.279015174484325144e+02 3.289253450804235399e+02
3.324557052090664229e+02 3.334909980675735142e+02
3.370098929875111367e+02 3.380565948913743455e+02
3.415640807643503649e+02 3.426221359591471582e+02
3.461182685291772714e+02 3.471876218344796712e+02
3.506724563990392198e+02 3.517530531567733760e+02
3.552266441832168766e+02 3.563184303049089863e+02
3.597808319572375240e+02 3.608837538781826879e+02
3.643350197380241298e+02 3.654490245604811207e+02
3.688892075376868434e+02 3.700142425961792014e+02
3.734433953707571163e+02 3.745794085965646900e+02
3.779975831485572826e+02 3.791445230728478464e+02
3.825517709028031277e+02 3.837095864740660431e+02
3.871059586699049078e+02 3.882745994240746086e+02
3.916601463978338984e+02 3.928395622028348271e+02
3.962143341442790074e+02 3.974044753008626003e+02
4.007685220578421195e+02 4.019693392668731349e+02
4.053227098283201144e+02 4.065341545435057924e+02
4.098768976920985097e+02 4.110989214024511966e+02
4.144310854289827262e+02 4.156636406161318291e+02
4.189852731567890487e+02 4.202283123243709042e+02
4.235394610098587691e+02 4.247929370417061250e+02
4.280936487603088381e+02 4.293575153354281611e+02
4.326478366372506343e+02 4.339220474177466826e+02
4.372020245691800255e+02 4.384865339234120825e+02
4.417562124565072281e+02 4.430509749820157595e+02
4.463104004194626668e+02 4.476153712293369153e+02
4.508645881460905116e+02 4.521797229903951347e+02
4.554187758955892491e+02 4.567440306765315654e+02
4.599729637633570292e+02 4.613082945019191357e+02
4.645271516966103604e+02 4.658725149728489896e+02
4.690813394588867027e+02 4.704366925489706546e+02
4.736355272577903861e+02 4.750008275732926677e+02
4.781897152425479476e+02 4.795649202293790268e+02
4.827439029899458092e+02 4.841289711509920721e+02
4.872980907805753077e+02 4.886929804846516845e+02
4.918522786315936060e+02 4.932569485560013050e+02
4.964064663729649283e+02 4.978208758399948124e+02
5.009606541644435538e+02 5.023847627376133573e+02
5.055148419796284998e+02 5.069486093812581657e+02
5.100690297429671318e+02 5.115124163711658412e+02
