0.000000000000000000e+00 0.000000000000000000e+00
4.552642647283160038e+00 4.572015001324804651e+00
9.105285294792068385e+00 9.143869295341648495e+00
1.365792794243394681e+01 1.371556555668240662e+01
1.821057059814100754e+01 1.828710639343323052e+01
2.276321325157108433e+01 2.285849434984666573e+01
2.731585590374941575e+01 2.742973191194377947e+01
3.186849855731211889e+01 3.200082150989891261e+01
3.642114122152717925e+01 3.657176548846068442e+01
4.097378386963082164e+01 4.114256616566605373e+01
4.552642651908234228e+01 4.571322579055504320e+01
5.007906918385052819e+01 5.028374655833964368e+01
5.463171185098422455e+01 5.485413061847495442e+01
5.918435450060925263e+01 5.942438007570785885e+01
6.373699715755397222e+01 6.399449697360629585e+01
6.828963980838456393e+01 6.856448332902617437e+01
7.284228246720863353e+01 7.313434109405125128e+01
7.739492514049240413e+01 7.770407219023337575e+01
8.194756781401360968e+01 8.227367846783255345e+01
8.650021047579485867e+01 8.684316177866818975e+01
9.105285316238496307e+01 9.141252393028733536e+01
9.560549585790059268e+01 9.598176661354338535e+01
1.001581385098440080e+02 1.005508915735927644e+02
1.047107812083570479e+02 1.051199004906266339e+02
1.092634238660286741e+02 1.096887950293176459e+02
1.138160665539518988e+02 1.142575767688096420e+02
1.183687092598314905e+02 1.188262473171177618e+02
1.229213519493011972e+02 1.233948081446640970e+02
1.274739946215218254e+02 1.279632608043668398e+02
1.320266372973921989e+02 1.325316067875186832e+02
1.365792800119790513e+02 1.370998475222702382e+02
1.411319227369986606e+02 1.416679844151512953e+02
1.456845654222408655e+02 1.462360188924518525e+02
1.502372081195952092e+02 1.508039522779002652e+02
1.547898507845664540e+02 1.553717859252394646e+02
1.593424934988481141e+02 1.599395211187236328e+02
1.638951361632767600e+02 1.645071591520818401e+02
1.684477788536996741e+02 1.690747012448338751e+02
1.730004215905464662e+02 1.736421487404321056e+02
1.775530642654897804e+02 1.782095027326556078e+02
1.821057070093779089e+02 1.827767644391387876e+02
1.866583496729930971e+02 1.873439350563043604e+02
1.912109923598451360e+02 1.919110157069757747e+02
1.957636350222105648e+02 1.964780074877882043e+02
2.003162776973720440e+02 2.010449115539888396e+02
2.048689203487778627e+02 2.056117289366030150e+02
2.094215630489088653e+02 2.101784607618102996e+02
2.139742057086176317e+02 2.147451079717497464e+02
2.185268483969816202e+02 2.193116716182698838e+02
2.230794911237260294e+02 2.238781527534197267e+02
2.276321337853882483e+02 2.284445522833911468e+02
2.321847764545068742e+02 2.330108712676361051e+02
2.367374191476025658e+02 2.375771105839494055e+02
2.412900618965838646e+02 2.421432712239500802e+02
2.458427045512482039e+02 2.467093539597653375e+02
2.503953472162759795e+02 2.512753597838246833e+02
2.549479899079208849e+02 2.558412896439608062e+02
2.595006326985203486e+02 2.604071443506446144e+02
2.640532754004531739e+02 2.649729247503727265e+02
2.686059180570126728e+02 2.695386316892241325e+02
2.731585607566167937e+02 2.741042661185367137e+02
2.777112035579862095e+02 2.786698286079766262e+02
2.822638463481835061e+02 2.832353201600311650e+02
2.868164890441217949e+02 2.878007414999370894e+02
2.913691317482259251e+02 2.923660933818989633e+02
2.959217745460387050e+02 2.969313764737599968e+02
3.004744172052364775e+02 3.014965917224429859e+02
3.050270598682963055e+02 3.060617396287221936e+02
3.095797025369307107e+02 3.106268210531693512e+02
3.141323452030185308e+02 3.151918368133741524e+02
3.186849879056439931e+02 3.197567874695899945e+02
3.232376306293606376e+02 3.243216737805457797e+02
3.277902733460329614e+02 3.288864963855453425e+02
3.323429160445663797e+02 3.334512558320704443e+02
3.368955587576589323e+02 3.380159528765973391e+02
3.414482014698120338e+02 3.425805881718330284e+02
3.460008441665320333e+02 3.471451623638093906e+02
3.505534868314185246e+02 3.517096760751859392e+02
3.551061294962568695e+02 3.562741298551501927e+02
3.596587723273598840e+02 3.608385245335042555e+02
3.642114150566984563e+02 3.654028604567545244e+02
3.687640577918720055e+02 3.699671383034550445e+02
3.733167005095980926e+02 3.745313586877312559e+02
3.778693431893644288e+02 3.790955221503745634e+02
3.824219859205973080e+02 3.836596292389830296e+02
3.869746287496787431e+02 3.882236805342595289e+02
3.915272714125645166e+02 3.927876765898307667e+02
3.960799140702673640e+02 3.973516179679212428e+02
4.006325569262013460e+02 4.019155050803050813e+02
4.051851996320668832e+02 4.064793386166816163e+02
4.097378424327479252e+02 4.110431190740115426e+02
4.142904853112867727e+02 4.156068468719910811e+02
4.188431279850964870e+02 4.201705225038413118e+02
4.233957707216052313e+02 4.247341464259545774e+02
4.279484134079859246e+02 4.292977192314926356e+02
4.325010560739335119e+02 4.338612413358621893e+02
4.370536989440098523e+02 4.384247132265359710e+02
4.416063417613156616e+02 4.429881352987619039e+02
4.461589846565535709e+02 4.475515082600924188e+02
4.507116274300731789e+02 4.521148324127563001e+02
4.552642703132839301e+02 4.566781080739853564e+02
4.598169129690733143e+02 4.612413357414459938e+02
4.643695558760857693e+02 4.658045158497710645e+02
4.689221985878341457e+02 4.703676490813760438e+02
4.734748413190133078e+02 4.749307356859501965e+02
4.780274842375537219e+02 4.794937759188644577e+02
4.825801271035942364e+02 4.840567702512154824e+02
4.871327699042094537e+02 4.886197193971370325e+02
4.916854128209969303e+02 4.931826235132804186e+02
4.962380555687784636e+02 4.977454829950952444e+02
5.007906983083533987e+02 5.023082981605444388e+02
5.053433410879600842e+02 5.068710694805209869e+02
5.098959837631022083e+02 5.114337973265617734e+02
