0.000000000000000000e+00 0.000000000000000000e+00
3.659867975660552109e+00 3.775359257652757705e+00
7.319735955013362272e+00 7.545068612008859255e+00
1.097960393806290824e+01 1.130965412282644422e+01
1.463947192378879336e+01 1.506957212735963658e+01
1.829933991289995987e+01 1.882522093938702312e+01
2.195920790324122862e+01 2.257695022242373994e+01
2.561907589687225340e+01 2.632506865257359152e+01
2.927894390474869368e+01 3.006984987579094692e+01
3.293881191064792802e+01 3.381153780673103881e+01
3.659867992342226728e+01 3.755035055496843199e+01
4.025854794958915761e+01 4.128648408641325318e+01
4.391841597378606821e+01 4.502011501257922532e+01
4.757828399103527772e+01 4.875140314132588770e+01
5.123815197101029639e+01 5.248049335377714897e+01
5.489801998921150528e+01 5.620751765346620488e+01
5.855788798654042182e+01 5.993259650023875906e+01
