0.000000000000000000e+00 0.000000000000000000e+00
3.657369617463585243e+00 3.775359257745765085e+00
7.314739238618173545e+00 7.544832447664786557e+00
1.097210886349280656e+01 1.130897770038726691e+01
1.462947849085412599e+01 1.506827790062714456e+01
1.828684812162732953e+01 1.882315348974351821e+01
2.194421775417838205e+01 2.257397277367356736e+01
2.560158738965669301e+01 2.632106017191050995e+01
2.925895701486061284e+01 3.006470278033712873e+01
3.291632665410266156e+01 3.380515602433179367e+01
3.657369629822490253e+01 3.754264798341249332e+01
4.023106593486357951e+01 4.127738321571294478e+01
4.388843556683374914e+01 4.500954580512345871e+01
4.754580519734277999e+01 4.873930208529932173e+01
5.120317482703744361e+01 5.246680279142459824e+01
5.486054445916357025e+01 5.619218505983822354e+01
5.851791414034993721e+01 5.991557371366920393e+01
