0.000000000000000000e+00 0.000000000000000000e+00
4.733857369677687110e+00 4.751073842421928539e+00
9.467714738917161199e+00 9.502022158911010763e+00
1.420157210952487503e+01 1.425284678520956660e+01
1.893542948088477829e+01 1.900354951868996523e+01
2.366928685049391490e+01 2.375413211049934148e+01
2.840314423161373725e+01 2.850459628721903727e+01
3.313700160204314926e+01 3.325494372208221705e+01
3.787085897703177295e+01 3.800517607275597243e+01
4.260471634818516407e+01 4.275529494642272255e+01
4.733857373778218403e+01 4.750530191292504867e+01
5.207243111985674489e+01 5.225519853674652637e+01
5.680628850045484057e+01 5.700498630973738301e+01
6.154014587811852266e+01 6.175466674536244227e+01
6.627400325618370402e+01 6.650424128084861763e+01
7.100786063537337611e+01 7.125371133877335694e+01
7.574171801796521208e+01 7.600307827598891208e+01
8.047557539219242528e+01 8.075234352137158567e+01
8.520943278672922361e+01 8.550150836916122898e+01
8.994329015639414138e+01 9.025057416180075620e+01
9.467714754262503618e+01 9.499954216324101708e+01
9.941100494520463826e+01 9.974841365338414789e+01
1.041448623591919613e+02 1.044971898559447254e+02
1.088787197650883201e+02 1.092458719673520449e+02
1.136125771705185912e+02 1.139944612146112490e+02
1.183464345501103736e+02 1.187429587332707683e+02
1.230802919293432183e+02 1.234913657132156857e+02
1.278141493407869120e+02 1.282396832369824438e+02
1.325480067393269508e+02 1.329879124396523764e+02
1.372818641344238131e+02 1.377360543797921650e+02
1.420157215383794096e+02 1.424841101618075072e+02
1.467495789376886250e+02 1.472320807881030760e+02
1.514834363124767833e+02 1.519799673120608645e+02
1.562172937222024132e+02 1.567277707098517112e+02
1.609511511618948703e+02 1.614754919849954149e+02
1.656850085938249890e+02 1.662231321103973016e+02
1.704188659747500765e+02 1.709706920364663461e+02
1.751527234013550469e+02 1.757181727601449097e+02
1.798865808377062478e+02 1.804655750925619486e+02
1.846204382389774423e+02 1.852129000004889576e+02
1.893542956447892038e+02 1.899601483626843503e+02
1.940881530567207847e+02 1.947073210333738871e+02
1.988220104526012051e+02 1.994544188950093258e+02
2.035558678452611048e+02 2.042014427816363593e+02
2.082897252339229510e+02 2.089483936124830734e+02
2.130235826211350911e+02 2.136952720638365690e+02
2.177574400249238806e+02 2.184420789843752857e+02
2.224912974469093285e+02 2.231888152271422996e+02
2.272251548340146883e+02 2.279354814708616743e+02
2.319590122304482520e+02 2.326820785771723195e+02
2.366928696975896571e+02 2.374286071978758059e+02
2.414267270836077159e+02 2.421750680864775518e+02
2.461605845138193445e+02 2.469214620428891180e+02
2.508944419260499217e+02 2.516677897697890671e+02
2.556282993436732340e+02 2.564140518992296052e+02
2.603621568221219036e+02 2.611602491990162207e+02
2.650960142270860160e+02 2.659063823171532022e+02
2.698298717063589720e+02 2.706524520013902020e+02
2.745637291530134121e+02 2.753984587598947655e+02
2.792975866399965525e+02 2.801444033454165492e+02
2.840314440745189017e+02 2.848902863960007608e+02
2.887653015156579954e+02 2.896361085451932240e+02
2.934991589305334401e+02 2.943818703649675399e+02
2.982330164399630803e+02 2.991275725053565111e+02
3.029668738284367464e+02 3.038732155690123591e+02
3.077007312090150890e+02 3.086188001360936823e+02
3.124345886121959666e+02 3.133643266914957053e+02
3.171684460002575747e+02 3.181097959247524614e+02
3.219023034764567797e+02 3.228552084262480548e+02
3.266361608695744962e+02 3.276005647208553455e+02
3.313700182520360613e+02 3.323458653075747407e+02
3.361038756346479204e+02 3.370911107107571070e+02
3.408377331228711569e+02 3.418363015886199605e+02
3.455715905166281914e+02 3.465814383526571874e+02
3.503054480296562474e+02 3.513265216338983237e+02
3.550393055094162946e+02 3.560715517322171877e+02
3.597731630226407447e+02 3.608165292922637946e+02
3.645070204060783681e+02 3.655614548725888540e+02
3.692408777896182528e+02 3.703063288480497022e+02
3.739747351731879235e+02 3.750511518499807835e+02
3.787085925664904380e+02 3.797959242958152117e+02
3.834424500036082577e+02 3.845406465266211171e+02
3.881763074341050697e+02 3.892853190406796671e+02
3.929101648936756419e+02 3.940299424094212668e+02
3.976440223485921592e+02 3.987745169917834573e+02
4.023778797718172200e+02 4.035190432858369718e+02
4.071117371734374046e+02 4.082635216644055731e+02
4.118455946308667990e+02 4.130079527913147217e+02
4.165794520636890184e+02 4.177523367937966441e+02
4.213133095018374092e+02 4.224966742403778426e+02
4.260471669329168662e+02 4.272409654328724855e+02
4.307810243340144325e+02 4.319852108156128452e+02
4.355148817432432224e+02 4.367294108343359085e+02
4.402487393115629857e+02 4.414735660722005832e+02
4.449825966923278884e+02 4.462176765844807278e+02
4.497164540877689660e+02 4.509617428837409534e+02
4.544503115371156809e+02 4.557057655214210854e+02
4.591841689102117243e+02 4.604497445916280185e+02
4.639180263667138888e+02 4.651936806611823840e+02
4.686518838257042034e+02 4.699375740433946476e+02
4.733857413046745819e+02 4.746814251265595885e+02
4.781195987792337974e+02 4.794252342558859823e+02
4.828534562486154300e+02 4.841690017432396189e+02
4.875873136802348426e+02 4.889127280532756004e+02
4.923211713042064162e+02 4.936564134576298102e+02
4.970550289273895714e+02 4.984000582973066003e+02
5.017888864613078113e+02 5.031436628875906081e+02
5.065227439083702166e+02 5.078872275055483669e+02
5.112566012992060678e+02 5.126307524992366780e+02
5.159904586866076670e+02 5.173742383782517891e+02
5.207243160710602297e+02 5.221176853448423572e+02
5.254581735730034779e+02 5.268610935293182820e+02
5.301920311527915146e+02 5.316044635193123895e+02
5.349258886195527793e+02 5.363477954098373175e+02
5.396597460646050877e+02 5.410910896000756338e+02
5.443936034327398374e+02 5.458343464168123091e+02
5.491274608216739352e+02 5.505775661611580745e+02
5.538613181968453318e+02 5.553207492657095372e+02
5.585951758337585034e+02 5.600638957641223215e+02
5.633290332415738249e+02 5.648070060924511608e+02
5.680628906071942765e+02 5.695500806025706879e+02
5.727967480908985181e+02 5.742931194734189830e+02
5.775306055730291064e+02 5.790361226734864886e+02
5.822644630375768884e+02 5.837790909526240739e+02
5.869983206378133218e+02 5.885220242838763625e+02
5.917321781281416406e+02 5.932649232321471118e+02
5.964660355087776225e+02 5.980077876779134840e+02
6.011998929307212620e+02 6.027506180782218053e+02
6.059337504072253751e+02 6.074934147244343876e+02
