0.000000000000000000e+00 0.000000000000000000e+00
4.732428750334627843e+00 4.751411085464571471e+00
9.464857500744114915e+00 9.502671765492328504e+00
1.419728625116679410e+01 1.425378442588266381e+01
1.892971500391606554e+01 1.900475139618987086e+01
2.366214375518766388e+01 2.375557494411816606e+01
2.839457251061654830e+01 2.850625729425474475e+01
3.312700126222517838e+01 3.325680061288026934e+01
3.785943001869480895e+01 3.800720702819832297e+01
4.259185876974723328e+01 4.275747860505492781e+01
4.732428753162936630e+01 4.750761736552222203e+01
5.205671630197534228e+01 5.225762530071760636e+01
5.678914505321100137e+01 5.700750432105874665e+01
6.152157380395598807e+01 6.175725635798281132e+01
6.625400256301007573e+01 6.650688324494285553e+01
7.098643133297910879e+01 7.125638676726811127e+01
7.571886009571693421e+01 7.600576872384169747e+01
8.045128885126440821e+01 8.075503085376465151e+01
8.518371762555072735e+01 8.550417483470448587e+01
8.991614637866462090e+01 9.025320232104691343e+01
9.464857517537674880e+01 9.500211496297310987e+01
9.938100395728964997e+01 9.975091431192747393e+01
1.041134327601842102e+02 1.044996019806393264e+02
1.088458615470851214e+02 1.092481794590297852e+02
1.135782903335251035e+02 1.139966482621422728e+02
1.183107191194276311e+02 1.187450098087774961e+02
1.230431478969340162e+02 1.234932656017467139e+02
1.277755767048127922e+02 1.282414169943422735e+02
1.325080054846885389e+02 1.329894653899266359e+02
1.372404342608735135e+02 1.377374121579453572e+02
1.419728630445986823e+02 1.424852585947924695e+02
1.467052918238562995e+02 1.472330060151117550e+02
1.514377206315252238e+02 1.519806557187675367e+02
1.561701494577018821e+02 1.567282088924854691e+02
1.609025782791025563e+02 1.614756667949096141e+02
1.656350070915424624e+02 1.662230306286205348e+02
1.703674358438954641e+02 1.709703016037052521e+02
1.750998646296926609e+02 1.757174807962949785e+02
1.798322934154593042e+02 1.804645694065551993e+02
1.845647221982251551e+02 1.852115685383955110e+02
1.892971509777939332e+02 1.899584792622368354e+02
1.940295797543141134e+02 1.947053027324178061e+02
1.987620085369778735e+02 1.994520398925626523e+02
2.034944372947644524e+02 2.041986918305238419e+02
2.082268660641067584e+02 2.089452595572884093e+02
2.129592948461860829e+02 2.136917440802292845e+02
2.176917236984695023e+02 2.184381463884747632e+02
2.224241524866250188e+02 2.231844674367308130e+02
2.271565812550882129e+02 2.279307081809084252e+02
2.318890100317919405e+02 2.326768696195298105e+02
2.366214388003743068e+02 2.374229525424382814e+02
2.413538675626598433e+02 2.421689578605364659e+02
2.460862963254601823e+02 2.469148865668727240e+02
2.508187250972771096e+02 2.516607394016620560e+02
2.555511538776999032e+02 2.564065173121997532e+02
2.602835827291714850e+02 2.611522211232409063e+02
2.650160115056863788e+02 2.658978516541752697e+02
2.697484402668438861e+02 2.706434096114412569e+02
2.744808691064541790e+02 2.753888958872219632e+02
2.792132979755146494e+02 2.801343113218885037e+02
2.839457267799770079e+02 2.848796566454408321e+02
2.886781555472585978e+02 2.896249325961670138e+02
2.934105843435057182e+02 2.943701398350842169e+02
2.981430132270110676e+02 2.991152792734851573e+02
3.028754420364111866e+02 3.038603515248621534e+02
3.076078707970564210e+02 3.086053572438911488e+02
3.123402995840642689e+02 3.133502972191027425e+02
3.170727283749673688e+02 3.180951721546720705e+02
3.218051572417739976e+02 3.228399827589972801e+02
3.265375860426126451e+02 3.275847296193718989e+02
3.312700148579143615e+02 3.323294134386078440e+02
3.360024436643026320e+02 3.370740348240744879e+02
3.407348724801797175e+02 3.418185943702969780e+02
3.454673012589065593e+02 3.465630927686135578e+02
3.501997300630914651e+02 3.513075305729792035e+02
3.549321589150339378e+02 3.560519084696892378e+02
3.596645876791232013e+02 3.607962271670057817e+02
3.643970164438406982e+02 3.655404871203152766e+02
3.691294452554479903e+02 3.702846889580733887e+02
3.738618740840394139e+02 3.750288332187897140e+02
3.785943028595739861e+02 3.797729204541649324e+02
3.833267316777678957e+02 3.845169511695264646e+02
3.880591604890429380e+02 3.892609259321332047e+02
3.927915892561471765e+02 3.940048453317568828e+02
3.975240180540705524e+02 3.987487098402024799e+02
4.022564468755118696e+02 4.034925200956695335e+02
4.069888757427539758e+02 4.082362766236708467e+02
4.117213045820415118e+02 4.129799798702030103e+02
4.164537333988513410e+02 4.177236302947382001e+02
4.211861622181380085e+02 4.224672284831267461e+02
4.259185910313469776e+02 4.272107747352562228e+02
4.306510198028772720e+02 4.319542697348402953e+02
4.353834485629159303e+02 4.366977138924271458e+02
4.401158775449267750e+02 4.414411077700190162e+02
4.448483063191347355e+02 4.461844516153125824e+02
4.495807350931619339e+02 4.509277460333455565e+02
4.543131638527493124e+02 4.556709915399709985e+02
4.590455926435781748e+02 4.604141883756267930e+02
4.637780214935435197e+02 4.651573371603293481e+02
4.685104503638075357e+02 4.699004382378853961e+02
4.732428793585709172e+02 4.746434921389410420e+02
4.779753081441792801e+02 4.793864991129792656e+02
4.827077369602470185e+02 4.841294596290043728e+02
4.874401657494165647e+02 4.888723742753555257e+02
4.921725946666230129e+02 4.936152433034142746e+02
4.969050234474627246e+02 4.983580669302118622e+02
5.016374524471950735e+02 5.031008458165698016e+02
5.063698812733172758e+02 5.078435802687297382e+02
5.111023100453913912e+02 5.125862705851046712e+02
5.158347388141704641e+02 5.173289172607737783e+02
5.205671675802054779e+02 5.220715207448365618e+02
5.252995963530354402e+02 5.268140812216647646e+02
5.300320253086089224e+02 5.315565991394295224e+02
5.347644540706213547e+02 5.362990748118660349e+02
5.394968828415749158e+02 5.410415087362838449e+02
5.442293118282723299e+02 5.457839010959139614e+02
5.489617406490901885e+02 5.505262522048718665e+02
5.536941694262288820e+02 5.552685626221021948e+02
5.584265984195182000e+02 5.600108325206490463e+02
5.631590272187429491e+02 5.647530621315796679e+02
5.678914560326484207e+02 5.694952518617097894e+02
5.726238848983166463e+02 5.742374021882089892e+02
5.773563137337508806e+02 5.789795132271940474e+02
5.820887425919761426e+02 5.837215854851087897e+02
5.868211715723041380e+02 5.884636193000903859e+02
5.915536004437212796e+02 5.932056147858170334e+02
5.962860293099279261e+02 5.979475722149404646e+02
6.010184581261770518e+02 6.026894920627978536e+02
6.057508870337477447e+02 6.074313747765136213e+02
