0.000000000000000000e+00 0.000000000000000000e+00
4.736746090483568317e+00 4.751073841669165354e+00
9.473492181480846597e+00 9.502057102410514489e+00
1.421023827307287135e+01 1.425295093716349726e+01
1.894698436480127768e+01 1.900375648099268844e+01
2.368373045581537895e+01 2.375447483751217348e+01
2.842047655037755050e+01 2.850510709840215640e+01
3.315722264284877951e+01 3.325565433563075857e+01
3.789396874107845292e+01 3.800611760431416997e+01
4.263071483253937544e+01 4.275649792942375882e+01
4.736746092335884839e+01 4.750679633574781491e+01
5.210420704133892400e+01 5.225701379522199375e+01
5.684095313322904985e+01 5.700715127779761104e+01
6.157769923244057964e+01 6.175720975874179430e+01
6.631444535696888920e+01 6.650719019030893264e+01
7.105119145770571265e+01 7.125709344801202860e+01
7.578793755806029253e+01 7.600692047202700508e+01
8.052468366449741666e+01 8.075667217998608294e+01
8.526142976043769295e+01 8.550634940143822860e+01
8.999817587537640406e+01 9.025595300922120146e+01
9.473492201381489508e+01 9.500548386220145858e+01
9.947166814205658625e+01 9.975494276132192795e+01
1.042084142511345419e+02 1.045043305454240965e+02
1.089451603782107156e+02 1.092536480043658429e+02
1.136819065188166604e+02 1.140028959424805635e+02
1.184186526250231282e+02 1.187520751199392635e+02
1.231553987194195088e+02 1.235011863188928771e+02
1.278921448542558608e+02 1.282502302814778545e+02
1.326288909557065097e+02 1.329992077471351593e+02
1.373656370738521559e+02 1.377481194358335301e+02
1.421023831955379819e+02 1.424969660642682925e+02
1.468391293359148904e+02 1.472457483461677157e+02
1.515758754401262536e+02 1.519944669726711197e+02
1.563126215755842168e+02 1.567431226235194117e+02
1.610493677350310975e+02 1.614917159437692362e+02
1.657861138892974395e+02 1.662402476119003722e+02
1.705228599987734128e+02 1.709887182159503709e+02
1.752596061314809504e+02 1.757371284633825610e+02
1.799963522319862079e+02 1.804854789480743307e+02
1.847330983684809667e+02 1.852337702991836181e+02
1.894698445501835522e+02 1.899820031284311028e+02
1.942065906714621519e+02 1.947301780482133609e+02
1.989433368260147006e+02 1.994782956569149519e+02
2.036800829367622327e+02 2.042263564737149579e+02
2.084168290468851410e+02 2.089743611618793295e+02
2.131535751874550897e+02 2.137223101885574010e+02
2.178903213445781262e+02 2.184702041326369226e+02
2.226270675042823655e+02 2.232180435637472442e+02
2.273638136268105541e+02 2.279658290467500024e+02
2.321005597497133977e+02 2.327135610570275617e+02
2.368373058751932376e+02 2.374612401277617550e+02
2.415740519850097598e+02 2.422088668025047014e+02
2.463107981001708708e+02 2.469564415973001701e+02
2.510475442082830568e+02 2.517039650402849418e+02
2.557842903944505224e+02 2.564514375006240812e+02
2.605210365244431046e+02 2.611988595258277996e+02
2.652577827212274997e+02 2.659462316179698291e+02
2.699945289214332433e+02 2.706935542259671479e+02
2.747312750306912221e+02 2.754408278431737926e+02
2.794680212434913642e+02 2.801880529383300882e+02
2.842047674439592129e+02 2.849352298931929681e+02
2.889415135523071285e+02 2.896823592402439544e+02
2.936782596892008996e+02 2.944294412870311817e+02
2.984150057954438466e+02 2.991764766573239740e+02
3.031517520303492574e+02 3.039234656692992189e+02
3.078884981364224132e+02 3.086704087289461995e+02
3.126252442628078825e+02 3.134173062931831168e+02
3.173619903722331514e+02 3.181641587145044241e+02
3.220987364930041394e+02 3.229109664885409074e+02
3.268354825962156269e+02 3.276577298270379970e+02
3.315722287002029134e+02 3.324044492809762232e+02
3.363089748660251530e+02 3.371511252303432684e+02
3.410457209790722573e+02 3.418977581543631459e+02
3.457824670883286444e+02 3.466443482449506632e+02
3.505192132523518467e+02 3.513908960340689873e+02
3.552559594704194978e+02 3.561374017364371412e+02
3.599927056322959515e+02 3.608838657446334537e+02
3.647294517497780930e+02 3.656302884356216509e+02
3.694661979553627589e+02 3.703766701862408581e+02
3.742029441053250594e+02 3.751230114347980589e+02
3.789396902790315949e+02 3.798693123654472856e+02
3.836764364389435968e+02 3.846155733974188138e+02
3.884131825912506315e+02 3.893617949473389217e+02
3.931499287249990857e+02 3.941079772138864996e+02
3.978866749121789326e+02 3.988541205093420103e+02
4.026234210373961560e+02 4.036002253103386010e+02
4.073601671889905447e+02 4.083462917562840175e+02
4.120969133589262583e+02 4.130923203421203311e+02
4.168336595150880157e+02 4.178383113251302348e+02
4.215704056747848654e+02 4.225842649652606724e+02
4.263071518236723705e+02 4.273301815204608829e+02
4.310438979472077108e+02 4.320760613227913609e+02
4.357806442232319455e+02 4.368219048963192677e+02
4.405173904626262811e+02 4.415677122514099437e+02
4.452541365892298018e+02 4.463134836945764619e+02
4.499908827299864242e+02 4.510592195473284391e+02
4.547276290264197200e+02 4.558049202723137796e+02
4.594643752416628786e+02 4.605505858730908813e+02
4.642011214167420121e+02 4.652962169510705053e+02
4.689378675830076872e+02 4.700418134300186921e+02
4.736746136923144377e+02 4.747873757432554385e+02
4.784113599917443480e+02 4.795329041473398775e+02
4.831481060976607296e+02 4.842783988823929349e+02
4.878848522005664563e+02 4.890238602251954489e+02
4.926215984678219684e+02 4.937692885288680600e+02
4.973583445881910166e+02 4.985146839470270379e+02
5.020950908846198217e+02 5.032600468043583533e+02
5.068318370479560713e+02 5.080053773076052721e+02
5.115685832204383132e+02 5.127506755506747140e+02
5.163053293292007311e+02 5.174959420945245938e+02
5.210420754346220065e+02 5.222411769026618913e+02
5.257788216199468252e+02 5.269863803369539710e+02
5.305155678388275646e+02 5.317315525300307399e+02
5.352523139864065342e+02 5.364766938341217610e+02
5.399890600986900608e+02 5.412218044717616294e+02
5.447258064151797043e+02 5.459668845444425642e+02
5.494625525835065218e+02 5.507119343165451255e+02
5.541992988136710210e+02 5.554569541349750352e+02
5.589360449551109014e+02 5.602019440696701622e+02
5.636727911123587091e+02 5.649469044695314324e+02
5.684095372403342026e+02 5.696918355693881040e+02
5.731462834567275877e+02 5.744367375667693523e+02
5.778830296751418700e+02 5.791816103555387372e+02
5.826197758254822929e+02 5.839264543991378105e+02
5.873565221474107148e+02 5.886712699967172284e+02
5.920932683791270392e+02 5.934160572311159285e+02
5.968300145824720175e+02 5.981608162967305589e+02
6.015667608946087057e+02 6.029055473560891869e+02
6.063035070688709993e+02 6.076502507037032501e+02
