0.000000000000000000e+00 0.000000000000000000e+00
4.732428641080694831e+00 4.751213122356068297e+00
9.464857283178666592e+00 9.502278972165132842e+00
1.419728592441148152e+01 1.425319986336658573e+01
1.892971456738959191e+01 1.900397805041691157e+01
2.366214320888379774e+01 2.375461573246312597e+01
2.839457185547149010e+01 2.850511506843008291e+01
3.312700049731458307e+01 3.325547815718132938e+01
3.785942914323230468e+01 3.800570706369977358e+01
4.259185778470700257e+01 4.275580379322711622e+01
4.732428643812159663e+01 4.750577032302169300e+01
5.205671510162849813e+01 5.225560854865558014e+01
5.678914375013107474e+01 5.700532035189498004e+01
6.152157239926404486e+01 6.175490759394963902e+01
6.625400104990220029e+01 6.650437207570750786e+01
7.098642970061234792e+01 7.125371551322177766e+01
7.571885834712699648e+01 7.600293968177581405e+01
8.045128701364217250e+01 8.075204624234362427e+01
8.518371567114992615e+01 8.550103684063159903e+01
8.991614434215546225e+01 9.024991307781711214e+01
9.464857299911477639e+01 9.499867653192369232e+01
9.938100167090988180e+01 9.974732877058394820e+01
1.041134303562404995e+02 1.044958713146628213e+02
1.088458590342475816e+02 1.092443056385990161e+02
1.135782876863643480e+02 1.139926332339053374e+02
1.183107163447942298e+02 1.187408554656324213e+02
1.230431450191088345e+02 1.234889737779766818e+02
1.277755736766379613e+02 1.282369895110200844e+02
1.325080023464982446e+02 1.329849040277354391e+02
1.372404310131116461e+02 1.377327186543270727e+02
1.419728596893923793e+02 1.424804346949990759e+02
1.467052883590694137e+02 1.472280533601821730e+02
1.514377170607896801e+02 1.519755759333561684e+02
1.561701457174286816e+02 1.567230036005353497e+02
1.609025744302064140e+02 1.614703375785517210e+02
1.656350031294400083e+02 1.662175790349209592e+02
1.703674318489173913e+02 1.709647291073790427e+02
1.750998605406055049e+02 1.757117889793546510e+02
1.798322892165659255e+02 1.804587597058149697e+02
1.845647179387730148e+02 1.852056423710067179e+02
1.892971466087120120e+02 1.899524380960389180e+02
1.940295752781621275e+02 1.946991478616291147e+02
1.987620039931567248e+02 1.994457727644574732e+02
2.034944327046001149e+02 2.041923137593992976e+02
2.082268613657190599e+02 2.089387718908303668e+02
2.129592900252225434e+02 2.136851481460248579e+02
2.176917186842392198e+02 2.184314433738027503e+02
2.224241473426691869e+02 2.231776586353246898e+02
2.271565760736857555e+02 2.279237947652086973e+02
2.318890047638339809e+02 2.326698527200051387e+02
2.366214334227921654e+02 2.374158333932842879e+02
2.413538621078012056e+02 2.421617376857261945e+02
2.460862907762901841e+02 2.469075664175228439e+02
2.508187194420848982e+02 2.516533205310979895e+02
2.555511481816646153e+02 2.563990006942989339e+02
2.602835768565575449e+02 2.611446078240354041e+02
2.650160055150655580e+02 2.658901427306283836e+02
2.697484342855540831e+02 2.706356062296691789e+02
2.744808630270913454e+02 2.753809990341205776e+02
2.792132917863298758e+02 2.801263220376332583e+02
2.839457204833497599e+02 2.848715758474726272e+02
2.886781491408578972e+02 2.896167613505595000e+02
2.934105778272856924e+02 2.943618790951934443e+02
2.981430064816997856e+02 2.991069299996560176e+02
3.028754351403281362e+02 3.038519146280412428e+02
3.076078637924881036e+02 3.085968336410423376e+02
3.123402924697250000e+02 3.133416878495766014e+02
3.170727211292942229e+02 3.180864779387876524e+02
3.218051498950571840e+02 3.228312045280234770e+02
3.265375785509199886e+02 3.275758682916270459e+02
3.312700072048857010e+02 3.323204698249582520e+02
3.360024358676906218e+02 3.370650097000591359e+02
3.407348645563927221e+02 3.418094886300168014e+02
3.454672932253612316e+02 3.465539072872120983e+02
3.501997219199049596e+02 3.512982661563885927e+02
3.549321506620800619e+02 3.560425658502733768e+02
3.596645793152202941e+02 3.607868070761875288e+02
3.643970079701604163e+02 3.655309903220014576e+02
3.691294366717467028e+02 3.702751160740525620e+02
3.738618653268201797e+02 3.750191851330971531e+02
3.785942940811258950e+02 3.797631978775220887e+02
3.833267227893735480e+02 3.845071549525021055e+02
3.880591514908676345e+02 3.892510566467562967e+02
3.927915801481942708e+02 3.939949037324572032e+02
3.975240088379113104e+02 3.987386966181103389e+02
4.022564375493487887e+02 4.034824359254972705e+02
4.069888662107337609e+02 4.082261221461779428e+02
4.117212949517389688e+02 4.129697558040593890e+02
4.164537236585288724e+02 4.177133372682354775e+02
4.211861523680968276e+02 4.224568671294805426e+02
4.259185810715471234e+02 4.272003457214126456e+02
4.306510097333252247e+02 4.319437736174190832e+02
4.353834385027162739e+02 4.366871512905754571e+02
4.401158673749649211e+02 4.414304793486655853e+02
4.448482960313031072e+02 4.461737579636130135e+02
4.495807246954973380e+02 4.509169878038193247e+02
4.543131533709654377e+02 4.556601691900689843e+02
4.590455820520871271e+02 4.604033025498853249e+02
4.637780107772135807e+02 4.651463884227148355e+02
4.685104395375597619e+02 4.698894271478831115e+02
4.732428684229359988e+02 4.746324191778793420e+02
4.779752973083287770e+02 4.793753649015764609e+02
4.827077260233854759e+02 4.841182647052988273e+02
4.874401546759579560e+02 4.888611190830782220e+02
4.921725833300203021e+02 4.936039283055554279e+02
4.969050120563271662e+02 4.983466927745964767e+02
5.016374409258941114e+02 5.030894130254255288e+02
5.063698696426440051e+02 5.078320893696026133e+02
5.111022983567820575e+02 5.125747221976178025e+02
5.158347270204753841e+02 5.173173118507769459e+02
5.205671556783430560e+02 5.220598586783028168e+02
5.252995843450031543e+02 5.268023629901866798e+02
5.300320131668304384e+02 5.315448251702259768e+02
5.347644418663965098e+02 5.362872455262763651e+02
5.394968705689252602e+02 5.410296245606879211e+02
5.442292992342505613e+02 5.457719624286492035e+02
5.489617279196386335e+02 5.505142596607875021e+02
5.536941568092802299e+02 5.552565164049578925e+02
5.584265856919409998e+02 5.599987331884485684e+02
5.631590143451810491e+02 5.647409101829921383e+02
5.678914430490802943e+02 5.694830480268669817e+02
5.726238718050692569e+02 5.742251465549188651e+02
5.773563005287735450e+02 5.789672064070341548e+02
5.820887293061474566e+02 5.837092276871635477e+02
5.868211581767022835e+02 5.884512109292084006e+02
5.915535869381019438e+02 5.931931563093878594e+02
5.962860156945761219e+02 5.979350641955819583e+02
6.010184443511286645e+02 6.026769349010021415e+02
6.057508731488956073e+02 6.074187687322323654e+02
