0.000000000000000000e+00 0.000000000000000000e+00
4.735891419420449999e+00 4.751073841808969078e+00
9.471782839192538717e+00 9.502047516530328863e+00
1.420767425970899289e+01 1.425292235050461898e+01
1.894356568073486713e+01 1.900369964698731806e+01
2.367945710094624445e+01 2.375438068598573693e+01
2.841534853049155984e+01 2.850496672496424111e+01
3.315123995169864202e+01 3.325545898074068418e+01
3.788713137810186282e+01 3.800585867362730141e+01
4.262302280182297665e+01 4.275616697774815123e+01
4.735891422273635953e+01 4.750638504461235812e+01
5.209480564965522831e+01 5.225651402308979954e+01
5.683069707034405127e+01 5.700655502140954667e+01
6.156658849848722070e+01 6.175650914719607698e+01
6.630247992694130232e+01 6.650637747835699543e+01
7.103837135659003366e+01 7.125616103807476520e+01
7.577426278970366980e+01 7.600586088322928902e+01
8.051015423122916559e+01 8.075547804466873458e+01
8.524604565671350542e+01 8.550501348960796122e+01
8.998193709002381979e+01 9.025446821915629414e+01
9.471782852729481306e+01 9.500384315874512708e+01
9.945371998295614446e+01 9.975313930427242326e+01
1.041896114139177030e+02 1.045023575470869162e+02
1.089255028706510018e+02 1.092514988051528917e+02
1.136613942961484867e+02 1.140005640011074064e+02
1.183972857260612273e+02 1.187495539788002930e+02
1.231331771556586432e+02 1.234984696225007497e+02
1.278690686327976067e+02 1.282473117591772507e+02
1.326049600826235633e+02 1.329960812679568960e+02
1.373408515285428280e+02 1.377447789484106124e+02
1.420767429805387678e+02 1.424934055948429545e+02
1.468126344613282299e+02 1.472419620211867368e+02
1.515485259103041926e+02 1.519904489821753657e+02
1.562844173314258569e+02 1.567388672821993225e+02
1.610203088193305234e+02 1.614872176581683902e+02
1.657562003005905922e+02 1.662355008273958106e+02
1.704920917924948185e+02 1.709837175448214452e+02
1.752279832441546432e+02 1.757318685462747681e+02
1.799638746992023925e+02 1.804799544883258591e+02
1.846997661412968910e+02 1.852279761057979215e+02
1.894356576499983476e+02 1.899759340772696987e+02
1.941715491520226067e+02 1.947238290578093256e+02
1.989074406007698030e+02 1.994716617503810028e+02
2.036433321182680629e+02 2.042194327404063188e+02
2.083792235698012405e+02 2.089671427626485638e+02
2.131151150116964459e+02 2.137147924103497303e+02
2.178510064530158559e+02 2.184623822993597457e+02
2.225868978847258859e+02 2.232099130601936849e+02
2.273227893225049172e+02 2.279573851763259995e+02
2.320586807660390605e+02 2.327047993829785355e+02
2.367945722477944912e+02 2.374521561997174786e+02
2.415304637742343061e+02 2.421994562116926772e+02
2.462663552986686568e+02 2.469466999823319213e+02
2.510022467627961476e+02 2.516938881087326649e+02
2.557381381982931998e+02 2.564410210921014368e+02
2.604740297237138975e+02 2.611880995766077831e+02
2.652099211670355317e+02 2.659351239377726870e+02
2.699458127074921094e+02 2.706820947858234376e+02
2.746817041951805436e+02 2.754290126826667233e+02
2.794175957341357162e+02 2.801758780780207871e+02
2.841534872567185062e+02 2.849226915368788013e+02
2.888893786931582781e+02 2.896694533783544330e+02
2.936252701589739900e+02 2.944161642487725885e+02
2.983611615944670348e+02 2.991628246831492106e+02
3.030970530622527122e+02 3.039094350958544055e+02
3.078329445338459891e+02 3.086559958944578739e+02
3.125688359879102336e+02 3.134025075544532228e+02
3.173047274263471422e+02 3.181489705780178383e+02
3.220406189290023349e+02 3.228953854415244678e+02
3.267765103869317613e+02 3.276417524338855287e+02
3.315124018697531483e+02 3.323880720971609435e+02
3.362482933156912850e+02 3.371343448864532775e+02
3.409841847868188438e+02 3.418805712011925948e+02
3.457200762253144148e+02 3.466267514622693966e+02
3.504559677065449250e+02 3.513728860913363405e+02
3.551918592472268870e+02 3.561189754647872405e+02
3.599277506866177987e+02 3.608650200223788147e+02
3.646636421856931634e+02 3.656110202917201377e+02
3.693995336515972667e+02 3.703569765346778127e+02
3.741354251294026767e+02 3.751028891254169935e+02
3.788713165896822375e+02 3.798487583429777033e+02
3.836072080786507286e+02 3.845945846672390758e+02
3.883430995599213134e+02 3.893403684698300822e+02
3.930789910299938583e+02 3.940861101559841018e+02
3.978148825415580632e+02 3.988318101457599596e+02
4.025507739960313529e+02 4.035774686173862733e+02
4.072866654661403345e+02 4.083230861207742919e+02
4.120225569746324936e+02 4.130686627709366689e+02
4.167584484595925005e+02 4.178141990693096659e+02
4.214943399482207269e+02 4.225596953243933172e+02
4.262302314276503239e+02 4.273051517659195611e+02
4.309661228670297533e+02 4.320505688915258133e+02
4.357020144444075527e+02 4.367959469112199713e+02
4.404379060198174329e+02 4.415412864011312877e+02
4.451737975281818080e+02 4.462865873381425672e+02
4.499096890102283623e+02 4.510318501518966059e+02
4.546455805797811536e+02 4.557770753182757062e+02
4.593814720192131631e+02 4.605222628408772607e+02
4.641173635243179092e+02 4.652674133047996179e+02
4.688532550244862023e+02 4.700125268200206961e+02
4.735891466776366769e+02 4.747576037999069740e+02
4.783250382333283142e+02 4.795026444617174093e+02
4.830609298925414805e+02 4.842476491483795940e+02
4.877968215564669663e+02 4.889926182191145472e+02
4.925327129902016168e+02 4.937375517356726959e+02
4.972686044367994782e+02 4.984824501865606408e+02
5.020044960812701902e+02 5.032273137606032378e+02
5.067403875781267857e+02 5.079721426426734752e+02
5.114762790643807193e+02 5.127169372164019023e+02
5.162121704969771372e+02 5.174616979000983292e+02
5.209480619315338572e+02 5.222064245541470200e+02
5.256839533685417791e+02 5.269511178159159499e+02
5.304198448701906727e+02 5.316957776758675891e+02
5.351557363711384596e+02 5.364404045066959270e+02
5.398916278125345798e+02 5.411849986122531391e+02
5.446275193050005328e+02 5.459295600846286334e+02
5.493634108078551890e+02 5.506740894354575175e+02
5.540993022751508761e+02 5.554185866031905334e+02
5.588351937274535430e+02 5.601630521565368781e+02
5.635710851954265763e+02 5.649074860513414933e+02
5.683069766027407468e+02 5.696518886657106577e+02
5.730428681459483187e+02 5.743962599828015527e+02
5.777787596947330258e+02 5.791406004711660671e+02
5.825146512319665817e+02 5.838849103594129701e+02
5.872505428830120309e+02 5.886291899461316461e+02
5.919864344364882527e+02 5.933734391421187411e+02
5.967223259634088208e+02 5.981176585443040494e+02
6.014582176333044572e+02 6.028618479978825917e+02
6.061941090563942680e+02 6.076060078740848667e+02
