0.000000000000000000e+00 0.000000000000000000e+00
6.039651909930555007e+00 6.056650469596449149e+00
1.207930381692011146e+01 1.211318675393409627e+01
1.811895557431711268e+01 1.816960984029211090e+01
2.415860760713178479e+01 2.422592154049876711e+01
3.019825938747207772e+01 3.028212348259136277e+01
3.623791145134994451e+01 3.633821673002878327e+01
4.227756312549642104e+01 4.239420280159956178e+01
4.831721511614480136e+01 4.845008321359802039e+01
5.435686679780381780e+01 5.450585922884640411e+01
6.039651853405618454e+01 6.056153213052186857e+01
6.643617027297521815e+01 6.661710370376880519e+01
7.247582201638206811e+01 7.267257448537556286e+01
7.851547384866485402e+01 7.872794617607308965e+01
8.455512581435363018e+01 8.478322000126169655e+01
9.059477749432947746e+01 9.083839686349726605e+01
9.663442952520519214e+01 9.689347822037017011e+01
1.026740815171627759e+02 1.029484654562098456e+02
1.087137332281482145e+02 1.090033592134354592e+02
1.147533849585191490e+02 1.150581610884300687e+02
1.207930366830201763e+02 1.211128715879111724e+02
1.268326885515089089e+02 1.271674921508080445e+02
1.328723402558265150e+02 1.332220239183579906e+02
1.389119920053134365e+02 1.392764678068072612e+02
1.449516439308430904e+02 1.453308249591386812e+02
1.509912956551025900e+02 1.513850962641547824e+02
1.570309474695873178e+02 1.574392830457776711e+02
1.630705994592817660e+02 1.634933859532906126e+02
1.691102514131641499e+02 1.695474060442406881e+02
1.751499032140837357e+02 1.756013440143925095e+02
1.811895551429036004e+02 1.816552010218996998e+02
1.872292069838671296e+02 1.877089779683761890e+02
1.932688588885262675e+02 1.937626757143457326e+02
1.993085105836881041e+02 1.998162951419157309e+02
2.053481624114388353e+02 2.058698371417809767e+02
2.113878144108999777e+02 2.119233026337937531e+02
2.174274660961858103e+02 2.179766925596555893e+02
2.234671178367726156e+02 2.240300075343782282e+02
2.295067695894712188e+02 2.300832483245953313e+02
2.355464213264970113e+02 2.361364157646490298e+02
2.415860730143799060e+02 2.421895107129786879e+02
2.476257249772892237e+02 2.482425339695337527e+02
2.536653769241235636e+02 2.542954861982353805e+02
2.597050288265563722e+02 2.603483683262509771e+02
2.657446807803406728e+02 2.664011807606856905e+02
2.717843324673108896e+02 2.724539244468550123e+02
2.778239844018457916e+02 2.785066002858828256e+02
2.838636361704608362e+02 2.845592086578126327e+02
2.899032879513784451e+02 2.906117502327831517e+02
2.959429398336882286e+02 2.966642259198223428e+02
3.019825915640980156e+02 3.027166363367474560e+02
3.080222433162919060e+02 3.087689823200822730e+02
3.140618952336903362e+02 3.148212639807505866e+02
3.201015470726273406e+02 3.208734823816923836e+02
3.261411987793783283e+02 3.269256380039676060e+02
3.321808505208093720e+02 3.329777314995829443e+02
3.382205023019372447e+02 3.390297637206497257e+02
3.442601540126537429e+02 3.450817349480427083e+02
3.502998058265911823e+02 3.511336458754643672e+02
3.563394575037189043e+02 3.571854970391529491e+02
3.623791092788283663e+02 3.632372891057224251e+02
3.684187609880735863e+02 3.692890225276286174e+02
3.744584127884709801e+02 3.753406981502112103e+02
3.804980647305171146e+02 3.813923161810332090e+02
3.865377166855276982e+02 3.874438773252767874e+02
3.925773684396203862e+02 3.934953821706346844e+02
3.986170201802677298e+02 3.995468310852252216e+02
4.046566719902949103e+02 4.055982247480574188e+02
4.106963238129884530e+02 4.116495635331638709e+02
4.167359757300944807e+02 4.177008480723399089e+02
4.227756275133821191e+02 4.237520788903395896e+02
4.288152794718699852e+02 4.298032563058451956e+02
4.348549311719398247e+02 4.358543810690531473e+02
4.408945831303168461e+02 4.419054534088431865e+02
4.469342349215967261e+02 4.479564740086717620e+02
4.529738867416382959e+02 4.540074431501160461e+02
4.590135384620773493e+02 4.600583613823321230e+02
4.650531902188290587e+02 4.661092291612324061e+02
4.710928421765649432e+02 4.721600470538684249e+02
4.771324942065331811e+02 4.782108152634365865e+02
4.831721459161425969e+02 4.842615342499287863e+02
4.892117979143861817e+02 4.903122047553466132e+02
4.952514498319130212e+02 4.963628268845180855e+02
5.012911015784189885e+02 5.024134011896884431e+02
5.073307534537794368e+02 5.084639280457194559e+02
5.133704051894450231e+02 5.145144079315730323e+02
5.194100569386223469e+02 5.205648410378769313e+02
5.254497086486223907e+02 5.266152279404891488e+02
5.314893603630523558e+02 5.326655690870400122e+02
5.375290120787633441e+02 5.387158649055706974e+02
5.435686637902238090e+02 5.447661154711694280e+02
5.496083155043565966e+02 5.508163214553934495e+02
5.556479675228550832e+02 5.568664830498555602e+02
5.616876192379820623e+02 5.629166007043147602e+02
5.677272709278161074e+02 5.689666751286964654e+02
5.737669226290872757e+02 5.750167061494885274e+02
5.798065744430934956e+02 5.810666941900331040e+02
5.858462261598765508e+02 5.871166398373876518e+02
5.918858778894026500e+02 5.931665434223666580e+02
5.979255296488067870e+02 5.992164049997686561e+02
6.039651813474674782e+02 6.052662252345971865e+02
6.100048330423251173e+02 6.113160042346360115e+02
6.160444847974436016e+02 6.173657424329433070e+02
6.220841364830223483e+02 6.234154402001074686e+02
6.281237882831130719e+02 6.294650977704339994e+02
6.341634399690722148e+02 6.355147156252853620e+02
6.402030916553520683e+02 6.415642939322598295e+02
6.462427433413070048e+02 6.476138329399110489e+02
6.522823950304552909e+02 6.536633330441322869e+02
6.583220467233129511e+02 6.597127945630628574e+02
6.643616984191122583e+02 6.657622178040167000e+02
6.704013501173594705e+02 6.718116030570612338e+02
6.764410018166920509e+02 6.778609506126745146e+02
6.824806535190509749e+02 6.839102607604985451e+02
6.885203052211318209e+02 6.899595337926652974e+02
6.945599569269022595e+02 6.960087699595563890e+02
7.005996086360221398e+02 7.020579697338880578e+02
7.066392603466795208e+02 7.081071331229588850e+02
7.126789122350903654e+02 7.141562606837583189e+02
7.187185639512547368e+02 7.202053522532191892e+02
7.247582159581722863e+02 7.262544084372509587e+02
7.307978676409650234e+02 7.323034294330727789e+02
7.368375194770882217e+02 7.383524155508409876e+02
7.428771712395541726e+02 7.444013670813462795e+02
7.489168229781168975e+02 7.504502841213379725e+02
7.549564749358091831e+02 7.564991670836625417e+02
7.609961268606949716e+02 7.625480161379448418e+02
7.670357787152154287e+02 7.685968314942616644e+02
7.730754305256037924e+02 7.746456132146868185e+02
