0.000000000000000000e+00 0.000000000000000000e+00
4.736074426766364809e+00 4.751073841698465472e+00
9.472148853783075140e+00 9.502049625825780055e+00
1.420822328139331425e+01 1.425292864417887806e+01
1.894429770967396465e+01 1.900371216220005266e+01
2.368037213694703524e+01 2.375440141547634809e+01
2.841644657047313061e+01 2.850499762904736656e+01
3.315252099904859051e+01 3.325550198740213403e+01
3.788859543300124244e+01 3.800591566515578279e+01
4.262466986685886638e+01 4.275623980965092130e+01
4.736074430016973480e+01 4.750647553782631860e+01
5.209681873442333710e+01 5.225662397842341989e+01
5.683289316288197313e+01 5.700668619078051336e+01
6.156896759835744604e+01 6.175666326602905087e+01
6.630504203416070652e+01 6.650655623427168450e+01
7.104111646297587868e+01 7.125636610130226245e+01
7.577719090630117194e+01 7.600609387888144397e+01
8.051326533826929222e+01 8.075574059630523038e+01
8.524933978762439324e+01 8.550530717883951581e+01
8.998541424309041759e+01 9.025479460696720935e+01
9.472148867733427835e+01 9.500420379044470565e+01
9.945756314048777824e+01 9.975353565579396786e+01
1.041936376016702184e+02 1.045027911290043505e+02
1.089297120649661395e+02 1.092519710672262931e+02
1.136657865133081202e+02 1.140010763796771300e+02
1.184018609604085839e+02 1.187501078599632081e+02
1.231379354319344657e+02 1.234990663968272600e+02
1.278740099054776209e+02 1.282479528516367964e+02
1.326100843624828372e+02 1.329967679666264360e+02
1.373461588152458717e+02 1.377455125657446047e+02
1.420822332740392824e+02 1.424941874423100501e+02
1.468183077068378850e+02 1.472427933949801684e+02
1.515543821627198326e+02 1.519913311282199402e+02
1.562904566018967500e+02 1.567398014376593380e+02
1.610265310969516293e+02 1.614882050370906086e+02
1.657626055840244135e+02 1.662365426988466197e+02
1.704986800531980293e+02 1.709848150801460918e+02
1.752347545151468466e+02 1.757330228640160499e+02
1.799708290109187772e+02 1.804811667995373909e+02
1.847069034814742849e+02 1.852292475481546603e+02
1.894429779899272717e+02 1.899772656917933205e+02
1.941790524589879681e+02 1.947252220072944624e+02
1.989151269406122253e+02 1.994731170418375541e+02
2.036512014509912376e+02 2.042209514749986852e+02
2.083872758938957190e+02 2.089687260030859761e+02
2.131233503400570726e+02 2.137164411161806470e+02
2.178594247989994130e+02 2.184640974839555554e+02
2.225954992551823182e+02 2.232116957029607534e+02
2.273315737010858015e+02 2.279592364522756611e+02
2.320676482353046879e+02 2.327067201440527811e+02
2.368037226835323850e+02 2.374541474131502241e+02
2.415397971339154424e+02 2.422015188422300582e+02
2.462758715971199877e+02 2.469488350050923486e+02
2.510119460415488106e+02 2.516960964744018838e+02
2.557480204993598818e+02 2.564433036764140752e+02
2.604840949420142806e+02 2.611904571963602848e+02
2.652201694075627074e+02 2.659375575541389480e+02
2.699562439427439813e+02 2.706846052799538711e+02
2.746923184927275088e+02 2.754316008801273483e+02
2.794283930377896468e+02 2.801785448763093882e+02
2.841644675696076092e+02 2.849254377664777849e+02
2.889005420418991434e+02 2.896722798868993323e+02
2.936366165150739107e+02 2.944190718713858246e+02
2.983726909843062458e+02 2.991658142041311521e+02
3.031087655184470577e+02 3.039125073147936291e+02
3.078448399567180331e+02 3.086591515956461649e+02
3.125809144195598037e+02 3.134057475128922761e+02
3.173169888652937516e+02 3.181522954983109912e+02
3.220530633125712257e+02 3.228987961517793792e+02
3.267891377520493279e+02 3.276452496518936641e+02
3.315252122042509200e+02 3.323916566422901155e+02
3.362612866445239774e+02 3.371380174516292527e+02
3.409973611231873747e+02 3.418843324944399455e+02
3.457334355692140662e+02 3.466306021813891789e+02
3.504695100570345403e+02 3.513768269016932209e+02
3.552055846073903922e+02 3.561230071336125320e+02
3.599416592006662086e+02 3.608691431873406827e+02
3.646777336419025914e+02 3.656152355543434851e+02
3.694138081720373066e+02 3.703612845128625395e+02
3.741498827636422675e+02 3.751072905609991039e+02
3.788859572398939690e+02 3.798532540620223585e+02
3.836220317361839989e+02 3.845991751902001852e+02
3.883581062252353036e+02 3.893450543844841150e+02
3.930941806683098889e+02 3.940908921051125162e+02
3.978302551754637761e+02 3.988366887386231383e+02
4.025663296736131542e+02 4.035824444735098950e+02
4.073024041504913839e+02 4.083281597279249695e+02
4.120384786543340851e+02 4.130738349593048042e+02
4.167745531470731066e+02 4.178194703519808968e+02
4.215106276430603884e+02 4.225650662422330015e+02
4.262467021297734391e+02 4.273106229501698863e+02
4.309827765767569190e+02 4.320561408990772634e+02
4.357188510853551406e+02 4.368016203678178044e+02
4.404549256699507964e+02 4.415470617767628028e+02
4.451910001520707283e+02 4.462924651696600336e+02
4.499270746186170982e+02 4.510378310042031558e+02
4.546631491946533856e+02 4.557831597584518590e+02
4.593992236474772426e+02 4.605284514178914606e+02
4.641352981609878725e+02 4.652737064762619639e+02
4.688713726647113162e+02 4.700189252217310241e+02
4.736074471370037031e+02 4.747641078725882835e+02
4.783435216033863071e+02 4.795092548882195160e+02
4.830795961118939204e+02 4.842543663381900387e+02
4.878156705721171420e+02 4.889994426079566665e+02
4.925517451923502676e+02 4.937444838896172996e+02
4.972878196470800276e+02 4.984894906176180029e+02
5.020238942960361328e+02 5.032344628763044625e+02
5.067599688003103893e+02 5.079794008741733933e+02
5.114960432530893968e+02 5.127243050979583359e+02
5.162321176981703275e+02 5.174691758767559122e+02
5.209681922605390128e+02 5.222140131396306515e+02
5.257042667108092928e+02 5.269588173996819478e+02
5.304403412814483545e+02 5.317035889242235953e+02
5.351764158233003172e+02 5.364483276824631730e+02
5.399124902705408431e+02 5.411930340604266121e+02
5.446485648141418778e+02 5.459377083281007117e+02
5.493846393272785917e+02 5.506823509099707508e+02
5.541207137645305920e+02 5.554269617565573753e+02
5.588567884806656139e+02 5.601715412331701600e+02
5.635928630544811995e+02 5.649160897302682542e+02
5.683289377154872000e+02 5.696606071318544764e+02
5.730650123068576249e+02 5.744050940690184461e+02
5.778010868627432046e+02 5.791495502647585454e+02
5.825371613448498920e+02 5.838939764920276048e+02
5.872732360030984182e+02 5.886383725160656013e+02
5.920093105651878886e+02 5.933827387130993429e+02
5.967453851003069758e+02 5.981270752726164801e+02
6.014814597736468613e+02 6.028713824737551477e+02
6.062175342856546649e+02 6.076156604693790086e+02
