0.000000000000000000e+00 0.000000000000000000e+00
6.039652089373949373e+00 6.056650818567288930e+00
1.207930400175461649e+01 1.211318701204511328e+01
1.811895572614193384e+01 1.816961013505384770e+01
2.415860776295580337e+01 2.422592195286101457e+01
3.019825983813207415e+01 3.028212374782191318e+01
3.623791191268838929e+01 3.633821733157614631e+01
4.227756358611340204e+01 4.239420340535733800e+01
4.831721561086718708e+01 4.845008390138693244e+01
5.435686730870718009e+01 5.450586000113297303e+01
6.039651910281057212e+01 6.056153319911448563e+01
6.643617113664197404e+01 6.661710440433579095e+01
7.247582282648897944e+01 7.267257543551539811e+01
7.851547469280473024e+01 7.872794732135056961e+01
8.455512650555098730e+01 8.478322102329741483e+01
9.059477833771322253e+01 9.083839790938066017e+01
9.663443037206690178e+01 9.689347920689090188e+01
1.026740823639421478e+02 1.029484661180974854e+02
1.087137343897750696e+02 1.090033597691147236e+02
1.147533861088164713e+02 1.150581613488395050e+02
1.207930378616380835e+02 1.211128722027691254e+02
1.268326895695884104e+02 1.271674930706909237e+02
1.328723412832304120e+02 1.332220249518666719e+02
1.389119930955700966e+02 1.392764688044919126e+02
1.449516447781247166e+02 1.453308259465121068e+02
1.509912965056318512e+02 1.513850974900007031e+02
1.570309482310618989e+02 1.574392839949086920e+02
1.630706001218445351e+02 1.634933867497432516e+02
1.691102520258853588e+02 1.695474067605823052e+02
1.751499037525367157e+02 1.756013448747279995e+02
1.811895554666573958e+02 1.816552020942770582e+02
1.872292071920703052e+02 1.877089793174991712e+02
1.932688589268444730e+02 1.937626773949014591e+02
1.993085108007634005e+02 1.998162969529615225e+02
2.053481626283876267e+02 2.058698391578201949e+02
2.113878144972696305e+02 2.119233047899141411e+02
2.174274663809064236e+02 2.179766945173728061e+02
2.234671181287795889e+02 2.240300095489090495e+02
2.295067698829521987e+02 2.300832504267217473e+02
2.355464217139796688e+02 2.361364178357432024e+02
2.415860734086566310e+02 2.421895128310559357e+02
2.476257254219320316e+02 2.482425362318500675e+02
2.536653774723550896e+02 2.542954886642177428e+02
2.597050293549721118e+02 2.603483706417632675e+02
2.657446811026823070e+02 2.664011830499139251e+02
2.717843329440349862e+02 2.724539268550227007e+02
2.778239847654605796e+02 2.785066027960103838e+02
2.838636365349237849e+02 2.845592111240288773e+02
2.899032884985057308e+02 2.906117528603418805e+02
2.959429402099727895e+02 2.966642287848238766e+02
3.019825919077314893e+02 3.027166390668872964e+02
3.080222436508119586e+02 3.087689846836912579e+02
3.140618954408557215e+02 3.148212664377746250e+02
3.201015473230374937e+02 3.208734847836919926e+02
3.261411990585319813e+02 3.269256406353565581e+02
3.321808507499472967e+02 3.329777342051308437e+02
3.382205025545934518e+02 3.390297664084263261e+02
3.442601545604422881e+02 3.450817376562229128e+02
3.502998065414399207e+02 3.511336485598206423e+02
3.563394582355996363e+02 3.571854998301007527e+02
3.623791099332060526e+02 3.632372919314975661e+02
3.684187618331026783e+02 3.692890254154009426e+02
3.744584135275889594e+02 3.753407008221761316e+02
3.804980655635582139e+02 3.813923190150864002e+02
3.865377174408760084e+02 3.874438801662637957e+02
3.925773692821660461e+02 3.934953848650325199e+02
3.986170209693413540e+02 3.995468338451603358e+02
4.046566727806132349e+02 4.055982275005413840e+02
4.106963246026676870e+02 4.116495664201580666e+02
4.167359763876147554e+02 4.177008509103706047e+02
4.227756282386983457e+02 4.237520817630099828e+02
4.288152802074063743e+02 4.298032594026136621e+02
4.348549319057216849e+02 4.358543841904332226e+02
4.408945836679761783e+02 4.419054566968775362e+02
4.469342354303558409e+02 4.479564771641112770e+02
4.529738873633513094e+02 4.540074465255452196e+02
4.590135390938586397e+02 4.600583649557273702e+02
4.650531908319243257e+02 4.661092326467935436e+02
4.710928426069310717e+02 4.721600503469538808e+02
4.771324944736891212e+02 4.782108185317773064e+02
4.831721463105390058e+02 4.842615376528228808e+02
4.892117982628989239e+02 4.903122081360779703e+02
4.952514500912437825e+02 4.963628302022574417e+02
5.012911018952015638e+02 5.024134044149457168e+02
5.073307536162824363e+02 5.084639314165285668e+02
5.133704054966311787e+02 5.145144113901887977e+02
5.194100571926021530e+02 5.205648444774851669e+02
5.254497089031741552e+02 5.266152314317268974e+02
5.314893606349830861e+02 5.326655725982500371e+02
5.375290123532457756e+02 5.387158684566350075e+02
5.435686640686444662e+02 5.447661192989833125e+02
5.496083157914948742e+02 5.508163251757782746e+02
5.556479675049399702e+02 5.568664870246541341e+02
5.616876192211482248e+02 5.629166046813954836e+02
5.677272709098906489e+02 5.689666790355267949e+02
5.737669226114603589e+02 5.750167100971732452e+02
5.798065744231888630e+02 5.810666981246743035e+02
5.858462261395427504e+02 5.871166438423420004e+02
5.918858778691217140e+02 5.931665472090977573e+02
5.979255295738474842e+02 5.992164087902633582e+02
6.039651812720301223e+02 6.052662290621253760e+02
6.100048329671308238e+02 6.113160080469180002e+02
6.160444846688944835e+02 6.173657462295877849e+02
6.220841363544896012e+02 6.234154439370663567e+02
6.281237880362127726e+02 6.294651015024762728e+02
6.341634397222801454e+02 6.355147192212842810e+02
6.402030914086897155e+02 6.415642974205294422e+02
6.462427431440006558e+02 6.476138364098762850e+02
6.522823948481074012e+02 6.536633365486775347e+02
6.583220465399053865e+02 6.597127980537117082e+02
6.643616982601473637e+02 6.657622214088756891e+02
6.704013499587516662e+02 6.718116066436325582e+02
6.764410016482077026e+02 6.778609541848534263e+02
6.824806533478813435e+02 6.839102645413349819e+02
6.885203050512643586e+02 6.899595375556900763e+02
6.945599567570536692e+02 6.960087737189819563e+02
7.005996084660573615e+02 7.020579734819923488e+02
7.066392601766561938e+02 7.081071368569233755e+02
7.126789119027198467e+02 7.141562644007069593e+02
7.187185636187609816e+02 7.202053560965973702e+02
7.247582156258441728e+02 7.262544122658415517e+02
7.307978673086624894e+02 7.323034332436045588e+02
7.368375191473890027e+02 7.383524193406026370e+02
7.428771709101349643e+02 7.444013709072569327e+02
7.489168226935038319e+02 7.504502879250986780e+02
7.549564743680959964e+02 7.564991709279719316e+02
7.609961263669420077e+02 7.625480197946226326e+02
7.670357784585885383e+02 7.685968352068317699e+02
7.730754302240620746e+02 7.746456169186146781e+02
