0.000000000000000000e+00 0.000000000000000000e+00 0.000000000000000000e+00 0.000000000000000000e+00 0.000000000000000000e+00 0.000000000000000000e+00 0.000000000000000000e+00 0.000000000000000000e+00 0.000000000000000000e+00
0.000000000000000000e+00 8.688956175733652643e+00 1.143472878635440537e+01 1.143472878635440537e+01 1.143472878635440537e+01 1.143472878635440537e+01 1.143472878635440537e+01 1.143472878635440537e+01 1.143472878635440537e+01
0.000000000000000000e+00 1.294572025823709538e+01 1.962350593916200481e+01 2.220272763009172579e+01 2.286945756896367499e+01 2.286945756896367499e+01 2.286945756896367499e+01 2.286945756896367499e+01 2.286945756896367499e+01
0.000000000000000000e+00 1.565481669727085290e+01 2.537860934313075845e+01 3.074849688849574036e+01 3.326775738003417615e+01 3.412799933876568304e+01 3.430418636914500041e+01 3.430418636914500041e+01 3.430418636914500041e+01
0.000000000000000000e+00 1.761144816285183623e+01 2.963234467938224270e+01 3.742189908817437072e+01 4.204935817466134296e+01 4.442271089589701205e+01 4.540473864834304862e+01 4.569143224959726979e+01 4.573891519127481331e+01
0.000000000000000000e+00 1.913177830661440026e+01 3.294247109187324440e+01 4.272708882579885170e+01 4.932608346830446067e+01 5.341409836488768548e+01 5.565824443741067995e+01 5.669349791314768083e+01 5.706732980266791344e+01
0.000000000000000000e+00 2.037010155506170861e+01 3.562545332421172617e+01 4.705419683754773530e+01 5.538332834782805492e+01 6.113773752690350705e+01 6.482162675688464049e+01 6.694368188645793794e+01 6.800273832317409983e+01
0.000000000000000000e+00 2.141227310971957110e+01 3.786884164673985964e+01 5.067144886073805310e+01 6.049214363424275120e+01 6.776825567236858205e+01 7.289091293865679688e+01 7.625420982383747059e+01 7.826596020083651695e+01
0.000000000000000000e+00 2.231062542075394717e+01 3.979010440605749466e+01 5.376019779925638176e+01 6.486709068988986360e+01 7.349907600214837089e+01 7.997459399135750857e+01 8.460207695391328286e+01 8.770342228891261982e+01
0.000000000000000000e+00 2.309926649260430764e+01 4.146663067854083806e+01 5.644489190852311822e+01 6.866890968517719784e+01 7.850030108021147157e+01 8.621254840754801307e+01 9.205493662258888321e+01 9.628192290889180072e+01
0.000000000000000000e+00 2.380159518023325660e+01 4.295165659753006082e+01 5.881302948800858132e+01 7.201658287589270913e+01 8.290995217089712810e+01 9.173944744730199830e+01 9.871510347275562935e+01 1.040424098177073517e+02
0.000000000000000000e+00 2.443432581135305881e+01 4.428315996431160784e+01 6.092774076910406222e+01 7.499865296852939878e+01 8.683671379578665039e+01 9.667213606502470213e+01 1.046894964618340964e+02 1.110600967114100115e+02
0.000000000000000000e+00 2.500979496170316807e+01 4.548907669121349073e+01 6.283570860069890074e+01 7.768183159223585221e+01 9.036547911418253420e+01 1.011075820269593635e+02 1.100764732823027856e+02 1.174201112618245872e+02
0.000000000000000000e+00 2.553735707640273844e+01 4.659049712700203116e+01 6.457223578641703909e+01 8.011713591873217410e+01 9.356270648263361522e+01 1.051247740090421132e+02 1.149614774107376007e+02 1.232050699581808146e+02
0.000000000000000000e+00 2.602426780495126479e+01 4.760370121832326618e+01 6.616456125042603276e+01 8.234418386440225390e+01 9.648079905691838576e+01 1.087876852437719748e+02 1.194167297588170129e+02 1.284897495897376416e+02
0.000000000000000000e+00 2.647626431156754023e+01 4.854149868864858064e+01 6.763408092762254853e+01 8.439420051468373174e+01 9.916147009867034967e+01 1.121481793441018624e+02 1.235025237782702163e+02 1.333394841877629347e+02
0.000000000000000000e+00 2.689795888855874750e+01 4.941413759667420891e+01 6.899787043106459805e+01 8.629214072336668551e+01 1.016382669165072059e+02 1.152484941745561997e+02 1.272689861805839939e+02 1.378103329927319010e+02
