0.000000000000000000e+00 0.000000000000000000e+00 0.000000000000000000e+00 0.000000000000000000e+00 0.000000000000000000e+00 0.000000000000000000e+00 0.000000000000000000e+00 0.000000000000000000e+00 0.000000000000000000e+00
0.000000000000000000e+00 2.130640085967431574e+01 2.695754139616924761e+01 2.695754139616924761e+01 2.695754139616924761e+01 2.695754139616924761e+01 2.695754139616924761e+01 2.695754139616924761e+01 2.695754139616924761e+01
0.000000000000000000e+00 2.817610145754337481e+01 4.458364711099484623e+01 5.161840894684040393e+01 5.391508281243470435e+01 5.391508281243470435e+01 5.391508281243470435e+01 5.391508281243470435e+01 5.391508281243470435e+01
0.000000000000000000e+00 3.190422491346966183e+01 5.453054607966564049e+01 6.868942693254365395e+01 7.637271075044505153e+01 7.983417976181587505e+01 8.087262425137291189e+01 8.087262425137291189e+01 8.087262425137291189e+01
0.000000000000000000e+00 3.438789157133048491e+01 6.087631563271142454e+01 8.030391360061918249e+01 9.327813641837997238e+01 1.012208127215310327e+02 1.055139219025374331e+02 1.073427357649081699e+02 1.078301657625646328e+02
0.000000000000000000e+00 3.622723740472248011e+01 6.538587229164321002e+01 8.851742342936620389e+01 1.059007022649680039e+02 1.181293693720985800e+02 1.262028768036877295e+02 1.310615481051017639e+02 1.335690861153331923e+02
0.000000000000000000e+00 3.767882451768191743e+01 6.883244700127249871e+01 9.466990667111431890e+01 1.154652147790891377e+02 1.314468503897557241e+02 1.431487271192674484e+02 1.512920372196739436e+02 1.565658330959584816e+02
0.000000000000000000e+00 3.887359300763552739e+01 7.160066090343418921e+01 9.951039685439565119e+01 1.229419958079113400e+02 1.420204616578325272e+02 1.569845125463821205e+02 1.682863915343450287e+02 1.764685608889392938e+02
0.000000000000000000e+00 3.988664403967041494e+01 7.390380514914792798e+01 1.034658552023785631e+02 1.289802647870511123e+02 1.505688800899717421e+02 1.683388329828700307e+02 1.825284835735763238e+02 1.935132715575454654e+02
0.000000000000000000e+00 4.076476510036089707e+01 7.587055694182535603e+01 1.067931682793385590e+02 1.339971536939055454e+02 1.576320997249250127e+02 1.777636837794333360e+02 1.945061538510283583e+02 2.080844092544217574e+02
0.000000000000000000e+00 4.153895550163604611e+01 7.758377952289593793e+01 1.096556103920545553e+02 1.382640814224637893e+02 1.635922302121767871e+02 1.857044637832130434e+02 2.046577444055135686e+02 2.205726997128269034e+02
0.000000000000000000e+00 4.223075524625109267e+01 7.909964637286482514e+01 1.121620912732943509e+02 1.419628957961053857e+02 1.687161056291988359e+02 1.925002006102244820e+02 2.133529797946363828e+02 2.313355549242075142e+02
0.000000000000000000e+00 4.285570899720772786e+01 8.045783954252061676e+01 1.143882979313801798e+02 1.452194346429970153e+02 1.731918108505812768e+02 1.984023536176244988e+02 2.208886284334568586e+02 2.406834472316562028e+02
0.000000000000000000e+00 4.342538661655517984e+01 8.168735204346475598e+01 1.163886768056475916e+02 1.481234932189718165e+02 1.771543864618710700e+02 2.035966338253950312e+02 2.274959165694451144e+02 2.488753141457569313e+02
0.000000000000000000e+00 4.394862198269539277e+01 8.280996748260699292e+01 1.182035552115041668e+02 1.507409455511945566e+02 1.807028580885710198e+02 2.082212022784588612e+02 2.333527913010835846e+02 2.561209601011427139e+02
0.000000000000000000e+00 4.443230742763226004e+01 8.384244248551638634e+01 1.198635537540537683e+02 1.531213165575776145e+02 1.839113842783100381e+02 2.123801648886708904e+02 2.385960915080744371e+02 2.625876410276450770e+02
0.000000000000000000e+00 4.488192020499366919e+01 8.479792835060105460e+01 1.213924235680604937e+02 1.553026484962277038e+02 1.868366092258412152e+02 2.161531398401140223e+02 2.433316712805634268e+02 2.684078786039733018e+02
