0.000000000000000000e+00 0.000000000000000000e+00 0.000000000000000000e+00 0.000000000000000000e+00 0.000000000000000000e+00 0.000000000000000000e+00 0.000000000000000000e+00 0.000000000000000000e+00 0.000000000000000000e+00
0.000000000000000000e+00 1.673253140131911110e+01 2.130322653435508329e+01 2.130322653435508329e+01 2.130322653435508329e+01 2.130322653435508329e+01 2.130322653435508329e+01 2.130322653435508329e+01 2.130322653435508329e+01
0.000000000000000000e+00 2.282812147816295578e+01 3.555779042624715203e+01 4.099114028197031701e+01 4.260645311743303409e+01 4.260645311743303409e+01 4.260645311743303409e+01 4.260645311743303409e+01 4.260645311743303409e+01
0.000000000000000000e+00 2.627954231434926058e+01 4.418931076126104074e+01 5.509912279526658097e+01 6.086561477469300740e+01 6.327718702033943288e+01 6.390967970356144434e+01 6.390967970356144434e+01 6.390967970356144434e+01
0.000000000000000000e+00 2.862646157185775664e+01 4.993804827622918197e+01 6.510494540012896891e+01 7.501838589375331878e+01 8.087138958941973499e+01 8.382651555684979883e+01 8.495705003325338112e+01 8.521290631655045900e+01
0.000000000000000000e+00 3.038520793540688203e+01 5.412525995490710784e+01 7.244082516019317097e+01 8.588765170603620902e+01 9.513625871705812642e+01 1.010084827481732503e+02 1.043224735233876572e+02 1.058764538446207979e+02
0.000000000000000000e+00 3.178381034912890613e+01 5.737439718569307701e+01 7.807473060477326499e+01 9.435969030971193661e+01 1.066223638425033187e+02 1.153838392693924675e+02 1.212437610352843649e+02 1.248143537750562615e+02
0.000000000000000000e+00 3.294108514962060497e+01 6.001035876518221812e+01 8.258277988256443791e+01 1.011354007696335486e+02 1.159475476180547275e+02 1.273397713414170767e+02 1.357231258486531829e+02 1.415567903006087818e+02
0.000000000000000000e+00 3.392616723691036640e+01 6.221896357897527707e+01 8.631016474777300118e+01 1.067018236856936824e+02 1.236380915769113074e+02 1.373317928295211630e+02 1.480526195686599351e+02 1.561313620929005026e+02
0.000000000000000000e+00 3.478258418918934325e+01 6.411476488016171515e+01 8.947232671291232009e+01 1.113855768786058036e+02 1.300964834997210460e+02 1.457688605066855416e+02 1.585826003910130169e+02 1.687669603919761130e+02
0.000000000000000000e+00 3.553940879621323035e+01 6.577270856019522682e+01 9.220995208234160145e+01 1.154071257122974004e+02 1.356163914078900348e+02 1.529840225781540539e+02 1.676399304705939812e+02 1.797417116981112031e+02
0.000000000000000000e+00 3.621697193541337612e+01 6.724421579206806143e+01 9.461881669384671056e+01 1.189185890309214670e+02 1.404095333377835004e+02 1.592357763390399441e+02 1.755028181988692495e+02 1.893228067294607513e+02
0.000000000000000000e+00 3.683002122647652499e+01 6.856595594767561863e+01 9.676653601267041438e+01 1.220277149482253378e+02 1.446294569586149805e+02 1.647206782105577076e+02 1.823972969099118302e+02 1.977452990648639002e+02
0.000000000000000000e+00 3.738957998627019919e+01 6.976492314199711586e+01 9.870235762259636658e+01 1.248128297705354868e+02 1.483890981044378066e+02 1.695875862019636315e+02 1.885026720518373224e+02 2.052069050201404252e+02
0.000000000000000000e+00 3.790409541206280153e+01 7.086152543941940962e+01 1.004631242033436536e+02 1.273322594448240181e+02 1.517729522655491792e+02 1.739498246189482700e+02 1.939598057857132574e+02 2.118698376856904702e+02
0.000000000000000000e+00 3.838017770257535233e+01 7.187154195847699611e+01 1.020770408322662917e+02 1.296303914662491934e+02 1.548453592926888120e+02 1.778945291482996254e+02 1.988792707645633016e+02 2.178654942064653710e+02
0.000000000000000000e+00 3.882309393698746902e+01 7.280741066894729840e+01 1.035661340433614583e+02 1.317416669069374677e+02 1.576561501992788976e+02 1.814895104587782271e+02 2.033482602238374284e+02 2.232998142129781911e+02
