0.000000000000000000e+00 0.000000000000000000e+00
1.009270425389830805e+00 1.189323176906981416e+00
4.326385779866170900e+00 4.609104425923993276e+00
7.646691014703915990e+00 8.027144488014693380e+00
1.096541746261022787e+01 1.144018007364943479e+01
1.428166978636026130e+01 1.484901933689401332e+01
1.759681823317489346e+01 1.825126976631721831e+01
2.091036879540237692e+01 2.164947264000505101e+01
2.422245247618348074e+01 2.504293897433885263e+01
2.753309877349227008e+01 2.843322510263530489e+01
3.084196628337761581e+01 3.181333599269052570e+01
3.414933587319998765e+01 3.518915239694652541e+01
3.745508366373356779e+01 3.856075210916240081e+01
4.075912825574680198e+01 4.192835297583269494e+01
4.406177862854330129e+01 4.528189051036954993e+01
4.736281840698232770e+01 4.865193739004848794e+01
5.066204178165432381e+01 5.200841056032429321e+01
