0.000000000000000000e+00 0.000000000000000000e+00
1.286595157408819468e+00 1.459801336782254211e+00
4.720954720104994173e+00 4.998449982396493851e+00
8.150765350458030412e+00 8.527098766016015574e+00
1.157876568326829059e+01 1.204978442717334453e+01
1.500557314832476941e+01 1.556689732202972642e+01
1.843121531447103223e+01 1.907885708207893316e+01
2.185591325914960947e+01 2.258817342163488817e+01
2.527894667302876286e+01 2.608962790617170668e+01
2.870061314899946581e+01 2.959101081209365347e+01
3.212095107009130857e+01 3.308310946444365186e+01
3.553980966304083466e+01 3.657821816607066978e+01
3.895648497518573805e+01 4.006152705457654406e+01
4.237170661309829711e+01 4.354872227856731115e+01
4.578540200498413526e+01 4.702347567957630048e+01
4.919712076830751357e+01 5.050451296389933020e+01
5.260682309423215486e+01 5.399491181134068540e+01
