0.000000000000000000e+00 0.000000000000000000e+00
7.397145622521632546e-01 9.365765720862819776e-01
3.962942934881261703e+00 4.261801607396791702e+00
7.175578802577761373e+00 7.571369951206984084e+00
1.039278172237837516e+01 1.088223432750941555e+01
1.360905361478550901e+01 1.418619761973016402e+01
1.682421276657530029e+01 1.748504574620807617e+01
2.003814792905982500e+01 2.077893075808414025e+01
2.325067385953288834e+01 2.406785249600699572e+01
2.646184460834027519e+01 2.736235629515675427e+01
2.967144530993641638e+01 3.063446485232081784e+01
3.287968346197073544e+01 3.391818901904829886e+01
3.608618723661678018e+01 3.719853181356646843e+01
3.929097930422656759e+01 4.048282957960063300e+01
4.249380980429570798e+01 4.374445631825560099e+01
4.569498466540895976e+01 4.700248300467019646e+01
4.889461754161489182e+01 5.025698917883048011e+01
