0.000000000000000000e+00 0.000000000000000000e+00
1.605839190369543701e+00 1.766732886373360678e+00
5.143472255657813186e+00 5.409014688614559141e+00
8.681298216908921006e+00 9.046398242742764495e+00
1.221812053210088500e+01 1.267802947781580158e+01
1.575409697491230787e+01 1.630435876419461394e+01
1.928890743741301605e+01 1.992554488039015581e+01
2.282251275216608377e+01 2.354482779346707133e+01
2.635458897389639077e+01 2.715616452183219209e+01
2.988537771702609902e+01 3.076293313173592736e+01
3.341469499482872152e+01 3.437086936341681564e+01
3.694233962584606701e+01 3.797472366630558582e+01
4.046813845589639413e+01 4.156738243709423841e+01
4.399235294686403108e+01 4.514762485841800554e+01
4.751516299326213755e+01 4.874285006004454601e+01
5.103590683121406357e+01 5.231342357090592543e+01
5.455527243642809054e+01 5.590223083974630924e+01
