0.000000000000000000e+00 0.000000000000000000e+00
9.623276816919279497e-01 1.150467473721080047e+00
4.278450910538776242e+00 4.570203071029295572e+00
7.593879159235621401e+00 7.983793883507663836e+00
1.090832410833645483e+01 1.139291162740082264e+01
1.422151862039727632e+01 1.479663841627752063e+01
1.753370465562616687e+01 1.819349248637438166e+01
2.084400798627214613e+01 2.158476025783437535e+01
2.415285880562338860e+01 2.497127973799884870e+01
2.746049842388685747e+01 2.835161347393101039e+01
3.076650219519606466e+01 3.172896845987412107e+01
3.407112770834541493e+01 3.511572433574483654e+01
3.737396986073798644e+01 3.848388839653547677e+01
4.067526842556459599e+01 4.185546081783537886e+01
4.397492305721671357e+01 4.523504599614062727e+01
4.727229850813499468e+01 4.858989468410969437e+01
5.056813911436203313e+01 5.194128399042444499e+01
