0.000000000000000000e+00 0.000000000000000000e+00
1.379644387140441353e+00 1.549621279323594614e+00
4.847379995482888226e+00 5.121841374972207817e+00
8.289981858133401715e+00 8.664468289812306878e+00
1.174318689035532159e+01 1.221304511761904088e+01
1.519573414016100266e+01 1.575684097011802898e+01
1.864721003907400743e+01 1.929871030141029209e+01
2.209729659389043377e+01 2.283696918498888095e+01
2.554573373430581995e+01 2.636352439160745575e+01
2.899300919809226684e+01 2.988550978309552875e+01
3.243872334802523483e+01 3.340891336093523023e+01
3.588261940731135269e+01 3.693547915203446053e+01
3.932490533156276058e+01 4.045931450474581936e+01
4.276478656388782440e+01 4.397165770676006957e+01
4.620281774898793259e+01 4.747004135080059939e+01
4.963939122216154942e+01 5.097617992557889721e+01
5.307365597553538095e+01 5.447865710409550388e+01
