0.000000000000000000e+00 0.000000000000000000e+00
8.651665122064837732e-01 1.058184011172564887e+00
4.142693629329566640e+00 4.438711384019993211e+00
7.418147744335700011e+00 7.812636490893462238e+00
1.069262965548052691e+01 1.118132591935869868e+01
1.396610573432566582e+01 1.454576653399684361e+01
1.723824200085614677e+01 1.790260246911680753e+01
2.050930670046462012e+01 2.125029852605760539e+01
2.377894759838994077e+01 2.459737223525193173e+01
2.704736485940280488e+01 2.793984641437273808e+01
3.031416492736932611e+01 3.127787863155001347e+01
3.357941895615390138e+01 3.461704562045467526e+01
3.684294103616880989e+01 3.795518859868077044e+01
4.010451760678147792e+01 4.128985448138233494e+01
4.336425248723281811e+01 4.462124923652338282e+01
4.662177780327128573e+01 4.794578083727601836e+01
4.987742158280858007e+01 5.125686422963147493e+01
