0.000000000000000000e+00 0.000000000000000000e+00
9.282358704895745660e-01 1.119973548379370243e+00
4.222034829027881742e+00 4.516858420762487114e+00
7.518465958146340888e+00 7.911890776813761406e+00
1.081289155447777972e+01 1.130100966002378016e+01
1.410713406260891212e+01 1.468475387088411921e+01
1.739935405306050242e+01 1.806165435528409091e+01
2.068974637802138261e+01 2.143678701772214623e+01
2.397899308267373186e+01 2.480772015773208139e+01
2.726624252605422072e+01 2.817000820503651681e+01
3.055277208021742297e+01 3.152763572933706016e+01
3.383700142953689749e+01 3.488672798818934950e+01
3.711976282648672054e+01 3.824201633828823788e+01
4.040099354639104945e+01 4.159374724932424527e+01
4.367992119255821848e+01 4.494201044063049721e+01
4.695762200597424396e+01 4.827746369172795227e+01
5.023367205629519106e+01 5.161948627684303403e+01
