0.000000000000000000e+00 0.000000000000000000e+00
1.605834216523674307e+00 1.766733120603031892e+00
5.143546168566543564e+00 5.409009554331568381e+00
8.681346380283553543e+00 9.046407415864834434e+00
1.221813683920625948e+01 1.267806080287574844e+01
1.575401851169207923e+01 1.630616806266655772e+01
1.928881448325089920e+01 1.992963860456277203e+01
2.282242945800562595e+01 2.354891211459560552e+01
2.635446722481336579e+01 2.716397738681759932e+01
2.988501566321376046e+01 3.077481353338044201e+01
3.341402958285915048e+01 3.438220651169964981e+01
3.694138281740804075e+01 3.797929596571299271e+01
4.046713345118042326e+01 4.157981972989801278e+01
4.399097649853990788e+01 4.518551234386265492e+01
4.751262732044185100e+01 4.876837901825003030e+01
5.103250939623494986e+01 5.234749248772413210e+01
5.455070631283923177e+01 5.592401573090465661e+01
