0.000000000000000000e+00 0.000000000000000000e+00
1.750103232677005849e+00 1.905414970639790262e+00
5.330866869680921383e+00 5.590640117569690482e+00
8.911068346058296896e+00 9.270446812868721409e+00
1.249041012038665244e+01 1.294477964194550523e+01
1.606784142631434520e+01 1.661283120633665789e+01
1.964438021838103055e+01 2.027605500688511597e+01
2.321956561539031583e+01 2.393711271371671501e+01
2.679314877068159362e+01 2.759786309716733399e+01
3.036524747981388117e+01 3.125069204923693178e+01
3.393575848850446164e+01 3.489898714333159546e+01
3.750459980200587751e+01 3.853838929709337435e+01
4.107166769867163225e+01 4.218094642445063869e+01
4.463708196009172013e+01 4.581201871119383640e+01
4.820073017820115524e+01 4.944822018567737132e+01
5.176219111595268885e+01 5.308125486178938957e+01
5.532152537330379971e+01 5.669819722075408208e+01
