0.000000000000000000e+00 0.000000000000000000e+00
1.173248087209107560e+00 1.349803032703028371e+00
4.562970658404019275e+00 4.843468491279660171e+00
7.952591835570338219e+00 8.332231382876933878e+00
1.134124294538108302e+01 1.181700837105119462e+01
1.472855437244705357e+01 1.529525444405001089e+01
1.811467039220565312e+01 1.876894381006628265e+01
2.149909758402991145e+01 2.223486613631237674e+01
2.488227869576582663e+01 2.570037306968653468e+01
2.826384790830639204e+01 2.916128928521967012e+01
3.164379768944362326e+01 3.261275157369372835e+01
3.502228842866263392e+01 3.606625970980657314e+01
3.839913087503922640e+01 3.951614801648848641e+01
4.177414889830124878e+01 4.295435678176595218e+01
4.514754620821096864e+01 4.639782038371988904e+01
4.851905566022441008e+01 4.982792609913252591e+01
5.188893948052073313e+01 5.327816377302700346e+01
