0.000000000000000000e+00 0.000000000000000000e+00
1.943348146992039727e+00 2.093424774375907571e+00
5.586256286619636136e+00 5.841436204297854928e+00
9.228647379095734848e+00 9.583697806745036019e+00
1.286951985059240577e+01 1.332087507069233112e+01
1.650916180199657646e+01 1.705316354725539441e+01
2.014749519678600720e+01 2.077890098927708351e+01
2.378103335941389673e+01 2.449577628479200797e+01
2.741377933046652515e+01 2.821187279972208728e+01
3.104452402502700537e+01 3.192415910925335965e+01
3.467452536386075934e+01 3.562740355869225084e+01
3.830344181086555011e+01 3.933196850963740587e+01
4.193001367408785285e+01 4.303409097073461709e+01
4.555477467127725788e+01 4.672320794819167133e+01
4.917780274483165925e+01 5.040901314379137688e+01
5.279827121746021135e+01 5.409254252224144466e+01
5.641767887807030490e+01 5.778306406714929722e+01
