0.000000000000000000e+00 0.000000000000000000e+00
1.375498296909888118e+00 1.546516580840917143e+00
4.844448414290738469e+00 5.120113676446289119e+00
8.312906983404593220e+00 8.687992801554267785e+00
1.178051628108586968e+01 1.225029438092219536e+01
1.524718556564617700e+01 1.580892482222207818e+01
1.871280235918148804e+01 1.935791645387234894e+01
2.217724623060386335e+01 2.290781318799117372e+01
2.564033746875072595e+01 2.645352187865622540e+01
2.910196553122032270e+01 2.998991885170809368e+01
3.256213601533892188e+01 3.352797036175547873e+01
3.602068465814606668e+01 3.706953458034870863e+01
3.947731968898842325e+01 4.059213962545270249e+01
4.293242321031883790e+01 4.411941412724223710e+01
4.638563698658744272e+01 4.765382737446526562e+01
4.983660104577052863e+01 5.117478216539077351e+01
5.328550003804512869e+01 5.467963289045314212e+01
