0.000000000000000000e+00 0.000000000000000000e+00
1.003128593597387486e+00 1.187723730090161744e+00
4.332491015844833981e+00 4.620383498614085482e+00
7.660883040752139550e+00 8.046124144438168813e+00
1.098800395651453599e+01 1.146801697723126878e+01
1.431377371686633637e+01 1.488435774985946480e+01
1.763800323903591760e+01 1.829357627296214162e+01
2.096093171690005263e+01 2.169779957476020371e+01
2.428259780882839181e+01 2.510083601023638522e+01
2.760283991664877234e+01 2.849975836884505043e+01
3.092153099254110771e+01 3.188952040853372694e+01
3.423894241185932685e+01 3.528270867671967181e+01
3.755448672639819563e+01 3.866357017167185717e+01
4.086847506170452959e+01 4.204818199694485514e+01
4.418059444391992940e+01 4.543180604190443717e+01
4.749088422582288160e+01 4.880000390620928385e+01
5.079944935513150739e+01 5.216457593947663440e+01
