0.000000000000000000e+00 0.000000000000000000e+00
2.032474520479266467e+00 2.181677268123052293e+00
5.709252745170317667e+00 5.964110975010089355e+00
9.385509630271622328e+00 9.740981169835180253e+00
1.306042877775402822e+01 1.351323026464627475e+01
1.673367327808366412e+01 1.728015073764187193e+01
2.040477055083216484e+01 2.103991706391812855e+01
2.407076567395859712e+01 2.479561424285574134e+01
2.773388499603577984e+01 2.854161072974176250e+01
3.139702057876007402e+01 3.228263367774682990e+01
3.505753963771608284e+01 3.601832298484030304e+01
3.871839521078002377e+01 3.974915730636941902e+01
4.237651352839300500e+01 4.348224356274390345e+01
4.603360707099376725e+01 4.720419783263772473e+01
4.968818843672227104e+01 5.092467729707584567e+01
5.334083870181916609e+01 5.465042071209039420e+01
5.699213257545203248e+01 5.836151156895463998e+01
