0.000000000000000000e+00 0.000000000000000000e+00
1.864859487025129603e+00 2.018350156919761496e+00
5.489522900414940842e+00 5.748211252935899296e+00
9.113680259430591235e+00 9.473560255221723736e+00
1.273666186364684805e+01 1.319191090011411127e+01
1.635846308355225887e+01 1.690619531438474255e+01
1.997884377926260413e+01 2.061343689354414010e+01
2.359793972648112259e+01 2.431901957304397399e+01
2.721575112102578942e+01 2.802052280546195107e+01
3.083200059520663672e+01 3.171288530906537773e+01
3.444673829470724513e+01 3.540701499854303336e+01
3.805981817459873184e+01 3.909012141795160744e+01
4.167101544617732145e+01 4.277038307188130517e+01
4.528083856460482082e+01 4.645449306187850880e+01
4.888840611425752769e+01 5.013533939236720016e+01
5.249402784120412946e+01 5.380093047762554193e+01
5.609783122987473547e+01 5.747597085789471549e+01
