0.000000000000000000e+00 0.000000000000000000e+00
1.510010454565025917e+00 1.673869555716503754e+00
5.015829099388630752e+00 5.284189668434914999e+00
8.521220190195949229e+00 8.888963258919574173e+00
1.202553830954009406e+01 1.248911212116846059e+01
1.552887596742987597e+01 1.608272241266202229e+01
1.903115922654733794e+01 1.967121428349753387e+01
2.253211779112628932e+01 2.325466889889843003e+01
2.603166588742960030e+01 2.683323910992450578e+01
2.952984642477825616e+01 3.040720544821586913e+01
3.302653290607207737e+01 3.397658510310619562e+01
3.652162326302517670e+01 3.754835610852969552e+01
4.001495803855515021e+01 4.110877514113120412e+01
4.350668999758917721e+01 4.467378768235905540e+01
4.699656900125241776e+01 4.824511169320552995e+01
5.048420757718159990e+01 5.180283892669641688e+01
5.396980222904488755e+01 5.535780367351875242e+01
