0.000000000000000000e+00 0.000000000000000000e+00
1.101500257879838074e+00 1.282559429025090125e+00
4.469778525077892084e+00 4.754782615582044514e+00
7.837050212441993402e+00 8.220704216267504805e+00
1.120358775342761426e+01 1.167972716276689127e+01
1.456917626984672509e+01 1.513642296842937540e+01
1.793350292397435908e+01 1.858597311102194993e+01
2.129658629105923495e+01 2.203349341661680327e+01
2.465831368232659315e+01 2.547307022513421160e+01
2.801872087742368933e+01 2.891355322616550438e+01
3.137760821470530459e+01 3.234367899353000553e+01
3.473505315580712960e+01 3.576952567023261054e+01
3.809094821718953483e+01 3.919124567811788040e+01
4.144539111497253003e+01 4.260896511226722083e+01
4.479815292789391634e+01 4.603341226191207625e+01
4.814890314306354924e+01 4.945256231377864964e+01
5.149778404414128374e+01 5.285543824317494455e+01
