0.000000000000000000e+00 0.000000000000000000e+00
8.214646187577478997e-01 1.019422655070890471e+00
4.075116763414827759e+00 4.376063109284682007e+00
7.331807814632844256e+00 7.730638363001398616e+00
1.058728855518761947e+01 1.107941511800062351e+01
1.384158405889795773e+01 1.442463391769098635e+01
1.709463233709224994e+01 1.776225687393027997e+01
2.034646783333631959e+01 2.109748917584914096e+01
2.359709158089008696e+01 2.442841613369126463e+01
2.684618371784087998e+01 2.775717211793633510e+01
3.009329365964907410e+01 3.108192329917874730e+01
3.333900806313120313e+01 3.439457009956532829e+01
3.658308910687304660e+01 3.770311089132776772e+01
3.982570049609319796e+01 4.100418388039413031e+01
4.306666190426805230e+01 4.431315927029314139e+01
4.630591945260751174e+01 4.763178380312830740e+01
4.954291281400750080e+01 5.094803141782277578e+01
