0.000000000000000000e+00 0.000000000000000000e+00
1.998207759162066388e+00 2.146630098442829038e+00
5.656988779988028071e+00 5.910286694183527700e+00
9.314763449605035106e+00 9.667907493696491272e+00
1.297168566593333594e+01 1.342121765260847610e+01
1.662771021726373988e+01 1.716803907204829471e+01
2.028249231629089167e+01 2.090774294835823710e+01
2.393610242753584316e+01 2.464791265571769685e+01
2.758815914937887115e+01 2.837960409389788907e+01
3.123877102566159181e+01 3.210797960606173973e+01
3.488788905868907619e+01 3.583051245741054913e+01
3.853539199914579427e+01 3.955053639319781666e+01
4.218128577191134809e+01 4.326656920802628292e+01
4.582542536198558025e+01 4.697867934504334642e+01
4.946775593949944039e+01 5.068703391415456139e+01
5.310830713336476805e+01 5.439750466235549453e+01
5.674683143208726221e+01 5.809495144166037051e+01
