3.890553428468945185e+02
3.913322490995819862e+02
3.869168149828472565e+02
3.951206326540366831e+02
3.852066079045729339e+02
3.832253237176805101e+02
3.868061005506676224e+02
4.051076254563722614e+02
4.109458587737085509e+02
4.122103204915527499e+02
4.119384176510348539e+02
4.144394175849353701e+02
4.150147195108149845e+02
4.168669269195027027e+02
4.102666631083189941e+02
4.135111516531288203e+02
4.206335798525684595e+02
4.178687567527653073e+02
4.206837960102220677e+02
4.255811797129906608e+02
4.299278325476822147e+02
4.323459842817898107e+02
4.349600285388289649e+02
4.383537193455961187e+02
4.357974025948892631e+02
4.307483192205051523e+02
4.314460034600492691e+02
4.195865092133750522e+02
4.216087359635449161e+02
4.028257056170879764e+02
4.181345319469703554e+02
4.315077690475167174e+02
4.279718680123045260e+02
4.347948014178326162e+02
4.328619463297262087e+02
4.353441908316448234e+02
4.339951255455216028e+02
4.322407502931893646e+02
4.417730745817081583e+02
4.427629633871965211e+02
4.448864359566746316e+02
4.417625921539311662e+02
4.366881738373797361e+02
4.369668331811010944e+02
4.375380685521912483e+02
4.404225627139177277e+02
4.410368438359017205e+02
4.276392003330563512e+02
4.182989254999433797e+02
4.326354024150770670e+02
4.394856899113580653e+02
