4.974267356031991767e+02
5.767710361459418209e+02
4.844208374193204349e+02
5.456597101730086479e+02
4.644105900789245425e+02
4.523908734339128728e+02
4.668484113208922963e+02
4.609252741830392210e+02
4.610151920311993194e+02
5.465357088851296794e+02
4.414749803232996328e+02
4.887333124425505844e+02
5.208635198957507555e+02
5.573601421850300994e+02
5.152478741954246289e+02
5.216403973920828321e+02
4.264895398650653533e+02
3.994183607759725305e+02
5.127985723287364408e+02
4.708023736277692706e+02
4.883029335067855072e+02
4.925573836254573621e+02
4.310178938145747907e+02
4.483428042987419531e+02
5.095355402767988835e+02
4.695945010180329859e+02
4.898937408459431708e+02
4.113576203546400620e+02
5.263375513258991987e+02
5.081738640723895628e+02
4.674895261423412762e+02
4.685614020843686376e+02
4.636934203900800640e+02
4.667600719745805691e+02
4.697100258369733297e+02
4.099655125097382893e+02
5.711703849537240103e+02
5.242085731569322888e+02
4.751543522366733328e+02
4.803445289854395810e+02
4.132760267453459733e+02
3.534854636243784398e+02
4.662569264400905809e+02
4.324618520462513516e+02
4.656431380967734981e+02
4.433899038504016517e+02
5.482873556576348619e+02
5.636357492293275300e+02
4.178889216481527455e+02
4.919005436231756789e+02
4.821933033128628381e+02
4.983242890139909491e+02
3.667594179623167179e+02
4.801121217066047393e+02
3.723381930005777463e+02
4.840478656832278830e+02
4.728613077236873892e+02
5.464452475112218508e+02
4.052178201836510993e+02
4.938102902612327512e+02
4.713612594413862098e+02
4.511340537284924039e+02
4.805185969060010507e+02
5.068433254725501911e+02
4.269609220040057380e+02
4.573054715461836963e+02
5.519751025364658972e+02
4.712022757611399584e+02
5.043963873879566222e+02
4.159809733651359238e+02
4.430271023311023555e+02
4.962465431597474890e+02
5.070756243774472978e+02
5.200587960852363949e+02
4.296330894452884763e+02
5.195708206792937744e+02
4.781507382353251501e+02
5.393167125581549044e+02
5.430746335669593918e+02
4.215108351844621666e+02
4.360733544772089090e+02
4.448053534137424094e+02
5.360640837240322298e+02
4.818237457610472347e+02
5.423141301188138641e+02
5.969974181562891999e+02
4.712177047755254193e+02
4.747801520849077974e+02
3.977215791484186980e+02
4.260735702071909259e+02
4.436185375009853260e+02
4.612980951368626279e+02
4.818047032268883072e+02
4.357506830368245687e+02
4.912573276679786431e+02
3.801967617437259150e+02
4.359462311487261559e+02
4.897247148647054473e+02
4.778364875448233988e+02
4.474802378947583179e+02
