1.560709413542596735e+02
2.096341103919781403e+02
1.390325320749477669e+02
1.748391260477127105e+02
1.049546960701072607e+02
1.466319620978630098e+02
1.201103680942623839e+02
1.178707491507043983e+02
1.404431510634764777e+02
1.854797973804642766e+02
9.580534532778264634e+01
1.226602006080587728e+02
1.755049720880796542e+02
1.742969825036925045e+02
1.734941967260280080e+02
1.590728768876941501e+02
1.011095919858761789e+02
1.216796534736067485e+02
1.708762217435347566e+02
1.741893509905623034e+02
1.772788379348278909e+02
1.643636740138628909e+02
1.544574978116781949e+02
1.761047794710281948e+02
1.356259668784319956e+02
1.224620270283657675e+02
1.771858878665339603e+02
1.595544839391717460e+02
1.856704923100753888e+02
1.250121819243264270e+02
1.167511908639013711e+02
1.384921521657436472e+02
1.639917435192223252e+02
1.274877629704670312e+02
1.205594030063779485e+02
1.015433569914450942e+02
1.802360878603916774e+02
1.830330263147381800e+02
1.298293513864446709e+02
1.467801608057269505e+02
1.217845686702630985e+02
1.254332483361034605e+02
1.231980613894028238e+02
1.264535747399694827e+02
1.624046440848809425e+02
1.201569343546996578e+02
1.664569585424747800e+02
1.782052715800428473e+02
1.015749752396174301e+02
1.370528739955310016e+02
1.638216570248152379e+02
1.693442577577301336e+02
9.431619740494566884e+01
1.526685147633479289e+02
1.414181255946874671e+02
1.515952143518337039e+02
1.656028874672447273e+02
1.754441774410560413e+02
1.375957771181125224e+02
1.486692595763093152e+02
1.434651762827375876e+02
9.440729197999998235e+01
1.398348506301718714e+02
1.659988748203352884e+02
1.332632809903779787e+02
1.388696734231992593e+02
1.621834255378647924e+02
1.781508574436554113e+02
1.351482585848739006e+02
1.135453060121507605e+02
1.749345094030216785e+02
1.539466646874643061e+02
1.069490527476515496e+02
1.363105134331490831e+02
1.118925049362364916e+02
1.546141670343146473e+02
1.639822162958203648e+02
1.890599787157910612e+02
1.491947770597114413e+02
1.376145187150066818e+02
1.024587115369571819e+02
1.129486312705013660e+02
1.821055549446817281e+02
1.136304955950098332e+02
1.567193143532789463e+02
1.772834086292433255e+02
1.393077231370536140e+02
1.530967707717600490e+02
8.776182039778699107e+01
9.059008694013994045e+01
1.297189699209646960e+02
1.115312078290746598e+02
1.539561691085674795e+02
1.399244430976893057e+02
1.338606482597654690e+02
1.263093869193458829e+02
1.150458473821792893e+02
1.457396445665193880e+02
1.076806767383403667e+02
1.592635815243168054e+02
