2.303019675127962955e+02
2.074029886540665473e+02
2.915758331081548249e+02
2.126035164533155069e+02
2.261897158963994912e+02
1.820057768366660298e+02
1.867253762117518647e+02
2.071076179289377137e+02
1.728260969151905329e+02
3.010182335659694104e+02
2.215582426184794542e+02
2.452944762682994906e+02
1.524968960395794113e+02
2.508572154550181779e+02
2.067747817886929909e+02
2.306302226523171157e+02
2.700794398649994150e+02
2.298979074735052279e+02
2.120916707159373686e+02
2.074788228193662576e+02
1.905646143824064040e+02
2.451725169141218714e+02
2.210109655065586765e+02
2.721825765891887841e+02
2.686823270091800850e+02
1.888957011096815961e+02
2.054284605913860844e+02
2.328416947665170085e+02
2.831933880568115001e+02
2.436752388552503419e+02
2.750748079321646742e+02
2.487626674309649388e+02
2.321441272617026641e+02
2.614401229533144146e+02
2.653135804744571828e+02
2.668835798360582885e+02
2.170575038363796807e+02
2.495205938047325844e+02
1.925985857023797223e+02
2.030843226814450020e+02
2.029708821918235913e+02
2.008168238136203740e+02
2.787534113134976792e+02
2.571876862186346671e+02
2.167083084173730470e+02
1.993400579508048622e+02
2.204673160018862745e+02
1.945398738043358264e+02
2.041314317964212819e+02
2.161029241023915688e+02
1.757748334373476666e+02
2.210852140133296189e+02
2.186544370676608935e+02
2.235454911825086413e+02
2.510693966769416363e+02
2.514162809741427225e+02
2.297307064804648462e+02
2.815772077201884258e+02
1.790330588455810528e+02
1.961298252060870766e+02
2.672106317047597486e+02
2.479604721904773044e+02
2.313597639619088682e+02
2.398055885089066237e+02
2.698103572710672893e+02
2.064562546800156895e+02
2.122213950467286736e+02
2.950072455635578308e+02
2.016266376627633292e+02
2.713440879346787256e+02
1.661471649394023302e+02
2.567028879790052542e+02
2.610546529822159982e+02
2.384857748283365311e+02
2.047878046817730535e+02
2.087796346792869429e+02
2.122128774159113220e+02
2.465637378974924729e+02
2.126931683894402738e+02
2.451879722554649277e+02
2.214802146438181296e+02
2.383519810907886551e+02
2.110118093612306893e+02
2.735434043447714316e+02
2.635694525038538814e+02
2.282964726605958958e+02
2.475971399997136189e+02
2.041891461038640330e+02
2.424275050422051834e+02
2.750645050161313065e+02
2.227510466508844900e+02
2.030118209771589193e+02
2.458705045495912316e+02
2.608036194081398094e+02
1.955056686171338356e+02
2.384878362787280537e+02
2.342600082687000054e+02
2.696200451047337765e+02
2.632443536715598498e+02
2.234547603430899301e+02
