4.526871007207900561e+02
4.650215928922098101e+02
4.219914422363831932e+02
3.842070958084560175e+02
4.561304036796334458e+02
4.336806146496102770e+02
4.138420591697311579e+02
3.154230051977111771e+02
4.127272516572537029e+02
3.814127312213905157e+02
4.654397481790377356e+02
4.787569855011356594e+02
4.171061672257131931e+02
4.206955892519551412e+02
5.218743435467736163e+02
4.148030652326172572e+02
4.706313012118701522e+02
4.208531641280848703e+02
3.471055544497702954e+02
4.122319949325934090e+02
4.254649569801628672e+02
4.208907101189029163e+02
3.900049364129497462e+02
3.846638198719813317e+02
4.335595096034375615e+02
4.357548187042706331e+02
4.767348155460122143e+02
3.706833462088225133e+02
4.214293515166777979e+02
3.719528409147045522e+02
3.779850228019300857e+02
3.776191977562148168e+02
3.932966788287447457e+02
5.276794446164192323e+02
4.141109263813125949e+02
3.838535614818904946e+02
4.422893661746563225e+02
4.595011498790064479e+02
3.967354288764526018e+02
2.901539692492567042e+02
3.924243712752822262e+02
4.272032667523569671e+02
3.614204108819405974e+02
3.698635700962744863e+02
4.711017954608866489e+02
3.459703224973268334e+02
4.310924714813537548e+02
4.769485718144682096e+02
3.967187969075741307e+02
4.019102651350422093e+02
4.236533866929956389e+02
4.811702950157070973e+02
3.377738826274735402e+02
3.449734769739628177e+02
4.332810874410326960e+02
4.464752415491367401e+02
4.392493822746985757e+02
3.887157056624582196e+02
3.750115422232410651e+02
3.749024077589760395e+02
3.914332758716898297e+02
4.158899516988146274e+02
4.457857104463989799e+02
4.202010463928006061e+02
3.947472530097852541e+02
4.137218160944400438e+02
4.841483176952280019e+02
4.467484891984617548e+02
3.086174846056528622e+02
4.306331181859664525e+02
4.023593096291507436e+02
3.729302500523040749e+02
4.259146815878299890e+02
5.137359786070602468e+02
4.360059474810387883e+02
4.415355635917850350e+02
3.604266407335602480e+02
3.673852587600375159e+02
4.237142557848601996e+02
4.081666506547888389e+02
4.394876561338763281e+02
4.129003870469623507e+02
4.432242654060840437e+02
4.307185903209221465e+02
4.833078935952769370e+02
3.767359130077355758e+02
4.612216104388808731e+02
4.204153961214320816e+02
4.408462630192215670e+02
4.027007999498947584e+02
4.251119322384365660e+02
4.888361918151819054e+02
4.112623247143341700e+02
3.810485718761095768e+02
4.652092920883791294e+02
3.840086735305665115e+02
3.949881454967061245e+02
4.210143758878232347e+02
4.970447779751849566e+02
4.156452027369577422e+02
