1.570107806011309890e+02
2.101828774279320555e+02
1.401799022546829008e+02
1.760740846168411338e+02
1.057609332883374407e+02
1.474101275779429159e+02
1.209697173618301633e+02
1.187880800573989575e+02
1.414767892552783053e+02
1.874688845170289255e+02
9.689709171009553756e+01
1.236817217071669859e+02
1.763227311066209779e+02
1.752982229896532260e+02
1.748399876117919121e+02
1.605051304209170837e+02
1.018693636071039919e+02
1.226990695157230107e+02
1.721950400207987570e+02
1.754952809625805799e+02
1.784238536822624042e+02
1.658141826446315008e+02
1.554566594555292625e+02
1.773678003377877417e+02
1.366540333311255040e+02
1.233986684456391743e+02
1.780751789243708174e+02
1.608054514929463039e+02
1.901049165777631629e+02
1.259904067824719647e+02
1.179551291903362227e+02
1.401056757937093948e+02
1.654666439008932457e+02
1.288246803884991891e+02
1.215769040192407999e+02
1.026556662216029565e+02
1.815797590859034187e+02
1.844659363593881949e+02
1.307001056020778833e+02
1.479284195260001411e+02
1.229608891004052822e+02
1.265748081655766555e+02
1.243879654632770411e+02
1.276080504165688865e+02
1.635713031731352771e+02
1.210649153671310501e+02
1.674919120531242527e+02
1.796067287370930785e+02
1.026433177589994443e+02
1.379184914196953571e+02
1.651195150348930270e+02
1.642084166680957935e+02
9.512441871159953166e+01
1.537855489749805997e+02
1.426045344224663154e+02
1.528554274907238266e+02
1.667171701003396151e+02
1.766026278251111989e+02
1.472057763564820618e+02
1.500520076329256085e+02
1.421264909063131370e+02
9.537908246158326619e+01
1.391148427980350277e+02
1.684261094731772346e+02
1.342709167571260309e+02
1.394992049331285671e+02
1.766086422974047423e+02
1.780153698931252109e+02
1.362386274185118964e+02
1.145762277117798504e+02
1.762872480278494436e+02
1.552172930719272017e+02
1.081809880014498901e+02
1.372830933371365916e+02
1.127594224561701850e+02
1.559496549603711344e+02
1.644367743893775753e+02
1.900660752957244881e+02
1.503302721793784542e+02
1.386037996298450423e+02
1.035345901080265207e+02
1.142292316095119418e+02
1.833036760105899248e+02
1.147850440768985436e+02
1.576555848629346599e+02
1.702098582699728695e+02
1.406212752988710690e+02
1.543283408581208960e+02
1.044206332731369429e+02
9.137098164200494921e+01
1.307555946424163267e+02
1.122231472115588673e+02
1.553262058106571715e+02
1.405516816953649482e+02
1.349843863477807702e+02
1.273311207497888233e+02
1.162109889432080934e+02
1.497409349763698287e+02
1.087195824534770310e+02
1.604151142801328263e+02
