7.069481199761612800e+01
4.685397522710879059e+01
6.966072305236916407e+01
5.590853438062187308e+01
7.924168733561498357e+01
9.713647722798367568e+01
6.405322385542085328e+01
7.591079786438848487e+01
6.559638041556250698e+01
8.228759194589190429e+01
5.611200898518936242e+01
7.748115845737609675e+01
7.833401741670725471e+01
4.121727082543205967e+01
7.270903939069228272e+01
6.740778145859343340e+01
3.929632726114405017e+01
6.077832602124863826e+01
8.917546186759861371e+01
5.500387460229379855e+01
5.787454059371629000e+01
8.375088763409200965e+01
7.581904568492088003e+01
3.514049715917253991e+01
7.517218039202339241e+01
4.040106848984672183e+01
5.404657404968909873e+01
6.387049691637204774e+01
5.840099981376086191e+01
7.103115363930650972e+01
6.771325145946340740e+01
7.742012280257499413e+01
5.274720866569195721e+01
8.756634080921320162e+01
4.244636386857416710e+01
9.498484472231862696e+01
5.706493627542603519e+01
6.852809956334914432e+01
4.160194797012770351e+01
4.232194030288462727e+01
4.355649707314712771e+01
7.801439887658423800e+01
4.361434130165193324e+01
6.539072697092571218e+01
6.110050155638880653e+01
4.764634097542514724e+01
4.152173209922469255e+01
5.622140671572167037e+01
4.422138829523238002e+01
6.916074638237182626e+01
5.419598242925994924e+01
8.594486546871790722e+01
8.056884221560582660e+01
5.469093529133242271e+01
6.460796691387113810e+01
9.253746322908601485e+01
7.965172229744706556e+01
6.686298088149906960e+01
5.383741987405753093e+01
7.245895443747838272e+01
4.140946293792015354e+01
8.964898635162134610e+01
4.958932773973337760e+01
4.521378070121618009e+01
8.322166870062230259e+01
5.475610058657352397e+01
7.834560174960006407e+01
9.618853778471014948e+01
8.407378851466521041e+01
9.277246049202022959e+01
5.723644320066761537e+01
6.401097112913734577e+01
8.171443580171425936e+01
8.673289297529210273e+01
6.472126041823663911e+01
5.406469493010224170e+01
7.062076602065086206e+01
5.009536277250899872e+01
6.785732309232250259e+01
8.360171196937203320e+01
9.619414587469695732e+01
8.934841306840635866e+01
8.500119844758867771e+01
5.556027260431114456e+01
8.617455383601080143e+01
1.110814801434358046e+01
5.300822798115270729e+01
4.978221733255507075e+01
7.039014628199613810e+01
5.276496778621520889e+01
4.699620871373910802e+01
5.911809306122352581e+01
5.342160076066495833e+01
4.478681093820124204e+01
9.535834888213139493e+01
7.785146599841635862e+01
4.310491138511120113e+01
5.486764444237112315e+01
5.774505474283111539e+01
7.620824307532240027e+01
