0.000000000000000000e+00
2.387295661185209195e+00
6.819253276557573962e+00
1.123352982952155799e+01
1.545663099779153349e+01
1.987348186457679589e+01
2.426412171755338676e+01
2.869311695522746675e+01
3.309918912815726344e+01
3.750760110087528432e+01
4.189957113364054209e+01
4.629717814317461233e+01
5.069464290946562812e+01
5.511658867050711308e+01
5.950593019827672947e+01
6.391710321063429490e+01
6.833675297534011861e+01
7.275608759031142370e+01
7.717678670038932864e+01
8.159732183541414940e+01
8.599793507798132453e+01
9.041402663339394508e+01
9.483006555202129562e+01
9.924951957174177153e+01
1.036692114068986541e+02
1.080868074355251451e+02
1.125055802475840210e+02
1.169213039377757042e+02
1.213403397207490571e+02
1.257592056655618364e+02
1.301767977004285513e+02
1.345958756775785901e+02
1.390143109657953175e+02
1.434313506976865824e+02
1.478497462650338434e+02
1.522687272175197108e+02
1.566872195232282365e+02
1.611064620399236560e+02
1.655254822477733967e+02
1.699427948633443748e+02
1.743618128566267558e+02
1.787806957953175129e+02
1.831998964737449569e+02
1.876189553509205723e+02
1.920377002274561562e+02
1.964548959458506658e+02
2.008739550058351711e+02
2.052916796720746788e+02
2.097110977387427511e+02
2.141301165007553777e+02
2.185490655656066394e+02
2.229666128466741384e+02
2.273861642726632795e+02
2.318046748572750175e+02
2.362241919755942661e+02
2.406429214967479879e+02
2.450623605633266209e+02
2.494803780059270650e+02
2.538994988550253709e+02
2.583183251442538904e+02
2.627375200530587449e+02
2.671565159421477347e+02
2.715758716990756056e+02
2.759935196554750974e+02
2.804125339284532856e+02
2.848308071948970905e+02
2.892497374079345036e+02
2.936683402719610854e+02
2.980874457197087395e+02
3.025050064941415826e+02
3.069240177030411019e+02
3.113430252182486129e+02
3.157624339346836564e+02
3.201808400804161465e+02
3.245997503696512467e+02
3.290183483257838475e+02
3.334375258924468994e+02
3.378558852569786950e+02
3.422752782669963381e+02
3.466935381669335356e+02
3.511128004397696145e+02
3.555316041910929243e+02
3.599505478638387217e+02
3.643697258588495060e+02
3.687890843146726070e+02
3.732071914093924647e+02
3.776261401532491959e+02
3.820442477681439186e+02
3.864629314895488505e+02
3.908811082664174705e+02
3.953005226134478676e+02
3.997186858968779006e+02
4.041378689200871577e+02
4.085563747740427516e+02
4.129751191423678733e+02
4.173944600895467829e+02
4.218141310519192189e+02
