0.000000000000000000e+00
2.351645741482803587e+00
6.352633231490604437e+00
1.036138269114688448e+01
1.441707980909736264e+01
1.847728562591880319e+01
2.253656638224873276e+01
2.659524223644734064e+01
3.064550560836806170e+01
3.470346974191760836e+01
3.876262028669312087e+01
4.282206781223495540e+01
4.688125995142051750e+01
5.094070519037379086e+01
5.499977481900787524e+01
5.905897093974834888e+01
6.311824258538425170e+01
6.717738939416314281e+01
7.123592524092060785e+01
7.529496323401063762e+01
7.935433774660961603e+01
8.341378218613276374e+01
8.747314457977043389e+01
9.153248656562729479e+01
9.559179736597010901e+01
9.965112771361866351e+01
1.037104843609306926e+02
1.077698228757937784e+02
1.118291121475186856e+02
1.158884033305782282e+02
1.199476855746158179e+02
1.240069909811508353e+02
1.280664675709346625e+02
