0.000000000000000000e+00
4.818042511407178097e+00
4.818042511407178097e+00
4.818042511407178097e+00
4.818042511407178097e+00
4.818042511407178097e+00
4.818042511407178097e+00
4.818042511407178097e+00
4.818042511407178097e+00
4.818042511407178097e+00
4.818042511407178097e+00
4.818042511407178097e+00
4.818042511407178097e+00
4.818042511407178097e+00
4.818042511407178097e+00
4.818042511407178097e+00
4.818042511407178097e+00
4.818042511407178097e+00
4.818042511407178097e+00
4.818042511407178097e+00
4.818042511407178097e+00
4.818042511407178097e+00
4.818042511407178097e+00
4.818042511407178097e+00
4.818042511407178097e+00
4.818042511407178097e+00
4.818042511407178097e+00
4.818042511407178097e+00
4.818042511407178097e+00
4.818042511407178097e+00
4.818042511407178097e+00
4.818042511407178097e+00
4.818042511407178097e+00
4.818042511407178097e+00
4.818042511407178097e+00
4.818042511407178097e+00
4.818042511407178097e+00
4.818042511407178097e+00
4.818042511407178097e+00
4.818042511407178097e+00
4.818042511407178097e+00
4.818042511407178097e+00
4.818042511407178097e+00
4.818042511407178097e+00
4.818042511407178097e+00
4.818042511407178097e+00
4.818042511407178097e+00
4.818042511407178097e+00
4.818042511407178097e+00
4.818042511407178097e+00
4.818042511407178097e+00
4.818042511407178097e+00
4.818042511407178097e+00
4.818042511407178097e+00
4.818042511407178097e+00
4.818042511407178097e+00
4.818042511407178097e+00
4.818042511407178097e+00
4.818042511407178097e+00
4.818042511407178097e+00
4.818042511407178097e+00
4.818042511407178097e+00
4.818042511407178097e+00
4.818042511407178097e+00
4.818042511407178097e+00
4.818042511407178097e+00
4.818042511407178097e+00
4.818042511407178097e+00
4.818042511407178097e+00
4.818042511407178097e+00
4.818042511407178097e+00
4.818042511407178097e+00
4.818042511407178097e+00
4.818042511407178097e+00
4.818042511407178097e+00
4.818042511407178097e+00
4.818042511407178097e+00
4.818042511407178097e+00
4.818042511407178097e+00
4.818042511407178097e+00
4.818042511407178097e+00
