0.000000000000000000e+00
4.374427830854772381e+00
4.375435354378566011e+00
4.375435354378566011e+00
4.375435354378566011e+00
4.375435354378566011e+00
4.375435354378566011e+00
4.375435354378566011e+00
4.375435354378566011e+00
4.375435354378566011e+00
4.375435354378566011e+00
4.375435354378566011e+00
4.375435354378566011e+00
4.375435354378566011e+00
4.375435354378566011e+00
4.375435354378566011e+00
4.375435354378566011e+00
4.375435354378566011e+00
4.375435354378566011e+00
4.375435354378566011e+00
4.375435354378566011e+00
4.375435354378566011e+00
4.375435354378566011e+00
4.375435354378566011e+00
4.375435354378566011e+00
4.375435354378566011e+00
4.375435354378566011e+00
4.375435354378566011e+00
4.375435354378566011e+00
4.375435354378566011e+00
4.375435354378566011e+00
4.375435354378566011e+00
4.375435354378566011e+00
4.375435354378566011e+00
4.375435354378566011e+00
4.375435354378566011e+00
4.375435354378566011e+00
4.375435354378566011e+00
4.375435354378566011e+00
4.375435354378566011e+00
4.375435354378566011e+00
4.375435354378566011e+00
4.375435354378566011e+00
4.375435354378566011e+00
4.375435354378566011e+00
4.375435354378566011e+00
4.375435354378566011e+00
4.375435354378566011e+00
4.375435354378566011e+00
