0.000000000000000000e+00
5.017973279219327232e+00
5.023942899691401287e+00
5.023942899691401287e+00
5.023942899691401287e+00
5.023942899691401287e+00
5.023942899691401287e+00
5.023942899691401287e+00
5.023942899691401287e+00
5.023942899691401287e+00
5.023942899691401287e+00
5.023942899691401287e+00
5.023942899691401287e+00
5.023942899691401287e+00
5.023942899691401287e+00
5.023942899691401287e+00
5.023942899691401287e+00
5.023942899691401287e+00
5.023942899691401287e+00
5.023942899691401287e+00
5.023942899691401287e+00
5.023942899691401287e+00
5.023942899691401287e+00
5.023942899691401287e+00
5.023942899691401287e+00
5.023942899691401287e+00
5.023942899691401287e+00
5.023942899691401287e+00
5.023942899691401287e+00
5.023942899691401287e+00
5.023942899691401287e+00
5.023942899691401287e+00
5.023942899691401287e+00
5.023942899691401287e+00
5.023942899691401287e+00
5.023942899691401287e+00
5.023942899691401287e+00
5.023942899691401287e+00
5.023942899691401287e+00
5.023942899691401287e+00
5.023942899691401287e+00
5.023942899691401287e+00
5.023942899691401287e+00
5.023942899691401287e+00
5.023942899691401287e+00
5.023942899691401287e+00
5.023942899691401287e+00
5.023942899691401287e+00
5.023942899691401287e+00
5.023942899691401287e+00
5.023942899691401287e+00
5.023942899691401287e+00
5.023942899691401287e+00
5.023942899691401287e+00
5.023942899691401287e+00
5.023942899691401287e+00
5.023942899691401287e+00
5.023942899691401287e+00
5.023942899691401287e+00
5.023942899691401287e+00
5.023942899691401287e+00
5.023942899691401287e+00
5.023942899691401287e+00
5.023942899691401287e+00
5.023942899691401287e+00
5.023942899691401287e+00
5.023942899691401287e+00
5.023942899691401287e+00
5.023942899691401287e+00
5.023942899691401287e+00
5.023942899691401287e+00
5.023942899691401287e+00
5.023942899691401287e+00
5.023942899691401287e+00
5.023942899691401287e+00
5.023942899691401287e+00
5.023942899691401287e+00
5.023942899691401287e+00
5.023942899691401287e+00
5.023942899691401287e+00
5.023942899691401287e+00
5.023942899691401287e+00
5.023942899691401287e+00
5.023942899691401287e+00
5.023942899691401287e+00
5.023942899691401287e+00
5.023942899691401287e+00
5.023942899691401287e+00
5.023942899691401287e+00
5.023942899691401287e+00
5.023942899691401287e+00
5.023942899691401287e+00
5.023942899691401287e+00
5.023942899691401287e+00
5.023942899691401287e+00
5.023942899691401287e+00
5.023942899691401287e+00
