0.000000000000000000e+00
4.901736512779095278e+00
4.901736512779095278e+00
4.901736512779095278e+00
4.901736512779095278e+00
4.901736512779095278e+00
4.901736512779095278e+00
4.901736512779095278e+00
4.901736512779095278e+00
4.901736512779095278e+00
4.901736512779095278e+00
4.901736512779095278e+00
4.901736512779095278e+00
4.901736512779095278e+00
4.901736512779095278e+00
4.901736512779095278e+00
4.901736512779095278e+00
4.901736512779095278e+00
4.901736512779095278e+00
4.901736512779095278e+00
4.901736512779095278e+00
4.901736512779095278e+00
4.901736512779095278e+00
4.901736512779095278e+00
4.901736512779095278e+00
4.901736512779095278e+00
4.901736512779095278e+00
4.901736512779095278e+00
4.901736512779095278e+00
4.901736512779095278e+00
4.901736512779095278e+00
4.901736512779095278e+00
4.901736512779095278e+00
4.901736512779095278e+00
4.901736512779095278e+00
4.901736512779095278e+00
4.901736512779095278e+00
4.901736512779095278e+00
4.901736512779095278e+00
4.901736512779095278e+00
4.901736512779095278e+00
4.901736512779095278e+00
4.901736512779095278e+00
4.901736512779095278e+00
4.901736512779095278e+00
4.901736512779095278e+00
4.901736512779095278e+00
4.901736512779095278e+00
4.901736512779095278e+00
4.901736512779095278e+00
4.901736512779095278e+00
4.901736512779095278e+00
4.901736512779095278e+00
4.901736512779095278e+00
4.901736512779095278e+00
4.901736512779095278e+00
4.901736512779095278e+00
4.901736512779095278e+00
4.901736512779095278e+00
4.901736512779095278e+00
4.901736512779095278e+00
4.901736512779095278e+00
4.901736512779095278e+00
4.901736512779095278e+00
4.901736512779095278e+00
4.901736512779095278e+00
4.901736512779095278e+00
4.901736512779095278e+00
4.901736512779095278e+00
4.901736512779095278e+00
4.901736512779095278e+00
4.901736512779095278e+00
4.901736512779095278e+00
4.901736512779095278e+00
4.901736512779095278e+00
4.901736512779095278e+00
4.901736512779095278e+00
4.901736512779095278e+00
4.901736512779095278e+00
4.901736512779095278e+00
4.901736512779095278e+00
