0.000000000000000000e+00 0.000000000000000000e+00
4.730477850746364510e+00 4.749231623792665502e+00
9.460955701574082610e+00 9.498313172108410640e+00
1.419143355313815569e+01 1.424724705499784960e+01
1.892191141056691350e+01 1.899603562402724322e+01
2.365238926198818703e+01 2.374468117376638787e+01
2.838286711537376306e+01 2.849318594672539007e+01
3.311334497904532270e+01 3.324155213033137102e+01
3.784382283792853485e+01 3.798978187203465495e+01
4.257430068963238057e+01 4.273787725209322730e+01
4.730477854081466660e+01 4.748584032571744729e+01
5.203525639898802524e+01 5.223367307435003681e+01
5.676573427253073589e+01 5.698137742667637440e+01
6.149621214982870754e+01 6.172895532034387145e+01
6.622669001029684921e+01 6.647640862192113786e+01
7.095716787115379987e+01 7.122373912760491521e+01
7.568764573847275301e+01 7.597094866422958148e+01
8.041812360572509988e+01 8.071803891595303071e+01
8.514860147238778154e+01 8.546501163805515944e+01
8.987907932592051452e+01 9.021186849070885216e+01
9.460955720303168448e+01 9.495861108471387979e+01
9.934003507511471298e+01 9.970524103688252637e+01
1.040705129522268209e+02 1.044517599240693073e+02
1.088009908561705288e+02 1.091981692479080124e+02
1.135314687170889698e+02 1.139444705287388047e+02
1.182619465849185474e+02 1.186906652523614270e+02
1.229924244528849613e+02 1.234367548508248262e+02
1.277229023250798434e+02 1.281827407398131982e+02
1.324533802096427735e+02 1.329286243017375000e+02
1.371838580943375518e+02 1.376744069147085554e+02
1.419143359730239240e+02 1.424200898739805154e+02
1.466448138354602975e+02 1.471656744928445733e+02
1.513752917385192518e+02 1.519111620612725346e+02
1.561057696096137875e+02 1.566565538136984230e+02
1.608362475332888266e+02 1.614018510024858983e+02
1.655667254599895273e+02 1.661470548102574298e+02
1.702972033690261640e+02 1.708921664510797314e+02
1.750276812892672638e+02 1.756371869906971028e+02
1.797581591461529911e+02 1.803821176613231501e+02
1.844886370357427836e+02 1.851269595377790722e+02
1.892191149769342076e+02 1.898717137827251236e+02
1.939495928975381389e+02 1.946163813651074861e+02
1.986800707919914828e+02 1.993609633998641755e+02
2.034105487314874097e+02 2.041054609458392406e+02
2.081410266158480908e+02 2.088498750004130500e+02
2.128715044856102168e+02 2.135942065264813436e+02
2.176019824250904549e+02 2.183384565249844229e+02
2.223324602955228784e+02 2.230826259886921150e+02
2.270629382412548125e+02 2.278267158514216817e+02
2.317934161805761448e+02 2.325707270653128944e+02
2.365238940602980335e+02 2.373146604879563597e+02
2.412543719811645815e+02 2.420585170705306268e+02
2.459848498971534809e+02 2.468022977399260753e+02
2.507153277752314295e+02 2.515460032619285471e+02
2.554458056715907901e+02 2.562896345086290353e+02
2.601762835436097703e+02 2.610331923903264624e+02
2.649067614426169825e+02 2.657766776074233803e+02
2.696372393149441677e+02 2.705200910910380685e+02
2.743677172916878817e+02 2.752634335472882867e+02
2.790981952657028842e+02 2.800067058025780398e+02
2.838286732348536816e+02 2.847499086774132024e+02
2.885591511013085437e+02 2.894930427790214935e+02
2.932896290216295370e+02 2.942361089479855991e+02
2.980201069749097087e+02 2.989791079210258999e+02
3.027505849148535617e+02 3.037220403870461496e+02
3.074810627773539409e+02 3.084649071574535810e+02
3.122115406734131966e+02 3.132077087946100846e+02
3.169420185431167738e+02 3.179504460776103656e+02
3.216724964451535698e+02 3.226931197278259447e+02
3.264029743081342758e+02 3.274357302532133644e+02
3.311334521721977353e+02 3.321782784743895718e+02
3.358639301104727224e+02 3.369207649021952875e+02
3.405944080952033914e+02 3.416631902267148462e+02
3.453248859746657899e+02 3.464055550407422288e+02
3.500553638805805576e+02 3.511478601017887513e+02
3.547858418744913251e+02 3.558901058912198323e+02
3.595163197401922162e+02 3.606322929147655714e+02
3.642467976791448336e+02 3.653744218314819818e+02
3.689772755443546544e+02 3.701164932673513590e+02
3.737077534416980598e+02 3.748585078775510055e+02
3.784382313201130614e+02 3.796004660534866844e+02
3.831687092452327761e+02 3.843423684182860143e+02
3.878991871560767777e+02 3.890842154720395456e+02
3.926296650235012180e+02 3.938260078556546659e+02
3.973601429021297236e+02 3.985677459915175973e+02
4.020906208290136874e+02 4.033094304920181798e+02
4.068210986972728733e+02 4.080510618462146226e+02
4.115515766385523193e+02 4.127926405961359819e+02
4.162820545572844821e+02 4.175341672016205621e+02
4.210125324770804696e+02 4.222756421670429745e+02
4.257430103920962665e+02 4.270170660333002957e+02
4.304734882571957542e+02 4.317584390538526122e+02
4.352039662122479058e+02 4.364997618284947407e+02
4.399344441049036050e+02 4.412410350023736214e+02
4.446649219739504701e+02 4.459822587313864233e+02
4.493953998482385828e+02 4.507234337073715551e+02
4.541258777085471365e+02 4.554645602239446589e+02
4.588563557499960552e+02 4.602056389365196765e+02
4.635868337435815647e+02 4.649466699966747001e+02
4.683173117433328798e+02 4.696876539703159779e+02
4.730477898350496844e+02 4.744285912837896149e+02
4.777782678367527751e+02 4.791694823334538000e+02
4.825087458434931023e+02 4.839103275138811568e+02
4.872392237187623891e+02 4.886511272398507799e+02
4.919697016229242763e+02 4.933918820641592902e+02
4.967001795437877263e+02 4.981325921187223571e+02
5.014306574666617280e+02 5.028732579145184900e+02
5.061611353955609047e+02 5.076138798664293859e+02
5.108916132674538630e+02 5.123544583877991272e+02
5.156220911359390584e+02 5.170949937335667528e+02
5.203525690057688280e+02 5.218354864722025468e+02
5.250830469282939248e+02 5.265759369016250275e+02
5.298135249757438032e+02 5.313163453353647583e+02
5.345440028443529172e+02 5.360567119798033673e+02
5.392744808335548896e+02 5.407970373615057724e+02
5.440049588815247716e+02 5.455373217064245637e+02
5.487354367516688853e+02 5.502775654595836841e+02
5.534659146631377098e+02 5.550177689229529960e+02
5.581963926523700366e+02 5.597579325354828370e+02
5.629268705760149487e+02 5.644980565303081903e+02
5.676573484919247221e+02 5.692381411952145527e+02
5.723878264472563160e+02 5.739781867675144440e+02
5.771183044187050655e+02 5.787181937246361940e+02
5.818487823148939242e+02 5.834581625547286876e+02
5.865792603704990142e+02 5.881980931247192075e+02
5.913097383576667880e+02 5.929379860659744281e+02
5.960402163287765234e+02 5.976778415432295333e+02
6.007706943906759989e+02 6.024176598891681351e+02
6.055011722735808917e+02 6.071574413675838287e+02
