0.000000000000000000e+00 0.000000000000000000e+00
4.730238881544944540e+00 4.751671102946199987e+00
9.460477765155426155e+00 9.503148492873911835e+00
1.419071664760773110e+01 1.425443567231239328e+01
1.892095553004943298e+01 1.900553604991586809e+01
2.365119441323622596e+01 2.375645293912383593e+01
2.838143329710450402e+01 2.850718958758702826e+01
3.311167219211029078e+01 3.325774911686340829e+01
3.784191107966543655e+01 3.800813461220199940e+01
4.257214998274758955e+01 4.275834904644692358e+01
4.730238888604951342e+01 4.750839534354226146e+01
5.203262777480811963e+01 5.225827631570012954e+01
5.676286665779172580e+01 5.700799472904893861e+01
6.149310554793511585e+01 6.175755328880428152e+01
6.622334443901357304e+01 6.650695463147211228e+01
7.095358333632979964e+01 7.125620131745208141e+01
7.568382223406868547e+01 7.600529582855870103e+01
8.041406112611232970e+01 8.075424062510282397e+01
8.514430001270631010e+01 8.550303807431436098e+01
8.987453890473469187e+01 9.025169047738445727e+01
9.460477781126152763e+01 9.500020015193439349e+01
9.933501671468292216e+01 9.974856928738651618e+01
1.040652556246091649e+02 1.044968000516127233e+02
1.087954945505404396e+02 1.092448945675094762e+02
1.135257334354901957e+02 1.139928549392390806e+02
1.182559723388929029e+02 1.187406831179379338e+02
1.229862112375573133e+02 1.234883811204833108e+02
1.277164501639962566e+02 1.282359508664533507e+02
1.324466890806839103e+02 1.329833942667086717e+02
1.371769280031275571e+02 1.377307131538828457e+02
1.419071669126703057e+02 1.424779093018864273e+02
1.466374058056294984e+02 1.472249845295913815e+02
1.513676447450438047e+02 1.519719405682423030e+02
1.560978836568834822e+02 1.567187790583425624e+02
1.608281226121148393e+02 1.614655016988796206e+02
1.655583615714349435e+02 1.662121100650239214e+02
1.702886004855003534e+02 1.709586057795895613e+02
1.750188394036578075e+02 1.757049903752853197e+02
1.797490783200993292e+02 1.804512654044174838e+02
1.844793172332810514e+02 1.851974323819567303e+02
1.892095561431844430e+02 1.899434926934927717e+02
1.939397951044269064e+02 1.946894478134418023e+02
1.986700340079731291e+02 1.994352991909717048e+02
2.034002729431029479e+02 2.041810481260335166e+02
2.081305118835159647e+02 2.089266959874969416e+02
2.128607507887514032e+02 2.136722440959114238e+02
2.175909897131974731e+02 2.184176937470749635e+02
2.223212286114179790e+02 2.231630462507492894e+02
2.270514675111921861e+02 2.279083027814920115e+02
2.317817064599021251e+02 2.326534646388200258e+02
2.365119453655958637e+02 2.373985329472271815e+02
2.412421843318977039e+02 2.421435089075949918e+02
2.459724233024989246e+02 2.468883936977710221e+02
2.507026622375270790e+02 2.516331884365434917e+02
2.554329012269081716e+02 2.563778942318617737e+02
2.601631401287977496e+02 2.611225121860128411e+02
2.648933790459532247e+02 2.658670433726100555e+02
2.696236179368748935e+02 2.706114887703435556e+02
2.743538569453243099e+02 2.753558495260035670e+02
2.790840959505949286e+02 2.801001265848027515e+02
2.838143349639121880e+02 2.848443209872074249e+02
2.885445738607867270e+02 2.895884336252228195e+02
2.932748127860347154e+02 2.943324655338781213e+02
2.980050517585694365e+02 2.990764175586205056e+02
3.027352907187749906e+02 3.038202907335570444e+02
3.074655296119309469e+02 3.085640859599819237e+02
3.121957685391320183e+02 3.133078040559154260e+02
3.169260074662082616e+02 3.180514459893219055e+02
3.216562463971176840e+02 3.227950126279219489e+02
3.263864853091639588e+02 3.275385048006484112e+02
3.311167242038460472e+02 3.322819232788606314e+02
3.358469630985422327e+02 3.370252688717940828e+02
3.405772021240637741e+02 3.417685424270591739e+02
3.453074410351755432e+02 3.465117447861182427e+02
3.500376799697012302e+02 3.512548766919117611e+02
3.547679189444669419e+02 3.559979389908471603e+02
3.594981578776715878e+02 3.607409323294183423e+02
3.642283967733309851e+02 3.654838575291778398e+02
3.689586356691562514e+02 3.702267153432464966e+02
3.736888745644577057e+02 3.749695063818264771e+02
3.784191134665887830e+02 3.797122313162142859e+02
3.831493524243600177e+02 3.844548910119241896e+02
3.878795913670780919e+02 3.891974860162670211e+02
3.926098302651380436e+02 3.939400170447969458e+02
3.973400691844121866e+02 3.986824847643555927e+02
4.020703080866190362e+02 4.034248898865445199e+02
4.068005470649210338e+02 4.081672331517564771e+02
4.115307860386552647e+02 4.129095149009811507e+02
4.162610249884072573e+02 4.176517359400635883e+02
4.209912639382365569e+02 4.223938969396798484e+02
4.257215028838446642e+02 4.271359984894073705e+02
4.304517417800889802e+02 4.318780409263750926e+02
4.351819807299410741e+02 4.366200250438935200e+02
4.399122198405420363e+02 4.413619513825703962e+02
4.446424587403514579e+02 4.461038207155978625e+02
4.493726977372485862e+02 4.508456333220375996e+02
4.541029367111783586e+02 4.555873899330431982e+02
4.588331757538593365e+02 4.603290910837063166e+02
4.635634147149697242e+02 4.650707371412981956e+02
4.682936537502670262e+02 4.698123287406721147e+02
4.730238928712940947e+02 4.745538664745075721e+02
4.777541318244680042e+02 4.792953507214612614e+02
4.824843707160368353e+02 4.840367820482899788e+02
4.872146096092440075e+02 4.887781609481428404e+02
4.919448485038578269e+02 4.935194879379179156e+02
4.966750873952959751e+02 4.982607635813679963e+02
5.014053263727472540e+02 5.030019881858796680e+02
5.061355653322505646e+02 5.077431622638550834e+02
5.108658042347117885e+02 5.124842863714100076e+02
5.155960431341143249e+02 5.172253608988260112e+02
5.203262821513749259e+02 5.219663864568294684e+02
5.250565210556544571e+02 5.267073633056452309e+02
5.297867599829062328e+02 5.314482920052652162e+02
5.345169988824397933e+02 5.361891729103581383e+02
5.392472378824397765e+02 5.409300063686413296e+02
5.439774769588220806e+02 5.456707928908394933e+02
5.487077159072246104e+02 5.504115329674260693e+02
5.534379547985969339e+02 5.551522269524157309e+02
5.581681938166354939e+02 5.598928751548431819e+02
5.628984328940002797e+02 5.646334782292747150e+02
5.676286718515580105e+02 5.693740364039596216e+02
5.723589108374094394e+02 5.741145500208633621e+02
5.770891497318739312e+02 5.788550193809082884e+02
5.818193886742058112e+02 5.835954451256570792e+02
5.865496277584891232e+02 5.883358274751860790e+02
5.912798667746408228e+02 5.930761669976723169e+02
5.960101057780746032e+02 5.978164637594732085e+02
6.007403447395970488e+02 6.025567181630557343e+02
6.054705837987968380e+02 6.072969305997196443e+02
