0.000000000000000000e+00 0.000000000000000000e+00
4.730991715534707431e+00 4.748721064775387468e+00
9.461983431312754433e+00 9.497307712209526187e+00
1.419297514779258051e+01 1.424576198296454876e+01
1.892396686439434816e+01 1.899408587909708146e+01
2.365495858071729529e+01 2.374228135730467670e+01
2.838595030937821662e+01 2.849035032348136554e+01
3.311694203865921793e+01 3.323829464686650681e+01
3.784793376843339274e+01 3.798611615901759819e+01
4.257892548483390271e+01 4.273381664942100855e+01
4.730991721034901332e+01 4.748139787036897985e+01
5.204090893342339541e+01 5.222886151733930404e+01
5.677190067093692960e+01 5.697620925285477256e+01
6.150289241204958302e+01 6.172344274066651337e+01
6.623388413743401770e+01 6.647056358643612839e+01
7.096487586320483842e+01 7.121757334464433598e+01
7.569586759778732699e+01 7.596447354327339951e+01
8.042685933539947030e+01 8.071126569795617911e+01
8.515785106219726686e+01 8.545795130103836357e+01
8.988884281645815122e+01 9.020453177024549518e+01
9.461983455785643571e+01 9.495100853890789949e+01
9.935082629526536380e+01 9.969738297144186845e+01
1.040818180255194250e+02 1.044436564771856553e+02
1.088128097760943263e+02 1.091898303217144246e+02
1.135438015108543652e+02 1.139359058573766674e+02
1.182747932435493539e+02 1.186818843266724599e+02
1.230057849762907836e+02 1.234277670339996291e+02
1.277367767231601903e+02 1.281735551556675432e+02
1.324677684729228417e+02 1.329192499253554161e+02
1.371987602059204505e+02 1.376648525282570290e+02
1.419297519448786318e+02 1.424103641096143633e+02
1.466607436710310139e+02 1.471557858443176201e+02
1.513917354105359721e+02 1.519011188384563411e+02
1.561227271469136326e+02 1.566463641344566895e+02
1.608537189348945446e+02 1.613915228904303376e+02
1.655847107293487284e+02 1.661365961098849766e+02
1.703157025095213157e+02 1.708815848970196782e+02
1.750466942806274346e+02 1.756264902201743325e+02
1.797776860315196927e+02 1.803713130475791218e+02
1.845086778179901046e+02 1.851160544424402303e+02
1.892396695624574363e+02 1.898607152904584439e+02
1.939706613034459792e+02 1.946052965766579632e+02
1.987016530299197825e+02 1.993497992220786443e+02
2.034326447646010934e+02 2.040942241163418203e+02
2.081636364927159377e+02 2.088385722611743063e+02
2.128946282305888360e+02 2.135828444392757604e+02
2.176256199754894851e+02 2.183270415386513719e+02
2.223566117096810899e+02 2.230711643919450466e+02
2.270876034437101794e+02 2.278152139074327067e+02
2.318185951776544584e+02 2.325591908225777047e+02
2.365495869124592332e+02 2.373030960610778095e+02
2.412805786459777835e+02 2.420469303267954047e+02
2.460115703795340210e+02 2.467906944608805304e+02
2.507425621592592790e+02 2.515343891891299961e+02
2.554735538914250128e+02 2.562780152695100924e+02
2.602045456215549848e+02 2.610215735322349246e+02
2.649355374034023498e+02 2.657650645639712934e+02
2.696665292222916150e+02 2.705084891934654934e+02
2.743975210634951054e+02 2.752518480636171034e+02
2.791285129038405444e+02 2.799951419514700319e+02
2.838595047454130054e+02 2.847383715673265669e+02
2.885904965271277547e+02 2.894815374807217268e+02
2.933214882956041833e+02 2.942246403738431013e+02
2.980524801078780683e+02 2.989676809335228995e+02
3.027834719139402750e+02 3.037106597527296685e+02
3.075144636737047676e+02 3.084535776315806288e+02
3.122454554336973160e+02 3.131964350173698790e+02
3.169764471683260467e+02 3.179392325840196918e+02
3.217074389318369185e+02 3.226819708950345102e+02
3.264384306597727345e+02 3.274246506854519794e+02
3.311694223887749331e+02 3.321672723913538903e+02
3.359004141806401549e+02 3.369098366897891310e+02
3.406314059968251513e+02 3.416523441260853247e+02
3.453623977393051518e+02 3.463947952048906700e+02
3.500933895087621295e+02 3.511371905078655118e+02
3.548243813211295219e+02 3.558795306921930433e+02
3.595553730766421836e+02 3.606218161380434140e+02
3.642863648899904092e+02 3.653640474381741114e+02
3.690173566201182211e+02 3.701062252197624503e+02
3.737483483854347242e+02 3.748483499151848832e+02
3.784793402120639030e+02 3.795904219919431171e+02
3.832103320017014880e+02 3.843324419917958608e+02
3.879413237777195036e+02 3.890744102496785217e+02
3.926723155138562333e+02 3.938163273940331806e+02
3.974033072598117542e+02 3.985581939046917341e+02
4.021342990476811678e+02 4.033000102923266468e+02
4.068652907836552686e+02 4.080417770337155616e+02
4.115962825901242468e+02 4.127834945320689712e+02
4.163272743734284518e+02 4.175251633401701383e+02
4.210582661582187711e+02 4.222667837501206236e+02
4.257892579376504045e+02 4.270083563086864160e+02
4.305202497537518411e+02 4.317498812341431176e+02
4.352512414987436387e+02 4.364913591042945882e+02
4.399822332343250650e+02 4.412327903449207724e+02
4.447132249677450204e+02 4.459741754803502545e+02
4.494442167067818446e+02 4.507155148788813221e+02
4.541752084318542302e+02 4.554568088429172690e+02
4.589062002166353977e+02 4.601980577814191520e+02
4.636371920127616022e+02 4.649392622729762934e+02
4.683681838635792474e+02 4.696804224668948109e+02
4.730991758197163222e+02 4.744215389006761825e+02
4.778301677785260608e+02 4.791626119248363693e+02
4.825611595234221340e+02 4.839036417761619759e+02
4.872921512510148432e+02 4.886446289424926590e+02
4.920231429800328442e+02 4.933855739558480309e+02
4.967541348041124252e+02 4.981264768017339861e+02
5.014851266083907149e+02 5.028673382209625515e+02
5.062161184026152796e+02 5.076081583879359300e+02
5.109471101569196207e+02 5.123489376327086120e+02
5.156781018903031963e+02 5.170896764069544815e+02
5.204090936211002827e+02 5.218303748776396560e+02
5.251400853811395564e+02 5.265710334322626522e+02
5.298710772246373608e+02 5.313116524736420843e+02
5.346020689578288057e+02 5.360522322237518438e+02
5.393330607414507085e+02 5.407927729940214476e+02
5.440640526305129470e+02 5.455332753541276816e+02
5.487950443892561907e+02 5.502737393457496182e+02
5.535260361296875544e+02 5.550141654539522733e+02
5.582570279918668348e+02 5.597545538592388539e+02
5.629880199610145155e+02 5.644949047583196489e+02
5.677190117299840040e+02 5.692352186541870651e+02
5.724500035741785950e+02 5.739754958587006968e+02
5.771809953543432812e+02 5.787157365319433211e+02
5.819119871163665039e+02 5.834559409934093992e+02
5.866429790412223610e+02 5.881961095180320171e+02
5.913739708921182228e+02 5.929362424048598541e+02
5.961049627271083864e+02 5.976763399093662201e+02
6.008359546158371813e+02 6.024164023529349379e+02
6.055669464215148992e+02 6.071564300044623224e+02
