0.000000000000000000e+00 0.000000000000000000e+00
4.730416352443522321e+00 4.749802502514685720e+00
9.460832705533139375e+00 9.499445115056500910e+00
1.419124905888776311e+01 1.424893047891770692e+01
1.892166541239112831e+01 1.899826117557137195e+01
2.365208176559359288e+01 2.374743972152361948e+01
2.838249811852613647e+01 2.849646856566852193e+01
3.311291448434256068e+01 3.324535010576369132e+01
3.784333084201989550e+01 3.799408668433116532e+01
4.257374719549670772e+01 4.274268057769280915e+01
4.730416355456816291e+01 4.749113403447532278e+01
5.203457991811978900e+01 5.223944921516457640e+01
5.676499629492874988e+01 5.698762824178429298e+01
6.149541265767165044e+01 6.173567319093446315e+01
6.622582901990413973e+01 6.648358611893320358e+01
7.095624538253522928e+01 7.123136898570514575e+01
7.568666175085992620e+01 7.597902374938786352e+01
8.041707810837385750e+01 8.072655227850368931e+01
8.514749447517746717e+01 8.547395646454702955e+01
8.987791084189119317e+01 9.022123808107176046e+01
9.460832722021440588e+01 9.496839893294924195e+01
9.933874359463061410e+01 9.971544073169161493e+01
1.040691599758755501e+02 1.044623651952680774e+02
1.087995763429384510e+02 1.092091739860316579e+02
1.135299927160603062e+02 1.139558686988763441e+02
1.182604090857479093e+02 1.187024509683051150e+02
1.229908254645965258e+02 1.234489223566209546e+02
1.277212418269720757e+02 1.281952843561460043e+02
1.324516582145714381e+02 1.329415384820732129e+02
1.371820746293779223e+02 1.376876861966870536e+02
1.419124910118717366e+02 1.424337289414418706e+02
1.466429073915054460e+02 1.471796681300492082e+02
1.513733237494474793e+02 1.519255051390152857e+02
1.561037401223148322e+02 1.566712413035000964e+02
1.608341565471706645e+02 1.614168779532514577e+02
1.655645729764954126e+02 1.661624163785333508e+02
1.702949893639525385e+02 1.709078578656209970e+02
1.750254057730605268e+02 1.756532036356380786e+02
1.797558221569677244e+02 1.803984549654136060e+02
1.844862385794616557e+02 1.851436130028135949e+02
1.892166549606093326e+02 1.898886789530338888e+02
1.939470713397247152e+02 1.946336539398136551e+02
1.986774877802459116e+02 1.993785391287119637e+02
2.034079042065080785e+02 2.041233356308823375e+02
2.081383205781535821e+02 2.088680445371337839e+02
2.128687369709274151e+02 2.136126669033592975e+02
2.175991533464438703e+02 2.183572038319316562e+02
2.223295697176122303e+02 2.231016563052090760e+02
2.270599861030804618e+02 2.278460254209547600e+02
2.317904025653410258e+02 2.325903120225039515e+02
2.365208190211967860e+02 2.373345171902251991e+02
2.412512353979419117e+02 2.420786418970267277e+02
2.459816518708820468e+02 2.468226870470466281e+02
2.507120682409436654e+02 2.515666535869318068e+02
2.554424846168777208e+02 2.563105424806497012e+02
2.601729009838654747e+02 2.610543544969370942e+02
2.649033174260616192e+02 2.657980905532435827e+02
2.696337338570366455e+02 2.705417515492369489e+02
2.743641503355819964e+02 2.752853383651456625e+02
2.790945668122978987e+02 2.800288518072127317e+02
2.838249832917019830e+02 2.847722927434125495e+02
2.885553996599250013e+02 2.895156618987421098e+02
2.932858160563576462e+02 2.942589601403989263e+02
2.980162325132636170e+02 2.990021880857942733e+02
3.027466489515609283e+02 3.037453466147535437e+02
3.074770653764194321e+02 3.084884365587095658e+02
3.122074817741290644e+02 3.132314585794800905e+02
3.169378981456166002e+02 3.179744134117404997e+02
3.216683145491545019e+02 3.227173017748439747e+02
3.263987309139112085e+02 3.274601244488176235e+02
3.311291474223874616e+02 3.322028820297748553e+02
3.358595637882161213e+02 3.369455752246345241e+02
3.405899802763929074e+02 3.416882047291010167e+02
3.453203966584452473e+02 3.464307712166300917e+02
3.500508130660028883e+02 3.511732753784526153e+02
3.547812295443609401e+02 3.559157177707492110e+02
3.595116459093413823e+02 3.606580991637206353e+02
3.642420622761600271e+02 3.654004199210933166e+02
3.689724786431393113e+02 3.701426809783818044e+02
3.737028950096183166e+02 3.748848827081321815e+02
3.784333115497491917e+02 3.796270257620909661e+02
3.831637279765615176e+02 3.843691107242080989e+02
3.878941443926391912e+02 3.891111381789497159e+02
3.926245607783898208e+02 3.938531087584455008e+02
3.973549772026051414e+02 3.985950228950375163e+02
4.020853936150514869e+02 4.033368812676981179e+02
4.068158100477198786e+02 4.080786843717054921e+02
4.115462264915206561e+02 4.128204328066541393e+02
4.162766429121275564e+02 4.175621269843220489e+02
4.210070593320606349e+02 4.223037675633574395e+02
4.257374757486677481e+02 4.270453550500241136e+02
4.304678921156469187e+02 4.317868897477871428e+02
4.351983084759372673e+02 4.365283722540602867e+02
4.399287249725638276e+02 4.412698030590308917e+02
4.446591413696993982e+02 4.460111827712258901e+02
4.493895577459476840e+02 4.507525117322806523e+02
4.541199742648875599e+02 4.554937905549003858e+02
4.588503908012951342e+02 4.602350195140807614e+02
4.635808072332615666e+02 4.649761992050222261e+02
4.683112237357838126e+02 4.697173300459994039e+02
4.730416403290199696e+02 4.744584124950008572e+02
4.777720568000552817e+02 4.791994469659188098e+02
4.825024733332224969e+02 4.839404339262446797e+02
4.872328896976297301e+02 4.886813736842232743e+02
4.919633061478716627e+02 4.934222668341767530e+02
4.966937226557655549e+02 4.981631136514592981e+02
5.014241390865323069e+02 5.029039146596712726e+02
5.061545555177780216e+02 5.076446701809760498e+02
5.108849718914356117e+02 5.123853807404017289e+02
5.156153883362164834e+02 5.171260465236351820e+02
5.203458047387837269e+02 5.218666681754559704e+02
5.250762211141936859e+02 5.266072459082454316e+02
5.298066376676874825e+02 5.313477801400123326e+02
5.345370540381743467e+02 5.360882711975060602e+02
5.392674705224502532e+02 5.408287193832023831e+02
5.439978870698030278e+02 5.455691253771126412e+02
5.487283034417812360e+02 5.503094892543056176e+02
5.534587198020166170e+02 5.550498114418134037e+02
5.581891362924604891e+02 5.597900922652103191e+02
5.629195527182754404e+02 5.645303321349335874e+02
5.676499691227999165e+02 5.692705313578439927e+02
5.723803855798648783e+02 5.740106904477420358e+02
5.771108019546321657e+02 5.787508093899654114e+02
5.818412183651106488e+02 5.834908887101321397e+02
5.865716349220560915e+02 5.882309287415143899e+02
5.913020514128310197e+02 5.929709299509815992e+02
5.960324678839524495e+02 5.977108922361230725e+02
6.007628843098914331e+02 6.024508161750944737e+02
6.054933007315107716e+02 6.071907020789572016e+02
