0.000000000000000000e+00 0.000000000000000000e+00
4.730386040784035906e+00 4.749888229351929780e+00
9.460772082204254474e+00 9.499614911331317302e+00
1.419115812389054554e+01 1.424918272383480300e+01
1.892154416573265152e+01 1.899859428690325913e+01
2.365193020726243844e+01 2.374785215012459361e+01
2.838231625857483920e+01 2.849695880841310469e+01
3.311270231267900499e+01 3.324591667901812286e+01
3.784308835849660113e+01 3.799472814071542359e+01
4.257347440909143188e+01 4.274339551502497159e+01
4.730386046464803229e+01 4.749192106529405066e+01
5.203424651289383718e+01 5.224030698459743860e+01
5.676463255470079616e+01 5.698855542238961647e+01
6.149501860435739786e+01 6.173666850105159654e+01
6.622540465491616146e+01 6.648464828329601062e+01
7.095579070586882153e+01 7.123249675855980456e+01
7.568617678203978016e+01 7.598021589876623239e+01
8.041656284666032661e+01 8.072780763042734975e+01
8.514694889274505840e+01 8.547527385612858097e+01
8.987733493678661034e+01 9.022261638034004250e+01
9.460772100307053734e+01 9.496983698919984818e+01
9.933810706567552984e+01 9.971693748298801552e+01
1.040684931345856086e+02 1.044639195496732498e+02
1.087988792283733801e+02 1.092107848856123269e+02
1.135292652902018915e+02 1.139575351657568802e+02
1.182596513482367584e+02 1.187041719490016476e+02
1.229900374064280015e+02 1.234506968623450121e+02
1.277204234526593041e+02 1.281971114115678461e+02
1.324508095255456510e+02 1.329434171196082843e+02
1.371811955921744755e+02 1.376896154804948935e+02
1.419115816977202940e+02 1.424357079568621316e+02
1.466419677503027970e+02 1.471816959813780272e+02
1.513723538564377975e+02 1.519275809382335183e+02
1.561027399176318227e+02 1.566733641392991956e+02
1.608331260319299645e+02 1.614190469858997972e+02
1.655635121495208182e+02 1.661646307836260235e+02
1.702938981961812317e+02 1.709101168243577149e+02
1.750242842737479236e+02 1.756555063968716013e+02
1.797546703496510645e+02 1.804008006950017489e+02
1.844850564269804067e+02 1.851460009331626679e+02
1.892154424964257942e+02 1.898911083073033410e+02
1.939458285629103784e+02 1.946361239667326686e+02
1.986762146374693430e+02 1.993810491600286525e+02
2.034066007320423353e+02 2.041258849055581663e+02
2.081369868087834334e+02 2.088706323751049467e+02
2.128673729410301689e+02 2.136152925677858718e+02
2.175977590755520623e+02 2.183598666007516158e+02
2.223281451766115424e+02 2.231043555537170278e+02
2.270585312359239651e+02 2.278487603436124118e+02
2.317889173818799691e+02 2.325930820459075221e+02
2.365193034360384559e+02 2.373373216925737665e+02
2.412496894946756640e+02 2.420814801811851567e+02
2.459800755541941157e+02 2.468255584935703837e+02
2.507104616196436950e+02 2.515695576333374106e+02
2.554408477318160919e+02 2.563134784032920379e+02
2.601712338181531550e+02 2.610573217701365820e+02
2.649016198722122226e+02 2.658010886135953683e+02
2.696320059242998468e+02 2.705447798194117581e+02
2.743623920911407481e+02 2.752883962521594299e+02
2.790927782550107850e+02 2.800319387516805136e+02
2.838231644274140990e+02 2.847754081998544962e+02
2.885535504839238001e+02 2.895188052841082254e+02
2.932839365686587598e+02 2.942621309300742496e+02
2.980143227147262337e+02 2.990053857821200154e+02
3.027447088416275278e+02 3.037485706949407245e+02
3.074750948942247533e+02 3.084916865124608307e+02
3.122054809804237721e+02 3.132347339067656549e+02
3.169358670582395803e+02 3.179777135762643070e+02
3.216662531497017881e+02 3.227206263295555573e+02
3.263966392027612073e+02 3.274634729217116274e+02
3.311270252569275385e+02 3.322062540058848299e+02
3.358574113591969308e+02 3.369489701751982693e+02
3.405877975337606358e+02 3.416916222766078590e+02
3.453181836039877339e+02 3.464342107747523301e+02
3.500485697004412486e+02 3.511767365091423017e+02
3.547789558506454455e+02 3.559192001596527462e+02
3.595093419826253012e+02 3.606616021904721947e+02
3.642397280940626842e+02 3.654039432753794472e+02
3.689701141493924297e+02 3.701462241081197817e+02
3.737005002041817079e+02 3.748884451994138090e+02
3.784308862660709565e+02 3.796306072757927836e+02
3.831612723815011350e+02 3.843727108762579974e+02
3.878916584846692786e+02 3.891147565814119957e+02
3.926220445422072203e+02 3.938567450743284439e+02
3.973524307016566581e+02 3.985986766965339712e+02
4.020828167949172212e+02 4.033405521325202017e+02
4.068132028513066984e+02 4.080823719546611414e+02
4.115435889833565852e+02 4.128241367010053295e+02
4.162739750922313533e+02 4.175658468260446625e+02
4.210043611999659561e+02 4.223075029961548807e+02
4.257347473049301243e+02 4.270491057048889161e+02
4.304651333972991551e+02 4.317906552205849948e+02
4.351955195657739068e+02 4.365321522209375189e+02
4.399259058002758138e+02 4.412735973748785909e+02
4.446562918594852931e+02 4.460149908721119800e+02
4.493866779242359257e+02 4.507563333165836639e+02
4.541170641953864333e+02 4.554976251712804469e+02
4.588474504075767300e+02 4.602388669658836875e+02
4.635778365280863227e+02 4.649800591834512034e+02
4.683082227197643306e+02 4.697212022551768769e+02
4.730386088166031868e+02 4.744622965783109407e+02
4.777689949155071645e+02 4.792033425946132184e+02
4.824993811978197300e+02 4.839443407512263775e+02
4.872297672505494575e+02 4.886852914560141699e+02
4.919601533195592538e+02 4.934261952497838024e+02
4.966905394864253367e+02 4.981670524232362141e+02
5.014209256520055078e+02 5.029078636261567681e+02
5.061513117711351697e+02 5.076486289867362984e+02
5.108816978331108203e+02 5.123893490086819611e+02
5.156120838918293430e+02 5.171300239820238858e+02
5.203424699519316619e+02 5.218706545468836566e+02
5.250728560163811380e+02 5.266112409197950228e+02
5.298032422839205537e+02 5.313517835177698316e+02
5.345336285010691881e+02 5.360922826913941890e+02
5.392640146733598385e+02 5.408327389034093358e+02
5.439944009116992447e+02 5.455731522516962286e+02
5.487247870211365353e+02 5.503135235724013228e+02
5.534551732055389266e+02 5.550538527560374860e+02
5.581855593842803955e+02 5.597941405303865849e+02
5.629159454999282843e+02 5.645343870494541534e+02
5.676463316003957971e+02 5.692745924967096016e+02
5.723767177456835498e+02 5.740147573989756893e+02
5.771071038016398234e+02 5.787548820663505467e+02
5.818374899183256730e+02 5.834949669384391200e+02
5.865678761633013210e+02 5.882350122828141821e+02
5.912982623415537091e+02 5.929750183365135854e+02
5.960286485037258899e+02 5.977149857065671767e+02
6.007590348373503275e+02 6.024549142524140279e+02
6.054894211927681908e+02 6.071948045313827151e+02
