0.000000000000000000e+00 0.000000000000000000e+00
4.732172505580098942e+00 4.748721038353825641e+00
9.464345011037776700e+00 9.497324797075254565e+00
1.419651751743590751e+01 1.424581294622508665e+01
1.892869002515254095e+01 1.899418711982568908e+01
2.366086253996907018e+01 2.374244891826700155e+01
2.839303504598109384e+01 2.849059990629525174e+01
3.312520756674103239e+01 3.323864161669116868e+01
3.785738007863819377e+01 3.798657555281855025e+01
4.258955258514927777e+01 4.273440319240155816e+01
4.732172509715594089e+01 4.748212598074424307e+01
5.205389761011591077e+01 5.222974531144763688e+01
5.678607013464601749e+01 5.697726256249503507e+01
6.151824266203573188e+01 6.172467910818727432e+01
6.625041519209959517e+01 6.647199628665018167e+01
7.098258770775862558e+01 7.121921537723072504e+01
7.571476021737461792e+01 7.596633766540639954e+01
8.044693272944846285e+01 8.071336439504422344e+01
8.517910524024136976e+01 8.546029682585393061e+01
8.991127778906772505e+01 9.020713610732511256e+01
9.464345031783082618e+01 9.495388345125698493e+01
9.937562284536269885e+01 9.970054003507641482e+01
1.041077953792990058e+02 1.044471069899501288e+02
1.088399678931773451e+02 1.091935853897641380e+02
1.135721404228213203e+02 1.139399763882527878e+02
1.183043129555885002e+02 1.186862810095599627e+02
1.230364854820711855e+02 1.234325003218721690e+02
1.277686579973048140e+02 1.281786353670552501e+02
1.325008305378036084e+02 1.329246871877222134e+02
1.372330030582552354e+02 1.376706567321587613e+02
1.419651755951346672e+02 1.424165450375489286e+02
1.466973481091595772e+02 1.471623530135999260e+02
1.514295206546635484e+02 1.519080816358639368e+02
1.561616931811454947e+02 1.566537317886038068e+02
1.608938657580953873e+02 1.613993044720126022e+02
1.656260383405886500e+02 1.661448004850583970e+02
1.703582108643282709e+02 1.708902207563493221e+02
1.750903834036519129e+02 1.756355661492160607e+02
1.798225559633758905e+02 1.803808375142641580e+02
1.845547285010722192e+02 1.851260356936246581e+02
1.892869010357526349e+02 1.898711615061943405e+02
1.940190735668430193e+02 1.946162157557059800e+02
1.987512461047474517e+02 1.993611992882362642e+02
2.034834186717903890e+02 2.041061128048774549e+02
2.082155912139445491e+02 2.088509571436359806e+02
2.129477637385069215e+02 2.135957330201668469e+02
2.176799362626979359e+02 2.183404411549752808e+02
2.224121088091298475e+02 2.230850823114629407e+02
2.271442814108107768e+02 2.278296572120365795e+02
2.318764540053584824e+02 2.325741666333174180e+02
2.366086265290006736e+02 2.373186112152504279e+02
2.413407990558841618e+02 2.420629915811821604e+02
2.460729716524192554e+02 2.468073084379478814e+02
2.508051441919251090e+02 2.515515624731399953e+02
2.555373167192557275e+02 2.562957543333038188e+02
2.602694893043918682e+02 2.610398846625839724e+02
2.650016618317736175e+02 2.657839540888124930e+02
2.697338344550013858e+02 2.705279632825343015e+02
2.744660070853645948e+02 2.752719128048297534e+02
2.791981797145824657e+02 2.800158032831484434e+02
2.839303523294692013e+02 2.847596352969603117e+02
2.886625249288906616e+02 2.895034094300237939e+02
2.933946975156077315e+02 2.942471263038423785e+02
2.981268701022346477e+02 2.989907864454860373e+02
3.028590426973717626e+02 3.037343904805391048e+02
3.075912152146246967e+02 3.084779388537597242e+02
3.123233877610842910e+02 3.132214321665651369e+02
3.170555602856932182e+02 3.179648709508206252e+02
3.217877328498399265e+02 3.227082556715149622e+02
3.265199053677292795e+02 3.274515869786800977e+02
3.312520778866311844e+02 3.321948652717322830e+02
3.359842504165735591e+02 3.369380911805445749e+02
3.407164229747669424e+02 3.416812650817115014e+02
3.454485955049805170e+02 3.464243874990502263e+02
3.501807680360655013e+02 3.511674589448856523e+02
3.549129406459633174e+02 3.559104798516758592e+02
3.596451131640707217e+02 3.606534507174276314e+02
3.643772856839536871e+02 3.653963720048890877e+02
3.691094582039557963e+02 3.701392442060197254e+02
3.738416307234147666e+02 3.748820677963479397e+02
3.785738032594605329e+02 3.796248430908391924e+02
3.833059758366239294e+02 3.843675706396417127e+02
3.880381484014606031e+02 3.891102507963488506e+02
3.927703209234844621e+02 3.938528840895324379e+02
3.975024934733423834e+02 3.985954708467360206e+02
4.022346660583500579e+02 4.033380115694278629e+02
4.069668385868279756e+02 4.080805067304339673e+02
4.116990111840603959e+02 4.128229565782276040e+02
4.164311837564482062e+02 4.175653615095204714e+02
4.211633563307826762e+02 4.223077219585053967e+02
4.258955288979894362e+02 4.270500384930984410e+02
4.306277014307157174e+02 4.317923111856880496e+02
4.353598739477881736e+02 4.365345405208366856e+02
4.400920464707216411e+02 4.412767270801714403e+02
4.448242190185948175e+02 4.460188709290201814e+02
4.495563915509450226e+02 4.507609726150775487e+02
4.542885642781994875e+02 4.555030325255549997e+02
4.590207368427542178e+02 4.602450508823675932e+02
4.637529094301833084e+02 4.649870280750894267e+02
4.684850820416432953e+02 4.697289644722038702e+02
4.732172547907681519e+02 4.744708604317850131e+02
4.779494273950817842e+02 4.792127162353954191e+02
4.826815999109863924e+02 4.839545322535427658e+02
4.874137724285235436e+02 4.886963088171255549e+02
4.921459449475908627e+02 4.934380462990893648e+02
4.968781176116741563e+02 4.981797451051958774e+02
5.016102903219375548e+02 5.029214052609951864e+02
5.063424629057752213e+02 5.076630272646919479e+02
5.110746354327285417e+02 5.124046115007297431e+02
5.158068080206747936e+02 5.171461580373979814e+02
5.205389805452923611e+02 5.218876672501299936e+02
5.252711530733336076e+02 5.266291396322985747e+02
5.300033257023135320e+02 5.313705753399590321e+02
5.347354983728862408e+02 5.361119746803282169e+02
5.394676709354364448e+02 5.408533379080079158e+02
5.441998435789287214e+02 5.455946652042065352e+02
5.489320161544293342e+02 5.503359570776497094e+02
5.536641886685506506e+02 5.550772137979145100e+02
5.583963613397393146e+02 5.598184354146965234e+02
5.631285339315120382e+02 5.645596223620887031e+02
5.678607065773589966e+02 5.693007749735802463e+02
5.725928791910046129e+02 5.740418932966269949e+02
5.773250517896340170e+02 5.787829776380663134e+02
5.820572243837316364e+02 5.835240284376022828e+02
5.867893971112304143e+02 5.882650457613270873e+02
5.915215697681355778e+02 5.930060301036385226e+02
5.962537423896403652e+02 5.977469815496313004e+02
6.009859149769592932e+02 6.024879003399166777e+02
6.057180875516578453e+02 6.072287865739149311e+02
