0.000000000000000000e+00 0.000000000000000000e+00
4.730446955206354609e+00 4.749311174872385521e+00
9.460893910846115418e+00 9.498470752558219488e+00
1.419134086687871132e+01 1.424748117171711748e+01
1.892178782659412661e+01 1.899634481999063595e+01
2.365223478245517441e+01 2.374506402757964452e+01
2.838268173808081229e+01 2.849364106144914643e+01
3.311312870637731720e+01 3.324207814253978199e+01
3.784357566854671973e+01 3.799037744032856523e+01
4.257402262471821075e+01 4.273854107902302957e+01
4.730446958647736722e+01 4.748657112912650291e+01
5.203491654909804964e+01 5.223446960238086945e+01
5.676536353082562414e+01 5.698223846887273680e+01
6.149581049904425356e+01 6.172987968061075748e+01
6.622625746398804836e+01 6.647739511438993532e+01
7.095670442931665889e+01 7.122478660650088500e+01
7.568715140020071885e+01 7.597205599773147355e+01
8.041759836042172083e+01 8.071920499843571406e+01
8.514804532188747999e+01 8.546623539592435748e+01
8.987849230712512849e+01 9.021314882903848797e+01
9.460893928819361065e+01 9.495994701350508649e+01
9.933938626534195748e+01 9.970663150896618276e+01
1.040698332489036488e+02 1.044532039373119119e+02
1.088002802110533480e+02 1.091996658326062857e+02
1.135307271764125687e+02 1.139460187175918122e+02
1.182611741487320387e+02 1.186922641012938584e+02
1.229916211292479318e+02 1.234384034538065151e+02
1.277220680943038076e+02 1.281844381528475765e+02
1.324525150840365200e+02 1.329303696450068628e+02
1.371829620773293072e+02 1.376761993043784287e+02
1.419134090432673077e+02 1.424219284299699098e+02
1.466438560458323082e+02 1.471675583999346486e+02
1.513743030207234028e+02 1.519130904894943797e+02
1.561047499963347036e+02 1.566585259848147302e+02
1.608351970243917606e+02 1.614038660373576590e+02
1.655656440572080328e+02 1.661491119637986458e+02
1.702960910951887286e+02 1.708942648995395643e+02
1.750265380869736873e+02 1.756393260795508979e+02
1.797569850772810582e+02 1.803842965784539274e+02
1.844874321135696960e+02 1.851291775981751186e+02
1.892178790974952847e+02 1.898739702435270829e+02
1.939483261390455766e+02 1.946186755804885422e+02
1.986787731501042344e+02 1.993632946056744117e+02
2.034092201245609886e+02 2.041078284952071726e+02
2.081396671174859989e+02 2.088522781465285618e+02
2.128701141470731955e+02 2.135966446351324635e+02
2.176005611212118822e+02 2.183409289802337412e+02
2.223310081675359129e+02 2.230851321434806209e+02
2.270614551341883498e+02 2.278292550761665893e+02
2.317919021287246437e+02 2.325732986993043596e+02
2.365223491171648220e+02 2.373172639584657304e+02
2.412527960938259923e+02 2.420611518323252653e+02
2.459832430688839224e+02 2.468049631422709069e+02
2.507136900459934736e+02 2.515486986892263417e+02
2.554441370659457959e+02 2.562923594320552070e+02
2.601745840433530930e+02 2.610359461648353090e+02
2.649050310162009509e+02 2.657794597391892921e+02
2.696354780055552283e+02 2.705229010100843539e+02
2.743659250869820880e+02 2.752662707397856821e+02
2.790963721663040360e+02 2.800095697598823676e+02
2.838268192485496684e+02 2.847527988482288492e+02
2.885572662194473992e+02 2.894959587478617209e+02
2.932877132670116112e+02 2.942390501145401913e+02
2.980181603259312624e+02 2.989820737786880045e+02
3.027486073666850075e+02 3.037250304528341758e+02
3.074790543823753524e+02 3.084679210082541090e+02
3.122095013827453158e+02 3.132107458705343674e+02
3.169399483568951155e+02 3.179535060238064261e+02
3.216703953344948559e+02 3.226962019475660099e+02
3.264008423574799735e+02 3.274388344180469517e+02
3.311312893260204646e+02 3.321814040249479376e+02
3.358617362945411173e+02 3.369239114315727761e+02
3.405921833846173286e+02 3.416663572819785486e+02
3.453226303693404589e+02 3.464087421623269165e+02
3.500530773778908724e+02 3.511510668826689425e+02
3.547835244273913986e+02 3.558933319377421185e+02
3.595139714578441499e+02 3.606355377649052798e+02
3.642444184273633141e+02 3.653776852333718352e+02
3.689748654387169609e+02 3.701197747901791217e+02
3.737053124983247017e+02 3.748618069091764937e+02
3.784357594908914280e+02 3.796037822881867214e+02
3.831662065208303147e+02 3.843457015291771768e+02
3.878966535384087706e+02 3.890875651105696420e+02
3.926271005103029665e+02 3.938293736758200794e+02
3.973575475654953379e+02 3.985711277142095241e+02
4.020879945792102035e+02 4.033128275716293842e+02
4.068184415786878958e+02 4.080544739041501998e+02
4.115488886248537028e+02 4.127960673035659624e+02
4.162793356480731291e+02 4.175376082654382799e+02
4.210097826719719478e+02 4.222790971843738816e+02
4.257402296903584329e+02 4.270205346400940698e+02
4.304706766599326215e+02 4.317619209106751441e+02
4.352011236989809504e+02 4.365032565935045454e+02
4.399315706762519085e+02 4.412445423621873033e+02
4.446620176930371144e+02 4.459857784016331834e+02
4.493924646718492113e+02 4.507269654120782434e+02
4.541229116616204919e+02 4.554681035032853060e+02
4.588533588030035730e+02 4.602091934425163799e+02
4.635838058376365325e+02 4.649502354769415433e+02
4.683142529420368874e+02 4.696912301420410358e+02
4.730447001381022574e+02 4.744321778530146503e+02
4.777751471045543212e+02 4.791730789880901966e+02
4.825055941264876083e+02 4.839139338981320293e+02
4.872360410935988284e+02 4.886547431228068490e+02
4.919664880621205612e+02 4.933955070661835975e+02
4.966969351349959538e+02 4.981362260963131234e+02
5.014273821490258456e+02 5.028769006051044812e+02
5.061578291826110103e+02 5.076175310484861711e+02
5.108882761832200003e+02 5.123581175677934425e+02
5.156187231943952156e+02 5.170986608791586150e+02
5.203491701791286914e+02 5.218391611482147709e+02
5.250796172112120530e+02 5.265796187674318389e+02
5.298100643635229972e+02 5.313200341629531067e+02
5.345405113931292362e+02 5.360604075899250347e+02
5.392709584865306169e+02 5.408007393854729798e+02
5.440014056383424759e+02 5.455410299015651390e+02
5.487318526832509633e+02 5.502812795766227509e+02
5.534622999138130126e+02 5.550214887681165692e+02
5.581927470074070925e+02 5.597616577491321550e+02
5.629231940061320074e+02 5.645017870549746704e+02
5.676536410140724911e+02 5.692418768190337914e+02
5.723840880735693872e+02 5.739819273222512948e+02
5.771145352271812499e+02 5.787219387992138309e+02
5.818449823102980645e+02 5.834619119232502271e+02
5.865754294702056768e+02 5.882018466836887001e+02
5.913058765622457713e+02 5.929417434385723027e+02
5.960363236336256705e+02 5.976816027151328399e+02
6.007667707977699365e+02 6.024214245356552055e+02
6.054972179828839671e+02 6.071612092477992064e+02
