0.000000000000000000e+00 0.000000000000000000e+00
2.072435855514386027e+00 2.072126372844268261e+00
6.159406495822849159e+00 6.158787204399378545e+00
1.024330513491524464e+01 1.024313324718320040e+01
1.432676311636416777e+01 1.432732094847307103e+01
1.841051034323230340e+01 1.841115099614047068e+01
2.249348230516699232e+01 2.249471342830359788e+01
2.657636213324403940e+01 2.657755050698667887e+01
3.065902877963744544e+01 3.066067363925118272e+01
3.474163134966614308e+01 3.474352406132425131e+01
3.882407137109853323e+01 3.882638574878031079e+01
4.290682610820552156e+01 4.290932012377295024e+01
4.698959939256839391e+01 4.699174904390400798e+01
5.107187135233393604e+01 5.107467271906155304e+01
5.515405694207005638e+01 5.515706403466593599e+01
5.923663664268460138e+01 5.924014481906552732e+01
6.331936715006779082e+01 6.332286816207660252e+01
6.740139352896328262e+01 6.740528752396039636e+01
7.148403797102318435e+01 7.148756746008891128e+01
7.556623351668953603e+01 7.556977860386317047e+01
7.964838279994569348e+01 7.965190591812576315e+01
8.373075502154770788e+01 8.373399988571097197e+01
8.781274995965898711e+01 8.781676471134382211e+01
9.189485700156353687e+01 9.189904149948100098e+01
9.597685360300869206e+01 9.598133683677596650e+01
1.000589722195312277e+02 1.000638064198072357e+02
1.041407424860353927e+02 1.041460538905105437e+02
1.082227674366150865e+02 1.082282922883866831e+02
1.123049986879236997e+02 1.123103729547303260e+02
1.163870697213754113e+02 1.163921505885464285e+02
1.204691399115504282e+02 1.204744723742351056e+02
1.245513160832520327e+02 1.245564723827442890e+02
1.286332492012076898e+02 1.286384251629176561e+02
1.327149857201535781e+02 1.327206914539317779e+02
1.367965818812227496e+02 1.368029597410725842e+02
1.408785385650880926e+02 1.408849425407104548e+02
1.449604704465221516e+02 1.449672520910134494e+02
1.490425332504933635e+02 1.490494496187708364e+02
1.531242293900065476e+02 1.531318330298523165e+02
1.572059992984762573e+02 1.572137751679011899e+02
1.612878174125419264e+02 1.612951663758140057e+02
1.653696328057856135e+02 1.653770964853504211e+02
1.694512337275118909e+02 1.694586431048658710e+02
1.735328839047901397e+02 1.735405728205405467e+02
1.776147397580850225e+02 1.776224558859184413e+02
1.816963846309736823e+02 1.817039701028035097e+02
1.857777604440755113e+02 1.857859985080594925e+02
1.898590163611956427e+02 1.898678202425828090e+02
1.939406022812240735e+02 1.939495463899140475e+02
