0.000000000000000000e+00 0.000000000000000000e+00
2.072125748808298695e+00 2.072433639216674450e+00
6.158453140516349400e+00 6.159085087716057672e+00
1.024294086808062687e+01 1.024330541257691252e+01
1.432642810381105747e+01 1.432646724273766559e+01
1.840974832352733870e+01 1.841009503879117659e+01
2.249280226934874349e+01 2.249282577591153043e+01
2.657580420116436670e+01 2.657530285719062135e+01
3.065873742495108800e+01 3.065808051269046786e+01
3.474105454092358514e+01 3.474087682900892560e+01
3.882355350256106874e+01 3.882334525617550725e+01
4.290618695770654512e+01 4.290631974036523388e+01
4.698896524288421972e+01 4.698904425251895844e+01
5.107161879508522162e+01 5.107172392259992932e+01
5.515362959511719509e+01 5.515424502101380710e+01
5.923580410356574077e+01 5.923619819103363682e+01
6.331769569497274119e+01 6.331842444320093932e+01
6.740003801023038932e+01 6.740070688602403948e+01
7.148198239573986257e+01 7.148315235537441481e+01
7.556417375393911584e+01 7.556552278339282225e+01
7.964646745161957142e+01 7.964770154009059411e+01
8.372890541753353943e+01 8.373008572012861350e+01
8.781125449208443001e+01 8.781176449947915330e+01
9.189324568636669710e+01 9.189336655482283334e+01
9.597520666188719929e+01 9.597539356532708155e+01
1.000576591674485343e+02 1.000579029087163150e+02
1.041397642278598283e+02 1.041400988025992973e+02
1.082214324463459434e+02 1.082218865724517940e+02
1.123031355460711609e+02 1.123043108045813483e+02
1.163851444209221597e+02 1.163867378635265766e+02
1.204672481237324604e+02 1.204687389393562285e+02
1.245495606841824952e+02 1.245509769752715385e+02
1.286315752980881939e+02 1.286331156650045386e+02
1.327132167151896169e+02 1.327152456622810917e+02
1.367954695489909511e+02 1.367971928141398905e+02
1.408769632833160586e+02 1.408789210703646120e+02
1.449587953038174248e+02 1.449609610174290992e+02
1.490405241860083265e+02 1.490430043495206291e+02
1.531222481626780336e+02 1.531249745246822727e+02
1.572039717558533596e+02 1.572068815300365259e+02
1.612858129086389454e+02 1.612892099856119046e+02
1.653675416916979373e+02 1.653711223442175537e+02
1.694493068584656044e+02 1.694529007328577563e+02
1.735308323110986350e+02 1.735347780313066437e+02
1.776124731164859440e+02 1.776165768713437103e+02
1.816941799456442368e+02 1.816981284594267834e+02
1.857759708612663587e+02 1.857797217138753183e+02
1.898574975359367727e+02 1.898618101657239094e+02
1.939393947334014001e+02 1.939436637150516560e+02
