0.000000000000000000e+00 0.000000000000000000e+00
2.071329362872535995e+00 2.070671786480660970e+00
6.155068890464894693e+00 6.157193255954828359e+00
1.023873479436315748e+01 1.024106159109003933e+01
1.432231619413041557e+01 1.432416996312114854e+01
1.840471922634592872e+01 1.840780672767006365e+01
2.248767349601870791e+01 2.249055903764173081e+01
2.657049524932348916e+01 2.657292638839495424e+01
3.065280873765777159e+01 3.065608895496909980e+01
3.473524182519918924e+01 3.473831457439662529e+01
3.881767811367249976e+01 3.882025195386415817e+01
4.290045112027802077e+01 4.290259195628907207e+01
4.698264768181678619e+01 4.698494221970670992e+01
5.106481808968865721e+01 5.106666413433413254e+01
5.514642764919891249e+01 5.514864333003205843e+01
5.922831785341240618e+01 5.923070083848672596e+01
6.331040418758212240e+01 6.331224162260383537e+01
6.739241260323218796e+01 6.739463420426342566e+01
7.147426601584626837e+01 7.147663898640811908e+01
7.555600625410554017e+01 7.555824641205465753e+01
7.963769002668686880e+01 7.964051036298849340e+01
8.371980837065062531e+01 8.372270190608205098e+01
8.780164556791064001e+01 8.780472606365999866e+01
9.188327929783687864e+01 9.188661326992036038e+01
9.596544888015483821e+01 9.596837892533253012e+01
1.000473136661321973e+02 1.000502597655540171e+02
1.041291338201642560e+02 1.041317831987342686e+02
1.082110929347851709e+02 1.082136722837037439e+02
1.122929884749146510e+02 1.122946621018054429e+02
1.163739615008562112e+02 1.163765148268761891e+02
1.204560294092823369e+02 1.204578266586858035e+02
1.245378136959689073e+02 1.245395347090570226e+02
1.286187898649999966e+02 1.286212715026756541e+02
1.327008513541342722e+02 1.327028698913279641e+02
1.367826705705905681e+02 1.367846657098974106e+02
1.408642786449119626e+02 1.408663624067862941e+02
1.449454929589202834e+02 1.449477185194452886e+02
1.490269797348672682e+02 1.490288542557124174e+02
1.531086672556315307e+02 1.531102048843309262e+02
1.571902608588572150e+02 1.571915250978632912e+02
1.612716101634000267e+02 1.612726195592945544e+02
1.653531166248670559e+02 1.653537033277306136e+02
1.694336650611473942e+02 1.694351716626065354e+02
1.735152262322430659e+02 1.735158325147119456e+02
1.775969002750951518e+02 1.775975259928006835e+02
1.816770923760262235e+02 1.816792683858904525e+02
1.857584466529482654e+02 1.857610756629702564e+02
1.898396158262486324e+02 1.898429852982224020e+02
1.939215421454479156e+02 1.939239206084682792e+02
