2.165079060342273465e+02
2.184988487153231347e+02
2.231897834496318183e+02
2.361460440822585554e+02
2.382212969025529787e+02
2.322190223931720254e+02
2.327431679507095339e+02
2.306029558414660414e+02
2.218650473624608992e+02
2.211119654638606562e+02
2.300462771050600850e+02
2.272274362765749629e+02
2.336007344352505868e+02
2.366285590799740248e+02
2.283424978861310706e+02
2.260859240583304199e+02
2.180904395837220306e+02
2.279758891678637553e+02
2.277952493178687234e+02
2.275666980482685915e+02
2.237725388177556169e+02
2.298173199822327888e+02
2.356240642858454635e+02
2.308140158593368767e+02
2.314039628931929542e+02
2.280299483794493653e+02
2.297509518883616977e+02
2.328372377412594005e+02
2.328731569664162748e+02
2.232409885504827969e+02
2.277029612694091441e+02
2.199545608787078095e+02
2.163776315554519272e+02
2.227566190300613869e+02
2.215436418459510151e+02
2.257999124945803260e+02
2.239991548442503984e+02
2.293313370745208033e+02
2.303299985536609995e+02
2.365146362245883438e+02
2.352965960228716256e+02
2.188760227700946075e+02
2.304752122515535007e+02
2.199326438574470046e+02
2.323556634878624152e+02
2.338685367901524330e+02
2.385952159355852586e+02
2.398203505275583041e+02
2.445000992124696495e+02
2.463517156390072955e+02
2.451172952422726610e+02
