0.000000000000000000e+00 0.000000000000000000e+00 0.000000000000000000e+00 0.000000000000000000e+00 0.000000000000000000e+00 0.000000000000000000e+00 0.000000000000000000e+00 0.000000000000000000e+00
6.061962518093544361e-04 2.070189154230739348e-04 0.000000000000000000e+00 0.000000000000000000e+00 1.093623030552048903e-03 5.940204005083771222e-04 6.686740124428602883e-04 1.165032721916592351e-03
1.726943986898313299e-02 2.070189154230739348e-04 2.527801096873169562e-02 2.063929969727951175e-02 6.229999429040156134e-02 4.264184698699091669e-02 3.800981398100755637e-02 5.085867179220104894e-03
1.760656131874894365e-02 2.070189154230739348e-04 2.548281453842715649e-02 2.085284688803812347e-02 6.229999429040156134e-02 4.282642722579598632e-02 3.800981398100755637e-02 5.441664402191518507e-03
1.906555961794800108e-02 3.803438208063170123e-04 2.666798553126703553e-02 2.085284688803812347e-02 6.229999429040156134e-02 4.282642722579598632e-02 3.813854224551072036e-02 5.441664402191518507e-03
1.922575081259565027e-02 1.085106995201179023e-03 2.716971142136870299e-02 2.085284688803812347e-02 6.294140212913171273e-02 4.282642722579598632e-02 3.825854325677462836e-02 6.022766183014352515e-03
1.922575081259565027e-02 1.474404533635009784e-03 2.745014842828379098e-02 2.085284688803812347e-02 6.294140212913171273e-02 4.303241172216186461e-02 3.825854325677462836e-02 6.135945998200418444e-03
1.938232427896081217e-02 1.474404533635009784e-03 2.745014842828379098e-02 2.085284688803812347e-02 6.294140212913171273e-02 4.350008776377123354e-02 3.825854325677462836e-02 6.135945998200418444e-03
1.938232427896081217e-02 1.675815562460252189e-03 2.745014842828379098e-02 2.087602192496856510e-02 6.294140212913171273e-02 4.357943844511069642e-02 3.825854325677462836e-02 6.358009745246310379e-03
1.938232427896081217e-02 1.675815562460252189e-03 2.745014842828379098e-02 2.095072626354895634e-02 6.294140212913171273e-02 4.357943844511069642e-02 3.844475597730934169e-02 6.417376288755712727e-03
1.938232427896081217e-02 2.330605424279624804e-03 2.745014842828379098e-02 2.098172576301093883e-02 6.294140212913171273e-02 4.357943844511069642e-02 3.844475597730934169e-02 6.417376288755712727e-03
1.938232427896081217e-02 2.330605424279624804e-03 2.745014842828379098e-02 2.098172576301093883e-02 6.294140212913171273e-02 4.418815778730378341e-02 3.845101167497892020e-02 6.649219736061251496e-03
1.938232427896081217e-02 2.437665366220521240e-03 2.745014842828379098e-02 2.098172576301093883e-02 6.294140212913171273e-02 4.439815928111556786e-02 3.845841763484453280e-02 6.649219736061251496e-03
1.938232427896081217e-02 2.437665366220521240e-03 2.748246455957673723e-02 2.103182621049325129e-02 6.294140212913171273e-02 4.476850655807851354e-02 3.845841763484453280e-02 6.715396912304981772e-03
1.938232427896081217e-02 2.493798363800120432e-03 2.748246455957673723e-02 2.103182621049325129e-02 6.294140212913171273e-02 4.508392486267354116e-02 3.845841763484453280e-02 6.897578933931705972e-03
1.939757212279147325e-02 2.493798363800120432e-03 2.748246455957673723e-02 2.112050634845702782e-02 6.294140212913171273e-02 4.508392486267354116e-02 3.845841763484453280e-02 6.897578933931705972e-03
1.939757212279147325e-02 2.493798363800120432e-03 2.748246455957673723e-02 2.112050634845702782e-02 6.294140212913171273e-02 4.508392486267354116e-02 3.845841763484453280e-02 6.897578933931705972e-03
