0.000000000000000000e+00 0.000000000000000000e+00 0.000000000000000000e+00 0.000000000000000000e+00 0.000000000000000000e+00 0.000000000000000000e+00 0.000000000000000000e+00 0.000000000000000000e+00
1.595226129327720344e-03 7.283152751789145896e-04 0.000000000000000000e+00 1.482140890756156182e-03 3.654616549279232629e-03 0.000000000000000000e+00 1.631808881822571777e-03 2.367788886295407735e-03
4.318691771275057212e-03 7.564097259921409577e-04 0.000000000000000000e+00 1.580963746128816183e-03 3.663513318980224365e-03 7.063101680821739711e-05 3.166853524170967771e-03 5.046068803022052407e-03
4.318691771275057212e-03 7.564097259921409577e-04 2.975947221962025636e-03 1.006069088886145900e-02 9.520586870600492024e-03 5.683439989898348386e-03 1.598666607856858227e-02 7.986910599288094686e-03
4.599672818269329860e-03 8.302085847381509426e-04 3.213663840196723243e-03 1.806874191442393862e-02 1.948482937172490992e-02 1.398626291555221668e-02 3.426412814709068472e-02 7.986910599288094686e-03
4.599672818269329860e-03 8.302085847381509426e-04 3.213663840196723243e-03 1.827873809865085408e-02 1.977776155740089414e-02 1.410431051004897712e-02 3.426412814709068472e-02 7.986910599288094686e-03
4.599672818269329860e-03 1.656043137019835854e-03 4.322156775749031593e-03 1.865274423737811257e-02 1.977776155740089414e-02 1.464043975174828677e-02 3.478430042915371667e-02 7.986910599288094686e-03
4.817658591449671193e-03 1.656043137019835854e-03 4.507412137024551131e-03 1.891338088783811600e-02 1.977776155740089414e-02 1.464043975174828677e-02 3.478430042915371667e-02 7.986910599288094686e-03
4.817658591449671193e-03 2.275122135615884056e-03 5.104393325726430675e-03 1.891338088783811600e-02 1.977776155740089414e-02 1.495378585024598195e-02 3.530021144213951745e-02 8.349479092355715018e-03
4.817658591449671193e-03 2.275122135615884056e-03 5.501632671089939919e-03 1.906801805922433979e-02 1.977776155740089414e-02 1.507053940132449359e-02 3.530021144213951745e-02 8.425582227453725162e-03
4.857115782431975504e-03 2.316960577362327071e-03 5.501632671089939919e-03 1.906801805922433979e-02 1.977776155740089414e-02 1.507053940132449359e-02 3.530021144213951745e-02 8.425582227453725162e-03
4.857115782431975504e-03 2.316960577362327071e-03 5.535829809500190761e-03 1.906801805922433979e-02 1.985844112877188650e-02 1.507053940132449359e-02 3.530021144213951745e-02 8.425582227453725162e-03
4.893449670367122292e-03 2.316960577362327071e-03 5.535829809500190761e-03 1.906801805922433979e-02 1.993077833082779193e-02 1.507053940132449359e-02 3.530021144213951745e-02 8.425582227453725162e-03
4.965154052132929319e-03 2.316927145274589109e-03 5.535829809500190761e-03 1.906801805922433979e-02 1.993077833082779193e-02 1.507053940132449359e-02 3.530021144213951745e-02 8.425582227453725162e-03
4.965154052132929319e-03 2.386294634045261348e-03 5.535829809500190761e-03 1.906801805922433979e-02 1.993987204419767068e-02 1.507053940132449359e-02 3.530021144213951745e-02 8.707228027376162985e-03
4.965154052132929319e-03 2.457350633191385247e-03 5.535829809500190761e-03 1.906801805922433979e-02 1.993987204419767068e-02 1.508534570799622415e-02 3.530021144213951745e-02 8.707228027376162985e-03
4.965154052132929319e-03 2.463605038056719022e-03 5.535829809500190761e-03 1.906801805922433979e-02 2.001126204465464298e-02 1.527143810499609344e-02 3.530021144213951745e-02 8.707228027376162985e-03
