0.000000000000000000e+00 0.000000000000000000e+00 0.000000000000000000e+00 0.000000000000000000e+00 0.000000000000000000e+00 0.000000000000000000e+00 0.000000000000000000e+00 0.000000000000000000e+00
1.846691792307897373e-03 1.146696970172111918e-03 1.732276124020160069e-04 0.000000000000000000e+00 9.995108989357959217e-06 0.000000000000000000e+00 3.640671776290460571e-04 6.455384137455943971e-04
1.851698678882048813e-03 1.146696970172111918e-03 1.732276124020160069e-04 1.923357639328019124e-04 3.728999488307876975e-04 0.000000000000000000e+00 7.097954592116763241e-04 6.455384137455943971e-04
3.150435620037264628e-03 1.146696970172111918e-03 1.189963192752573930e-03 1.310360361747697766e-03 3.728999488307876975e-04 2.887395847707479798e-04 7.097954592116763241e-04 2.080232625535263780e-03
3.187701507014611968e-03 1.146696970172111918e-03 1.393610376496698389e-03 2.211633399034518277e-03 3.728999488307876975e-04 3.194226867632675437e-04 1.675783094511801297e-03 2.080232625535263780e-03
3.187701507014611968e-03 1.146696970172111918e-03 1.493249690028172283e-03 2.211633399034518277e-03 3.728999488307876975e-04 4.485115022613093277e-04 1.683899134576788718e-03 2.220501049188628589e-03
3.275455568562471442e-03 1.257177739118453888e-03 1.541003743358970723e-03 2.225282202783063212e-03 3.728999488307876975e-04 4.485115022613093277e-04 1.717045661783255959e-03 2.220501049188628589e-03
3.275455568562471442e-03 1.257177739118453888e-03 1.541003743358970723e-03 2.225282202783063212e-03 3.728999488307876975e-04 4.485115022613093277e-04 1.751280138171675081e-03 2.279699898412701486e-03
3.275455568562471442e-03 1.420602035985041312e-03 1.541003743358970723e-03 2.225282202783063212e-03 6.011685056250826165e-04 5.945515778691401465e-04 1.751280138171675081e-03 2.314652425357139210e-03
3.275455568562471442e-03 1.420602035985041312e-03 1.645209064147366580e-03 2.225282202783063212e-03 7.252264164847588290e-04 5.945515778691401465e-04 1.751280138171675081e-03 2.384335661702750766e-03
3.275455568562471442e-03 1.420602035985041312e-03 1.645209064147366580e-03 2.261378809084391150e-03 7.252264164847588290e-04 6.758236335615117225e-04 1.751280138171675081e-03 2.439248106229304196e-03
3.275455568562471442e-03 1.420602035985041312e-03 1.699312020152664391e-03 2.261378809084391150e-03 7.252264164847588290e-04 6.758236335615117225e-04 1.787089972111743919e-03 2.517586330446346110e-03
3.327980352324289015e-03 1.420602035985041312e-03 1.735336601918445075e-03 2.261378809084391150e-03 7.252264164847588290e-04 6.758236335615117225e-04 1.787089972111743919e-03 2.517586330446346110e-03
3.327980352324289015e-03 1.420602035985041312e-03 1.771484344544660416e-03 2.261378809084391150e-03 7.252264164847588290e-04 7.306689341190797946e-04 1.787089972111743919e-03 2.517586330446346110e-03
3.379402568270961638e-03 1.420602035985041312e-03 1.771484344544660416e-03 2.261378809084391150e-03 7.617511017919823598e-04 7.306689341190797946e-04 1.787089972111743919e-03 2.593179509121002445e-03
3.431011872415012931e-03 1.420602035985041312e-03 1.771484344544660416e-03 2.261378809084391150e-03 7.617511017919823598e-04 8.050709093930636349e-04 1.823763697519287935e-03 2.593179509121002445e-03
3.431011872415012931e-03 1.457606800433725990e-03 1.824970087803023944e-03 2.261378809084391150e-03 7.617511017919823598e-04 8.050709093930636349e-04 1.823763697519287935e-03 2.593179509121002445e-03
