0.000000000000000000e+00 0.000000000000000000e+00
4.733146308512124811e+00 4.748723646322268621e+00
9.466292617139492549e+00 9.497343305755588716e+00
1.419943892633380145e+01 1.424586037086804069e+01
1.893258523566120033e+01 1.899427621027809820e+01
2.366573154469289619e+01 2.374259216784646753e+01
2.839887785555487199e+01 2.849080954949730682e+01
3.313202416513814796e+01 3.323892964556672780e+01
3.786517047935559788e+01 3.798695371972604562e+01
4.259831678865182880e+01 4.273488301703466163e+01
4.733146310338338481e+01 4.748271875240413209e+01
5.206460941417978461e+01 5.223046211609091927e+01
5.679775572853934307e+01 5.697811425128881524e+01
6.153090204596412605e+01 6.172567632491850986e+01
6.626404836998527514e+01 6.647314947451295097e+01
7.099719468846990367e+01 7.122053477940309563e+01
7.573034101111642258e+01 7.596783334254649844e+01
8.046348736010827452e+01 8.071504619711748774e+01
8.519663369248337403e+01 8.546217443344360731e+01
8.992978004169711426e+01 9.020921904356634968e+01
9.466292637265677001e+01 9.495618102519202353e+01
9.939607270345912582e+01 9.970306137774826993e+01
1.041292190400320408e+02 1.044498610678611641e+02
1.088623653849060418e+02 1.091965810846028404e+02
1.135955116953056461e+02 1.139432223295174254e+02
1.183286580290724714e+02 1.186897857050481093e+02
1.230618043671724422e+02 1.234362721517707087e+02
1.277949506883174138e+02 1.281826825226485767e+02
1.325280970278635380e+02 1.329290177094455316e+02
1.372612433516233921e+02 1.376752785771550123e+02
1.419943896898280968e+02 1.424214659731029542e+02
1.467275360063550806e+02 1.471675807059627061e+02
1.514606823592230853e+02 1.519136236051423339e+02
1.561938286848189534e+02 1.566595954293026978e+02
1.609269750651275217e+02 1.614054970153351860e+02
1.656601214513758009e+02 1.661513291082687545e+02
1.703932677685160115e+02 1.708970924918581318e+02
1.751264141436160742e+02 1.756427879030131294e+02
1.798595604873503362e+02 1.803884160788958866e+02
1.845927068623813341e+02 1.851339777811389240e+02
1.893258531998639569e+02 1.898794737020042191e+02
1.940589995731132262e+02 1.946249044746066375e+02
1.987921459567526767e+02 1.993702709294187230e+02
2.035252922848169987e+02 2.041155736570117938e+02
2.082584386482728576e+02 2.088608132510861992e+02
2.129915850065563063e+02 2.136059904494448745e+02
2.177247313942642108e+02 2.183511059529907357e+02
2.224578777413019282e+02 2.230961603859125546e+02
2.271910241439753690e+02 2.278411542456274219e+02
2.319241704705285656e+02 2.325860882621769576e+02
2.366573167971534417e+02 2.373309630285612002e+02
2.413904631235637908e+02 2.420757791148373030e+02
2.461236094500924594e+02 2.468205372007273581e+02
2.508567557760355271e+02 2.515652377783830502e+02
2.555899021404553082e+02 2.563098814189110044e+02
2.603230484631763488e+02 2.610544688126826713e+02
2.650561947846126145e+02 2.657990004191539128e+02
2.697893411094113389e+02 2.705434767416560362e+02
2.745224875419694399e+02 2.752878983495360217e+02
2.792556339756389434e+02 2.800322657960139168e+02
2.839887803921095610e+02 2.847765795756907892e+02
2.887219267164770145e+02 2.895208401892070924e+02
2.934550730688866906e+02 2.942650481974144441e+02
2.981882194471121466e+02 2.990092040791046202e+02
3.029213658415449117e+02 3.037533083284317854e+02
3.076545122117868232e+02 3.084973615000546943e+02
3.123876585557765111e+02 3.132413639872343083e+02
3.171208048832127133e+02 3.179853163320769340e+02
3.218539513540261510e+02 3.227292188795593120e+02
3.265870976747716554e+02 3.274730722835949450e+02
3.313202439965037343e+02 3.322168767746839535e+02
3.360533904364571640e+02 3.369606329439219508e+02
3.407865367696449539e+02 3.417043411395338239e+02
3.455196831077126376e+02 3.464480019481596855e+02
3.502528294257052721e+02 3.511916156702365015e+02
3.549859758428895589e+02 3.559351828070209649e+02
3.597191222573667346e+02 3.606787036810292193e+02
3.644522685800684485e+02 3.654221788871107037e+02
3.691854149772806295e+02 3.701656086576974758e+02
3.739185612995223664e+02 3.749089934111919433e+02
3.786517076656417657e+02 3.796523334991841807e+02
3.833848540433937160e+02 3.843956294300936065e+02
3.881180004150209015e+02 3.891388814933010281e+02
3.928511467396706394e+02 3.938820901597030115e+02
3.975842930881997290e+02 3.986252557460652497e+02
4.023174394786556149e+02 4.033683788439456634e+02
4.070505858281522933e+02 4.081114595591247394e+02
4.117837322295516742e+02 4.128544983009478528e+02
4.165168786043018372e+02 4.175974953786765127e+02
4.212500249820785712e+02 4.223404512750354343e+02
4.259831713538404756e+02 4.270833663500180251e+02
4.307163176796174184e+02 4.318262406793357968e+02
4.354494640328317132e+02 4.365690749408327633e+02
4.401826105608445800e+02 4.413118693606423335e+02
4.449157569164848951e+02 4.460546240840405403e+02
4.496489032551826313e+02 4.507973396664076517e+02
4.543820497770592510e+02 4.555400163843663677e+02
4.591151961439076103e+02 4.602826544733417222e+02
4.638483425346812510e+02 4.650252542455309026e+02
4.685814889294429122e+02 4.697678160499435762e+02
4.733146352544358137e+02 4.745103402295611090e+02
4.780477815804018746e+02 4.792528270388727947e+02
4.827809278991816200e+02 4.839952769258767944e+02
4.875140742915673968e+02 4.887376899952138274e+02
4.922472206135594206e+02 4.934800666325235170e+02
4.969803671501051099e+02 4.982224069800436155e+02
5.017135135573610114e+02 5.029647115572993812e+02
5.064466599437436116e+02 5.077069803963462391e+02
5.111798062751191765e+02 5.124492138981620428e+02
5.159129526068288669e+02 5.171914124372938204e+02
5.206460989297670494e+02 5.219335762836549293e+02
5.253792452834048845e+02 5.266757055729685817e+02
5.301123917530160270e+02 5.314178004652385425e+02
5.348455380821220615e+02 5.361598614470104849e+02
5.395786844505742010e+02 5.409018888647973426e+02
5.443118308809488326e+02 5.456438827891902292e+02
5.490449772948830969e+02 5.503858435476109889e+02
5.537781236903643958e+02 5.551277712665734043e+02
5.585112701811576699e+02 5.598696661922859903e+02
5.632444165323215657e+02 5.646115287823209883e+02
5.679775629312048295e+02 5.693533590579247630e+02
5.727107093497827464e+02 5.740951573815752909e+02
5.774438557785496187e+02 5.788369240116066976e+02
5.821770022746511586e+02 5.835786591111846064e+02
5.869101488060476868e+02 5.883203628459510810e+02
5.916432952810957886e+02 5.930620355087935422e+02
5.963764417033039535e+02 5.978036775657574253e+02
6.011095882686411187e+02 6.025452887694107176e+02
6.058427346993209994e+02 6.072868696325538167e+02
