0.000000000000000000e+00 0.000000000000000000e+00
4.730270373770829373e+00 4.751345093669377739e+00
9.460540748542239697e+00 9.502502609567470060e+00
1.419081112520247956e+01 1.425347588926157627e+01
1.892108150006360034e+01 1.900426818997976142e+01
2.365135187451657117e+01 2.375488268054333219e+01
2.838162225379357295e+01 2.850532243404142463e+01
3.311189264125600573e+01 3.325559046230905835e+01
3.784216302013442146e+01 3.800568970393216262e+01
4.257243339487580158e+01 4.275562300154822992e+01
4.730270377365370393e+01 4.750539314971187821e+01
5.203297415483346811e+01 5.225500284449298505e+01
5.676324455465671548e+01 5.700445472435633576e+01
6.149351494125377826e+01 6.175375139334289543e+01
6.622378532476420787e+01 6.650289536317785632e+01
7.095405570864980405e+01 7.125188907658713333e+01
7.568432608756512536e+01 7.600073493319159468e+01
8.041459646635127001e+01 8.074943529775258355e+01
8.514486687775152518e+01 8.549799243181851693e+01
8.987513727899603566e+01 9.024640854561732795e+01
9.460540767812429408e+01 9.499468586002041093e+01
9.933567805887402358e+01 9.974282645871454633e+01
1.040659484612382073e+02 1.044908324564541715e+02
1.087962188458270703e+02 1.092387058525644647e+02
1.135264892382490984e+02 1.139864486697715193e+02
1.182567596374144472e+02 1.187340628409305907e+02
1.229870300581202969e+02 1.234815502872025093e+02
1.277173004519748787e+02 1.282289128142499521e+02
1.324475708608392210e+02 1.329761522657624937e+02
1.371778412520260417e+02 1.377232704329164790e+02
1.419081116528817859e+02 1.424702690249179113e+02
1.466383820383022680e+02 1.472171497711318580e+02
1.513686524207348612e+02 1.519639143323370831e+02
1.560989228149072972e+02 1.567105643101209012e+02
1.608291932624362346e+02 1.614571013140971161e+02
1.655594637139697909e+02 1.662035269293738793e+02
1.702897341407652050e+02 1.709498426545146970e+02
1.750200045486811291e+02 1.756960499960526931e+02
1.797502749526176160e+02 1.804421504234147733e+02
1.844805453852463870e+02 1.851881454165969103e+02
1.892108157877876806e+02 1.899340363195934174e+02
1.939410861871658653e+02 1.946798245440649850e+02
1.986713565838422255e+02 1.994255114541792295e+02
2.034016269768515599e+02 2.041710983508978074e+02
2.081318973680164959e+02 2.089165865877226906e+02
2.128621678108636388e+02 2.136619773893148704e+02
2.175924382269470527e+02 2.184072720352153567e+02
2.223227086193813307e+02 2.231524717157620898e+02
2.270529790182565648e+02 2.278975776907473403e+02
2.317832494305456805e+02 2.326425910877630372e+02
2.365135199094379743e+02 2.373875131129061629e+02
2.412437903011572757e+02 2.421323448571016854e+02
2.459740606950128949e+02 2.468770874556184083e+02
2.507043310862603676e+02 2.516217420146187465e+02
2.554346014890666652e+02 2.563663095769705933e+02
2.601648719806195800e+02 2.611107912312996291e+02
2.648951423707547974e+02 2.658551880954415765e+02
2.696254128039488478e+02 2.705995009802746836e+02
2.743556833041855043e+02 2.753437311102792364e+02
2.790859538019768706e+02 2.800878793094216235e+02
2.838162243051503992e+02 2.848319465719882828e+02
2.885464946946526084e+02 2.895759338880611722e+02
2.932767651123165251e+02 2.943198421972842311e+02
2.980070355861831786e+02 2.990636723604798703e+02
3.027373060436951846e+02 3.038074252255744909e+02
3.074675764292321674e+02 3.085511017831980780e+02
3.121978468488412091e+02 3.132947028101276601e+02
3.169281172416322079e+02 3.180382292640120454e+02
3.216583876651403102e+02 3.227816819928840459e+02
3.263886580511473312e+02 3.275250616761319407e+02
3.311189285155411426e+02 3.322683691857608324e+02
3.358491989473283752e+02 3.370116053887377348e+02
3.405794694587983713e+02 3.417547709740635469e+02
3.453097398622422816e+02 3.464978667707891304e+02
3.500400102895512191e+02 3.512408935337117555e+02
3.547702807556629523e+02 3.559838519955266065e+02
3.595005511871553381e+02 3.607267429139884598e+02
3.642308216656057311e+02 3.654695670522921773e+02
3.689610921218078374e+02 3.702123250401469932e+02
3.736913625430744332e+02 3.749550175115560364e+02
3.784216330550367502e+02 3.796976452763448151e+02
3.831519035052069739e+02 3.844402090229466467e+02
3.878821739410811915e+02 3.891827092792179315e+02
3.926124443404012823e+02 3.939251468792234618e+02
3.973427147412381828e+02 3.986675223122330749e+02
4.020729851668625656e+02 4.034098363285223172e+02
4.068032555553138536e+02 4.081520894951329979e+02
4.115335260192683791e+02 4.128942824394267745e+02
4.162637964614324915e+02 4.176364158206681623e+02
4.209940669027324702e+02 4.223784902675414514e+02
4.257243373409667697e+02 4.271205063740110290e+02
4.304546077295983650e+02 4.318624644507820562e+02
4.351848781107585751e+02 4.366043652627320171e+02
4.399151486825919619e+02 4.413462095233251716e+02
4.446454190748108317e+02 4.460879975178102086e+02
4.493756894734368643e+02 4.508297299830163070e+02
4.541059598572627465e+02 4.555714073453586934e+02
4.588362303947985765e+02 4.603130301365844730e+02
4.635665008483262000e+02 4.650545989911270226e+02
4.682967713755197110e+02 4.697961143543645903e+02
4.730270419890202902e+02 4.745375767443053974e+02
4.777573124836850411e+02 4.792789866473502229e+02
4.824875828676779292e+02 4.840203445181234656e+02
4.872178533249465886e+02 4.887616510368521290e+02
4.919481237119788375e+02 4.935029064095974718e+02
4.966783941778336384e+02 4.982441114197362708e+02
5.014086646411041102e+02 5.029852662147280853e+02
5.061389350930897990e+02 5.077263713265245428e+02
5.108692055705904522e+02 5.124674274003107257e+02
5.155994759623836217e+02 5.172084348334672086e+02
5.203297463858442597e+02 5.219493939583603606e+02
5.250600167824883329e+02 5.266903051868875991e+02
5.297902874276425109e+02 5.314311689759917954e+02
5.345205578747096524e+02 5.361719857630399702e+02
5.392508283683064292e+02 5.409127560315050687e+02
5.439810989376212547e+02 5.456534802301634954e+02
5.487113693310620874e+02 5.503941586282511480e+02
5.534416397359352686e+02 5.551347915927834720e+02
5.581719102470801772e+02 5.598753796551112600e+02
5.629021806327488093e+02 5.646159231527012707e+02
5.676324510595601396e+02 5.693564224346313267e+02
5.723627215484480075e+02 5.740968780657860862e+02
5.770929920840017076e+02 5.788372901573372928e+02
5.818232625766693218e+02 5.835776592572292429e+02
5.865535331539662138e+02 5.883179856731981090e+02
5.912838036662997183e+02 5.930582698292971600e+02
5.960140741621175948e+02 5.977985120102132441e+02
6.007443446976812993e+02 6.025387126746986723e+02
6.054746151585638927e+02 6.072788719525341321e+02
