0.000000000000000000e+00 0.000000000000000000e+00
4.730511885107401504e+00 4.748761381913500834e+00
9.461023770777952535e+00 9.497380462828292735e+00
1.419153565677758166e+01 1.424585946696139516e+01
1.892204754289598156e+01 1.899420057048749300e+01
2.365255942875376860e+01 2.374240589984682259e+01
2.838307132528385068e+01 2.849047752626272967e+01
3.311358322337972027e+01 3.323841748433041232e+01
3.784409511558419581e+01 3.798622774651545342e+01
4.257460700741632564e+01 4.273391026619174937e+01
4.730511889914869528e+01 4.748146692875914709e+01
5.203563078697702338e+01 5.222889959539038074e+01
5.676614267482996468e+01 5.697621004368642872e+01
6.149665456881972858e+01 6.172340007900587011e+01
6.622716646370942328e+01 6.647047143972312711e+01
7.095767835899587794e+01 7.121742579215811020e+01
7.568819027548357781e+01 7.596426483722412115e+01
8.041870217256492026e+01 8.071099015340553251e+01
8.514921406300203444e+01 8.545760338250437371e+01
8.987972595659330466e+01 9.020410604857352155e+01
9.461023786818373082e+01 9.495049966913296657e+01
9.934074977550721997e+01 9.969678574054893261e+01
1.040712616892027995e+02 1.044429657262224111e+02
1.088017735975725486e+02 1.091890410906030411e+02
1.135322855046141797e+02 1.139350131975476046e+02
1.182627974068477812e+02 1.186808834383980837e+02
1.229933093091869978e+02 1.234266531634176829e+02
1.277238211966855630e+02 1.281723236978709224e+02
1.324543331180085204e+02 1.329178963208206881e+02
1.371848450088035634e+02 1.376633723462994681e+02
1.419153569229091545e+02 1.424087530192842905e+02
1.466458688227320408e+02 1.471540395010484303e+02
1.513763807813262474e+02 1.518992330317478832e+02
1.561068926868759092e+02 1.566443347661463292e+02
1.608374046447550541e+02 1.613893458759916655e+02
1.655679166076762385e+02 1.661342674593870754e+02
1.702984285142534873e+02 1.708791006566903832e+02
1.750289404684726833e+02 1.756238465903855399e+02
1.797594523863148197e+02 1.803685063120639995e+02
1.844899643273558922e+02 1.851130808044027276e+02
1.892204762412598598e+02 1.898575711181026691e+02
1.939509881516594305e+02 1.946019783800827554e+02
1.986815000972480902e+02 1.993463034835251051e+02
2.034120120460276553e+02 2.040905473557578489e+02
2.081425239936215803e+02 2.088347110429372151e+02
2.128730359685814619e+02 2.135787954419268999e+02
2.176035478658193369e+02 2.183228015440489571e+02
2.223340597696601151e+02 2.230667301622433172e+02
2.270645716645325081e+02 2.278105822577480808e+02
2.317950836115286393e+02 2.325543586963090945e+02
2.365255955169259323e+02 2.372980603604453336e+02
2.412561074200434632e+02 2.420416880480504460e+02
2.459866194156412291e+02 2.467852426301665218e+02
2.507171313182781773e+02 2.515287249058900443e+02
2.554476432705046705e+02 2.562721357132159028e+02
2.601781551701300259e+02 2.610154757930434926e+02
2.649086670747827270e+02 2.657587459752235759e+02
2.696391790406813698e+02 2.705019469852023803e+02
2.743696910521177301e+02 2.752450796327771059e+02
2.791002030616175489e+02 2.799881446287614608e+02
2.838307150734717652e+02 2.847311426860167103e+02
2.885612269853091902e+02 2.894740745065010401e+02
2.932917389143686933e+02 2.942169408084270117e+02
2.980222509011645684e+02 2.989597423320294638e+02
3.027527628750989948e+02 3.037024796869882266e+02
3.074832747987553603e+02 3.084451536498718838e+02
3.122137867290110194e+02 3.131877647712919952e+02
3.169442986331335419e+02 3.179303137874643994e+02
3.216748105698706013e+02 3.226728014115148540e+02
3.264053224672817350e+02 3.274152280686782888e+02
3.311358343946844229e+02 3.321575945059340711e+02
3.358663463495863084e+02 3.368999013539688576e+02
3.405968582344715969e+02 3.416421491085752677e+02
3.453273701476195470e+02 3.463843384727550756e+02
3.500578820884831543e+02 3.511264699658742074e+02
3.547883940729280425e+02 3.558685442032045216e+02
3.595189059705518275e+02 3.606105616891533145e+02
3.642494179212314975e+02 3.653525230358886802e+02
3.689799298208746450e+02 3.700944288917272615e+02
3.737104417200154671e+02 3.748362796477545089e+02
3.784409537006348501e+02 3.795780758743173919e+02
3.831714656598572333e+02 3.843198181995885534e+02
3.879019776077476536e+02 3.890615068890591601e+02
3.926324895296039017e+02 3.938031427978544912e+02
3.973630014772938921e+02 3.985447260900133415e+02
4.020935134182911952e+02 4.032862575199197863e+02
4.068240254991874849e+02 4.080277374559412351e+02
4.115545374763333371e+02 4.127691664512473153e+02
4.162850494295606723e+02 4.175105448759475166e+02
4.210155613831697679e+02 4.222518733735977321e+02
4.257460733326108766e+02 4.269931523631147456e+02
4.304765852321302191e+02 4.317343820531839356e+02
4.352070971363071976e+02 4.364755630842398659e+02
4.399376091670884534e+02 4.412166960707244243e+02
4.446681210705524450e+02 4.459577811305304067e+02
4.493986329800494559e+02 4.506988188676423306e+02
4.541291450301015402e+02 4.554398096971973473e+02
4.588596571095184800e+02 4.601807541141909610e+02
4.635901690741282550e+02 4.649216523709507101e+02
4.683206811073828248e+02 4.696625049712018836e+02
4.730511932340053818e+02 4.744033123263083667e+02
4.777817053000547958e+02 4.791440747135384299e+02
4.825122173601988607e+02 4.838847926720495138e+02
4.872427292572924671e+02 4.886254665255736427e+02
4.919732412440448570e+02 4.933660966971565358e+02
4.967037531553118583e+02 4.981066835224533520e+02
5.014342650918069921e+02 5.028472273481690422e+02
5.061647770552494876e+02 5.075877288227020472e+02
5.108952889615865729e+02 5.123281879876213907e+02
5.156258009575012693e+02 5.170686053356516823e+02
5.203563128578280157e+02 5.218089811148331592e+02
5.250868247658694372e+02 5.265493157430234987e+02
5.298173368290750886e+02 5.312896096365736867e+02
5.345478487321053080e+02 5.360298630164822953e+02
5.392783607561676718e+02 5.407700761919711567e+02
5.440088728365051338e+02 5.455102494975500349e+02
5.487393848387300750e+02 5.502503834422284399e+02
5.534698969546027456e+02 5.549904783150288949e+02
5.582004089784766165e+02 5.597305342085647908e+02
5.629309209240382188e+02 5.644705516714795976e+02
5.676614329286178418e+02 5.692105309222051801e+02
5.723919449181474874e+02 5.739504722437231976e+02
5.771224569352962135e+02 5.786903758832720541e+02
5.818529690130949348e+02 5.834302422945950184e+02
5.865834811037707368e+02 5.881700718120500824e+02
5.913139931244583067e+02 5.929098646131562873e+02
5.960445051301514923e+02 5.976496210010468531e+02
6.007750170814981630e+02 6.023893412331791524e+02
6.055055290125594638e+02 6.071290255837470795e+02
