0.000000000000000000e+00 0.000000000000000000e+00
4.735352625709738916e+00 4.748723645779763025e+00
9.470705251637662414e+00 9.497370604540776640e+00
1.420605787840547762e+01 1.424594175684103092e+01
1.894141050461464104e+01 1.899443797449598037e+01
2.367676313236131946e+01 2.374286011407748020e+01
2.841211576007516015e+01 2.849120901287924568e+01
3.314746838739314683e+01 3.323948549548928355e+01
3.788282101989310746e+01 3.798769037812088811e+01
4.261817364666809738e+01 4.273582446491182907e+01
4.735352627795267466e+01 4.748388854513638080e+01
5.208887891118107660e+01 5.223188337588770480e+01
5.682423155771562051e+01 5.697980970788232469e+01
6.155958419788964875e+01 6.172766830372687963e+01
6.629493683342332133e+01 6.647545991265563714e+01
7.103028946936359489e+01 7.122318523402493895e+01
7.576564211320786058e+01 7.597084500109409078e+01
8.050099474397944732e+01 8.071843986840437424e+01
8.523634740679801780e+01 8.546597057894263116e+01
8.997170007176593742e+01 9.021343777954788834e+01
9.470705271715686990e+01 9.496084215362110115e+01
9.944240536557188648e+01 9.970818432618668226e+01
1.041777580195577144e+02 1.044554649538477236e+02
1.089131106927617623e+02 1.092026847002825463e+02
1.136484633287554971e+02 1.139498441493131793e+02
1.183838159714636618e+02 1.186969439685711336e+02
1.231191686007138912e+02 1.234439847155368568e+02
1.278545212359430963e+02 1.281909670131319672e+02
1.325898738952409133e+02 1.329378914428227176e+02
1.373252265285367741e+02 1.376847586017379399e+02
1.420605791845326280e+02 1.424315690312242282e+02
1.467959318296306321e+02 1.471783233355248512e+02
1.515312844608611726e+02 1.519250220520897869e+02
1.562666371081286059e+02 1.566716657246383875e+02
1.610019898035378105e+02 1.614182548521564797e+02
1.657373425069811788e+02 1.661647899882709680e+02
1.704726951683815628e+02 1.709112716749012293e+02
1.752080478200914513e+02 1.756577004165628182e+02
1.799434005196707460e+02 1.804040767039250284e+02
1.846787531854235453e+02 1.851504010569396712e+02
1.894141058719852992e+02 1.898966739644565962e+02
1.941494585235296313e+02 1.946428959642192069e+02
1.988848112013729974e+02 1.993890674225467592e+02
2.036201638792605877e+02 2.041351888848218437e+02
2.083555165500115436e+02 2.088812607968126258e+02
2.130908691951200638e+02 2.136272836260744157e+02
2.178262218495295599e+02 2.183732578293070219e+02
2.225615744973200663e+02 2.231191838556607081e+02
2.272969271392693145e+02 2.278650621295147403e+02
2.320322797834758148e+02 2.326108931743669643e+02
2.367676324248288324e+02 2.373566772747379616e+02
2.415029850686792372e+02 2.421024149219929029e+02
2.462383377452324282e+02 2.468481065199770228e+02
2.509736903801203880e+02 2.515937525607550924e+02
2.557090430225750310e+02 2.563393533093210408e+02
2.604443956660253434e+02 2.610849092288624433e+02
2.651797483086936609e+02 2.658304207130498753e+02
2.699151009523119455e+02 2.705758881583404900e+02
2.746504537034209648e+02 2.753213119857721267e+02
2.793858064545974003e+02 2.800666925505653921e+02
2.841211591500946270e+02 2.848120301911067145e+02
2.888565118181386424e+02 2.895573252602060847e+02
2.935918644879885733e+02 2.943025782239596992e+02
2.983272171694927692e+02 2.990477893801506752e+02
3.030625698706794537e+02 3.037929590226754044e+02
3.077979225175920419e+02 3.085380876072072169e+02
3.125332751777211797e+02 3.132831753970438058e+02
3.172686278225525029e+02 3.180282227667315169e+02
3.220039804840833426e+02 3.227732300479077026e+02
3.267393331224047870e+02 3.275181976613192774e+02
3.314746857616155467e+02 3.322631258342748879e+02
3.362100384004961597e+02 3.370080149195653689e+02
3.409453910698505297e+02 3.417528652330955765e+02
3.456807437139814283e+02 3.464976771425173183e+02
3.504160964040192994e+02 3.512424508590758023e+02
3.551514491515403620e+02 3.559871867473548264e+02
3.598868017900844052e+02 3.607318852523553687e+02
3.646221545313839556e+02 3.654765464065231413e+02
3.693575071716596767e+02 3.702211707403262722e+02
3.740928599190482373e+02 3.749657583470482223e+02
3.788282127422644407e+02 3.797103097159174467e+02
3.835635654362344553e+02 3.844548250293559022e+02
3.882989181266528931e+02 3.891993045024534013e+02
3.930342707775977829e+02 3.939437485783784041e+02
3.977696234561192341e+02 3.986881573898854185e+02
4.025049761695374855e+02 4.034325313159788493e+02
4.072403288474931742e+02 4.081768707121126454e+02
4.119756815644999506e+02 4.129211755684298168e+02
4.167110342503414131e+02 4.176654463701562463e+02
4.214463869457977125e+02 4.224096833543107437e+02
4.261817396335054582e+02 4.271538866368575782e+02
4.309170923601954541e+02 4.318980565858588534e+02
4.356524450412828173e+02 4.366421935187793224e+02
4.403877978546287295e+02 4.413862975522253009e+02
4.451231506079622022e+02 4.461303690997077069e+02
4.498585032805457331e+02 4.508744081913483228e+02
4.545938560880474597e+02 4.556184153056601644e+02
4.593292088101805462e+02 4.603623904280736951e+02
4.640645615178750063e+02 4.651063339939573780e+02
4.687999142209387173e+02 4.698502461368389618e+02
4.735352670917377509e+02 4.745941271509532271e+02
4.782706199160248843e+02 4.793379772032244546e+02
4.830059727848293960e+02 4.840817964867871410e+02
4.877413255833633912e+02 4.888255854107219989e+02
4.924766782591093488e+02 4.935693441383552909e+02
4.972120309184781490e+02 4.983130726698935291e+02
5.019473836636221904e+02 5.030567714637927565e+02
5.066827363671450257e+02 5.078004406836613498e+02
5.114180891335691967e+02 5.125440803916271761e+02
5.161534419634551796e+02 5.172876908026047431e+02
5.208887946648962952e+02 5.220312724468798251e+02
5.256241473093931518e+02 5.267748253317815852e+02
5.303595000605298537e+02 5.315183495255405433e+02
5.350948529377280920e+02 5.362618453547797799e+02
5.398302055794835042e+02 5.410053131016046564e+02
5.445655583066902636e+02 5.457487526485472245e+02
5.493009110348350532e+02 5.504921645214191130e+02
5.540362639487530032e+02 5.552355487902465256e+02
5.587716168041813489e+02 5.599789055858426536e+02
5.635069696999883035e+02 5.647222353194238167e+02
5.682423225407683276e+02 5.694655380321544271e+02
5.729776752820947650e+02 5.742088139310176302e+02
5.777130280487034497e+02 5.789520629769680227e+02
5.824483807621122651e+02 5.836952855473991804e+02
5.871837336126411628e+02 5.884384818537798765e+02
5.919190864054426129e+02 5.931816521661180559e+02
5.966544391515569714e+02 5.979247963259363132e+02
6.013897920775946204e+02 6.026679147001939327e+02
6.061251447500462746e+02 6.074110074376958437e+02
