0.000000000000000000e+00 0.000000000000000000e+00
4.730388692611660950e+00 4.750099820060005307e+00
9.460777386545215606e+00 9.500034589036882693e+00
1.419116608007594493e+01 1.424980707367528510e+01
1.892155477376491746e+01 1.899941997845023067e+01
2.365194346711892592e+01 2.374887593352758230e+01
2.838233216242249313e+01 2.849817750927524429e+01
3.311272086837654172e+01 3.324732721083270093e+01
3.784310956622162792e+01 3.799632748513624847e+01
4.257349826069436460e+01 4.274518072563428461e+01
4.730388696241222135e+01 4.749388926423129931e+01
5.203427566250901748e+01 5.224245536000761092e+01
5.676466437343313487e+01 5.699088122767471276e+01
6.149505307858053271e+01 6.173916905445684478e+01
6.622544178098429768e+01 6.648732097375405203e+01
7.095583048379170066e+01 7.123533901426004888e+01
7.568621919313467572e+01 7.598322523731746969e+01
8.041660789522073571e+01 8.073098161134208794e+01
8.514699659989841507e+01 8.547861008019762608e+01
8.987738529620196459e+01 9.022611250068948152e+01
9.460777401452062918e+01 9.497349073796820562e+01
9.933816272920824986e+01 9.972074660304963345e+01
1.040685514502293643e+02 1.044678818886009850e+02
1.087989401945650627e+02 1.092148982683235658e+02
1.135293289248126030e+02 1.139617974701024252e+02
1.182597176451956784e+02 1.187085811679165772e+02
1.229901063691509933e+02 1.234552509497106030e+02
1.277204950867694464e+02 1.282018084384757799e+02
1.324508838138882538e+02 1.329482551327270130e+02
1.371812725179261179e+02 1.376945926086066834e+02
1.419116612390416208e+02 1.424408223387632120e+02
1.466420499816522920e+02 1.471869458031120530e+02
1.513724387191358005e+02 1.519329644284391065e+02
1.561028274321870981e+02 1.566788795627983859e+02
1.608332161985713356e+02 1.614246926580226500e+02
1.655636049676094785e+02 1.661704050528779248e+02
1.702939936863556341e+02 1.709160180215994274e+02
1.750243824470452410e+02 1.756615328954946449e+02
1.797547711747647554e+02 1.804069508889931512e+02
1.844851599066965662e+02 1.851522732859702955e+02
1.892155486280086905e+02 1.898975013273500565e+02
1.939459373463135705e+02 1.946426361840794925e+02
1.986763260613688544e+02 1.993876790728986634e+02
2.034067148421177080e+02 2.041326311204110766e+02
2.081371035728132028e+02 2.088774933926688959e+02
2.128674923325961288e+02 2.136222670647159703e+02
2.175978811043272572e+02 2.183669532960820447e+02
2.223282698157069888e+02 2.231115530002825267e+02
2.270586585267745932e+02 2.278560672931390343e+02
2.317890472508024402e+02 2.326004972387125349e+02
2.365194359616867246e+02 2.373448438632910609e+02
2.412498246935299733e+02 2.420891081715294320e+02
2.459802134160505602e+02 2.468332910615263529e+02
2.507106021835598995e+02 2.515773934956773132e+02
2.554409908919451482e+02 2.563214164112630442e+02
2.601713796868244799e+02 2.610653608591895818e+02
2.649017684641132746e+02 2.658092275788926599e+02
2.696321571953471903e+02 2.705530175573037468e+02
2.743625460141585108e+02 2.752967316746612596e+02
2.790929348294581587e+02 2.800403707849526427e+02
2.838233236534994148e+02 2.847839357839380909e+02
2.885537123618838677e+02 2.895274274460801962e+02
2.932841010984610080e+02 2.942708465476676452e+02
2.980144898955080066e+02 2.990141938901025469e+02
3.027448786747102076e+02 3.037574703154176632e+02
3.074752673791614370e+02 3.085006766677187215e+02
3.122056561170077202e+02 3.132438136107980426e+02
3.169360448287097256e+02 3.179868819493385104e+02
3.216664335755397701e+02 3.227298823806343080e+02
3.263968222804553534e+02 3.274728157521734602e+02
3.311272109864738127e+02 3.322156826676864512e+02
3.358575997410568448e+02 3.369584839436396919e+02
3.405879885947955472e+02 3.417012201236793771e+02
3.453183773170437689e+02 3.464438919584439418e+02
3.500487660659482572e+02 3.511865001893950762e+02
3.547791548530643695e+02 3.559290454679684217e+02
3.595095435898671781e+02 3.606715282727312797e+02
3.642399322917531208e+02 3.654139493655157480e+02
3.689703211021420657e+02 3.701563094842834971e+02
3.737007098088348584e+02 3.748986091008421226e+02
3.784310986229212403e+02 3.796408489034615741e+02
3.831614873903707803e+02 3.843830294849242364e+02
3.878918761456419588e+02 3.891251513544358431e+02
3.926222648550223653e+02 3.938672153289472249e+02
3.973526536527741655e+02 3.986092217343033326e+02
4.020830424036283830e+02 4.033511713321591401e+02
4.068134311117865991e+02 4.080930645404043844e+02
4.115438198955653206e+02 4.128349019576173191e+02
4.162742086564015835e+02 4.175766840597410123e+02
4.210045974173125956e+02 4.223184115350928209e+02
4.257349861731282772e+02 4.270600848942412995e+02
4.304653748805581017e+02 4.318017044027527049e+02
4.351957635809346812e+02 4.365432707630513960e+02
4.399261524200219924e+02 4.412847846467811905e+02
4.446565411310782565e+02 4.460262462482112369e+02
4.493869298476496397e+02 4.507676562174223704e+02
4.541173185500475711e+02 4.555090150316082145e+02
4.588477074226562991e+02 4.602503230998944446e+02
4.635780961949197945e+02 4.649915810961319949e+02
4.683084850383234539e+02 4.697327892486208611e+02
4.730388739711308403e+02 4.744739481200871296e+02
4.777692627347840357e+02 4.792150582114224449e+02
4.824996514549337121e+02 4.839561198639327699e+02
4.872300401595114181e+02 4.886971334765841561e+02
4.919604288654916218e+02 4.934380995860934718e+02
4.966908177074070636e+02 4.981790186285991240e+02
5.014212064682734535e+02 5.029198910992294032e+02
5.061515952392046529e+02 5.076607171370581000e+02
5.108819839530267473e+02 5.124014973734324485e+02
5.156123727924180002e+02 5.171422322120256467e+02
5.203427615004277413e+02 5.218829220150236097e+02
5.250731502157324257e+02 5.266235671329236538e+02
5.298035391348915937e+02 5.313641679911310121e+02
5.345339278777335039e+02 5.361047249110863504e+02
5.392643167019740531e+02 5.408452383061735418e+02
5.439947055921121546e+02 5.455857085013007008e+02
5.487250943487815675e+02 5.503261360575043000e+02
5.534554830856809531e+02 5.550665211324651409e+02
5.581858719163295746e+02 5.598068642062920617e+02
5.629162607331402342e+02 5.645471656325388494e+02
5.676466494910699794e+02 5.692874257223375025e+02
5.723770382877856946e+02 5.740276447685511130e+02
5.771074270940623592e+02 5.787678231638554962e+02
5.818378158984465927e+02 5.835079613446620215e+02
5.865682047955322105e+02 5.882480595611707486e+02
5.912985936273041716e+02 5.929881182478536630e+02
5.960289824411602240e+02 5.977281374563349345e+02
6.007593713728736020e+02 6.024681176653250532e+02
6.054897603301142226e+02 6.072080591575565904e+02
