0.000000000000000000e+00 0.000000000000000000e+00
4.730299497000386211e+00 4.751023599784973683e+00
9.460598994550039720e+00 9.501865547054302752e+00
1.419089849257536429e+01 1.425252903021600837e+01
1.892119798987368640e+01 1.900301715893359855e+01
2.365149749692607628e+01 2.375333294712833521e+01
2.838179699959454894e+01 2.850347934893284219e+01
3.311209651023971645e+01 3.325345923327319753e+01
3.784239601257890229e+01 3.800327540361870149e+01
4.257269551460916546e+01 4.275293058886360598e+01
4.730299503592031840e+01 4.750242745790757226e+01
5.203329454042433611e+01 5.225176857694091836e+01
5.676359406346617220e+01 5.700095650071970965e+01
6.149389356934560880e+01 6.174999369468011423e+01
6.622419307613819228e+01 6.649888258179655054e+01
7.095449258333675857e+01 7.124762548897888337e+01
7.568479209647162520e+01 7.599622471825520620e+01
8.041509159854862787e+01 8.074468253045577626e+01
8.514539110739022476e+01 8.549300110272464792e+01
8.987569062067059633e+01 9.024118258268630655e+01
9.460599014209248026e+01 9.498922906582620840e+01
9.933628965312362880e+01 9.973714258581233594e+01
1.040665891785192656e+02 1.044849251596512545e+02
1.087968887029770997e+02 1.092325787118208495e+02
1.135271882114698201e+02 1.139801051886931162e+02
1.182574877258106909e+02 1.187275064028242468e+02
1.229877872404106540e+02 1.234747842133856182e+02
1.277180867724250248e+02 1.282219404049322691e+02
1.324483863027933523e+02 1.329689767018757323e+02
1.371786858420153976e+02 1.377158948528121130e+02
1.419089853667866521e+02 1.424626965172935797e+02
1.466392848850940140e+02 1.472093833457855965e+02
1.513695843882001668e+02 1.519559569160866204e+02
1.560998839056571228e+02 1.567024187807952558e+02
1.608301834767241303e+02 1.614487705139462719e+02
1.655604830506158862e+02 1.661950136037853554e+02
1.702907825515097500e+02 1.709411495803604168e+02
1.750210820653219344e+02 1.756871797797029444e+02
1.797513815819983165e+02 1.804331056814651788e+02
1.844816811108649972e+02 1.851789286952796942e+02
1.892119806271117852e+02 1.899246501688231206e+02
1.939422801698353851e+02 1.946702713938162788e+02
1.986725796891608127e+02 1.994157937530444826e+02
2.034028792263863465e+02 2.041612184642789884e+02
2.081331787424688287e+02 2.089065467676902017e+02
2.128634782586157712e+02 2.136517799614725277e+02
2.175937778168611203e+02 2.183969191729100885e+02
2.223240773282090572e+02 2.231419656567504148e+02
2.270543769179752758e+02 2.278869205429238036e+02
2.317846764755114464e+02 2.326317849965901985e+02
2.365149760073214793e+02 2.373765601834734866e+02
2.412452755253775081e+02 2.421212470938202443e+02
2.459755751385174563e+02 2.468658468695740851e+02
2.507058746452565288e+02 2.516103606081464363e+02
2.554361741691333236e+02 2.563547892455623582e+02
2.601664736807254599e+02 2.610991338744777295e+02
2.648967732264555934e+02 2.658433954701787343e+02
2.696270727747546516e+02 2.705875750946525500e+02
2.743573723982341903e+02 2.753316736246971459e+02
2.790876720195732901e+02 2.800756920719992991e+02
2.838179716449141097e+02 2.848196312729199917e+02
2.885482711577117243e+02 2.895634921912292157e+02
2.932785706986966829e+02 2.943072757202622824e+02
2.980088702997754240e+02 2.990509828513031607e+02
3.027391698820297279e+02 3.037946144201645211e+02
3.074694694271404387e+02 3.085381711230317023e+02
3.121997689699198304e+02 3.132816539562626303e+02
3.169300684860237425e+02 3.180250637118448367e+02
3.216603680330305224e+02 3.227684012482611138e+02
3.263906675423509114e+02 3.275116673146010271e+02
3.311209670918782422e+02 3.322548626483396106e+02
3.358512666022688791e+02 3.369979881040756027e+02
3.405815662426604149e+02 3.417410444125860067e+02
3.453118657693642035e+02 3.464840322685804495e+02
3.500421653200010041e+02 3.512269524333117943e+02
3.547724649109869688e+02 3.559698058144375636e+02
3.595027644205161437e+02 3.607125928825838628e+02
3.642330639482140668e+02 3.654553143719477930e+02
3.689633635145495418e+02 3.701979711548316914e+02
3.736936630255913769e+02 3.749405636425366311e+02
3.784239626593903836e+02 3.796830926720561479e+02
3.831542622326352330e+02 3.844255589061921228e+02
3.878845617914365107e+02 3.891679630829046346e+02
3.926148613052175733e+02 3.939103055697444233e+02
3.973451608350050037e+02 3.986525872370059460e+02
4.020754603864442061e+02 4.033948086646423690e+02
4.068057598985246841e+02 4.081369702814419043e+02
4.115360594871268631e+02 4.128790728910737471e+02
4.162663590525050950e+02 4.176211170046682355e+02
4.209966586182208630e+02 4.223631032472806055e+02
4.257269581796821285e+02 4.271050322239737511e+02
4.304572576915914510e+02 4.318469042387140462e+02
4.351875571961460878e+02 4.365887200411009417e+02
4.399178567788434293e+02 4.413304803280791475e+02
4.446481562943459949e+02 4.460721853739775611e+02
4.493784558157009315e+02 4.508138358290335646e+02
4.541087554320621393e+02 4.555554322807354879e+02
4.588390550946369331e+02 4.602969751729178256e+02
4.635693546714201148e+02 4.650384650197119072e+02
4.682996543207287914e+02 4.697799023287875571e+02
4.730299540579588324e+02 4.745212875975277029e+02
4.777602536949157184e+02 4.792626213274962765e+02
4.824905533390895016e+02 4.840039039451388589e+02
4.872208528480369978e+02 4.887451361221465049e+02
4.919511523583946655e+02 4.934863180831828799e+02
4.966814519544137738e+02 4.982274502970136609e+02
5.014117515352635337e+02 5.029685333342835065e+02
5.061420511105339415e+02 5.077095675586043626e+02
5.108723506287467444e+02 5.124505535227217479e+02
5.156026501438017249e+02 5.171914917419530866e+02
5.203329497195147724e+02 5.219323825283820497e+02
5.250632492394897781e+02 5.266732261617820541e+02
5.297935490022661043e+02 5.314140232056590776e+02
5.345238487129231544e+02 5.361547740053711095e+02
5.392541483350955787e+02 5.408954791803511171e+02
5.439844480293268134e+02 5.456361388083290649e+02
5.487147475460413943e+02 5.503767535229441137e+02
5.534450470505748854e+02 5.551173235865526294e+02
5.581753466848923608e+02 5.598578493920629171e+02
5.629056463103100896e+02 5.645983313891906619e+02
5.676359459381635588e+02 5.693387701354022283e+02
5.723662455471729800e+02 5.740791657228339773e+02
5.770965451224042226e+02 5.788195184919368330e+02
5.818268446904748998e+02 5.835598289679447817e+02
5.865571443910711196e+02 5.883000974361314093e+02
5.912874440266737111e+02 5.930403243304365333e+02
5.960177436208589370e+02 5.977805099711101775e+02
6.007480432321988246e+02 6.025206548191968068e+02
6.054783427715925654e+02 6.072607588030498391e+02
