0.000000000000000000e+00 0.000000000000000000e+00
4.734060014864879484e+00 4.748723646069511695e+00
9.468120031862692798e+00 9.497355088556179936e+00
1.420218004774028486e+01 1.424589548819550089e+01
1.893624006376607127e+01 1.899434599133101287e+01
2.367030008197897217e+01 2.374270772291669829e+01
2.840436009931925199e+01 2.849098177970770251e+01
3.313842011568172552e+01 3.323916924355594205e+01
3.787248013661574220e+01 3.798727118665636482e+01
4.260654015374498726e+01 4.273528863825188751e+01
4.734060017602632087e+01 4.748322263312256553e+01
5.207466019846013694e+01 5.223107415631948669e+01
5.680872023374062962e+01 5.697884419568744363e+01
6.154278026294397108e+01 6.172653372930778914e+01
6.627684028769998292e+01 6.647414372786539616e+01
7.101090031284195447e+01 7.122167509226946436e+01
7.574496035660372684e+01 7.596912877057343394e+01
8.047902037909545925e+01 8.071650562656304828e+01
8.521308039850991634e+01 8.546380659490847620e+01
8.994714041885623601e+01 9.021103248593473722e+01
9.468120045516926098e+01 9.495818421874596993e+01
9.941526051146928467e+01 9.970526261047453431e+01
1.041493205547280354e+02 1.044522684594243458e+02
1.088833806224748457e+02 1.091992025939875077e+02
1.136174406501346823e+02 1.139460658201625165e+02
1.183515007099965430e+02 1.186928589260749476e+02
1.230855607419906903e+02 1.234395826809233938e+02
1.278196207955056138e+02 1.281862378506063465e+02
1.325536808444884116e+02 1.329328251706887727e+02
1.372877408771059606e+02 1.376793453994432639e+02
1.420218009186385473e+02 1.424257992744483658e+02
1.467558609415730189e+02 1.471721874606596430e+02
1.514899210270807544e+02 1.519185106843992230e+02
1.562239810880316213e+02 1.566647695998356653e+02
1.609580411741152091e+02 1.614109649618590652e+02
1.656921012650936973e+02 1.661570973620992504e+02
1.704261613516131320e+02 1.709031675114550808e+02
1.751602213736115345e+02 1.756491759790183096e+02
1.798942813999937300e+02 1.803951235040025551e+02
1.846283414677006647e+02 1.851410106114729217e+02
1.893624015118984403e+02 1.898868379612862896e+02
1.940964615524576971e+02 1.946326061883465854e+02
1.988305215946968474e+02 1.993783158420794166e+02
2.035645816292566508e+02 2.041239676245270402e+02
2.082986416635858689e+02 2.088695619917459965e+02
2.130327016977134349e+02 2.136150995281056453e+02
2.177667617512362312e+02 2.183605808177847507e+02
2.225008217849244829e+02 2.231060064775968783e+02
2.272348818991384292e+02 2.278513769895013468e+02
2.319689419441917551e+02 2.325966928978691044e+02
2.367030019773342246e+02 2.373419547088602712e+02
2.414370620105846115e+02 2.420871629787691006e+02
2.461711220437969132e+02 2.468323182111901133e+02
2.509051820764691740e+02 2.515774209643811048e+02
2.556392421093981966e+02 2.563224717348825834e+02
2.603733021432573196e+02 2.610674709075449300e+02
2.651073621713671287e+02 2.658124190533967521e+02
2.698414221977398597e+02 2.705573165927294212e+02
2.745754823370691611e+02 2.753021640987492447e+02
2.793095424772187130e+02 2.800469619937874768e+02
2.840436025774003497e+02 2.847917107549658340e+02
2.887776626084848886e+02 2.895364107291566143e+02
2.935117226675654365e+02 2.942810624640438846e+02
2.982457827461276452e+02 2.990256663391480174e+02
3.029798428337460336e+02 3.037702228581389363e+02
3.077139028604377700e+02 3.085147324354937268e+02
3.124479629097179441e+02 3.132591954319947263e+02
3.171820229438154684e+02 3.180036123346437194e+02
3.219160830704505543e+02 3.227479836113927263e+02
3.266501430979215570e+02 3.274923095496465066e+02
3.313842031263379795e+02 3.322365905678690297e+02
3.361182631545225377e+02 3.369808271005459801e+02
3.408523232565827925e+02 3.417250194493456092e+02
3.455863832907772348e+02 3.464691681093592592e+02
3.503204433523765715e+02 3.512132733462107126e+02
3.550545033887353839e+02 3.559573357728704650e+02
3.597885634551248586e+02 3.607013554628389329e+02
3.645226234956714961e+02 3.654453328990875889e+02
3.692566835854486271e+02 3.701892685559108713e+02
3.739907436589040799e+02 3.749331627326847638e+02
3.787248037790236026e+02 3.796770156050610012e+02
3.834588638622673216e+02 3.844208276855533768e+02
3.881929239418332145e+02 3.891645992310664042e+02
3.929269840949935997e+02 3.939083307999641193e+02
3.976610441906340156e+02 3.986520224745718792e+02
4.023951042890627150e+02 4.033956746466939194e+02
4.071291643555710493e+02 4.081392877614217696e+02
4.118632244626394368e+02 4.128828620305610571e+02
4.165972845417084045e+02 4.176263977040875375e+02
4.213313446262620801e+02 4.223698952769229322e+02
4.260654047035496319e+02 4.271133550303065931e+02
4.307994647428344024e+02 4.318567770893312741e+02
4.355335248119615699e+02 4.366001617888234136e+02
4.402675850307928727e+02 4.413435096601842815e+02
4.450016450842788913e+02 4.460868207454192316e+02
4.497357051390901006e+02 4.508300954259551645e+02
4.544697653735059930e+02 4.555733339492068694e+02
4.592038254425633568e+02 4.603165366947814618e+02
4.639378855402227373e+02 4.650597039632469887e+02
4.686719456346150992e+02 4.698028359669833094e+02
4.734060056739108404e+02 4.745459329894711118e+02
4.781400657320797905e+02 4.792889952929451738e+02
4.828741259916986337e+02 4.840320231315448609e+02
4.876081860212771062e+02 4.887750167650289086e+02
4.923422462441067751e+02 4.935179766516865811e+02
4.970763064131737110e+02 4.982609027801285038e+02
5.018103666085130499e+02 5.030037955718495937e+02
5.065444267014165689e+02 5.077466550616473455e+02
5.112784867432802685e+02 5.124894818467873847e+02
5.160125468405818765e+02 5.172322759865248827e+02
5.207466068895637363e+02 5.219750377165316877e+02
5.254806669263255117e+02 5.267177672446582619e+02
5.302147270938901329e+02 5.314604648647210752e+02
5.349487872972242712e+02 5.362031307169107777e+02
5.396828473301357008e+02 5.409457652590697307e+02
5.444169074570414750e+02 5.456883685895597864e+02
5.491509674879532668e+02 5.504309408269404003e+02
5.538850277151780119e+02 5.551734821851587185e+02
5.586190879302548637e+02 5.599159932135886493e+02
5.633531482126225001e+02 5.646584737435352963e+02
5.680872082838012602e+02 5.694009243486960941e+02
5.728212684112104398e+02 5.741433448860077533e+02
5.775553285597825379e+02 5.788857358618322451e+02
5.822893886903673319e+02 5.836280972440874848e+02
5.870234489293889055e+02 5.883704294502613266e+02
5.917575091185749443e+02 5.931127326265786905e+02
5.964915692497982036e+02 5.978550071734830453e+02
6.012256295585636963e+02 6.025972529171484666e+02
6.059596896287907839e+02 6.073394702040966422e+02
