0.000000000000000000e+00 0.000000000000000000e+00
4.634887804274846701e+00 4.649504132420094749e+00
9.269775608265362621e+00 9.298916641479078038e+00
1.390466341657027272e+01 1.394823868443017112e+01
1.853955122163565505e+01 1.859747138741016315e+01
2.317443902572666303e+01 2.324661587564312271e+01
2.780932683023600305e+01 2.789567322370963609e+01
3.244421463470762035e+01 3.254464451144891513e+01
3.707910244497175256e+01 3.719353079452928057e+01
4.171399024951352885e+01 4.184233309598652539e+01
4.634887805647274206e+01 4.649105243921719932e+01
5.098376586243075792e+01 5.113968982666531815e+01
5.561865369106366330e+01 5.578824621078940282e+01
6.025354151440707540e+01 6.043672256295642597e+01
6.488842932645587780e+01 6.508511983917537691e+01
6.952331713497966348e+01 6.973343895934939951e+01
7.415820494898764537e+01 7.438168082449135454e+01
7.879309277437428705e+01 7.902984632183219560e+01
8.342798058714642195e+01 8.367793635606847147e+01
8.806286839518962495e+01 8.832595176528953118e+01
9.269775620418602102e+01 9.297389340258614254e+01
9.733264401543661393e+01 9.762176211302042361e+01
1.019675318349274420e+02 1.022695587063383869e+02
1.066024196623246212e+02 1.069172839895781522e+02
1.112373074971879419e+02 1.115649387685216993e+02
1.158721953391126647e+02 1.162125238078027678e+02
1.205070831818885893e+02 1.208600398888600864e+02
1.251419710111942436e+02 1.255074877805196536e+02
1.297768588391208482e+02 1.301548681945502892e+02
1.344117466696026781e+02 1.348021818642319829e+02
1.390466345275845015e+02 1.394494294975566220e+02
1.436815223407051008e+02 1.440966118343152118e+02
1.483164102030160620e+02 1.487437295480408181e+02
1.529512980117152097e+02 1.533907833158601761e+02
1.575861858424462980e+02 1.580377738279410096e+02
1.622210736924771197e+02 1.626847017662657322e+02
1.668559615159010718e+02 1.673315677138351134e+02
1.714908493658969064e+02 1.719783723825566426e+02
1.761257372095029154e+02 1.766251163697750144e+02
1.807606250669746828e+02 1.812718002886708462e+02
1.853955129424049062e+02 1.859184247309548823e+02
1.900304008016415480e+02 1.905649903385173900e+02
1.946652886641862210e+02 1.952114977013232249e+02
1.993001765239533256e+02 1.998579474593196039e+02
2.039350643759909190e+02 2.045043400711381310e+02
2.085699522284813270e+02 2.091506762325296904e+02
2.132048400809633790e+02 2.137969564269561147e+02
2.178397279198986212e+02 2.184431812109686462e+02
2.224746157698988327e+02 2.230893511157272826e+02
2.271095035900914922e+02 2.277354666654824200e+02
2.317443914081612775e+02 2.323815284338644176e+02
2.363792792219810224e+02 2.370275369174988498e+02
2.410141670677201660e+02 2.416734926736777140e+02
2.456490549783408142e+02 2.463193961378027552e+02
2.502839428084593578e+02 2.509652478400212772e+02
2.549188306630556724e+02 2.556110482123399379e+02
2.595537184769469832e+02 2.602567977916713744e+02
2.641886063597808629e+02 2.649024970271925099e+02
2.688234941813464047e+02 2.695481464174312691e+02
2.734583820046989899e+02 2.741937465033298622e+02
2.780932699235294763e+02 2.788392975650640437e+02
2.827281577448352436e+02 2.834848001403222497e+02
2.873630456047814619e+02 2.881302546867416368e+02
2.919979334563297471e+02 2.927756616275265742e+02
2.966328213037459136e+02 2.974210214275195767e+02
3.012677091356194978e+02 3.020663345077891790e+02
3.059025969853988727e+02 3.067116013092515345e+02
3.105374848004947808e+02 3.113568221700840013e+02
3.151723727320764965e+02 3.160019975454972609e+02
3.198072606019071031e+02 3.206471278420764293e+02
3.244421484181000324e+02 3.252922134033436805e+02
3.290770363618140664e+02 3.299372545955629903e+02
3.337119242112713096e+02 3.345822519263147115e+02
3.383468120488338400e+02 3.392272057210703906e+02
3.429816998857407953e+02 3.438721163433037873e+02
3.476165877107994220e+02 3.485169842286241533e+02
3.522514755998334977e+02 3.531618097358812065e+02
3.568863635374463001e+02 3.578065931138397104e+02
3.615212513661922458e+02 3.624513347382132906e+02
3.661561392305841878e+02 3.670960351281825069e+02
3.707910271214420277e+02 3.717406945075483122e+02
3.754259150960751299e+02 3.763853132412300511e+02
3.800608030573910128e+02 3.810298916323520757e+02
3.846956908748404658e+02 3.856744300716462703e+02
3.893305786926882206e+02 3.903189289208137893e+02
3.939654666276304056e+02 3.949633883953125633e+02
3.986003545835350792e+02 3.996078089760848115e+02
4.032352424013628251e+02 4.042521908312604069e+02
4.078701302154063342e+02 4.088965342474946283e+02
4.125050181052598646e+02 4.135408396383416516e+02
4.171399059276127446e+02 4.181851073670644610e+02
4.217747937906515290e+02 4.228293376441683904e+02
4.264096816381836561e+02 4.274735307846631258e+02
4.310445695082286193e+02 4.321176870562294425e+02
4.356794573726326689e+02 4.367618067984485037e+02
4.403143452576758818e+02 4.414058904470705329e+02
4.449492332310429106e+02 4.460499380033282364e+02
4.495841211593636331e+02 4.506939500203449711e+02
4.542190090402704641e+02 4.553379265566542813e+02
4.588538969189415866e+02 4.599818679223124036e+02
4.634887847821040623e+02 4.646257745318897037e+02
4.681236727290234967e+02 4.692696465106918708e+02
4.727585607305953204e+02 4.739134842625965121e+02
4.773934485627781896e+02 4.785572880480515323e+02
4.820283363839073445e+02 4.832010579949767362e+02
4.866632242775971235e+02 4.878447944625925174e+02
4.912981121439905223e+02 4.924884975167972243e+02
4.959329999594781384e+02 4.971321676519401080e+02
5.005678879672612993e+02 5.017758050025796592e+02
5.052027759459311937e+02 5.064194097226647955e+02
5.098376637834620624e+02 5.110629822825115980e+02
5.144725517331697802e+02 5.157065227844237825e+02
5.191074395623683131e+02 5.203500314580774102e+02
5.237423274108045916e+02 5.249935085056586104e+02
5.283772154452448149e+02 5.296369543031145213e+02
5.330121032637584904e+02 5.342803689566280809e+02
5.376469911974899105e+02 5.389237527906913101e+02
5.422818790342648754e+02 5.435671059918331594e+02
5.469167669133348681e+02 5.482104287745485180e+02
5.515516547277792370e+02 5.528537214217443534e+02
5.561865426015613139e+02 5.574969839040245461e+02
5.608214306252256165e+02 5.621402167127869234e+02
5.654563184674467493e+02 5.667834198610944441e+02
5.700912063622813548e+02 5.714265937632442274e+02
5.747260943357205178e+02 5.760697385118423881e+02
5.793609823354477157e+02 5.807128544575600699e+02
5.839958701668617778e+02 5.853559414777467964e+02
5.886307580353611684e+02 5.899990000733502029e+02
5.932656458851541856e+02 5.946420303352058454e+02
5.979005337689991393e+02 5.992850324012586043e+02
6.025354217227672962e+02 6.039280066666979110e+02
6.071703096651349369e+02 6.085709530156441360e+02
6.118051976529563944e+02 6.132138719963933227e+02
6.164400855011949716e+02 6.178567635755910032e+02
6.210749734979322056e+02 6.224996280246816696e+02
6.257098614330107011e+02 6.271424653445587865e+02
6.303447494595243370e+02 6.317852758205042392e+02
6.349796373651849990e+02 6.364280598196387473e+02
6.396145252607589100e+02 6.410708174467740719e+02
6.442494130760351254e+02 6.457135486402007700e+02
6.488843008966732668e+02 6.503562537873967813e+02
6.535191887339527739e+02 6.549989330707667250e+02
6.581540765772004988e+02 6.596415866468646527e+02
6.627889644578117441e+02 6.642842146221460098e+02
6.674238525198081788e+02 6.689268172162476276e+02
