0.000000000000000000e+00 0.000000000000000000e+00
4.634887804279905765e+00 4.649504132908928611e+00
9.269775608677109702e+00 9.298916641949045214e+00
1.390466341321591059e+01 1.394823868489398144e+01
1.853955121818040297e+01 1.859747138785113307e+01
2.317443902380382426e+01 2.324661586701231641e+01
2.780932682844103709e+01 2.789567322432301211e+01
3.244421463548010820e+01 3.254464451213416964e+01
3.707910244584699910e+01 3.719353079488256242e+01
4.171399025043828601e+01 4.184233310235276804e+01
4.634887805547005257e+01 4.649105244600588094e+01
5.098376587575798169e+01 5.113968983372824795e+01
5.561865370417126542e+01 5.578824621908675852e+01
6.025354151978816475e+01 6.043672257700148975e+01
6.488842933948802738e+01 6.508511986221253665e+01
6.952331715490275599e+01 6.973343898342231739e+01
7.415820497039234738e+01 7.438168084787459122e+01
7.879309278421709450e+01 7.902984634519398810e+01
8.342798058977238895e+01 8.367793637937319318e+01
8.806286839705347802e+01 8.832595178933925695e+01
9.269775623892084582e+01 9.297389343397492212e+01
9.733264404702234174e+01 9.762176216198221823e+01
1.019675318664878034e+02 1.022695587756968933e+02
1.066024196938779340e+02 1.069172840583399591e+02
1.112373075285494792e+02 1.115649388306007523e+02
1.158721953401880711e+02 1.162125238702056436e+02
1.205070831489707501e+02 1.208600399532647884e+02
1.251419709574892920e+02 1.255074878325668664e+02
1.297768588071629097e+02 1.301548682339400216e+02
1.344117466323243093e+02 1.348021819034441080e+02
1.390466344765916915e+02 1.394494295362068783e+02
1.436815223238666590e+02 1.440966118469568187e+02
1.483164101701627260e+02 1.487437295392981298e+02
1.529512980134224165e+02 1.533907833115330277e+02
1.575861858484054210e+02 1.580377738244648071e+02
1.622210736608167849e+02 1.626847017560168638e+02
1.668559614822770527e+02 1.673315676833827865e+02
1.714908493124215170e+02 1.719783723064120124e+02
1.761257371748250193e+02 1.766251162974043041e+02
1.807606250323705694e+02 1.812718002013512262e+02
1.853955128853983467e+02 1.859184246506537193e+02
1.900304007446823107e+02 1.905649902820908892e+02
1.946652886077887956e+02 1.952114976447448953e+02
1.993001764675763070e+02 1.998579474009718240e+02
2.039350643224513533e+02 2.045043400108996252e+02
2.085699522113813487e+02 2.091506761134670001e+02
2.132048400239065131e+02 2.137969562695075183e+02
2.178397278629250025e+02 2.184431810579420699e+02
2.224746156916460222e+02 2.230893509843556615e+02
2.271095035119305976e+02 2.277354665310588473e+02
2.317443913293166702e+02 2.323815282999201486e+02
2.363792791477569608e+02 2.370275368269155365e+02
2.410141669619135314e+02 2.416734925697412564e+02
2.456490548282392865e+02 2.463193960289030997e+02
2.502839426942506975e+02 2.509652476812913164e+02
2.549188305180789484e+02 2.556110480454261165e+02
2.595537183402282722e+02 2.602567976681946220e+02
2.641886061624920785e+02 2.649024969661678028e+02
2.688234940280491401e+02 2.695481464242685661e+02
2.734583818574357110e+02 2.741937464576965908e+02
2.780932696764998582e+02 2.788392975187003913e+02
2.827281574974305158e+02 2.834848001792362311e+02
2.873630453993661718e+02 2.881302547465154476e+02
2.919979332973353507e+02 2.927756617488105348e+02
2.966328211630529950e+02 2.974210215325356330e+02
3.012677090524929326e+02 3.020663346039584667e+02
3.059025968722484663e+02 3.067116014019080694e+02
3.105374848076149874e+02 3.113568222392706275e+02
3.151723727409445246e+02 3.160019976078320383e+02
3.198072606084884342e+02 3.206471279218410473e+02
3.244421485309872537e+02 3.252922134752903958e+02
3.290770363545570376e+02 3.299372547551351431e+02
3.337119241956337419e+02 3.345822520583804476e+02
3.383468120332981925e+02 3.392272058523561782e+02
3.429816999005546450e+02 3.438721165248042553e+02
3.476165877197840928e+02 3.485169843557511058e+02
3.522514756083016891e+02 3.531618097668290375e+02
3.568863635458245653e+02 3.578065930852457086e+02
3.615212513734904860e+02 3.624513347116732120e+02
3.661561392377392963e+02 3.670960349782525327e+02
3.707910271675632430e+02 3.717406943650250923e+02
3.754259149800709565e+02 3.763853130637457980e+02
3.800608028013378430e+02 3.810298915165348603e+02
3.846956907334249536e+02 3.856744299774505862e+02
3.893305786061840195e+02 3.903189287122515907e+02
3.939654665416235275e+02 3.949633881856182143e+02
3.986003543619581251e+02 3.996078086549517820e+02
4.032352421879661506e+02 4.042521904998952778e+02
4.078701300019973814e+02 4.088965339694921113e+02
4.125050178914946173e+02 4.135408394469092173e+02
4.171399057138529542e+02 4.181851071588542368e+02
4.217747935767511080e+02 4.228293374372541962e+02
4.264096814142424137e+02 4.274735305787505695e+02
4.310445692669806022e+02 4.321176868860965214e+02
4.356794571278987291e+02 4.367618066280826952e+02
4.403143450129335292e+02 4.414058901362416805e+02
4.449492329090059002e+02 4.460499376634039663e+02
4.495841208337608350e+02 4.506939496981401589e+02
4.542190087145354482e+02 4.553379262342524498e+02
4.588538965933042846e+02 4.599818676400883533e+02
4.634887844564439092e+02 4.646257742497673462e+02
4.681236723781103137e+02 4.692696462452543074e+02
4.727585602290042743e+02 4.739134839868631843e+02
4.773934480449345301e+02 4.785572877623091586e+02
4.820283360474037408e+02 4.832010576789139122e+02
4.866632238846044629e+02 4.878447941468206750e+02
4.912981117509095839e+02 4.924884972887429058e+02
4.959329995664301691e+02 4.971321673972778399e+02
5.005678873997713367e+02 5.017758047466311950e+02
5.052027753093958609e+02 5.064194094642601272e+02
5.098376631289245893e+02 5.110629819842202437e+02
5.144725509445412399e+02 5.157065224804487116e+02
5.191074387854292809e+02 5.203500311459425802e+02
5.237423265966673398e+02 5.249935082023623636e+02
5.283772145158011426e+02 5.296369539066076868e+02
5.330121023575486561e+02 5.342803685542021412e+02
5.376469901851986606e+02 5.389237522727028136e+02
5.422818780229279128e+02 5.435671054497669274e+02
5.469167659208376335e+02 5.482104280875092854e+02
5.515516537470226694e+02 5.528537207338615644e+02
5.561865417428170986e+02 5.574969834153309876e+02
5.608214297682742426e+02 5.621402161281416738e+02
5.654563176330372016e+02 5.667834192765842545e+02
5.700912054720224660e+02 5.714265931606108779e+02
5.747260934228461338e+02 5.760697379866664960e+02
5.793609812496840732e+02 5.807128537127282470e+02
5.839958690848957303e+02 5.853559409378151486e+02
5.886307569717974957e+02 5.899989995064443065e+02
5.932656448814350370e+02 5.946420297357833533e+02
5.979005327569225301e+02 5.992850318012390289e+02
6.025354207106813647e+02 6.039280060440086118e+02
6.071703086531224471e+02 6.085709523838140740e+02
6.118051966419707242e+02 6.132138713244050905e+02
6.164400847129776366e+02 6.178567627814127263e+02
6.210749726496839003e+02 6.224996271489862920e+02
6.257098605376779688e+02 6.271424645582646917e+02
6.303447485642052470e+02 6.317852751255468320e+02
6.349796363885650408e+02 6.364280590620294333e+02
6.396145242917035603e+02 6.410708165637420279e+02
6.442494121131538805e+02 6.457135478101361059e+02
6.488843001609127441e+02 6.503562529573589472e+02
6.535191881372697935e+02 6.549989321772841322e+02
6.581540759492220332e+02 6.596415855965049104e+02
6.627889637797230762e+02 6.642842136223666785e+02
6.674238518444218471e+02 6.689268161745605994e+02
