0.000000000000000000e+00 0.000000000000000000e+00
4.634887804283763124e+00 4.649504132849629379e+00
9.269775608539484679e+00 9.298916641886011192e+00
1.390466341302376918e+01 1.394823868483006990e+01
1.853955121786964710e+01 1.859747138778513786e+01
2.317443902214939655e+01 2.324661586792502987e+01
2.780932682822565027e+01 2.789567322213538603e+01
3.244421463380916038e+01 3.254464451074256459e+01
3.707910244386742704e+01 3.719353079384249128e+01
4.171399025081834111e+01 4.184233309952841751e+01
4.634887806139176547e+01 4.649105244293848926e+01
5.098376587781035596e+01 5.113968983005196378e+01
5.561865370624241933e+01 5.578824622808429723e+01
6.025354152144322484e+01 6.043672259232391042e+01
6.488842934488147307e+01 6.508511986604480626e+01
6.952331717132972244e+01 6.973343898584332123e+01
7.415820497713110626e+01 7.438168084725282370e+01
7.879309279099592800e+01 7.902984634463260250e+01
8.342798060516412306e+01 8.367793637879987045e+01
8.806286842159869366e+01 8.832595178791144974e+01
9.269775623791925057e+01 9.297389343995830302e+01
9.733264404361150923e+01 9.762176216743077362e+01
1.019675318633810690e+02 1.022695587827647898e+02
1.066024197120760846e+02 1.069172840650936536e+02
1.112373075232676030e+02 1.115649388780514073e+02
1.158721953342578672e+02 1.162125239135387460e+02
1.205070831856142206e+02 1.208600399941848451e+02
1.251419710396601062e+02 1.255074878655597104e+02
1.297768588720406910e+02 1.301548682791022884e+02
1.344117467025128576e+02 1.348021819648824078e+02
1.390466345467293365e+02 1.394494296212272388e+02
1.436815223935924450e+02 1.440966119277306916e+02
1.483164102398770865e+02 1.487437296290191568e+02
1.529512980831476625e+02 1.533907833715274478e+02
1.575861859369281603e+02 1.580377739014201097e+02
1.622210737579034117e+02 1.626847017937921578e+02
1.668559616250643955e+02 1.673315677135857413e+02
1.714908494488468023e+02 1.719783723624131540e+02
1.761257372883284518e+02 1.766251163339660479e+02
1.807606251458183237e+02 1.812718002416778802e+02
1.853955129617043838e+02 1.859184246898098536e+02
1.900304008005295486e+02 1.905649903035740920e+02
1.946652886632933246e+02 1.952114976822915651e+02
1.993001765231004470e+02 1.998579474311188733e+02
2.039350643779815186e+02 2.045043400466532262e+02
2.085699522582713712e+02 2.091506762081993998e+02
2.132048400784134685e+02 2.137969564143835157e+02
2.178397279098869035e+02 2.184431811984732974e+02
2.224746157232248720e+02 2.230893510671039905e+02
2.271095035796476793e+02 2.277354666138845118e+02
2.317443913990751980e+02 2.323815283869895438e+02
2.363792792204539523e+02 2.370275368870173338e+02
2.410141670444202191e+02 2.416734926421620457e+02
2.456490548990394700e+02 2.463193960595982048e+02
2.502839427261957326e+02 2.509652477417851060e+02
2.549188305696489181e+02 2.556110481635561200e+02
2.595537183982197007e+02 2.602567977229009557e+02
2.641886062205292092e+02 2.649024970003982844e+02
2.688234941214245737e+02 2.695481463832570626e+02
2.734583819434896554e+02 2.741937464349562674e+02
2.780932697651880403e+02 2.788392975080555516e+02
2.827281576819448219e+02 2.834848000974334923e+02
2.873630455083210791e+02 2.881302547036254964e+02
2.919979333283819187e+02 2.927756617306375233e+02
2.966328211620058255e+02 2.974210215644594086e+02
3.012677089786505462e+02 3.020663346348379719e+02
3.059025968150828021e+02 3.067116013756184429e+02
3.105374846865934160e+02 3.113568222136893269e+02
3.151723726200563078e+02 3.160019975885984422e+02
3.198072604608854022e+02 3.206471278844315975e+02
3.244421482770855505e+02 3.252922134375588143e+02
3.290770361025138300e+02 3.299372547164259117e+02
3.337119239519787470e+02 3.345822520297344909e+02
3.383468118662045754e+02 3.392272058422396981e+02
3.429816997271825585e+02 3.438721164716935164e+02
3.476165875416509152e+02 3.485169842784479783e+02
3.522514754302570736e+02 3.531618097853398126e+02
3.568863633678249698e+02 3.578065931595335201e+02
3.615212511856009883e+02 3.624513348871603284e+02
3.661561390486019150e+02 3.670960352522265566e+02
3.707910270008953262e+02 3.717406946316472158e+02
3.754259148142281219e+02 3.763853133175244352e+02
3.800608027683771297e+02 3.810298917166600177e+02
3.846956905867058367e+02 3.856744301522312526e+02
3.893305784045575137e+02 3.903189289223527680e+02
3.939654663347073438e+02 3.949633884009164717e+02
3.986003541550788896e+02 3.996078089323876839e+02
4.032352419852217054e+02 4.042521907757378585e+02
4.078701298230269003e+02 4.088965343163202988e+02
4.125050177140698224e+02 4.135408397650022039e+02
4.171399055364265678e+02 4.181851074582349383e+02
4.217747933987509441e+02 4.228293377340610277e+02
4.264096812361839284e+02 4.274735309387513098e+02
4.310445691033095841e+02 4.321176872496354235e+02
4.356794569839223072e+02 4.367618070097798864e+02
4.403143448691433832e+02 4.414058906311501005e+02
4.449492326877406185e+02 4.460499382682983764e+02
4.495841206161678656e+02 4.506939501175834266e+02
4.542190084971821307e+02 4.553379266549004569e+02
4.588538963758744558e+02 4.599818680181251693e+02
4.634887842389002799e+02 4.646257746251780532e+02
4.681236721604445847e+02 4.692696465993705033e+02
4.727585599848274569e+02 4.739134842552353462e+02
4.773934478007637949e+02 4.785572880015844817e+02
4.820283356531431309e+02 4.832010579105184434e+02
4.866632234904192273e+02 4.878447942172076637e+02
4.912981113570008347e+02 4.924884973563852100e+02
4.959329992394563078e+02 4.971321674111417224e+02
5.005678871186286756e+02 5.017758047592133721e+02
5.052027750556416095e+02 5.064194094767306069e+02
5.098376628956935974e+02 5.110629819941913183e+02
5.144725508967113683e+02 5.157065224731219359e+02
5.191074387106061749e+02 5.203500311605237130e+02
5.237423265342466721e+02 5.249935083347922955e+02
5.283772143566424120e+02 5.296369541358378683e+02
5.330121022836231077e+02 5.342803687755495048e+02
5.376469901473770960e+02 5.389237525883499984e+02
5.422818779963863562e+02 5.435671058820433927e+02
5.469167659555263299e+02 5.482104287332531385e+02
5.515516537814538651e+02 5.528537213772179939e+02
5.561865416560744961e+02 5.574969839300898684e+02
5.608214296794934626e+02 5.621402167068652034e+02
5.654563175133145023e+02 5.667834200679193373e+02
5.700912053415778473e+02 5.714265938857943183e+02
5.747260932388646779e+02 5.760697386705728604e+02
5.793609811126223121e+02 5.807128546017229382e+02
5.839958689256982325e+02 5.853559416481700737e+02
5.886307567940331182e+02 5.899990002558820379e+02
5.932656446094725879e+02 5.946420304468558697e+02
5.979005324849982799e+02 5.992850325065187462e+02
6.025354205095158022e+02 6.039280067603773432e+02
6.071703083493047188e+02 6.085709532482853774e+02
6.118051963371783586e+02 6.132138721663948218e+02
6.164400843523351341e+02 6.178567636249940733e+02
6.210749722598295648e+02 6.224996279871285196e+02
6.257098601249761032e+02 6.271424653735294896e+02
6.303447481515149775e+02 6.317852758842898311e+02
6.349796361297895828e+02 6.364280597268805195e+02
6.396145240327673491e+02 6.410708171978278642e+02
6.442494118480235556e+02 6.457135484003697457e+02
6.488842999436930086e+02 6.503562535081504166e+02
6.535191878932027976e+02 6.549989327682815201e+02
6.581540757051427590e+02 6.596415863620711661e+02
6.627889636574439010e+02 6.642842142199617683e+02
6.674238517219760070e+02 6.689268169554006818e+02
