0.000000000000000000e+00 0.000000000000000000e+00
4.634887804282205259e+00 4.649504132476849350e+00
9.269775608277525336e+00 9.298916641519607396e+00
1.390466341276895790e+01 1.394823868447521065e+01
1.853955121702653130e+01 1.859747138737355954e+01
2.317443902137549117e+01 2.324661586661229862e+01
2.780932682556924362e+01 2.789567321412571843e+01
3.244421463241941694e+01 3.254464450182948809e+01
3.707910244285766055e+01 3.719353078465132967e+01
4.171399024747019268e+01 4.184233309402080891e+01
4.634887805669027472e+01 4.649105243522137698e+01
5.098376586265139565e+01 5.113968982265650709e+01
5.561865369116509328e+01 5.578824620714877369e+01
6.025354150674260012e+01 6.043672256398212994e+01
6.488842931836444450e+01 6.508511983257028533e+01
6.952331713381724398e+01 6.973343895712076801e+01
7.415820494930882489e+01 7.438168081796786169e+01
7.879309276315622412e+01 7.902984631512885016e+01
8.342798057707301496e+01 8.367793634935046043e+01
8.806286838361340585e+01 8.832595175845322899e+01
9.269775619012207812e+01 9.297389340355286436e+01
9.733264402853558295e+01 9.762176213239132494e+01
1.019675318491461837e+02 1.022695587221313502e+02
1.066024196765534242e+02 1.069172840205108770e+02
1.112373075114320073e+02 1.115649387924562319e+02
1.158721953533671325e+02 1.162125238353366825e+02
1.205070831961020588e+02 1.208600399162650945e+02
1.251419710254319000e+02 1.255074878027593854e+02
1.297768588532609613e+02 1.301548682013566065e+02
1.344117466837959398e+02 1.348021818806530518e+02
1.390466345280260043e+02 1.394494295151353072e+02
1.436815223751137296e+02 1.440966118554481739e+02
1.483164102214036575e+02 1.487437295575573160e+02
1.529512980755315539e+02 1.533907833532683753e+02
1.575861859017019242e+02 1.580377738655303119e+02
1.622210737163944145e+02 1.626847017974296534e+02
1.668559615399041149e+02 1.673315677270751962e+02
1.714908494034440878e+02 1.719783723679059904e+02
1.761257372636806622e+02 1.766251163257791745e+02
1.807606251211782933e+02 1.812718002255663237e+02
1.853955129742263921e+02 1.859184247170337017e+02
1.900304008335419894e+02 1.905649903515277117e+02
1.946652887112311134e+02 1.952114977110628615e+02
1.993001765663405536e+02 1.998579474368890203e+02
2.039350644095829352e+02 2.045043400573847237e+02
2.085699522712396856e+02 2.091506761720983150e+02
2.132048401183099031e+02 2.137969563669956301e+02
2.178397280084644194e+02 2.184431811183534649e+02
2.224746158406759946e+02 2.230893509916335233e+02
2.271095036706370820e+02 2.277354665509306813e+02
2.317443914976978476e+02 2.323815283099262388e+02
2.363792793341822289e+02 2.370275368064138206e+02
2.410141672335506087e+02 2.416734925549243655e+02
2.456490550546469080e+02 2.463193959871064180e+02
2.502839428763497835e+02 2.509652476329550552e+02
2.549188307084729388e+02 2.556110479933092847e+02
2.595537185365691357e+02 2.602567975495601900e+02
2.641886063796715689e+02 2.649024967857484967e+02
2.688234942515249486e+02 2.695481462021863308e+02
2.734583820779117218e+02 2.741937461901842426e+02
2.780932698978753024e+02 2.788392972466538140e+02
2.827281577716794345e+02 2.834847998288759072e+02
2.873630456871798629e+02 2.881302543716512901e+02
2.919979335026396825e+02 2.927756613114194124e+02
2.966328214337743248e+02 2.974210211374142432e+02
3.012677092674384767e+02 3.020663342546117178e+02
3.059025970854307843e+02 3.067116010262861892e+02
3.105374849254682204e+02 3.113568218457004377e+02
3.151723728584954642e+02 3.160019972187402004e+02
3.198072607002815175e+02 3.206471274535668954e+02
3.244421485164883734e+02 3.252922130028148331e+02
3.290770363401356917e+02 3.299372542989785302e+02
3.337119242666436776e+02 3.345822516264091746e+02
3.383468121042610619e+02 3.392272054226925775e+02
3.429816999523698087e+02 3.438721160537778019e+02
3.476165878281274217e+02 3.485169839552611393e+02
3.522514757163941113e+02 3.531618094624428750e+02
3.568863636539902018e+02 3.578065928312647657e+02
3.615212514724393031e+02 3.624513345188953508e+02
3.661561393362162562e+02 3.670960348911245319e+02
3.707910272656854431e+02 3.717406942966741781e+02
3.754259150909589380e+02 3.763853129599040699e+02
3.800608029043506235e+02 3.810298913499091782e+02
3.846956907208415259e+02 3.856744297660623033e+02
3.893305785386936577e+02 3.903189285257038819e+02
3.939654664542719047e+02 3.949633879975978061e+02
3.986003543152310158e+02 3.996078085694747983e+02
4.032352422073331581e+02 4.042521904141545974e+02
4.078701301363882976e+02 4.088965338722342153e+02
4.125050180273161686e+02 4.135408393810180883e+02
4.171399059164430128e+02 4.181851070569737203e+02
4.217747937794835025e+02 4.228293373350749107e+02
4.264096816905614560e+02 4.274735304701447376e+02
4.310445695603403351e+02 4.321176867607219947e+02
4.356794574304964272e+02 4.367618066729695556e+02
4.403143453155396969e+02 4.414058901635776238e+02
4.449492331341437534e+02 4.460499377801455694e+02
4.495841210611196743e+02 4.506939497272870767e+02
4.542190089420307686e+02 4.553379262641936407e+02
4.588538968204466073e+02 4.599818676303822258e+02
4.634887846835196115e+02 4.646257742372774828e+02
4.681236726051816959e+02 4.692696462252987430e+02
4.727585604325171289e+02 4.739134839519538787e+02
4.773934482484469299e+02 4.785572876847058978e+02
4.820283361240774411e+02 4.832010575006983117e+02
4.866632239613992965e+02 4.878447938337372989e+02
4.912981118278880786e+02 4.924884968854780709e+02
4.959329996471549293e+02 4.971321670298950721e+02
5.005678874988301459e+02 5.017758043939715549e+02
5.052027754057743323e+02 5.064194091230526737e+02
5.098376632744879089e+02 5.110629816834732537e+02
5.144725512396205431e+02 5.157065221537134221e+02
5.191074392160285242e+02 5.203500308454370042e+02
5.237423272248605599e+02 5.249935080948149562e+02
5.283772152638223361e+02 5.296369539026607072e+02
5.330121030958241590e+02 5.342803686701689685e+02
5.376469910510867294e+02 5.389237525759218670e+02
5.422818789124912655e+02 5.435671057933616339e+02
5.469167669610069424e+02 5.482104286131609570e+02
5.515516548146262039e+02 5.528537211664790902e+02
5.561865426385450064e+02 5.574969838473423351e+02
5.608214306616097247e+02 5.621402165630348691e+02
5.654563185771003191e+02 5.667834197579850297e+02
5.700912064741638687e+02 5.714265937317495627e+02
5.747260943712542485e+02 5.760697385525617165e+02
5.793609822810503829e+02 5.807128542635942949e+02
5.839958700941800771e+02 5.853559413145683266e+02
5.886307579627459745e+02 5.899989998393095902e+02
5.932656458773675467e+02 5.946420300940997095e+02
5.979005337528634527e+02 5.992850323411196314e+02
6.025354215773489841e+02 6.039280066061081698e+02
6.071703095196961613e+02 6.085709530945518964e+02
6.118051975075466089e+02 6.132138719205936468e+02
6.164400853621745000e+02 6.178567633766615472e+02
6.210749731847847670e+02 6.224996277426573670e+02
6.257098610410203037e+02 6.271424650740125344e+02
6.303447490675923746e+02 6.317852757355797166e+02
6.349796368865183922e+02 6.364280597859849422e+02
6.396145247893177839e+02 6.410708173140563986e+02
6.442494126508254340e+02 6.457135487346312175e+02
6.488843005148571592e+02 6.503562538440953631e+02
6.535191883382610740e+02 6.549989330421449267e+02
6.581540761502202486e+02 6.596415865100207157e+02
6.627889639782540598e+02 6.642842144951915770e+02
6.674238520426781633e+02 6.689268171281329387e+02
