0.000000000000000000e+00 0.000000000000000000e+00
4.634887804274915091e+00 4.649504132471633078e+00
9.269775608243431719e+00 9.298916641512366965e+00
1.390466341291757857e+01 1.394823868082346863e+01
1.853955121728598954e+01 1.859747138955393098e+01
2.317443902125367572e+01 2.324661586865586926e+01
2.780932683091513979e+01 2.789567322582989917e+01
3.244421463794694915e+01 3.254464451351626053e+01
3.707910244827868951e+01 3.719353079687998331e+01
4.171399025427483309e+01 4.184233309834478121e+01
4.634887805900328317e+01 4.649105243697923129e+01
5.098376587112966263e+01 5.113968982398063190e+01
5.561865369917062907e+01 5.578824621352794111e+01
6.025354151466079600e+01 6.043672256578700797e+01
6.488842932667293439e+01 6.508511983801496115e+01
6.952331714166257370e+01 6.973343896546631981e+01
7.415820495713887794e+01 7.438168082884837418e+01
7.879309276886807822e+01 7.902984632621422634e+01
8.342798057742001561e+01 8.367793636022807391e+01
8.806286839179844605e+01 8.832595176929339686e+01
9.269775623237221396e+01 9.297389340120139423e+01
9.733264405201637715e+01 9.762176212898293670e+01
1.019675318711958312e+02 1.022695587238307837e+02
1.066024196986117545e+02 1.069172840239170199e+02
1.112373075335080159e+02 1.115649388071732631e+02
1.158721953754267702e+02 1.162125238437967312e+02
1.205070832181806253e+02 1.208600399493767412e+02
1.251419710474710314e+02 1.255074878292960250e+02
1.297768588753119161e+02 1.301548682431816246e+02
1.344117467057742772e+02 1.348021819126213359e+02
1.390466345273807178e+02 1.394494295453463906e+02
1.436815223746295374e+02 1.440966118962957694e+02
1.483164102209002806e+02 1.487437295774839754e+02
1.529512980641807758e+02 1.533907833311573654e+02
1.575861858690884674e+02 1.580377738435033734e+02
1.622210737125568585e+02 1.626847017302398797e+02
1.668559615393763238e+02 1.673315676900564881e+02
1.714908493635817024e+02 1.719783723159004012e+02
1.761257372072151099e+02 1.766251162712166263e+02
1.807606250862102399e+02 1.812718001743891705e+02
1.853955129576002889e+02 1.859184246195701462e+02
1.900304007816415037e+02 1.905649902437775154e+02
1.946652886418866899e+02 1.952114976237903647e+02
1.993001765016224454e+02 1.998579473226701282e+02
2.039350643574458957e+02 2.045043399734244360e+02
2.085699522418210563e+02 2.091506761351972443e+02
2.132048400888018591e+02 2.137969562782289756e+02
2.178397279277583038e+02 2.184431810631011217e+02
2.224746157414736558e+02 2.230893509324331774e+02
2.271095036190022256e+02 2.277354664732919218e+02
2.317443914452778699e+02 2.323815282429914362e+02
2.363792792714222060e+02 2.370275367442001198e+02
2.410141670909085292e+02 2.416734924953289010e+02
2.456490549114213309e+02 2.463193959252288892e+02
2.502839427313457179e+02 2.509652475902342985e+02
2.549188305740979388e+02 2.556110479645068949e+02
2.595537184910192536e+02 2.602567976116868067e+02
2.641886063958404520e+02 2.649024968461778826e+02
2.688234942533538856e+02 2.695481462296261270e+02
2.734583820754355088e+02 2.741937462262719691e+02
2.780932699814191551e+02 2.788392973067433900e+02
2.827281578967157998e+02 2.834847998812432479e+02
2.873630457454758584e+02 2.881302544230527474e+02
2.919979336787225748e+02 2.927756613884304784e+02
2.966328214979063205e+02 2.974210211782972237e+02
3.012677093232686047e+02 3.020663342929944974e+02
3.059025972411922680e+02 3.067116010440227569e+02
3.105374850583211241e+02 3.113568218763478512e+02
3.151723729915555055e+02 3.160019971761176407e+02
3.198072608606581753e+02 3.206471274752926774e+02
3.244421487322790085e+02 3.252922129790284771e+02
3.290770365874860772e+02 3.299372542618526722e+02
3.337119244369305875e+02 3.345822515633090006e+02
3.383468122744822040e+02 3.392272053592316752e+02
3.429817000998028789e+02 3.438721160007858089e+02
3.476165879142645281e+02 3.485169838131872666e+02
3.522514758014838208e+02 3.531618093222072616e+02
3.568863637390737722e+02 3.578065927058345892e+02
3.615212515568574076e+02 3.624513344493592513e+02
3.661561394210091862e+02 3.670960347880817380e+02
3.707910273507992542e+02 3.717406941724665330e+02
3.754259151962033911e+02 3.763853128811349507e+02
3.800608030124163861e+02 3.810298912114638483e+02
3.846956909145953887e+02 3.856744296304268005e+02
3.893305787776879470e+02 3.903189284685943221e+02
3.939654667130755570e+02 3.949633879389994036e+02
3.986003545737715967e+02 3.996078084756859425e+02
4.032352423900161966e+02 4.042521903256581481e+02
4.078701302040454379e+02 4.088965337411491987e+02
4.125050180955187216e+02 4.135408392447591268e+02
4.171399059178779680e+02 4.181851070287099219e+02
4.217747937804998628e+02 4.228293373887299822e+02
4.264096816639014378e+02 4.274735305349412897e+02
4.310445695332380183e+02 4.321176869169987640e+02
4.356794573999058002e+02 4.367618066752168033e+02
4.403143452812681744e+02 4.414058901657472234e+02
4.449492330998705256e+02 4.460499376941391461e+02
4.495841210274232935e+02 4.506939495631132786e+02
4.542190089083122757e+02 4.553379261006954266e+02
4.588538967870537135e+02 4.599818675672886457e+02
4.634887846498063482e+02 4.646257741778918557e+02
4.681236725714879299e+02 4.692696461541897293e+02
4.727585605310228516e+02 4.739134838810154520e+02
4.773934483979654715e+02 4.785572875709696632e+02
4.820283363316989949e+02 4.832010574117604165e+02
4.866632241689724196e+02 4.878447938805733202e+02
4.912981120354614859e+02 4.924884969319024322e+02
4.959329998762198102e+02 4.971321671088804806e+02
5.005678877274568777e+02 5.017758044621324416e+02
5.052027756341836948e+02 5.064194091977688004e+02
5.098376634798517557e+02 5.110629817418620178e+02
5.144725513954182361e+02 5.157065222449468820e+02
5.191074392164240408e+02 5.203500309267667490e+02
5.237423272503913267e+02 5.249935080234928364e+02
5.283772150743621978e+02 5.296369538273190756e+02
5.330121029546349973e+02 5.342803685878989199e+02
5.376469909928839570e+02 5.389237523371897396e+02
5.422818788838063711e+02 5.435671054883539455e+02
5.469167667185228083e+02 5.482104283076615729e+02
5.515516545733541989e+02 5.528537209562236967e+02
5.561865424498309949e+02 5.574969834493980443e+02
5.608214304732485971e+02 5.621402162716779003e+02
5.654563184069395447e+02 5.667834195549220340e+02
5.700912063272644446e+02 5.714265934350344196e+02
5.747260942864343178e+02 5.760697381682332434e+02
5.793609821132765774e+02 5.807128538732263223e+02
5.839958700637105267e+02 5.853559409248632619e+02
5.886307579324117114e+02 5.899989994958522175e+02
5.932656459233537589e+02 5.946420296883194396e+02
5.979005337989464124e+02 5.992850317170691596e+02
6.025354217526672755e+02 6.039280058224528602e+02
6.071703096952228407e+02 6.085709522350987299e+02
6.118051976783649479e+02 6.132138711603076899e+02
6.164400857258063979e+02 6.178567626023675530e+02
6.210749736035331807e+02 6.224996269721561930e+02
6.257098614571572170e+02 6.271424643079363932e+02
6.303447494836923397e+02 6.317852747875645036e+02
6.349796375241446640e+02 6.364280586707698149e+02
6.396145254270384157e+02 6.410708161490534849e+02
6.442494132422879147e+02 6.457135473667538008e+02
6.488843010892569509e+02 6.503562525358007633e+02
6.535191889326326873e+02 6.549989317625288550e+02
6.581540768280638076e+02 6.596415853677134464e+02
6.627889646586220351e+02 6.642842132322325597e+02
6.674238527211939527e+02 6.689268159753538612e+02
