0.000000000000000000e+00 0.000000000000000000e+00
4.634887804312503690e+00 4.649504132150679148e+00
9.269775608260648170e+00 9.298916641190000831e+00
1.390466341269391037e+01 1.394823868414379930e+01
1.853955121703611297e+01 1.859747138708542735e+01
2.317443902560999902e+01 2.324661587342557567e+01
2.780932683387873539e+01 2.789567322859608822e+01
3.244421465040640129e+01 3.254464451642478195e+01
3.707910246783352193e+01 3.719353079987596544e+01
4.171399028729894809e+01 4.184233310143975615e+01
4.634887809218697896e+01 4.649105244574300855e+01
5.098376589642467138e+01 5.113968983259290724e+01
5.561865372486514048e+01 5.578824622071766726e+01
6.025354155088535890e+01 6.043672258780237883e+01
6.488842936295566233e+01 6.508511985155126922e+01
6.952331717839608416e+01 6.973343896493331329e+01
7.415820499279240607e+01 7.438168082594242492e+01
7.879309280653029646e+01 7.902984632353073380e+01
8.342798064256660950e+01 8.367793635794585327e+01
8.806286845998189960e+01 8.832595176737878262e+01
9.269775626753097697e+01 9.297389340647734457e+01
9.733264410321308446e+01 9.762176211949332583e+01
1.019675319130527100e+02 1.022695587113052795e+02
1.066024197579451709e+02 1.069172840022117725e+02
1.112373075951381622e+02 1.115649388083606084e+02
1.158721954369773783e+02 1.162125238447005131e+02
1.205070832797322282e+02 1.208600399390718110e+02
1.251419711089750706e+02 1.255074878190892349e+02
1.297768589368162111e+02 1.301548682332509088e+02
1.344117467673765702e+02 1.348021819212982280e+02
1.390466346116285763e+02 1.394494295544801048e+02
1.436815224588698356e+02 1.440966118856566140e+02
1.483164103051664995e+02 1.487437295955995182e+02
1.529512981484464831e+02 1.533907833730441155e+02
1.575861859575589676e+02 1.580377738855525251e+02
1.622210737991109113e+02 1.626847018180444024e+02
1.668559616428296977e+02 1.673315677785450646e+02
1.714908494671905146e+02 1.719783724203618931e+02
1.761257372917191901e+02 1.766251164139080174e+02
1.807606251492133538e+02 1.812718003133351772e+02
1.853955129701591886e+02 1.859184247628439834e+02
1.900304008311624671e+02 1.905649903694935574e+02
1.946652886939358496e+02 1.952114977315724218e+02
1.993001765488521073e+02 1.998579474303927839e+02
2.039350644037757831e+02 2.045043400584453934e+02
2.085699522360309004e+02 2.091506762200657477e+02
2.132048401013271928e+02 2.137969564046692881e+02
2.178397279403071138e+02 2.184431811986104890e+02
2.224746157587418338e+02 2.230893510797673684e+02
2.271095035710952459e+02 2.277354666262511955e+02
2.317443914236613409e+02 2.323815283825546487e+02
2.363792792427741460e+02 2.370275368992602125e+02
2.410141670629420219e+02 2.416734926379928936e+02
2.456490548937121616e+02 2.463193961028454737e+02
2.502839427079225345e+02 2.509652477531641637e+02
2.549188305246868822e+02 2.556110481927588580e+02
2.595537183761119877e+02 2.602567977369575374e+02
2.641886062006030329e+02 2.649024969723683398e+02
2.688234940245197322e+02 2.695481463808382614e+02
2.734583818593324622e+02 2.741937463655665397e+02
2.780932696801482962e+02 2.788392974153522914e+02
2.827281575429962004e+02 2.834847999968258137e+02
2.873630453638057816e+02 2.881302545325148685e+02
2.919979332392666151e+02 2.927756614708878828e+02
2.966328211043636998e+02 2.974210212686109571e+02
3.012677089316304091e+02 3.020663343361728721e+02
3.059025967786185447e+02 3.067116010884001298e+02
3.105374847009800305e+02 3.113568219655251141e+02
3.151723725319853315e+02 3.160019973037382215e+02
3.198072604013780733e+02 3.206471275658683453e+02
3.244421482324690942e+02 3.252922131200854210e+02
3.290770360560452445e+02 3.299372543186699431e+02
3.337119239259130836e+02 3.345822515963794785e+02
3.383468118815261505e+02 3.392272053888908658e+02
3.429816997104023812e+02 3.438721160883701486e+02
3.476165876606057168e+02 3.485169840199123428e+02
3.522514755498708610e+02 3.531618094626020365e+02
3.568863634874205673e+02 3.578065928451352420e+02
3.615212513051956194e+02 3.624513345935475286e+02
3.661561391697393333e+02 3.670960350175462281e+02
3.707910271004042215e+02 3.717406943183336807e+02
3.754259149134142035e+02 3.763853130740510551e+02
3.800608028660717537e+02 3.810298915638408062e+02
3.846956906832602385e+02 3.856744299792310926e+02
3.893305785879905443e+02 3.903189288243839883e+02
3.939654665215451814e+02 3.949633882880121405e+02
3.986003543988517777e+02 3.996078087215375376e+02
4.032352423361602405e+02 4.042521906147647996e+02
4.078701301634237666e+02 4.088965341574406693e+02
4.125050180543261149e+02 4.135408395847713336e+02
4.171399058766720032e+02 4.181851072605579702e+02
4.217747937381225256e+02 4.228293376557356851e+02
4.264096815756263936e+02 4.274735307751984692e+02
4.310445694447098504e+02 4.321176870842672315e+02
4.356794573103996981e+02 4.367618068487699929e+02
4.403143451949254086e+02 4.414058903357509962e+02
4.449492330129196489e+02 4.460499378628412614e+02
4.495841209333841562e+02 4.506939497385121740e+02
4.542190088144051856e+02 4.553379262757853212e+02
4.588538966930721585e+02 4.599818676595959914e+02
4.634887845561756876e+02 4.646257742700447579e+02
4.681236724778859184e+02 4.692696462773639610e+02
4.727585603010222144e+02 4.739134840048444630e+02
4.773934481169563355e+02 4.785572877902454820e+02
4.820283359380781576e+02 4.832010576354900309e+02
4.866632237755239885e+02 4.878447939450339845e+02
4.912981116420054377e+02 4.924884969948887488e+02
4.959329994575746809e+02 4.971321670832577411e+02
5.005678873651362437e+02 5.017758044332838381e+02
5.052027752855194649e+02 5.064194091581653083e+02
5.098376631287943610e+02 5.110629816844023594e+02
5.144725510117231124e+02 5.157065221683130858e+02
5.191074388584014514e+02 5.203500308462145085e+02
5.237423267399484530e+02 5.249935079200006385e+02
5.283772145623743199e+02 5.296369538036626636e+02
5.330121023938129383e+02 5.342803684853380446e+02
5.376469902469270892e+02 5.389237522195728616e+02
5.422818780619649033e+02 5.435671053099123355e+02
5.469167659027153832e+02 5.482104280689713960e+02
5.515516538898028784e+02 5.528537207159563422e+02
5.561865417138660632e+02 5.574969833565564841e+02
5.608214297378759738e+02 5.621402160176297684e+02
5.654563175612777286e+02 5.667834191402093893e+02
5.700912054579109736e+02 5.714265930031936023e+02
5.747260933551614244e+02 5.760697378018741119e+02
5.793609811819974311e+02 5.807128537349436783e+02
5.839958690028854562e+02 5.853559407569507584e+02
5.886307568715260459e+02 5.899989993242677428e+02
5.932656449167112669e+02 5.946420294547613139e+02
5.979005329060796612e+02 5.992850317017548605e+02
6.025354207189487852e+02 6.039280059630348205e+02
6.071703086614423910e+02 6.085709524790976275e+02
6.118051966337952763e+02 6.132138714008615352e+02
6.164400845497050341e+02 6.178567628743281830e+02
6.210749724273935044e+02 6.224996272313644567e+02
6.257098603246161019e+02 6.271424645654425376e+02
6.303447483511658902e+02 6.317852751489770071e+02
6.349796363091836611e+02 6.364280592246541346e+02
6.396145242124207471e+02 6.410708166814451943e+02
6.442494120670673965e+02 6.457135480748835334e+02
6.488842999217050647e+02 6.503562532599921724e+02
6.535191877681611459e+02 6.549989324845996634e+02
6.581540757485493032e+02 6.596415861763738349e+02
6.627889635755368545e+02 6.642842140562087252e+02
6.674238516402001551e+02 6.689268165891494391e+02
