0.000000000000000000e+00 0.000000000000000000e+00
2.069812861007633842e+00 2.069838552440855572e+00
5.951405786463299208e+00 5.951951316055128061e+00
9.819808729212542886e+00 9.820313336536813154e+00
1.368432604966350397e+01 1.368520311458479455e+01
1.754550006189994349e+01 1.754716201503765660e+01
2.140539508024525617e+01 2.140755175682907918e+01
2.526581712117767609e+01 2.526329102162848272e+01
2.911772178032448721e+01 2.912280726647378515e+01
3.297099996769631503e+01 3.297133745262991056e+01
3.681970204596643725e+01 3.681788710638593187e+01
4.066005352316440025e+01 4.065886755558290133e+01
4.449796297065735473e+01 4.449754918142990334e+01
4.833673495503710171e+01 4.833758872324366962e+01
5.217751807348077620e+01 5.217544444148763461e+01
5.601330573146777425e+01 5.601832417814841136e+01
5.985411628722066268e+01 5.985668438434154837e+01
6.369278187836198413e+01 6.369950116407488139e+01
6.753238603173331001e+01 6.753751347396556071e+01
7.137145711192472675e+01 7.137384339144189482e+01
7.520938362626139906e+01 7.520892398268432544e+01
7.904829869413555343e+01 7.904689429251089905e+01
8.288533587373164835e+01 8.288198415191905610e+01
8.672213626563387834e+01 8.671797809232117515e+01
9.055389355295005771e+01 9.055862290164989759e+01
9.439158359420463285e+01 9.439714626469901759e+01
9.822921835970458915e+01 9.823592236059144511e+01
1.020669017252603794e+02 1.020714518916856974e+02
1.059046246301337817e+02 1.059122470766276081e+02
1.097423638539716109e+02 1.097540054890896073e+02
1.135770741073595218e+02 1.135933543074969947e+02
1.174148822203442393e+02 1.174327142393578640e+02
1.212520007641585948e+02 1.212722068334243772e+02
