0.000000000000000000e+00 0.000000000000000000e+00
2.069884586730642795e+00 2.069511792723901067e+00
5.955348471761862328e+00 5.957720727742451317e+00
9.824096365952058818e+00 9.827920983611727834e+00
1.369055592551212719e+01 1.369572681554502935e+01
1.755766446084789933e+01 1.755788740913094159e+01
2.141751667588941643e+01 2.141759226327317833e+01
2.527087767359769543e+01 2.527632608755039456e+01
2.912649034612300625e+01 2.912904520588626767e+01
3.297610820068189241e+01 3.298154649994253163e+01
3.682301296746592101e+01 3.682985140715231154e+01
4.066741581247044479e+01 4.067663311012238836e+01
4.450828901951615535e+01 4.451787246933004383e+01
4.834968164222644305e+01 4.835530525506379718e+01
5.218985451947600041e+01 5.219549754497542438e+01
5.602795969408887800e+01 5.603510107248199290e+01
5.986658447006520589e+01 5.987379652696720456e+01
6.370709044450158132e+01 6.370885170775522965e+01
6.754170252650963846e+01 6.754589331937157226e+01
7.137930679197788209e+01 7.138312669297246771e+01
7.521378074480450948e+01 7.521697218649109118e+01
7.905032723372025316e+01 7.905500667215324029e+01
8.288548536958411717e+01 8.289200411024454240e+01
8.672322561793941986e+01 8.672553023372655900e+01
9.055895533071893055e+01 9.055816294977729797e+01
9.439157643585053847e+01 9.439551851254657322e+01
9.822731251273002329e+01 9.823290189686679241e+01
1.020624370407838057e+02 1.020695009659891639e+02
1.059004584494105927e+02 1.059026747060051434e+02
1.097357270964656806e+02 1.097384804856041711e+02
1.135708554946886011e+02 1.135715073654396718e+02
1.174051037496276422e+02 1.174049401943489670e+02
1.212395471876898512e+02 1.212382728904333646e+02
