0.000000000000000000e+00 0.000000000000000000e+00
2.069819897166858880e+00 2.069382608552629677e+00
5.952013053434762391e+00 5.952575023445518809e+00
9.826067420838977995e+00 9.825691361763094989e+00
1.369047804162343240e+01 1.369316124638035248e+01
1.755647657940044226e+01 1.755600260781898214e+01
2.141466171304986688e+01 2.141668565620334164e+01
2.527086932294214350e+01 2.527580602587295999e+01
2.912654085497008083e+01 2.913456610744655251e+01
3.297893051233657502e+01 3.298809947847266244e+01
3.682671297407514999e+01 3.683871348153846981e+01
4.067270606787707266e+01 4.068208938863194390e+01
4.451459069876988650e+01 4.452233432593033058e+01
4.835436379038792154e+01 4.836403725499371120e+01
5.219485908044144651e+01 5.220262826910277454e+01
5.603529377639988240e+01 5.603818452553731788e+01
5.987387863869182780e+01 5.987502016808181793e+01
6.370965464544671164e+01 6.371605238105280478e+01
6.754765133824275836e+01 6.755349620735451310e+01
7.138659343868353346e+01 7.138985833299985018e+01
7.522302698510887353e+01 7.523026089324307009e+01
7.906146367662441321e+01 7.906627818277004849e+01
8.289867579371349393e+01 8.290311017908985036e+01
8.673703482671821519e+01 8.674187406921201671e+01
9.057342640655795662e+01 9.057682621729613004e+01
9.440968522198633650e+01 9.441226355216053889e+01
9.824567848971065587e+01 9.825113982011258429e+01
1.020828783323986784e+02 1.020893299476073253e+02
1.059212244986869251e+02 1.059220667553337876e+02
1.097572571172761968e+02 1.097584138738630344e+02
1.135922597805154908e+02 1.135968282717117148e+02
1.174287216214734286e+02 1.174347011616781913e+02
1.212652636282740559e+02 1.212701594850639992e+02
