2.285656167272393020e+02
2.023646834957077090e+02
3.015762847978233481e+02
2.033355920100016192e+02
2.340668768877660000e+02
1.894638541613328755e+02
1.760109430020107766e+02
2.144555497021877954e+02
1.746851703188704334e+02
2.834469280543186187e+02
2.171048881974450637e+02
2.459049281430932297e+02
1.535562774689517482e+02
2.519992830487746573e+02
2.111418396542673861e+02
2.470630555638100816e+02
2.719134823855023342e+02
2.456784071439321337e+02
2.008925020756199729e+02
1.997045666019216128e+02
2.119956722298737759e+02
2.600657885436635297e+02
2.260554629715662145e+02
2.747584524408262610e+02
2.764108626948683423e+02
1.635144067841426079e+02
2.254470317540856286e+02
2.275465054073214617e+02
2.735174043016256178e+02
2.566679849638678661e+02
2.742100602118247252e+02
2.620109217137498945e+02
2.295463187906942721e+02
2.513866680213883740e+02
2.709922380373795363e+02
2.725847121337396857e+02
2.153463651079806027e+02
2.599564639058365287e+02
1.735707986003495193e+02
2.096127644110147230e+02
2.149197331885775384e+02
2.110679484369709371e+02
2.756801700022543855e+02
2.580160426208154831e+02
2.128644997380697816e+02
1.976990327298834984e+02
2.153514295635111182e+02
2.010321393571928468e+02
2.210858269725004561e+02
2.235495872070555663e+02
1.841252761540606855e+02
2.280595753110310966e+02
2.346447558525791521e+02
2.235050362139066351e+02
2.354311181665823938e+02
2.582500455490300624e+02
2.405447075093771900e+02
2.629189304450310374e+02
1.768535638497208424e+02
2.004712913005212727e+02
2.499461227909544050e+02
2.577983854997651179e+02
2.249031641343271133e+02
2.507021516574520206e+02
2.485741697868934637e+02
2.038316258846166988e+02
2.233427216842970324e+02
2.970144721439214663e+02
2.129048338934407525e+02
2.716588422856769398e+02
1.413419855180050035e+02
2.732222222691495404e+02
2.742524509572876923e+02
2.235195735642682564e+02
2.018747593512757135e+02
2.229373003400322375e+02
2.191462663108800086e+02
2.517559326385827205e+02
2.142472805101554059e+02
2.446108139311489822e+02
2.163519248859332720e+02
2.256577231681036153e+02
2.289631457848121840e+02
2.452920117599745140e+02
2.609787869202071420e+02
2.137719133842684300e+02
2.513590039557371654e+02
2.015252433923674005e+02
2.366992260349159096e+02
2.738685954829552429e+02
2.398026771386706457e+02
2.115690857000682854e+02
2.517199412031635859e+02
2.736565641402011693e+02
1.872111082025558346e+02
2.474333304508141396e+02
2.260844873246868758e+02
2.736608077329705111e+02
2.754413539915962588e+02
2.176319429110501176e+02
