5.633291602556400903e+02
6.075947259785164078e+02
5.545158646060359615e+02
5.688146863400063467e+02
5.070773372345842063e+02
4.988434195473147952e+02
5.128126962892928304e+02
5.024237010368327105e+02
6.207799858871189826e+02
5.938525013839353051e+02
5.065364799708759165e+02
4.107193136337724582e+02
5.524125148258483478e+02
4.644731417322787479e+02
5.191250970684518506e+02
5.184438231086519409e+02
6.094653443885155184e+02
6.212248329661114212e+02
5.816582392561034567e+02
5.543462006597771961e+02
5.569785028329115448e+02
5.517021228197631899e+02
5.729682855960925281e+02
5.842127843504490556e+02
4.958022603177115002e+02
6.103109720677369978e+02
5.723796554072276876e+02
5.184937979457894244e+02
5.784692744836428346e+02
5.163853200919384108e+02
4.940108887367614443e+02
5.187882957887530893e+02
4.814578774083163353e+02
6.077641457064147517e+02
5.690982686350716904e+02
5.435421803799172267e+02
5.310947227445365115e+02
5.341832708203003222e+02
5.160121456099770967e+02
5.693442580462841534e+02
5.551252779986042469e+02
5.426634791200789323e+02
4.652359756951109944e+02
5.696385370564574941e+02
5.947609619008516120e+02
5.980490987706430133e+02
5.270688433587255304e+02
4.781198897557458736e+02
5.488445417442560483e+02
4.273558129378949957e+02
4.829086641321531488e+02
5.827358520807721334e+02
5.185769650620756011e+02
5.320009374458612683e+02
5.928416351736387924e+02
5.410974998516152255e+02
4.658710120545056839e+02
5.968274916194610569e+02
4.920676601256554932e+02
5.765649438452267077e+02
5.200434223325091807e+02
5.178516568083780385e+02
5.167589640325597884e+02
4.354168675194033540e+02
5.821702525693464167e+02
4.938791854121005258e+02
4.843598152097683851e+02
5.797906246654504230e+02
4.799567125665951153e+02
5.181992471948769889e+02
4.764958240283708051e+02
5.532307162869694821e+02
5.306357627689108085e+02
5.182296399764949228e+02
5.952470425529043041e+02
5.314001603838725032e+02
3.982084253481804694e+02
5.107044862222833217e+02
5.326440849788598371e+02
4.790956931597600033e+02
5.789829727502949481e+02
4.935604964381564628e+02
5.297641698379884474e+02
5.968665400715472060e+02
4.606269817805634261e+02
5.030766145584475453e+02
5.457920816825335351e+02
5.711973998700917718e+02
5.932287178941451202e+02
5.087521829237211932e+02
5.167392790172621062e+02
5.437294752278118040e+02
5.969171852631978936e+02
5.069520557602968438e+02
4.393722371620300464e+02
5.851504494435474726e+02
5.337925016700191918e+02
4.750611759160028669e+02
5.917182602981629316e+02
5.103203677254969648e+02
