3.987015531581469645e+02
5.051091023696413913e+02
4.788676182010581215e+02
5.948564906922561022e+02
5.262317013737298339e+02
5.177745354299080418e+02
5.386494927248246540e+02
4.889935712314742773e+02
4.269327255196906208e+02
5.025135589767098736e+02
5.575296471212591314e+02
5.079430211686685652e+02
4.931283322192185778e+02
5.176648718638366518e+02
4.543146996216688649e+02
4.434116361851625356e+02
4.654704511966913287e+02
5.666786686746198711e+02
5.168149148979794063e+02
4.434977404435487074e+02
4.794539624219091820e+02
5.922489772904683605e+02
4.653238507630923664e+02
5.285350809656054025e+02
4.543156313565191908e+02
5.571432102592225419e+02
5.633819133002547233e+02
4.558973257960785759e+02
5.068616523365845978e+02
4.939791240053701245e+02
5.402340529815867285e+02
5.555134676306154233e+02
5.887729993673527815e+02
5.150658709552260461e+02
6.227130056039527517e+02
4.503553130549761363e+02
5.613278744842129981e+02
5.562860163378217067e+02
5.816178161038037615e+02
5.752784993309180663e+02
4.779060350296919637e+02
4.823878944909372990e+02
5.935771526894521912e+02
5.849933706632112944e+02
5.196165922694583514e+02
4.902306315012326650e+02
5.551017413922076003e+02
5.373925535874520847e+02
5.290179263028273908e+02
4.655833785620587264e+02
5.934455892768913827e+02
4.932925031882942903e+02
4.940199813107321347e+02
6.079424663446025079e+02
5.980133011429953740e+02
5.584206512692443312e+02
5.660421317444826173e+02
5.345272483779006052e+02
5.174840109489566657e+02
5.184730535228820827e+02
5.203262973363223409e+02
4.936555278449519619e+02
4.903040382863778746e+02
4.790188421608143017e+02
5.463117414547797352e+02
6.090531592071632758e+02
5.567728693717995156e+02
5.050869481702204098e+02
5.030768251842173981e+02
4.148815053183624286e+02
4.922012576709986433e+02
5.420731172386784920e+02
4.756099339377895490e+02
5.702302324685899748e+02
5.290227392946491136e+02
4.200063507524969282e+02
5.698978150431499898e+02
4.614952172014801590e+02
5.736843809486040300e+02
4.500446348357238548e+02
6.347262476915791467e+02
4.736051619928009018e+02
4.916502609021410990e+02
5.719113124332114921e+02
4.890095385823905190e+02
5.472556499060640363e+02
6.094113422703030665e+02
5.202129881469772954e+02
5.211161265911862301e+02
4.869852384236309035e+02
5.074436727301750238e+02
4.668888596386277641e+02
5.563633732692080685e+02
5.095543958238113760e+02
5.649928165459407410e+02
5.048409537372101568e+02
5.513676326688664631e+02
5.422737142035081206e+02
4.935327976769966085e+02
4.510783526292310057e+02
