0.000000000000000000e+00 0.000000000000000000e+00
4.653118675906258161e+00 4.671852578960005609e+00
9.306237351613720676e+00 9.343555064329734705e+00
1.395935602740238757e+01 1.401510987115337414e+01
1.861247470318251729e+01 1.868651935712210133e+01
2.326559338606905669e+01 2.335778582066070541e+01
2.791871207162706980e+01 2.802891149784478841e+01
3.257183076177233261e+01 3.269989859267022325e+01
3.722494944449321252e+01 3.737074924886614724e+01
4.187806812049814909e+01 4.204146553108954976e+01
4.653118679781972844e+01 4.671204952393787124e+01
5.118430548496931465e+01 5.138250320392647552e+01
5.583742417713844475e+01 5.605282850704766417e+01
6.049054285849842927e+01 6.072302736084024843e+01
6.514366155789085155e+01 6.539310161827285128e+01
6.979678023519797136e+01 7.006305312266975704e+01
7.444989892363503259e+01 7.473288364425742714e+01
7.910301760000822924e+01 7.940259493528179746e+01
8.375613630083222461e+01 8.407218870553587919e+01
8.840925498148176587e+01 8.874166664312210173e+01
9.306237368689723155e+01 9.341103035754733241e+01
9.771549238609432564e+01 9.808028146212942033e+01
1.023686110881765359e+02 1.027494215188609701e+02
1.070217298005852200e+02 1.074184520554091478e+02
1.116748485292157511e+02 1.120873745968650610e+02
1.163279672457342144e+02 1.167561906039868234e+02
1.209810859464017767e+02 1.214249015511268510e+02
1.256342046336758074e+02 1.260935088040111225e+02
1.302873233708980933e+02 1.307620137725376992e+02
1.349404420756677325e+02 1.354304177849637369e+02
1.395935608282124178e+02 1.400987222168956805e+02
1.442466795658031060e+02 1.447669283566733327e+02
1.488997982567806559e+02 1.494350374860225656e+02
1.535529169715873650e+02 1.541030508592671708e+02
1.582060356704848800e+02 1.587709696735787475e+02
1.628591543586965145e+02 1.634387951703087651e+02
1.675122730511793065e+02 1.681065284951424701e+02
1.721653917480996370e+02 1.727741708332900998e+02
1.768185104397914529e+02 1.774417233218921410e+02
1.814716291245570972e+02 1.821091870708797273e+02
1.861247478407794347e+02 1.867765631903315864e+02
1.907778665605188451e+02 1.914438527531805789e+02
1.954309852937468861e+02 1.961110568375752337e+02
2.000841040764528600e+02 2.007781764223959158e+02
2.047372227791369141e+02 2.054452125718367483e+02
2.093903415042784673e+02 2.101121662691734571e+02
2.140434602749009514e+02 2.147790385748614881e+02
2.186965790654064108e+02 2.194458303715900911e+02
2.233496978507963604e+02 2.241125425752929630e+02
2.280028166354280756e+02 2.287791761947344185e+02
2.326559354385235281e+02 2.334457321166289887e+02
2.373090542186305925e+02 2.381122111866044975e+02
2.419621730003653965e+02 2.427786143517401172e+02
2.466152917082964393e+02 2.474449424296042253e+02
2.512684104864123071e+02 2.521111963117573680e+02
2.559215292165980600e+02 2.567773768336826379e+02
2.605746479110788414e+02 2.614434848092646462e+02
2.652277666400840417e+02 2.661095210161650471e+02
2.698808853541901840e+02 2.707754862349472091e+02
2.745340041018101829e+02 2.754413813813335423e+02
2.791871227977509875e+02 2.801072070632923214e+02
2.838402415833571126e+02 2.847729641217187577e+02
2.884933603063388432e+02 2.894386532946913348e+02
2.931464790411893091e+02 2.941042753617372227e+02
2.977995978165722022e+02 2.987698310057235176e+02
3.024527165791841981e+02 3.034353209052959528e+02
3.071058352782888505e+02 3.081007459171786422e+02
3.117589539768931672e+02 3.127661065672986638e+02
3.164120726688808531e+02 3.174314036003022466e+02
3.210651913999176941e+02 3.220966375221387921e+02
3.257183101098037241e+02 3.267618091355084289e+02
3.303714288315344447e+02 3.314269191674742387e+02
3.350245475570287113e+02 3.360919680550352950e+02
3.396776663049595300e+02 3.407569564628288390e+02
3.443307850457086374e+02 3.454218851041827065e+02
3.489839037676736666e+02 3.500867545105580234e+02
3.536370225023841272e+02 3.547515652824821473e+02
3.582901412669454544e+02 3.594163181130951443e+02
3.629432600177981953e+02 3.640810134197926118e+02
3.675963788868966162e+02 3.687456518789397251e+02
3.722494976405019429e+02 3.734102341181462634e+02
3.769026164959423113e+02 3.780747605117742296e+02
3.815557352090927452e+02 3.827392317240963280e+02
3.862088540828523264e+02 3.874036482319217498e+02
3.908619727775293313e+02 3.920680105889272227e+02
3.955150915015220789e+02 3.967323194191417315e+02
4.001682101876502884e+02 4.013965751166149403e+02
4.048213289479612058e+02 4.060607781573502280e+02
4.094744477619101417e+02 4.107249290988238499e+02
4.141275664738840305e+02 4.153890285171225969e+02
4.187806851626946809e+02 4.200530768727066970e+02
4.234338038612017385e+02 4.247170744686255830e+02
4.280869225948080157e+02 4.293810218736293223e+02
4.327400412985180083e+02 4.340449196368830940e+02
4.373931601760123158e+02 4.387087681079435697e+02
4.420462790070724282e+02 4.433725678984094998e+02
4.466993979404668380e+02 4.480363192279172608e+02
4.513525166197518388e+02 4.527000226443344104e+02
4.560056353177097321e+02 4.573636787735591156e+02
4.606587540017304150e+02 4.620272878452378222e+02
4.653118727203679441e+02 4.666908501526322084e+02
4.699649914972167153e+02 4.713543663439737657e+02
4.746181102039895450e+02 4.760178366092058013e+02
4.792712290499020469e+02 4.806812614885326980e+02
4.839243477644984637e+02 4.853446415515086301e+02
4.885774665121647331e+02 4.900079770151951379e+02
4.932305852041033631e+02 4.946712682784385606e+02
4.978837040320466940e+02 4.993345156721100011e+02
5.025368229478296485e+02 5.039977195313807670e+02
5.071899416888609267e+02 5.086608802789927495e+02
5.118430603977146802e+02 5.133239985378734218e+02
5.164961791250276519e+02 5.179870742621026238e+02
5.211492978975109054e+02 5.226501080313755665e+02
