0.000000000000000000e+00 0.000000000000000000e+00
5.894627544319019918e+00 5.913698666814978466e+00
1.178925471620981469e+01 1.182725340991983565e+01
1.768388190742993871e+01 1.774066634417253141e+01
2.357850926451886053e+01 2.365393971447719679e+01
2.947313643021096397e+01 2.956707539375161176e+01
3.536776369550387500e+01 3.548007552130082587e+01
4.126239101066786930e+01 4.139294234193437205e+01
4.715701822850994773e+01 4.730567743783613111e+01
5.305164565053132009e+01 5.321828256617229158e+01
5.894627283849916921e+01 5.913076005893989873e+01
6.484090026035664778e+01 6.504311121411804208e+01
7.073552745112192497e+01 7.095533788388463847e+01
7.663015500150626735e+01 7.686744210038852998e+01
8.252478221624318167e+01 8.277942535573001237e+01
8.841940945257519502e+01 8.869128914606099556e+01
9.431403687234805489e+01 9.460303550672779238e+01
1.002086640697098829e+02 1.005146656170599044e+02
1.061032913504527642e+02 1.064261815539380223e+02
1.119979185815463012e+02 1.123375844606214002e+02
1.178925457769048251e+02 1.182488755221283441e+02
1.237871733455265826e+02 1.241600568645862666e+02
1.296818005364219744e+02 1.300711294777966884e+02
1.355764278232043694e+02 1.359820952010276756e+02
1.414710549922440919e+02 1.418929547728843659e+02
1.473656821572418494e+02 1.478037100264292008e+02
1.532603094265787718e+02 1.537143620611348638e+02
1.591549366538978347e+02 1.596249123931739291e+02
1.650495638966509091e+02 1.655353625793075025e+02
1.709441912305306914e+02 1.714457135029528558e+02
1.768388185917452802e+02 1.773559660507510785e+02
1.827334457674601254e+02 1.832661221940363134e+02
1.886280732860890907e+02 1.891761823388959840e+02
1.945227005986283189e+02 1.950861484381363766e+02
2.004173278548641406e+02 2.009960212225997225e+02
2.063119550524984334e+02 2.069058018722402608e+02
2.122065822302373590e+02 2.128154914540197353e+02
2.181012094105118422e+02 2.187250906877115995e+02
2.239958365903890467e+02 2.246346011287909619e+02
2.298904637906649668e+02 2.305440236244832874e+02
2.357850909874995295e+02 2.364533594677098449e+02
2.416797183125684683e+02 2.423626093371020715e+02
2.475743454889089321e+02 2.482717743890212319e+02
2.534689727216282336e+02 2.541808559620374126e+02
2.593635999835365737e+02 2.600898546390865249e+02
2.652582274837591285e+02 2.659987712729900977e+02
2.711528548015426168e+02 2.719076070173276776e+02
2.770474821893977264e+02 2.778163622870422955e+02
2.829421094119774125e+02 2.837250383959303690e+02
2.888367367422839607e+02 2.896336364431589345e+02
2.947313642534680866e+02 2.955421567110087153e+02
3.006259915146678168e+02 3.014506005037758314e+02
3.065206186896659801e+02 3.073589687348351163e+02
3.124152460259364830e+02 3.132672618317853903e+02
3.183098732076105080e+02 3.191754809987101567e+02
3.242045005894123051e+02 3.250836266873178033e+02
3.300991277752793280e+02 3.309916998716176977e+02
3.359937549538281019e+02 3.368997012531937116e+02
3.418883821303612649e+02 3.428076315391697335e+02
3.477830096105354869e+02 3.487154915331685174e+02
3.536776368635684094e+02 3.546232819894674435e+02
3.595722640849788831e+02 3.605310038103102670e+02
3.654668914136738067e+02 3.664386573771849953e+02
3.713615188543134309e+02 3.723462435618399695e+02
3.772561460703135481e+02 3.782537630735084804e+02
3.831507735133566257e+02 3.841612167994083507e+02
3.890454009518757061e+02 3.900686051691741341e+02
3.949400281030384576e+02 3.959759288694930319e+02
4.008346553157037988e+02 4.018831883773486879e+02
4.067292825355838772e+02 4.077903845550578126e+02
4.126239097211086460e+02 4.136975178753359614e+02
4.185185369735935410e+02 4.196045891095798197e+02
4.244131642716075703e+02 4.255115991053436915e+02
4.303077914376236777e+02 4.314185480847026497e+02
4.362024188796918907e+02 4.373254367426710587e+02
4.420970460581207817e+02 4.432322656253730884e+02
4.479916732643505952e+02 4.491390352338756884e+02
4.538863005996383322e+02 4.550457465862422168e+02
4.597809277637677496e+02 4.609523999048208793e+02
4.656755550669655577e+02 4.668589956920931172e+02
4.715701822676447819e+02 4.727655346017893407e+02
4.774648094846801314e+02 4.786720169674782710e+02
4.833594366612527438e+02 4.845784435601043469e+02
4.892540640824370826e+02 4.904848147417791324e+02
4.951486913506852261e+02 4.963911312236344884e+02
5.010433185256540582e+02 5.022973932206732002e+02
5.069379457301678258e+02 5.082036014780997562e+02
5.128325729171937155e+02 5.141097563009566329e+02
5.187272000986849889e+02 5.200158583025915959e+02
5.246218272763229606e+02 5.259219082133955681e+02
5.305164544501951696e+02 5.318279062625971392e+02
5.364110816206818981e+02 5.377338529523242414e+02
5.423057088136836228e+02 5.436397487436602205e+02
5.482003359844637771e+02 5.495455940737949732e+02
5.540949632023307458e+02 5.554513893305140755e+02
5.599895903726865072e+02 5.613571350585267510e+02
5.658842175316315206e+02 5.672628314298652867e+02
5.717788446996885341e+02 5.731684791818692020e+02
5.776734718584666552e+02 5.790740785154707737e+02
5.835680990597024902e+02 5.849796299211053565e+02
5.894627262306689772e+02 5.908851338728154587e+02
5.953573534009954074e+02 5.967905907919043784e+02
6.012519805923291187e+02 6.026960010719515139e+02
6.071466077526274603e+02 6.086013651122768806e+02
6.130412349173500388e+02 6.145066833411706284e+02
6.189358620855837216e+02 6.204119560795516009e+02
6.248304892510468562e+02 6.263171837444772336e+02
6.307251164182745242e+02 6.322223667174499724e+02
6.366197435876597410e+02 6.381275053726278657e+02
6.425143707592542341e+02 6.440326002510951184e+02
6.484089979292400585e+02 6.499376513773281658e+02
6.543036251018625080e+02 6.558426592878065549e+02
6.601982522743173831e+02 6.617476243388634884e+02
