0.000000000000000000e+00 0.000000000000000000e+00
5.894627258704540296e+00 5.913698549039379415e+00
1.178925478830388940e+01 1.182725322802661161e+01
1.768388230406963402e+01 1.774066616536378760e+01
2.357850955838784301e+01 2.365393945815632293e+01
2.947313673178785720e+01 2.956707529001239010e+01
3.536776417076906398e+01 3.548007567459296752e+01
4.126239148798184431e+01 4.139294220587225936e+01
4.715701868649723849e+01 4.730567735650603112e+01
5.305164588228670652e+01 5.321828255093807059e+01
5.894627313786232037e+01 5.913075974267225376e+01
6.484090048017215224e+01 6.504311095429787315e+01
7.073552807425100752e+01 7.095533788224716432e+01
7.663015564508199873e+01 7.686744191572594787e+01
8.252478294106663270e+01 8.277942534924127926e+01
8.841941013185487463e+01 8.869128949743752344e+01
9.431403732189038180e+01 9.460303576367184064e+01
1.002086645104836578e+02 1.005146662463009477e+02
1.061032916843240343e+02 1.064261819764292625e+02
1.119979190982932522e+02 1.123375848024507633e+02
1.178925463371268734e+02 1.182488758878192527e+02
1.237871735278202152e+02 1.241600572796067183e+02
1.296818007608005132e+02 1.300711301015037407e+02
1.355764282779264249e+02 1.359820958214056077e+02
1.414710555034881168e+02 1.418929555196193064e+02
1.473656827680564447e+02 1.478037109399526230e+02
1.532603100100221809e+02 1.537143631130124390e+02
1.591549372119712586e+02 1.596249134063208999e+02
1.650495644383152580e+02 1.655353631749192971e+02
1.709441916341909860e+02 1.714457137470377859e+02
1.768388188105626284e+02 1.773559666570425009e+02
1.827334460156243381e+02 1.832661227934472663e+02
1.886280731905933123e+02 1.891761832852750729e+02
1.945227004142160183e+02 1.950861493790658301e+02
2.004173276379761433e+02 2.009960221850602409e+02
2.063119548149179536e+02 2.069058024387033186e+02
2.122065819926775134e+02 2.128154920046772531e+02
2.181012091899798406e+02 2.187250916182540266e+02
2.239958363696589743e+02 2.246346019593182177e+02
2.298904636909234114e+02 2.305440244348578176e+02
2.357850909081668362e+02 2.364533601551132449e+02
2.416797183380624574e+02 2.423626100321453691e+02
2.475743455141405320e+02 2.482717750630899047e+02
2.534689726861963095e+02 2.541808565287441297e+02
2.593636000149939491e+02 2.600898548238649255e+02
2.652582275044192102e+02 2.659987711880087318e+02
2.711528547193655641e+02 2.719076066012191859e+02
2.770474820427204463e+02 2.778163621329940156e+02
2.829421092570869405e+02 2.837250382022269832e+02
2.888367365716657105e+02 2.896336359593237262e+02
2.947313638550094765e+02 2.955421564019906100e+02
3.006259912749465002e+02 3.014506004106040677e+02
3.065206184659995188e+02 3.073589685906235900e+02
3.124152456474569135e+02 3.132672616853219552e+02
3.183098728291369639e+02 3.191754807163653140e+02
3.242045000102729659e+02 3.250836263580936247e+02
3.300991273562261767e+02 3.309916997056328682e+02
3.359937545347327159e+02 3.368997010237662835e+02
3.418883817615253520e+02 3.428076313096756849e+02
3.477830092712479200e+02 3.487154916280763928e+02
3.536776365178205879e+02 3.546232823313815743e+02
3.595722639040338890e+02 3.605310039938125897e+02
3.654668912328457964e+02 3.664386576486580793e+02
3.713615186436582007e+02 3.723462439394634202e+02
3.772561458594899477e+02 3.782537636374848375e+02
3.831507730078393479e+02 3.841612173702135351e+02
3.890454004641400729e+02 3.900686057385721597e+02
3.949400278818246761e+02 3.959759293916681600e+02
4.008346552547525903e+02 4.018831888383190289e+02
4.067292825106835039e+02 4.077903849968530494e+02
4.126239100292070816e+02 4.136975182928305230e+02
4.185185372850618819e+02 4.196045897144820742e+02
4.244131644545108202e+02 4.255115995345862530e+02
4.303077916203094446e+02 4.314185485098487334e+02
4.362024190369646703e+02 4.373254371665600502e+02
4.420970462155000291e+02 4.432322659209032736e+02
4.479916733821283970e+02 4.491390358529382070e+02
4.538863005411055269e+02 4.550457472012574840e+02
4.597809276982115989e+02 4.609524005203634260e+02
4.656755548623220875e+02 4.668589964045048646e+02
4.715701820298093025e+02 4.727655353097259763e+02
4.774648094938090708e+02 4.786720177516235140e+02
4.833594367104196863e+02 4.845784442836828134e+02
4.892540641408850206e+02 4.904848153397102806e+02
4.951486914512399835e+02 4.963911316674433465e+02
5.010433187764428453e+02 5.022973936741044554e+02
5.069379459646950181e+02 5.082036019346280113e+02
5.128325732734591611e+02 5.141097567792076006e+02
5.187272004553593661e+02 5.200158590354586750e+02
5.246218276329755099e+02 5.259219089418481872e+02
5.305164548068505610e+02 5.318279069899446085e+02
5.364110819772745344e+02 5.377338536505811817e+02
5.423057091464791029e+02 5.436397494012037441e+02
5.482003363172509580e+02 5.495455947231821483e+02
5.540949634940900523e+02 5.554513899782280077e+02
5.599895906644608203e+02 5.613571357033032427e+02
5.658842178406428047e+02 5.672628320724905961e+02
5.717788449988311186e+02 5.731684796146183771e+02
5.776734721787656781e+02 5.790740789928454433e+02
5.835680993423507061e+02 5.849796303989121498e+02
5.894627268598069350e+02 5.908851343581201263e+02
5.953573541537055007e+02 5.967905912777421236e+02
6.012519813375013200e+02 6.026960015589904742e+02
6.071466084997139205e+02 6.086013655995132012e+02
6.130412356597793178e+02 6.145066837949436831e+02
6.189358628298452913e+02 6.204119565340336067e+02
6.248304899942756947e+02 6.263171842007895975e+02
6.307251171615141629e+02 6.322223671745477986e+02
6.366197443304829449e+02 6.381275058305326411e+02
6.425143715003450779e+02 6.440326005391173112e+02
6.484089986706758282e+02 6.499376516673153219e+02
6.543036258431002352e+02 6.558426595812584310e+02
6.601982530155412405e+02 6.617476246349790472e+02
