0.000000000000000000e+00 0.000000000000000000e+00
5.894627206516107165e+00 5.913698668676878434e+00
1.178925480906708323e+01 1.182725342511116828e+01
1.768388232328144127e+01 1.774066635922833157e+01
2.357850970107320876e+01 2.365393978013906207e+01
2.947313693585990535e+01 2.956707548913280093e+01
3.536776443558173355e+01 3.548007598518595529e+01
4.126239175212350574e+01 4.139294258797871606e+01
4.715701902923105138e+01 4.730567755428683085e+01
5.305164652620929644e+01 5.321828266130074780e+01
5.894627402392855231e+01 5.913075981275419934e+01
6.484090146767165663e+01 6.504311110120963235e+01
7.073552866559762720e+01 7.095533774341653555e+01
7.663015615079285681e+01 7.686744180410912008e+01
8.252478334210026389e+01 8.277942499431364354e+01
8.841941091333137592e+01 8.869128892934261899e+01
9.431403810254514042e+01 9.460303527742388496e+01
1.002086652899922967e+02 1.005146656405836154e+02
1.061032925196907826e+02 1.064261812176412434e+02
1.119979199148728810e+02 1.123375837738679763e+02
1.178925472618427932e+02 1.182488748624615482e+02
1.237871744381715473e+02 1.241600560411913818e+02
1.296818016762022125e+02 1.300711288753924748e+02
1.355764290489466077e+02 1.359820946081319448e+02
1.414710562753849104e+02 1.418929543097701469e+02
1.473656834404302174e+02 1.478037096283163123e+02
1.532603107497623682e+02 1.537143618488334766e+02
1.591549380890576231e+02 1.596249122072076148e+02
1.650495654212662089e+02 1.655353619736772544e+02
1.709441926414423847e+02 1.714457127008262205e+02
1.768388199800172060e+02 1.773559656267050002e+02
1.827334471557929589e+02 1.832661213868117898e+02
1.886280743561758015e+02 1.891761819196943293e+02
1.945227016119887367e+02 1.950861480116253688e+02
2.004173288683190890e+02 2.009960208049331527e+02
2.063119560453929751e+02 2.069058014357237028e+02
2.122065832256899967e+02 2.128154910116487599e+02
2.181012104053490361e+02 2.187250906666998844e+02
2.239958375851744847e+02 2.246346010236428299e+02
2.298904647785332429e+02 2.305440236433850600e+02
2.357850919593932417e+02 2.364533595292685391e+02
2.416797191596409107e+02 2.423626094403109619e+02
2.475743463358094800e+02 2.482717745134185634e+02
2.534689735273801148e+02 2.541808560892080209e+02
2.593636008731612037e+02 2.600898547606340117e+02
2.652582283644381960e+02 2.659987711366885605e+02
2.711528557489199329e+02 2.719076065715129857e+02
2.770474829037228801e+02 2.778163621461333719e+02
2.829421101180947744e+02 2.837250384063846127e+02
2.888367374644998335e+02 2.896336362626419714e+02
2.947313646247488350e+02 2.955421567002682650e+02
3.006259921003163527e+02 3.014506005437226577e+02
3.065206194501392361e+02 3.073589686617313532e+02
3.124152466316280652e+02 3.132672618963957802e+02
3.183098738152250462e+02 3.191754809892004232e+02
3.242045009963807729e+02 3.250836265990299694e+02
3.300991281767563805e+02 3.309916997926615068e+02
3.359937553566669521e+02 3.368997011131001500e+02
3.418883825316360117e+02 3.428076314023205668e+02
3.477830100171854610e+02 3.487154917092445885e+02
3.536776372662833410e+02 3.546232821671683269e+02
3.595722645032573155e+02 3.605310040505381153e+02
3.654668918336506067e+02 3.664386576471428043e+02
3.713615192430787602e+02 3.723462439905920860e+02
3.772561464369047144e+02 3.782537637281525349e+02
3.831507735845146954e+02 3.841612174443804406e+02
3.890454007672944385e+02 3.900686058139152692e+02
3.949400281958233450e+02 3.959759294704654167e+02
4.008346554614761317e+02 4.018831889324663393e+02
4.067292827345820569e+02 4.077903850896165636e+02
4.126239099837258664e+02 4.136975184205036840e+02
4.185185372544306688e+02 4.196045898385486908e+02
4.244131644249121109e+02 4.255115995364022865e+02
4.303077916480006593e+02 4.314185485093926218e+02
4.362024188146174879e+02 4.373254371680242230e+02
4.420970460541000193e+02 4.432322659068771600e+02
4.479916732652645237e+02 4.491390355084791963e+02
4.538863004242851957e+02 4.550457468540903960e+02
4.597809275813860950e+02 4.609524001770316204e+02
4.656755547452181645e+02 4.668589957086126105e+02
4.715701819125311545e+02 4.727655346169622703e+02
4.774648093263052715e+02 4.786720170398314167e+02
4.833594365141166236e+02 4.845784434756632777e+02
4.892540639345972977e+02 4.904848148926286626e+02
4.951486912359736152e+02 4.963911311187147817e+02
5.010433183993998796e+02 5.022973931290711107e+02
5.069379456575607037e+02 5.082036013882972156e+02
5.128325728308614089e+02 5.141097564820895514e+02
5.187272000124728493e+02 5.200158587370308396e+02
5.246218273277378330e+02 5.259219086457754884e+02
5.305164545015989006e+02 5.318279067214152747e+02
5.364110816847860406e+02 5.377338533796155389e+02
5.423057088538491826e+02 5.436397491320473137e+02
5.482003360255762345e+02 5.495455944533068759e+02
5.540949632020983699e+02 5.554513897089211696e+02
5.599895903732815441e+02 5.613571354319002467e+02
5.658842175322329240e+02 5.672628318080703593e+02
5.717788446908808737e+02 5.731684795240350923e+02
5.776734718486034126e+02 5.790740788568477910e+02
5.835680990139275082e+02 5.849796302644824664e+02
5.894627261880655169e+02 5.908851342221375944e+02
5.953573533541193683e+02 5.967905911395070007e+02
6.012519805447936960e+02 6.026960014179833252e+02
6.071466077051388766e+02 6.086013654850928560e+02
6.130412349093556941e+02 6.145066836778933066e+02
6.189358620708507033e+02 6.204119564145811410e+02
6.248304892364674288e+02 6.263171841875956716e+02
6.307251164025653907e+02 6.322223671708902657e+02
6.366197435718750057e+02 6.381275058232974970e+02
6.425143707436001250e+02 6.440326005288613942e+02
6.484089979141847380e+02 6.499376516537849966e+02
6.543036251316220842e+02 6.558426595642351913e+02
6.601982523034731685e+02 6.617476246145406549e+02
