0.000000000000000000e+00 0.000000000000000000e+00
3.089401057527392247e+00 3.089401057527394023e+00
7.293832410120333343e+00 7.293834928358378988e+00
1.150118057657345361e+01 1.150102015970150404e+01
1.570816330388458226e+01 1.570756868047353905e+01
1.991323201943623999e+01 1.991281724862813718e+01
2.411768144333122166e+01 2.411740641935667284e+01
2.832100637845039159e+01 2.832091771501293209e+01
3.252394317428866088e+01 3.252410072037888256e+01
3.672670756199460840e+01 3.672730609623672393e+01
4.092947918410203556e+01 4.093040885759108960e+01
4.513238655847644054e+01 4.513324421762342809e+01
4.933497691100151883e+01 4.933605827807874533e+01
5.353758562757010253e+01 5.353901882259077638e+01
5.773970584881303125e+01 5.774103542176479209e+01
6.194134080608895232e+01 6.194301162272302008e+01
6.614319094001670862e+01 6.614483865294934617e+01
7.034483451411523447e+01 7.034640135411302708e+01
7.454613668483816014e+01 7.454803894061741687e+01
7.874750374026183408e+01 7.874973402488880936e+01
8.294874032999626934e+01 8.295123909513840488e+01
8.714999476353386854e+01 8.715255973350667773e+01
9.135136450752770543e+01 9.135402894827281273e+01
9.555258365466660564e+01 9.555539772928983666e+01
9.975380121142038092e+01 9.975671824413251443e+01
1.039549932308049591e+02 1.039579593711411150e+02
1.081559710932309031e+02 1.081591276018952783e+02
1.123571043070224391e+02 1.123603923508498212e+02
1.165582574059664438e+02 1.165618044250967387e+02
1.207593609082503008e+02 1.207630926359795183e+02
1.249602293838959071e+02 1.249641880763198571e+02
1.291612100738731499e+02 1.291650510235846525e+02
1.333621036205810526e+02 1.333658796846752921e+02
1.375631188080765526e+02 1.375668313845565081e+02
1.417640066397498799e+02 1.417678637650014366e+02
1.459649718265521301e+02 1.459689947289449492e+02
1.501658680157104300e+02 1.501701355968151006e+02
1.543665603667507753e+02 1.543711125682052057e+02
1.585673270981748431e+02 1.585721057980691171e+02
1.627679956005312647e+02 1.627730606197686143e+02
1.669688674465020028e+02 1.669739761392206105e+02
1.711694760975354654e+02 1.711746980898271318e+02
1.753703188259302408e+02 1.753754955089258374e+02
1.795710642926201785e+02 1.795762554502569515e+02
1.837716888233489669e+02 1.837772451816168768e+02
1.879722909921296718e+02 1.879782478583710486e+02
1.921727900441310624e+02 1.921793446638382648e+02
1.963734607164961403e+02 1.963802053536136327e+02
2.005741106812959060e+02 2.005811185124112797e+02
2.047746445326372964e+02 2.047821214093640663e+02
2.089752309816772424e+02 2.089827909293474022e+02
2.131757988463677407e+02 2.131835522547079336e+02
2.173426651057743300e+02 2.173508300737757111e+02
2.215430348590215885e+02 2.215517102543466024e+02
2.257433560102988395e+02 2.257522914066061617e+02
2.299440619634894176e+02 2.299529478291210580e+02
2.341444501482434646e+02 2.341533028958082241e+02
2.383449761279999279e+02 2.383538674037509111e+02
2.425456032462298595e+02 2.425544956412261968e+02
2.467461344649896660e+02 2.467549778194639885e+02
2.509466899740616554e+02 2.509556157182492484e+02
2.551472550248713560e+02 2.551560780689089825e+02
2.593476913125049350e+02 2.593566433086457437e+02
2.635479604713154345e+02 2.635572384990829846e+02
2.677482308127524107e+02 2.677577899877305185e+02
