0.000000000000000000e+00 0.000000000000000000e+00
3.089447206732255147e+00 3.089447206732256035e+00
7.293905225635911371e+00 7.293925957604654897e+00
1.150111083409204937e+01 1.150132782837097167e+01
1.570755094804687424e+01 1.570817809308340784e+01
1.991283085010115883e+01 1.991320367736914676e+01
2.411738495393657900e+01 2.411770277918863670e+01
2.832105495790182204e+01 2.832130056010696251e+01
3.252410079766629281e+01 3.252464073634902064e+01
3.672685474749785328e+01 3.672770254765060116e+01
4.092961335793718547e+01 4.093051999330052837e+01
4.513222442616777386e+01 4.513314044388942392e+01
4.933502637208546560e+01 4.933595644507511935e+01
5.353756450782199749e+01 5.353849401162783295e+01
5.773942341230073083e+01 5.774051946182275685e+01
6.194134420668778063e+01 6.194258699925795497e+01
6.614296427704501014e+01 6.614445112445002906e+01
7.034441051769846354e+01 7.034619662698572995e+01
7.454596264473914857e+01 7.454794434204781339e+01
7.874737554623612823e+01 7.874941350799903717e+01
8.294870581785815489e+01 8.295089257169539110e+01
8.714988661989428920e+01 8.715235571512322110e+01
9.135126281910737589e+01 9.135368508894211459e+01
9.555252960237729098e+01 9.555506163221599536e+01
9.975355880900103500e+01 9.975623149162180425e+01
1.039549281222703456e+02 1.039576344300421908e+02
1.081561305000815310e+02 1.081589613590895738e+02
1.123570505184688386e+02 1.123603299725955935e+02
1.165580767664846746e+02 1.165613958573122773e+02
1.207594303964057332e+02 1.207626264549581094e+02
1.249603919787725488e+02 1.249635813360043812e+02
1.291614419870103916e+02 1.291649187031231349e+02
1.333623735124243694e+02 1.333660857877237333e+02
1.375635109716997420e+02 1.375671345787215500e+02
1.417645158279603947e+02 1.417681044271063229e+02
1.459652975106747022e+02 1.459691254654201771e+02
1.501661241608925366e+02 1.501698556431865654e+02
1.543670855282201160e+02 1.543707666566503462e+02
1.585680080296567098e+02 1.585717099109981518e+02
1.627688208451301648e+02 1.627724389440173525e+02
1.669696884158502712e+02 1.669731817293209701e+02
1.711704825065417026e+02 1.711742496570873868e+02
1.753712728851815257e+02 1.753752012681979693e+02
1.795721817922450327e+02 1.795759142572368319e+02
1.837729729088931379e+02 1.837767298349208431e+02
1.879738676244410840e+02 1.879777653267142057e+02
1.921745487986517276e+02 1.921788067461578748e+02
1.963750851233406820e+02 1.963795406849550318e+02
2.005759092106895309e+02 2.005802110219104293e+02
2.047767595872839479e+02 2.047808767865373056e+02
2.089774973133639264e+02 2.089816989250169854e+02
2.131784110231702414e+02 2.131823813032626163e+02
2.173790138607806455e+02 2.173833424745260743e+02
2.215796566992391945e+02 2.215838616720597543e+02
2.257801346349836535e+02 2.257845329844875550e+02
2.299807705321345281e+02 2.299851181572455801e+02
2.341813033554608126e+02 2.341858565501635780e+02
2.383819484231569845e+02 2.383865911410178171e+02
2.425825608696378310e+02 2.425872058799605497e+02
2.467831625123268680e+02 2.467879191690607570e+02
2.509835413621867701e+02 2.509882390072555438e+02
2.551838388119240904e+02 2.551887267702036013e+02
2.593841639238261791e+02 2.593890819786849420e+02
2.635847767892770435e+02 2.635897937246496667e+02
2.677851587418616646e+02 2.677903137228385617e+02
