0.000000000000000000e+00 0.000000000000000000e+00
3.089447227161066678e+00 3.089447227161067566e+00
7.293889039586481715e+00 7.293899335199725442e+00
1.150114256564414816e+01 1.150167123215345732e+01
1.570799439690379451e+01 1.570916671697179012e+01
1.991324063408695366e+01 1.991473998553801650e+01
2.411754166731965654e+01 2.411983647920332885e+01
2.832095721238191288e+01 2.832409138386579173e+01
3.252387346406558777e+01 3.252815342618008287e+01
3.672685664715082510e+01 3.673187969597772451e+01
4.092971057207431329e+01 4.093557430343275882e+01
4.513253481482597351e+01 4.513919276791767743e+01
4.933513005259384698e+01 4.934258732120937196e+01
5.353774021999740285e+01 5.354585322608979681e+01
5.773986773181277954e+01 5.774854261372894371e+01
6.194140162186332077e+01 6.195110537028602948e+01
6.614291280309677745e+01 6.615332669631970930e+01
7.034442352662438225e+01 7.035558069754290500e+01
7.454569780974267701e+01 7.455766789945910489e+01
7.874737094535359461e+01 7.875976366318361954e+01
8.294873312726451786e+01 8.296156190275362974e+01
8.715013607839873089e+01 8.716368479250746759e+01
9.135122735891218326e+01 9.136551843705267117e+01
9.555263111607038695e+01 9.556719556656355508e+01
9.975398786935021178e+01 9.976897602473337656e+01
1.039551385384702655e+02 1.039705353083091097e+02
1.081563437910023708e+02 1.081725716865917377e+02
1.123573959432013680e+02 1.123741738823534888e+02
1.165582494522833770e+02 1.165755478850440170e+02
1.207593655887640267e+02 1.207772008857616868e+02
1.249603371566941803e+02 1.249786356385571082e+02
1.291615350647473406e+02 1.291798885259386793e+02
1.333625374666682717e+02 1.333814108611859695e+02
1.375635343581141967e+02 1.375827771427383084e+02
1.417643350755479048e+02 1.417843487251325030e+02
1.459652380803531173e+02 1.459859617845606294e+02
1.501661354475869814e+02 1.501872289216298668e+02
1.543672470066208007e+02 1.543884988101709723e+02
1.585681417431248690e+02 1.585899868943964179e+02
1.627690600564241663e+02 1.627912084535895474e+02
1.669697789522871858e+02 1.669926249018910198e+02
1.711705246687248518e+02 1.711939987090774196e+02
1.753715811580719901e+02 1.753952194825428705e+02
1.795724811829809369e+02 1.795964963176266451e+02
1.837733473444629908e+02 1.837976672114781991e+02
1.879741932023970037e+02 1.879989910249624359e+02
1.921747466933462647e+02 1.921999980821319696e+02
1.963753043879038671e+02 1.964011501389557282e+02
2.005759840026924792e+02 2.006023930368810966e+02
2.047767421326391570e+02 2.048035039567108697e+02
2.089773076549796542e+02 2.090045004579891383e+02
2.131778270082253357e+02 2.132053813517698018e+02
2.173452774067337714e+02 2.173735727603674377e+02
2.215457806000590608e+02 2.215745313474316163e+02
2.257463051182485003e+02 2.257752513697254813e+02
2.299470421081166478e+02 2.299762000975439946e+02
2.341474972892099231e+02 2.341771806198750596e+02
2.383481791066166977e+02 2.383781468636314571e+02
2.425488767064780973e+02 2.425789383321379091e+02
2.467492694024275295e+02 2.467796945177283874e+02
2.509495708442896955e+02 2.509805593511451320e+02
2.551500279897441033e+02 2.551814227959782784e+02
2.593507443696381642e+02 2.593820716135653583e+02
2.635514971840332805e+02 2.635828050962653606e+02
2.677519009129512142e+02 2.677838101680397358e+02
