0.000000000000000000e+00 0.000000000000000000e+00
3.089447556616033985e+00 3.089447556616033097e+00
7.293895972275455719e+00 7.293902474420933757e+00
1.150098027159734571e+01 1.150174227807761085e+01
1.570768123819635420e+01 1.570864570515869296e+01
1.991291852071410773e+01 1.991400830776103703e+01
2.411728809476570490e+01 2.411878016205626096e+01
2.832077644443419828e+01 2.832237904816133778e+01
3.252364979553306057e+01 3.252565298774331382e+01
3.672647847648201491e+01 3.672909550042103177e+01
4.092931222949756886e+01 4.093212021361492958e+01
4.513206222742807228e+01 4.513505504602163398e+01
4.933489502163062213e+01 4.933817881129294136e+01
5.353762791821637279e+01 5.354088276785665812e+01
5.773953011069828278e+01 5.774304406410126234e+01
6.194141207513268910e+01 6.194510470406962099e+01
6.614323884995658887e+01 6.614725608620517505e+01
7.034474957856662058e+01 7.034922911942837231e+01
7.454623537069458905e+01 7.455126552359075731e+01
7.874747261373858009e+01 7.875292982391275132e+01
8.294871380213285761e+01 8.295451440945956278e+01
8.714995161332360851e+01 8.715618828353882463e+01
9.135135863063969452e+01 9.135767060638835346e+01
9.555262949633436165e+01 9.555949873163299912e+01
9.975375890987402272e+01 9.976117009526547008e+01
1.039551211777837949e+02 1.039629111184142545e+02
1.081562460350749149e+02 1.081647356607540758e+02
1.123573750489362908e+02 1.123664285487536745e+02
1.165584921555414439e+02 1.165677340850950543e+02
1.207593221711646265e+02 1.207690127679820762e+02
1.249603582554262005e+02 1.249705393561846165e+02
1.291612753795598962e+02 1.291716598751702065e+02
1.333620409243136464e+02 1.333727519433827808e+02
1.375630269650354194e+02 1.375739524675055065e+02
1.417638423164801509e+02 1.417752286561891424e+02
1.459648309001867119e+02 1.459765776321481212e+02
1.501658631436599478e+02 1.501778172693593660e+02
1.543666361154671449e+02 1.543791195214881498e+02
1.585674926022530826e+02 1.585801572019103673e+02
1.627683533283760653e+02 1.627813778894479242e+02
1.669690807447155976e+02 1.669824271866690424e+02
1.711698162071346019e+02 1.711835140941860516e+02
1.753703805767334529e+02 1.753845347103298877e+02
1.795710252526666864e+02 1.795853969355451341e+02
1.837719914005610349e+02 1.837864225225118844e+02
1.879728263235256804e+02 1.879874373220889936e+02
1.921737096450955846e+02 1.921882228116873534e+02
1.963741714354603118e+02 1.963889689758884174e+02
2.005749821669677999e+02 2.005899728938875342e+02
2.047759432636453880e+02 2.047911391485594663e+02
2.089766991671561982e+02 2.089920177569000828e+02
2.131772087446150294e+02 2.131928501089176962e+02
2.173445084417044200e+02 2.173610819377173016e+02
2.215450742669358419e+02 2.215618553645599036e+02
2.257454507951125038e+02 2.257626913746116202e+02
2.299460862166076822e+02 2.299634089948715996e+02
2.341463959729231590e+02 2.341641806140638096e+02
2.383468417063422748e+02 2.383648351141378043e+02
2.425475647427081753e+02 2.425653718869028239e+02
2.467480761995961132e+02 2.467661398184582993e+02
2.509484712019565507e+02 2.509669205393825564e+02
2.551490422753257405e+02 2.551675086727437645e+02
2.593495085723676539e+02 2.593682034490270780e+02
2.635500831645057360e+02 2.635687245538356365e+02
2.677505465104267728e+02 2.677693568130208064e+02
