0.000000000000000000e+00 0.000000000000000000e+00
3.089401174236466652e+00 3.089401174236464875e+00
7.293825146203139376e+00 7.293837810294626856e+00
1.150105704098852399e+01 1.150098601414897104e+01
1.570787550642806707e+01 1.570774912552987423e+01
1.991278299907150995e+01 1.991327716510694401e+01
2.411740076326108095e+01 2.411812671591167501e+01
2.832083773700279750e+01 2.832167665685411606e+01
3.252385930604184949e+01 3.252493459682453647e+01
3.672711766467656247e+01 3.672809225462730609e+01
4.092995947741034257e+01 4.093128685065923378e+01
4.513276025791703461e+01 4.513434135469058361e+01
4.933528231036249423e+01 4.933758073216697682e+01
5.353774499973903289e+01 5.354041792368176544e+01
5.773956363592574803e+01 5.774260721991491607e+01
6.194166002411596139e+01 6.194477635445011998e+01
6.614325263222258400e+01 6.614679804761237847e+01
7.034475618796537333e+01 7.034864924030063094e+01
7.454625695048613920e+01 7.455039748574409941e+01
7.874763458009505257e+01 7.875207733981029889e+01
8.294889143880035931e+01 8.295365704696696696e+01
8.715059141255974851e+01 8.715543296987243593e+01
9.135187677942451501e+01 9.135723133643307392e+01
9.555316589073460420e+01 9.555898094856381420e+01
9.975437936886174839e+01 9.976068543767134145e+01
1.039556309775567087e+02 1.039619780067745296e+02
1.081569410023545856e+02 1.081633501005098594e+02
1.123582286914241308e+02 1.123649535775678885e+02
1.165594104894406087e+02 1.165666165247110371e+02
1.207605035509008076e+02 1.207680370315858340e+02
1.249615370595640798e+02 1.249695087700577005e+02
1.291626478880079105e+02 1.291707062853347736e+02
1.333635734464704967e+02 1.333717882303221529e+02
1.375647221596622387e+02 1.375729678965298604e+02
1.417655239690327278e+02 1.417741915641144033e+02
1.459665532570306254e+02 1.459755822669523013e+02
1.501674569207002037e+02 1.501767967298919757e+02
1.543682340184572581e+02 1.543780744985699585e+02
1.585690818726155840e+02 1.585792008184895963e+02
1.627698839262409933e+02 1.627800706007758720e+02
1.669707048162383671e+02 1.669809624485440054e+02
1.711714046940374203e+02 1.711821382520307395e+02
1.753720815757580453e+02 1.753831095211166655e+02
1.795725903708835745e+02 1.795841437158341023e+02
1.837735003901496498e+02 1.837851693381996370e+02
1.879741776363134704e+02 1.879860905797374926e+02
1.921751332637064138e+02 1.921869068477008682e+02
1.963758820448531424e+02 1.963879028405613667e+02
2.005766736209960186e+02 2.005890650545238714e+02
2.047772111498936738e+02 2.047899245568889626e+02
2.089779122090902206e+02 2.089910419092054781e+02
2.131786722833320766e+02 2.131918030035249387e+02
2.173459889923855997e+02 2.173597209625056337e+02
2.215465735615547942e+02 2.215604659306175392e+02
2.257469842266639546e+02 2.257613939914497507e+02
2.299473748537747610e+02 2.299621428062490054e+02
2.341478214307379631e+02 2.341630079212468445e+02
2.383482070419954084e+02 2.383636939352445268e+02
2.425485502857758320e+02 2.425644251127113193e+02
2.467488873801938212e+02 2.467650939461374833e+02
2.509494049129096425e+02 2.509656162558043775e+02
2.551496919034118491e+02 2.551660782337949058e+02
2.593499230733801824e+02 2.593670249903584022e+02
2.635503042799365403e+02 2.635676008072805985e+02
2.677506663301063554e+02 2.677683932757603884e+02
