0.000000000000000000e+00 0.000000000000000000e+00
6.060173209184650744e+00 6.078111474628462574e+00
1.212034649226321292e+01 1.215609572026671970e+01
1.818051982568919556e+01 1.823395415782564655e+01
2.424069303495555516e+01 2.431168911919306908e+01
3.030086625369315456e+01 3.038930180824471705e+01
3.636103984381746557e+01 3.646679401453134517e+01
4.242121311759727575e+01 4.254416741240672195e+01
4.848138650563693375e+01 4.862142351411709740e+01
5.454155996478517210e+01 5.469856428989443486e+01
6.060173320098701311e+01 6.077559095589752047e+01
6.666190663346303324e+01 6.685250520484706271e+01
7.272208006205454467e+01 7.292930816744228650e+01
7.878225327162255098e+01 7.900600151625718581e+01
8.484242672300270272e+01 8.508258680780019745e+01
9.090260032969175086e+01 9.115906528031378286e+01
9.696277374482889400e+01 9.723543840882399536e+01
1.030229472461319915e+02 1.033117078202120069e+02
1.090831206610043438e+02 1.093878741666875101e+02
1.151432939090705929e+02 1.154639391300962075e+02
1.212034671533378116e+02 1.215399039849579594e+02
1.272636404114518598e+02 1.276157700261088337e+02
1.333238137005682233e+02 1.336915387225607219e+02
1.393839869387762462e+02 1.397672107281357512e+02
1.454441605371349908e+02 1.458427878012162751e+02
1.515043337838049524e+02 1.519182704717568413e+02
1.575645072081263152e+02 1.579936603326570435e+02
1.636246804819931526e+02 1.640689582125064021e+02
1.696848538436020704e+02 1.701441654262567340e+02
1.757450274275236666e+02 1.762192830394035923e+02
1.818052008555355314e+02 1.822943123584222462e+02
1.878653743259880287e+02 1.883692537780113980e+02
1.939255476587398448e+02 1.944441088000295110e+02
1.999857208772925503e+02 2.005188782877919493e+02
2.060458943033748369e+02 2.065935633846341375e+02
2.121060677100392127e+02 2.126681650458528452e+02
2.181662411460162048e+02 2.187426838794308992e+02
2.242264144467178539e+02 2.248171212285173510e+02
2.302865877180857126e+02 2.308914775862872375e+02
2.363467612087551970e+02 2.369657541554241789e+02
2.424069346251448849e+02 2.430399518296333667e+02
2.484671081760060360e+02 2.491140715466473239e+02
2.545272813900398319e+02 2.551881139553661910e+02
2.605874547601226823e+02 2.612620799879436504e+02
2.666476283404604146e+02 2.673359707040323201e+02
2.727078018712529683e+02 2.734097865284587670e+02
2.787679751143173235e+02 2.794835287749139070e+02
2.848281483810043255e+02 2.855571977729265427e+02
2.908883216247330665e+02 2.916307943581280142e+02
2.969484949873706228e+02 2.977043194711221190e+02
3.030086682098650499e+02 3.037777739101022689e+02
3.090688414504086268e+02 3.098511583858361860e+02
3.151290146625686930e+02 3.159244733288302314e+02
3.211891880765926999e+02 3.219977197385193790e+02
3.272493613718747838e+02 3.280708982733851826e+02
3.333095345865849595e+02 3.341440098445496005e+02
3.393697079817097801e+02 3.402170549325387583e+02
3.454298812077371394e+02 3.462900341400824686e+02
3.514900545046107823e+02 3.523629482141793119e+02
3.575502277232966435e+02 3.584357979765326832e+02
3.636104009662772114e+02 3.645085837055714819e+02
3.696705741868765926e+02 3.705813064685146401e+02
3.757307474993928054e+02 3.766539665832520996e+02
3.817909208496846531e+02 3.827265647977357617e+02
3.878510943206114234e+02 3.887991015501653465e+02
3.939112677126552740e+02 3.948715775301436111e+02
3.999714412383917761e+02 4.009439934776870587e+02
4.060316144630739927e+02 4.070163498213698858e+02
4.120917878825226808e+02 4.130886471320878854e+02
4.181519611280492086e+02 4.191608861819676690e+02
4.242121343760164791e+02 4.252330673969321992e+02
4.302723076292554651e+02 4.313051911514351104e+02
4.363324808380990589e+02 4.373772581596601867e+02
4.423926540628290809e+02 4.434492691986171167e+02
4.484528272614747948e+02 4.495212242860083052e+02
4.545130005738599266e+02 4.555931243125500600e+02
4.605731738208991146e+02 4.616649695697428797e+02
4.666333472308273258e+02 4.677367606760547574e+02
4.726935206156724689e+02 4.738084981882904003e+02
4.787536938544442364e+02 4.798801825271327743e+02
4.848138672604380304e+02 4.859518142407207506e+02
4.908740405168790630e+02 4.920233936838737918e+02
4.969342137586210129e+02 4.980949215188818471e+02
5.029943870039036256e+02 5.041663982669642792e+02
5.090545604395253463e+02 5.102378242801914894e+02
5.151147336734155715e+02 5.163091998990000775e+02
5.211749069130166845e+02 5.223805256443079088e+02
5.272350804211985178e+02 5.284518019251502210e+02
5.332952536622556181e+02 5.345230291904783826e+02
5.393554269005132937e+02 5.405942076335231832e+02
5.454156002037959752e+02 5.466653379543183746e+02
5.514757736584236909e+02 5.527364205367769046e+02
5.575359468921744792e+02 5.588074558525563589e+02
5.635961201327322669e+02 5.648784441711302406e+02
5.696562934133419276e+02 5.709493859674937539e+02
5.757164666410660629e+02 5.770202816514042752e+02
5.817766398864781650e+02 5.830911316338447250e+02
5.878368131422812439e+02 5.891619362796076302e+02
5.938969863912179790e+02 5.952326961006453985e+02
5.999571596192981815e+02 6.013034112351056137e+02
6.060173328296796171e+02 6.073740821696212606e+02
6.120775060395293394e+02 6.134447092727248219e+02
6.181376792495382233e+02 6.195152929086438007e+02
6.241978524598779359e+02 6.255858334362485493e+02
6.302580256701746748e+02 6.316563312462521935e+02
6.363181988808283904e+02 6.377267866144471782e+02
6.423783720918702329e+02 6.437972000046913763e+02
6.484385453022465526e+02 6.498675718152860554e+02
6.544987185168131418e+02 6.559379022875584724e+02
6.605588917357074479e+02 6.620081914617828716e+02
6.666190649596417188e+02 6.680784399355385403e+02
6.726792381861059766e+02 6.741486480957267986e+02
6.787394114178952123e+02 6.802188163590576551e+02
6.847995846533040094e+02 6.862889446444069108e+02
6.908597578924125173e+02 6.923590336810617600e+02
6.969199313931686675e+02 6.984290834989678842e+02
7.029801046691478632e+02 7.044990945617043963e+02
7.090402779160256159e+02 7.105690671205238687e+02
7.151004514441758602e+02 7.166390015033632608e+02
7.211606246823853326e+02 7.227088980753992473e+02
7.272207980241187215e+02 7.287787567666819086e+02
7.332809713598296639e+02 7.348485782238324191e+02
7.393411446237162181e+02 7.409183624631089060e+02
7.454013178774401922e+02 7.469881099657984578e+02
7.514614914219807815e+02 7.530578210284398892e+02
7.575216647256368105e+02 7.591274959347206277e+02
7.635818382800280233e+02 7.651971349775985800e+02
7.696420118650685254e+02 7.712667383653240449e+02
7.757021851246926190e+02 7.773363064875918553e+02
