0.000000000000000000e+00 0.000000000000000000e+00
6.060173206399488421e+00 6.078111414653864841e+00
1.212034657701155993e+01 1.215609560090586072e+01
1.818052010823403464e+01 1.823395404253552599e+01
2.424069352212217154e+01 2.431168882017469457e+01
3.030086686443908306e+01 3.038930135889899731e+01
3.636104029174826735e+01 3.646679370835134648e+01
4.242121350978440830e+01 4.254416720673705754e+01
4.848138689208657581e+01 4.862142331229873093e+01
5.454156043596959336e+01 5.469856407747902693e+01
6.060173375630722603e+01 6.077559055285753686e+01
6.666190718276230598e+01 6.685250443868896753e+01
7.272208045507588281e+01 7.292930725825618765e+01
7.878225386789441131e+01 7.900600081693551147e+01
8.484242715062411833e+01 8.508258627378941696e+01
9.090260048348389432e+01 9.115906475429665079e+01
9.696277390064031465e+01 9.723543784370143328e+01
1.030229474014821278e+02 1.033117068620721284e+02
1.090831206936209696e+02 1.093878732099470312e+02
1.151432942987639763e+02 1.154639384147201326e+02
1.212034675269025001e+02 1.215399032962709498e+02
1.272636407938636438e+02 1.276157693275181231e+02
1.333238140418307296e+02 1.336915380627658010e+02
1.393839873741650877e+02 1.397672100526141890e+02
1.454441606150726898e+02 1.458427867856862576e+02
1.515043338638361945e+02 1.519182695485542354e+02
1.575645074234380729e+02 1.579936592707022101e+02
1.636246806723903262e+02 1.640689571568830729e+02
1.696848540529401248e+02 1.701441643331147873e+02
1.757450273275720747e+02 1.762192820040037304e+02
1.818052006931119990e+02 1.822943111290990146e+02
1.878653740274886559e+02 1.883692525478276707e+02
1.939255475428990394e+02 1.944441075066299049e+02
1.999857208282884358e+02 2.005188772337056662e+02
2.060458941421968007e+02 2.065935622825661540e+02
2.121060673461169586e+02 2.126681636752454096e+02
2.181662405922805874e+02 2.187426824497713369e+02
2.242264139069946793e+02 2.248171197996705928e+02
2.302865871865540726e+02 2.308914761473607200e+02
2.363467604993881253e+02 2.369657527793333429e+02
2.424069339677855055e+02 2.430399505724358278e+02
2.484671073366284872e+02 2.491140702409015546e+02
2.545272807453231394e+02 2.551881127235640463e+02
2.605874541127268458e+02 2.612620788170670494e+02
2.666476273665621761e+02 2.673359695364235904e+02
2.727078006659843936e+02 2.734097855096563876e+02
2.787679739072242455e+02 2.794835274654653858e+02
2.848281471757778718e+02 2.855571964308144288e+02
2.908883206431585791e+02 2.916307931240554581e+02
2.969484938799313340e+02 2.977043182441469753e+02
3.030086671340739031e+02 3.037777725791410148e+02
3.090688403897611352e+02 3.098511571036434589e+02
3.151290138665937661e+02 3.159244721369238960e+02
3.211891872807125310e+02 3.219977186126252491e+02
3.272493605109734176e+02 3.280708972536475585e+02
3.333095337254648030e+02 3.341440086443828932e+02
3.393697072831047308e+02 3.402170537319764207e+02
3.454298806574488481e+02 3.462900328922135031e+02
3.514900540291255311e+02 3.523629469724287446e+02
3.575502273050180975e+02 3.584357965344985359e+02
3.636104007072083277e+02 3.645085822719306066e+02
3.696705740131111497e+02 3.705813047576050394e+02
3.757307473052164255e+02 3.766539647327367675e+02
3.817909205085711619e+02 3.827265627513093023e+02
3.878510939779963564e+02 3.887990995212730354e+02
3.939112673744363065e+02 3.948715755227749469e+02
3.999714405925977871e+02 4.009439913897203951e+02
4.060316138204174194e+02 4.070163477478517393e+02
4.120917873001012026e+02 4.130886450344988248e+02
4.181519605206687515e+02 4.191608839052996700e+02
4.242121338826374313e+02 4.252330650566433405e+02
4.302723072348114783e+02 4.313051889720574081e+02
4.363324807431066574e+02 4.373772559417938055e+02
4.423926542269022093e+02 4.434492669711027020e+02
4.484528274565156494e+02 4.495212220949225639e+02
4.545130006741931652e+02 4.555931220556041694e+02
4.605731739740842841e+02 4.616649673940293042e+02
4.666333472396485718e+02 4.677367584958766429e+02
4.726935206747924099e+02 4.738084960240876171e+02
4.787536939243834127e+02 4.798801805359203172e+02
4.848138673301215249e+02 4.859518122494650925e+02
4.908740406983912408e+02 4.920233917018112493e+02
4.969342139448367561e+02 4.980949195037137542e+02
5.029943873850409091e+02 5.041663961164072134e+02
5.090545608060398308e+02 5.102378218583539820e+02
5.151147342871438468e+02 5.163091974868007128e+02
5.211749075706868553e+02 5.223805230102013866e+02
5.272350810914367685e+02 5.284517993078386553e+02
5.332952543384818682e+02 5.345230263343378283e+02
5.393554276785948787e+02 5.405942047966152586e+02
5.454156009187769314e+02 5.466653352748954831e+02
5.514757743322218175e+02 5.527364179725107078e+02
5.575359476155950915e+02 5.588074532238110805e+02
5.635961208573737622e+02 5.648784415910236021e+02
5.696562940756202806e+02 5.709493835202313221e+02
5.757164673352226600e+02 5.770202792331029968e+02
5.817766405779213983e+02 5.830911293834085427e+02
5.878368138417364435e+02 5.891619341626098958e+02
5.938969870902708408e+02 5.952326938799443496e+02
5.999571603179250587e+02 6.013034090260321136e+02
6.060173335279528146e+02 6.073740799727991089e+02
6.120775067380970995e+02 6.134447071256396384e+02
6.181376799732129257e+02 6.195152908659015338e+02
6.241978531835005697e+02 6.255858314050451554e+02
6.302580263940343457e+02 6.316563293103074557e+02
6.363181996042210358e+02 6.377267847207631348e+02
6.423783728151715877e+02 6.437971980405325212e+02
6.484385460263263212e+02 6.498675696485513527e+02
6.544987192465024464e+02 6.559378999792608056e+02
6.605588924654757648e+02 6.620081892508242163e+02
6.666190656886647048e+02 6.680784380600443910e+02
6.726792389191620032e+02 6.741486461593390231e+02
6.787394121483757772e+02 6.802188142069737751e+02
6.847995853800803161e+02 6.862889427108543714e+02
6.908597586186441504e+02 6.923590315355103257e+02
6.969199318643821925e+02 6.984290813615787101e+02
7.029801051092333637e+02 7.044990924345447638e+02
7.090402783548249772e+02 7.105690648877018702e+02
7.151004518859230075e+02 7.166389992867576666e+02
7.211606251241080372e+02 7.227088958700328476e+02
7.272207985980443254e+02 7.287787545727692304e+02
7.332809719341219079e+02 7.348485760300892480e+02
7.393411451746840157e+02 7.409183605090270248e+02
7.454013184400389491e+02 7.469881080407812988e+02
7.514614919890636884e+02 7.530578191125580361e+02
7.575216655616776507e+02 7.591274942397328687e+02
7.635818391270126995e+02 7.651971332969307014e+02
7.696420127149032169e+02 7.712667366948197696e+02
7.757021859688438781e+02 7.773363045620631055e+02
