0.000000000000000000e+00 0.000000000000000000e+00
6.061891661506813911e+00 6.078111777460136089e+00
1.212378371882028283e+01 1.215611887490426923e+01
1.818567565645923167e+01 1.823402307749996609e+01
2.424756729700927593e+01 2.431182604514829748e+01
3.030945893517229095e+01 3.038952824080915960e+01
3.637135079811413618e+01 3.646713160242896379e+01
4.243324276330638156e+01 4.254463699033669144e+01
4.849513440336049541e+01 4.862204558166635593e+01
5.455702614652538784e+01 5.469935906523757296e+01
6.061891780770172033e+01 6.077657796170214510e+01
6.668080954795452442e+01 6.685370363821665762e+01
7.274270147452836000e+01 7.293073765470239778e+01
7.880459332528893412e+01 7.900768052754591508e+01
8.486648509565038978e+01 8.508453344831539766e+01
9.092837674738970577e+01 9.116129761116650343e+01
9.699026870598217442e+01 9.723797403497161440e+01
1.030521606459669215e+02 1.033145637133725359e+02
1.091140523423055981e+02 1.093910677002787679e+02
1.151759440605768816e+02 1.154674873087416813e+02
1.212378358472929847e+02 1.215438232380115124e+02
1.272997276373977655e+02 1.276200762091553287e+02
1.333616193849616138e+02 1.336962472672151137e+02
1.394235113597071063e+02 1.397723373149423765e+02
1.454854030455323084e+02 1.458483476907803151e+02
1.515472948638414437e+02 1.519242790234800395e+02
1.576091865894643433e+02 1.580001319581248822e+02
1.636710782633743975e+02 1.640759074737119363e+02
1.697329699491969563e+02 1.701516063662991769e+02
1.757948616376430380e+02 1.762272296855998661e+02
1.818567533642406602e+02 1.823027783890104274e+02
1.879186450458608419e+02 1.883782529539940640e+02
1.939805369220378566e+02 1.944536541000776140e+02
2.000424285792984733e+02 2.005289829407091986e+02
2.061043202817238011e+02 2.066042399654173494e+02
2.121662121766661642e+02 2.126794261007112254e+02
2.182281041392083694e+02 2.187545420662790718e+02
2.242899959273782429e+02 2.248295887959309027e+02
2.303518876070140209e+02 2.309045667942969260e+02
2.364137795422888644e+02 2.369794766654252669e+02
2.424756714605615286e+02 2.430543193167703180e+02
2.485375633613973605e+02 2.491290953998695841e+02
2.545994550313185414e+02 2.552038053515611296e+02
2.606613468340642612e+02 2.612784500445844742e+02
2.667232385575811122e+02 2.673530303095814702e+02
2.727851302341471182e+02 2.734275466406627402e+02
2.788470219415621045e+02 2.795019996636747237e+02
2.849089138828153409e+02 2.855763898656776405e+02
2.909708055366473900e+02 2.916507180061071836e+02
2.970326973896748086e+02 2.977249848907121645e+02
3.030945890599625727e+02 3.037991909469106986e+02
3.091564807292064643e+02 3.098733365932511106e+02
3.152183724415594384e+02 3.159474226618446551e+02
3.212802642133142967e+02 3.220214497537442639e+02
3.273421558825145894e+02 3.280954183690034824e+02
3.334040475347435404e+02 3.341693290114051251e+02
3.394659393819550814e+02 3.402431822820171874e+02
3.455278310458908777e+02 3.463169785830348815e+02
3.515897227139572010e+02 3.523907185116775054e+02
3.576516143729976420e+02 3.584644027018100587e+02
3.637135060351679954e+02 3.645380316880239207e+02
3.697753978565314696e+02 3.706116058547198691e+02
3.758372895444979349e+02 3.766851257032932381e+02
3.818991815150625371e+02 3.827585920749010597e+02
3.879610733746287110e+02 3.888320050013780360e+02
3.940229650376399491e+02 3.949053651840995940e+02
4.000848568051307552e+02 4.009786730213145916e+02
4.061467484804986157e+02 4.070519291120884873e+02
4.122086403618838517e+02 4.131251338309082826e+02
4.182705322975092486e+02 4.191982878538070736e+02
4.243324241103573513e+02 4.252713913311754936e+02
4.303943158845770540e+02 4.313444447241874968e+02
4.364562078542668360e+02 4.374174485572172557e+02
4.425180998645579393e+02 4.434904035162231821e+02
4.485799915893541083e+02 4.495633096609174117e+02
4.546418833464294380e+02 4.556361676301055468e+02
4.607037750203830910e+02 4.617089776905019676e+02
4.667656667660616563e+02 4.677817403282639930e+02
4.728275584634110373e+02 4.738544561086708882e+02
4.788894503428068674e+02 4.799271251583940057e+02
4.849513420315581698e+02 4.859997482191068912e+02
4.910132337159989220e+02 4.920723253749551986e+02
4.970751254639262697e+02 4.981448571486810124e+02
5.031370174618249962e+02 5.042173438351095456e+02
5.091989091579647493e+02 5.102897859047349129e+02
5.152608010236691598e+02 5.163621838955352814e+02
5.213226928194211496e+02 5.224345378830064419e+02
5.273845846951810472e+02 5.285068484541161524e+02
5.334464764602842024e+02 5.345791156161337767e+02
5.395083681373494073e+02 5.406513402702227040e+02
5.455702598655723250e+02 5.467235221600320756e+02
5.516321515436544587e+02 5.527956619681367556e+02
5.576940432153292022e+02 5.588677600090331907e+02
5.637559351886186505e+02 5.649398165218244685e+02
5.698178268496656074e+02 5.710118322510080588e+02
5.758797185175102413e+02 5.770838068958125859e+02
5.819416101966123733e+02 5.831557411058158777e+02
5.880035018777330151e+02 5.892276351726139865e+02
5.940653935423277971e+02 5.952994895369697588e+02
6.001272852071448369e+02 6.013713045770418830e+02
6.061891768564573795e+02 6.074430803300525668e+02
6.122510685054111264e+02 6.135148170649378017e+02
6.183129601539101259e+02 6.195865152419231663e+02
6.243748518030358809e+02 6.256581752724064245e+02
6.304367434520451070e+02 6.317297973194897622e+02
6.364986351012563546e+02 6.378013815702919374e+02
6.425605267518822075e+02 6.438729284333127225e+02
6.486224184022171357e+02 6.499444382019078148e+02
6.546843100559954109e+02 6.560159111488173949e+02
6.607462017184810747e+02 6.620873475554883498e+02
6.668080933724911574e+02 6.681587478206504329e+02
6.728699850402207403e+02 6.742301122351217373e+02
6.789318767188053698e+02 6.803014408657440981e+02
6.849937684037520285e+02 6.863727339098689981e+02
6.910556600831791911e+02 6.924439917843697003e+02
6.971175517626803639e+02 6.985152147302343337e+02
7.031794434455537157e+02 7.045864031835279775e+02
7.092413351383825102e+02 7.106575572292587140e+02
7.153032269581370883e+02 7.167286771343278815e+02
7.213651186622404339e+02 7.227997629415690426e+02
7.274270106209163487e+02 7.288708151441336440e+02
7.334889024075653197e+02 7.349418340031104435e+02
7.395507940876516386e+02 7.410128197717474450e+02
7.456126860602076931e+02 7.470837724578460666e+02
7.516745777983719563e+02 7.531546924979747928e+02
7.577364694367986431e+02 7.592255801174017051e+02
7.637983610728862232e+02 7.652964354952990789e+02
7.698602531119842070e+02 7.713672591096825499e+02
7.759221447993563743e+02 7.774380508889148587e+02
