0.000000000000000000e+00 0.000000000000000000e+00
6.061891877336019974e+00 6.078111464840389111e+00
1.212378393831656709e+01 1.215611860891114659e+01
1.818567590835668923e+01 1.823402317408864093e+01
2.424756786350387827e+01 2.431182574809928099e+01
3.030945951322493670e+01 3.038952827597331563e+01
3.637135147639098420e+01 3.646713142728936674e+01
4.243324312073472271e+01 4.254463701989813273e+01
4.849513519178777443e+01 4.862204574561872050e+01
5.455702725857430835e+01 5.469935923476209183e+01
6.061891893947446874e+01 6.077657837351029713e+01
6.668081069067088151e+01 6.685370416515263514e+01
7.274270246575895271e+01 7.293073811745566104e+01
7.880459436313017818e+01 7.900768091087257972e+01
8.486648614528172629e+01 8.508453383367557876e+01
9.092837806377528409e+01 9.116129805556954580e+01
9.699027002433757616e+01 9.723797473894350674e+01
1.030521619643730560e+02 1.033145644660097275e+02
1.091140537709642757e+02 1.093910684583441366e+02
1.151759458039761057e+02 1.154674878498339581e+02
1.212378377428861995e+02 1.215438237812502393e+02
1.272997294526847725e+02 1.276200767635484539e+02
1.333616211281454866e+02 1.336962477370401530e+02
1.394235128065398612e+02 1.397723379182479846e+02
1.454854045068096298e+02 1.458483481275486611e+02
1.515472961962468617e+02 1.519242791255992415e+02
1.576091878850156149e+02 1.580001318806835116e+02
1.636710796060433211e+02 1.640759072822382905e+02
1.697329712920126781e+02 1.701516063859317001e+02
1.757948629760791732e+02 1.762272299050069932e+02
1.818567546875667631e+02 1.823027783647901856e+02
1.879186464051510939e+02 1.883782527377126144e+02
1.939805381018211392e+02 1.944536539245710287e+02
2.000424297794018003e+02 2.005289829334068372e+02
2.061043217820999303e+02 2.066042399520465551e+02
2.121662134907234929e+02 2.126794261624597482e+02
2.182281053132186344e+02 2.187545424311079501e+02
2.242899970481440732e+02 2.248295891691947759e+02
2.303518887700614926e+02 2.309045670332353950e+02
2.364137805202471156e+02 2.369794769100187466e+02
2.424756724105548642e+02 2.430543196766540461e+02
2.485375641715708355e+02 2.491290956011870321e+02
2.545994560362250354e+02 2.552038055943374957e+02
2.606613477494885274e+02 2.612784503382570165e+02
2.667232394638493815e+02 2.673530304496853205e+02
2.727851311053800032e+02 2.734275468771795659e+02
2.788470227851590266e+02 2.795019999423645345e+02
2.849089144367106883e+02 2.855763903048412544e+02
2.909708060871952284e+02 2.916507184488177700e+02
2.970326980749723020e+02 2.977249852151819596e+02
3.030945897711236512e+02 3.037991912332578295e+02
3.091564814649590289e+02 3.098733370804001197e+02
3.152183732808588843e+02 3.159474230203739467e+02
3.212802649414915095e+02 3.220214499170040199e+02
3.273421566595745844e+02 3.280954185331257804e+02
3.334040484945296612e+02 3.341693291895339257e+02
3.394659401711246574e+02 3.402431824421832971e+02
3.455278321735197551e+02 3.463169787383877747e+02
3.515897238399177809e+02 3.523907187831528063e+02
3.576516154982466560e+02 3.584644030256289398e+02
3.637135071911896489e+02 3.645380320077993019e+02
3.697753990414480540e+02 3.706116060877937457e+02
3.758372907870891595e+02 3.766851259903744449e+02
3.818991824307676097e+02 3.827585922988160974e+02
3.879610742860385244e+02 3.888320052659173598e+02
3.940229661674014778e+02 3.949053653756751601e+02
4.000848578079412619e+02 4.009786734348271580e+02
4.061467494653796848e+02 4.070519295289784623e+02
4.122086413353855505e+02 4.131251342853712458e+02
4.182705330489541211e+02 4.191982881249702473e+02
4.243324248630020747e+02 4.252713916047322300e+02
4.303943166373321674e+02 4.313444450070909397e+02
4.364562085655844612e+02 4.374174489052370518e+02
4.425181004480684237e+02 4.434904038709578344e+02
4.485799922719420465e+02 4.495633100935481252e+02
4.546418840295091286e+02 4.556361680230352249e+02
4.607037757983499660e+02 4.617089781058435847e+02
4.667656676192708574e+02 4.677817407410276473e+02
4.728275594928431929e+02 4.738544564806176140e+02
4.788894512013877147e+02 4.799271255936848206e+02
4.849513432027957265e+02 4.859997487204627760e+02
4.910132350049949537e+02 4.920723258834374292e+02
4.970751268361279358e+02 4.981448576383329510e+02
5.031370187372667715e+02 5.042173442853405732e+02
5.091989105647515430e+02 5.102897863039154345e+02
5.152608023415018579e+02 5.163621843260282276e+02
5.213226940231513709e+02 5.224345383215184029e+02
5.273845858974198109e+02 5.285068488917643208e+02
5.334464775775043108e+02 5.345791160582006114e+02
5.395083692953846821e+02 5.406513406798908363e+02
5.455702609743960920e+02 5.467235226354204087e+02
5.516321526524156980e+02 5.527956626085292555e+02
5.576940443241476260e+02 5.588677606402638958e+02
5.637559360039275589e+02 5.649398171561589379e+02
5.698178276663628594e+02 5.710118328572320934e+02
5.758797193344207699e+02 5.770838075046694939e+02
5.819416110129036497e+02 5.831557418509946729e+02
5.880035026622659871e+02 5.892276359191851043e+02
5.940653946709896900e+02 5.952994901511652870e+02
6.001272863669307753e+02 6.013713051177209081e+02
6.061891780155860943e+02 6.074430807283902141e+02
6.122510696596725666e+02 6.135148174668123602e+02
6.183129613087321559e+02 6.195865157463422292e+02
6.243748529580979039e+02 6.256581756191062595e+02
6.304367446412220488e+02 6.317297975535757359e+02
6.364986362896534047e+02 6.378013818080781903e+02
6.425605279393922729e+02 6.438729286745804075e+02
6.486224195898173548e+02 6.499444384809848998e+02
6.546843112441184758e+02 6.560159115039571134e+02
6.607462029019768579e+02 6.620873479054005202e+02
6.668080945651347520e+02 6.681587480718096685e+02
6.728699862272184191e+02 6.742301122577468959e+02
6.789318778920372779e+02 6.803014407464070246e+02
6.849937696733156827e+02 6.863727337953248480e+02
6.910556613456587911e+02 6.924439916728451863e+02
6.971175530788264041e+02 6.985152147697912142e+02
7.031794447609966028e+02 7.045864032325919197e+02
7.092413364485078091e+02 7.106575572858168925e+02
7.153032283887932863e+02 7.167286770073494608e+02
7.213651200645779227e+02 7.227997630689944799e+02
7.274270120109549680e+02 7.288708152772846915e+02
7.334889037978161923e+02 7.349418341460219608e+02
7.395507954898316711e+02 7.410128198485956545e+02
7.456126874591378737e+02 7.470837728430476545e+02
7.516745794272474086e+02 7.531546928643433603e+02
7.577364713348850955e+02 7.592255804907733818e+02
7.637983632129070202e+02 7.652964359071612535e+02
7.698602552051029306e+02 7.713672593878479802e+02
7.759221468916048252e+02 7.774380510268958915e+02
