0.000000000000000000e+00 0.000000000000000000e+00
4.322630855360764635e+00 4.357939686270256630e+00
8.645261846247610293e+00 8.715342047065643527e+00
1.296789290374678139e+01 1.307222329498474522e+01
1.729052401227811231e+01 1.742859908914221378e+01
2.161315515575422808e+01 2.178448435696149943e+01
2.593578639423031973e+01 2.613989317271984447e+01
3.025841768853468494e+01 3.049483947985328314e+01
3.458104903525239138e+01 3.484933578236079654e+01
3.890368036542091090e+01 3.920339474750552711e+01
4.322631129519595561e+01 4.355702852825478999e+01
4.754894218819639207e+01 4.791024834192371884e+01
5.187157372934406396e+01 5.226306542572379499e+01
5.619420531266544572e+01 5.661549024381951511e+01
6.051683622952158714e+01 6.096753299013522565e+01
6.483946779608201894e+01 6.531920371243163004e+01
6.916209947636711775e+01 6.967051162923058882e+01
7.348473116881223177e+01 7.402146623616278021e+01
7.780736212171422039e+01 7.837207499711070113e+01
8.212999308643668428e+01 8.272234704949968886e+01
8.645262405560443142e+01 8.707229082088926475e+01
9.077525590155448754e+01 9.142191362457080572e+01
9.509788776896988338e+01 9.577122310354819490e+01
9.942051873420939501e+01 1.001202265940193854e+02
1.037431496778723670e+02 1.044689307169934978e+02
1.080657806458193875e+02 1.088173431417575046e+02
1.123884116561943216e+02 1.131654699141668488e+02
1.167110426478764111e+02 1.175133170609070419e+02
1.210336747905168124e+02 1.218608914135330110e+02
1.253563069063963695e+02 1.262081985228480221e+02
1.296789379020894444e+02 1.305552440733093817e+02
1.340015688962243416e+02 1.349020336737411867e+02
1.383242000491839576e+02 1.392485727988607209e+02
1.426468312972230024e+02 1.435948664020614842e+02
1.469694635823638578e+02 1.479409197237708327e+02
1.512920959835977612e+02 1.522867378425988818e+02
1.556147270237025850e+02 1.566323249270054987e+02
1.599373579998645596e+02 1.609776861919861517e+02
1.642599903345150096e+02 1.653228258460756592e+02
1.685826227955399190e+02 1.696677479350046838e+02
1.729052553149048208e+02 1.740124568284594488e+02
1.772278879432231804e+02 1.783569566835470539e+02
1.815505188670318262e+02 1.827012515002702457e+02
1.858731516336369225e+02 1.870453454121506525e+02
1.901957844335571792e+02 1.913892415128403854e+02
1.945184155118635658e+02 1.957329438025342085e+02
1.988410465337555024e+02 2.000764557868189399e+02
2.031636793695243171e+02 2.044197802682066083e+02
2.074863103657084196e+02 2.087629230358057555e+02
2.118089431661655908e+02 2.131058853142091607e+02
2.161315760440392921e+02 2.174486690045112312e+02
2.204542069523288603e+02 2.217912806861897366e+02
2.247768380593282700e+02 2.261337209829921733e+02
2.290994711949204259e+02 2.304759924307657570e+02
2.334221023047586527e+02 2.348180998815295197e+02
2.377447355078187456e+02 2.391600438859310316e+02
2.420673667535478728e+02 2.435018281302905052e+02
2.463899999385186561e+02 2.478434554727584214e+02
2.507126332731576497e+02 2.521849285604700697e+02
2.550352643968004713e+02 2.565262505751065305e+02
2.593578955341048982e+02 2.608674224931949652e+02
2.636805266657916604e+02 2.652084460417277114e+02
2.680031600791720052e+02 2.695493259417874015e+02
2.723257912215619854e+02 2.738900622593977232e+02
2.766484247527720299e+02 2.782306610528900706e+02
