0.000000000000000000e+00 0.000000000000000000e+00
4.329124050550157143e+00 4.357939472894930333e+00
8.658248130595545433e+00 8.715519432274387412e+00
1.298737223664192442e+01 1.307274884749525512e+01
1.731649636938854542e+01 1.742963634921206406e+01
2.164562054149591575e+01 2.178619024792951819e+01
2.597474480297498900e+01 2.614241857587638407e+01
3.030386912057475257e+01 3.049832905015876960e+01
3.463299336656190519e+01 3.485392912285822575e+01
3.896211743616196088e+01 3.920922601031600152e+01
4.329124171048803760e+01 4.356422667166981455e+01
4.762036601701660743e+01 4.791893787475158462e+01
5.194949034664885801e+01 5.227336601983574838e+01
5.627861468375120069e+01 5.662751711552188283e+01
6.060773918952435224e+01 6.098139763527456125e+01
6.493686327298883043e+01 6.533501329760710519e+01
6.926598769468449746e+01 6.968836977729914395e+01
7.359511184143812557e+01 7.404147279804539039e+01
7.792423654127621546e+01 7.839432719225457902e+01
8.225336100904169712e+01 8.274693840135154232e+01
8.658248520765022249e+01 8.709931139793422972e+01
9.091160948921799445e+01 9.145145110612995154e+01
9.524073402234191121e+01 9.580336239410902976e+01
9.956985813642803862e+01 1.001550491847514621e+02
1.038989827341594321e+02 1.045065163073420962e+02
1.082281073293509905e+02 1.088577677547509950e+02
1.125572319452075476e+02 1.132088078304492313e+02
1.168863566565132430e+02 1.175596410024273553e+02
1.212154813537755444e+02 1.219102709640958153e+02
1.255446060723813275e+02 1.262607013696675438e+02
1.298737308008062996e+02 1.306109360880561212e+02
1.342028552759861384e+02 1.349609785643209250e+02
1.385319800679637012e+02 1.393108327184122572e+02
1.428611048722501096e+02 1.436605014242686025e+02
1.471902299432852317e+02 1.480099881049817441e+02
1.515193547538389112e+02 1.523592968395240916e+02
1.558484796501981009e+02 1.567084301072365236e+02
1.601776038252902481e+02 1.610573902545793317e+02
1.645067287690205546e+02 1.654061808680719992e+02
1.688358537485023589e+02 1.697548055005012770e+02
1.731649780096183804e+02 1.741032659829057252e+02
1.774941030283568466e+02 1.784515654134496003e+02
1.818232280836815846e+02 1.827997067099236403e+02
1.861523521848394296e+02 1.871476919849578735e+02
1.904814773120628786e+02 1.914955242930646477e+02
1.948106024310014277e+02 1.958432058628920345e+02
1.991397276511607402e+02 2.001907392431517962e+02
2.034688519642650704e+02 2.045381267808146504e+02
2.077979771205156965e+02 2.088853708290043301e+02
2.121271023699882221e+02 2.132324730564339461e+02
2.164562276479412049e+02 2.175794369243819517e+02
2.207853529215257140e+02 2.219262639708717018e+02
2.251144786979841683e+02 2.262729564508493354e+02
2.294436040539790724e+02 2.306195157072775430e+02
2.337727293848628278e+02 2.349659445992176643e+02
2.381018547759505566e+02 2.393122458895780085e+02
2.424309801908086968e+02 2.436584184490644134e+02
2.467601067136390043e+02 2.480044670576648969e+02
2.510892321272985441e+02 2.523503917847033335e+02
2.554183576511313163e+02 2.566961952501083033e+02
2.597474833196035888e+02 2.610418803774242633e+02
2.640766088510251279e+02 2.653874474669808023e+02
2.684057343745370758e+02 2.697328982998120068e+02
2.727348603639096609e+02 2.740782347721734595e+02
2.770639858665288671e+02 2.784234589710458749e+02
