0.000000000000000000e+00 0.000000000000000000e+00
2.904501576245330785e+00 2.904501576245331673e+00
7.032319124894581108e+00 7.032386095809359361e+00
1.115789429534331667e+01 1.115805825395186446e+01
1.527975902276019582e+01 1.527986860387071033e+01
1.940084178767722278e+01 1.940141543367320054e+01
2.352029428501144181e+01 2.352121918898800601e+01
2.763916651317470041e+01 2.764018931658706890e+01
3.175712223707849802e+01 3.175827291248442918e+01
3.587460621062120225e+01 3.587625705076251847e+01
3.999169235802639832e+01 3.999372966153296716e+01
4.410871855271385300e+01 4.411073552458796598e+01
4.822525078049741865e+01 4.822784325695622698e+01
5.234145249388950560e+01 5.234449656384306593e+01
5.645744663195164037e+01 5.646089463824459642e+01
6.057318967706481772e+01 6.057728903448953872e+01
6.468886532527582744e+01 6.469300390712515991e+01
6.880444630705940767e+01 6.880844217676603591e+01
7.291951893793601869e+01 7.292376856763232240e+01
7.703420459692813438e+01 7.703888628225493562e+01
8.114896462101438601e+01 8.115398412561238217e+01
8.526331844244180047e+01 8.526901254116276618e+01
8.937756399332494084e+01 8.938369464176201973e+01
9.349171654197938608e+01 9.349821057838649097e+01
9.760570424457549166e+01 9.761252937371034477e+01
1.017198068976881018e+02 1.017267658233567289e+02
1.058337543255973117e+02 1.058409349758346565e+02
1.099475880975306978e+02 1.099550744041814454e+02
1.140612803205296473e+02 1.140691038934948836e+02
1.181750563093379469e+02 1.181831018586578210e+02
1.222886193280861420e+02 1.222970509889346715e+02
1.264020649563944971e+02 1.264107868201534899e+02
1.305153561420806909e+02 1.305244501220517748e+02
1.346286174137586613e+02 1.346381486205758620e+02
1.387420152906196051e+02 1.387517779021529520e+02
1.428551733546577793e+02 1.428652332965596372e+02
1.469682565071701674e+02 1.469785469293123015e+02
1.510811635871399972e+02 1.510919433798058549e+02
1.551942324607676937e+02 1.552052095384551080e+02
1.593070673363801575e+02 1.593182923541196203e+02
1.634199185912393375e+02 1.634314240437076649e+02
1.675325737667916428e+02 1.675444442423616920e+02
1.716452406823300691e+02 1.716574427486301602e+02
1.757578837790360353e+02 1.757703128657298066e+02
1.798705933127862409e+02 1.798830475417371417e+02
1.839829819477180308e+02 1.839958196771006556e+02
1.880955879010995204e+02 1.881085276047697619e+02
1.922079768927266059e+02 1.922212457262423300e+02
1.963203991224790457e+02 1.963339522574736407e+02
2.004327703842990900e+02 2.004464874506069236e+02
2.045450464991872082e+02 2.045590831825032865e+02
2.086574004961113928e+02 2.086716418468500933e+02
2.127697102459659391e+02 2.127841189871198821e+02
2.168819698922463317e+02 2.168965514857861763e+02
2.209942653703019459e+02 2.210087905084909039e+02
2.251063057464099302e+02 2.251211487505867126e+02
2.292184770204580673e+02 2.292335402835760760e+02
2.333305967343557654e+02 2.333457497682577468e+02
2.374425442887753093e+02 2.374581343181169188e+02
2.415546505367777854e+02 2.415704375798356693e+02
2.456666813127514502e+02 2.456825597391180622e+02
2.497785445846349717e+02 2.497946894967672051e+02
2.538904626269666664e+02 2.539069294040067462e+02
2.580022622941351074e+02 2.580189889294740055e+02
2.621139618615933955e+02 2.621310784990430420e+02
