0.000000000000000000e+00 0.000000000000000000e+00
2.904175592168876552e+00 2.904175592168876552e+00
7.031630081360971118e+00 7.031642550860330410e+00
1.115702339095287954e+01 1.115720135550785486e+01
1.527831468342408350e+01 1.527863531874810477e+01
1.939911543775351177e+01 1.939971062649394185e+01
2.351822891669612758e+01 2.351916651259378455e+01
2.763648856002122045e+01 2.763790756368541679e+01
3.175391748498790889e+01 3.175578335071246983e+01
3.587111157848017484e+01 3.587341370820015385e+01
3.998783619925845301e+01 3.999078567147198271e+01
4.410440820774094561e+01 4.410755497211101783e+01
4.822069607040836559e+01 4.822411323842554509e+01
5.233675112392658946e+01 5.234073584683387992e+01
5.645249545602038665e+01 5.645706673866099123e+01
6.056794509949148164e+01 6.057302145401626348e+01
6.468304528010750687e+01 6.468863801890751120e+01
6.879805034810028985e+01 6.880402659237060448e+01
7.291253203281962669e+01 7.291903209011368858e+01
7.702682322756734834e+01 7.703381219921662648e+01
8.114101939845195943e+01 8.114821489437228763e+01
8.525515789476588679e+01 8.526259013585601565e+01
8.936899224179134649e+01 8.937690444433796699e+01
9.348277147133799758e+01 9.349116481517792465e+01
9.759636530684615252e+01 9.760506179857871700e+01
1.017099920285701415e+02 1.017190632904213885e+02
1.058234218957155406e+02 1.058327274163887637e+02
1.099370310996986291e+02 1.099464512336009534e+02
1.140502411409887742e+02 1.140600978790997999e+02
1.181634456999536837e+02 1.181738076805589088e+02
1.222767314515579642e+02 1.222871435148715022e+02
1.263897353710842140e+02 1.264005896121216210e+02
1.305027070197159276e+02 1.305138471725232421e+02
1.346155795888515172e+02 1.346269400845577593e+02
1.387284086872361399e+02 1.387403032295146090e+02
1.428412064219437241e+02 1.428533469757375087e+02
1.469538241361792075e+02 1.469662614315035967e+02
1.510664069660549274e+02 1.510791767658358253e+02
1.551789783342377120e+02 1.551918980728650865e+02
1.592914783422868936e+02 1.593046829010253589e+02
1.634039165761641925e+02 1.634172519390131981e+02
1.675163059187239014e+02 1.675297537520120272e+02
1.716285932404094865e+02 1.716422991746011348e+02
1.757406772512798909e+02 1.757546789006107133e+02
1.798527254476602764e+02 1.798670690910847725e+02
1.839648158784021916e+02 1.839795492593864594e+02
1.880769514945881156e+02 1.880919471404446313e+02
1.921890676426085065e+02 1.922043387859360450e+02
1.963010884718516138e+02 1.963166824688925090e+02
2.004130722945736807e+02 2.004289982349267234e+02
2.045250884497274626e+02 2.045412127116145484e+02
2.086371370814073316e+02 2.086533997198453676e+02
2.127491253172833581e+02 2.127654991198225503e+02
2.168610057367794752e+02 2.168775918287604441e+02
2.209728344435744702e+02 2.209897010834441176e+02
2.250845470766447534e+02 2.251016295638411577e+02
2.291962991142815724e+02 2.292136182171284418e+02
2.333079272479692463e+02 2.333254489175145636e+02
2.374195246325530491e+02 2.374373421135122442e+02
2.415310981238619092e+02 2.415491743053306379e+02
2.456426666642557848e+02 2.456610194172475872e+02
2.497541896567699382e+02 2.497728206041260819e+02
2.538658296088730708e+02 2.538846448768447317e+02
2.579772391507365796e+02 2.579963559886247140e+02
2.620886747158031653e+02 2.621080207162905253e+02
