0.000000000000000000e+00 0.000000000000000000e+00
2.904151068394730029e+00 2.904151068394730917e+00
7.031512515857096801e+00 7.031703695494307738e+00
1.115679222409946902e+01 1.115714802139876305e+01
1.527812954205212037e+01 1.527845358275964927e+01
1.939880706074036709e+01 1.939936139954880190e+01
2.351797042412844618e+01 2.351862653322637442e+01
2.763622406990767644e+01 2.763703140344996712e+01
3.175379202389350297e+01 3.175494484446547716e+01
3.587090328305131948e+01 3.587245820789752315e+01
3.998748253006505138e+01 3.998935541069839417e+01
4.410409933106247848e+01 4.410604884893842836e+01
4.822032228403805476e+01 4.822231914971729339e+01
5.233627788152649174e+01 5.233879006250619881e+01
5.645205460271222364e+01 5.645483085769333798e+01
6.056757366331720505e+01 6.057051811334446967e+01
6.468283029738736900e+01 6.468598255271923847e+01
6.879778745364723136e+01 6.880109549199670482e+01
7.291248656324319199e+01 7.291588409554026384e+01
7.702682448655463077e+01 7.703040226763852161e+01
8.114093681468355612e+01 8.114505467242366876e+01
8.525496697172812333e+01 8.525952503875885213e+01
8.936871825167636985e+01 8.937353775601830819e+01
9.348262532261711044e+01 9.348771670678343071e+01
9.759621266530628247e+01 9.760170793905157893e+01
1.017098562776984778e+02 1.017155260985138341e+02
1.058232132470137685e+02 1.058292426674493072e+02
1.099367783103751748e+02 1.099429917462474720e+02
1.140501222087009694e+02 1.140564189861583770e+02
1.181632083792149928e+02 1.181698725350488957e+02
1.222762203481624965e+02 1.222831952783308935e+02
1.263893506021610307e+02 1.263964998912270801e+02
1.305024145589374029e+02 1.305096039271693655e+02
1.346151834072030056e+02 1.346226775755312985e+02
1.387280793783134811e+02 1.387358345781828461e+02
1.428408120417329314e+02 1.428490321091565249e+02
1.469534994086235429e+02 1.469618162235942691e+02
1.510658676115832293e+02 1.510745622318076471e+02
1.551782531956983178e+02 1.551873608077273161e+02
1.592906700272885701e+02 1.592999243693485312e+02
1.634030443122426846e+02 1.634125287962410766e+02
1.675153378757919995e+02 1.675251269280490192e+02
1.716275933911356049e+02 1.716375728128659262e+02
1.757396501674795104e+02 1.757500074462043358e+02
1.798517846902040276e+02 1.798622577747463538e+02
1.839638693394383324e+02 1.839744727053014515e+02
1.880759483450181051e+02 1.880867752421007708e+02
1.921879927906739454e+02 1.921990108965373452e+02
1.963000416890205031e+02 1.963112258635609919e+02
2.004120075022963192e+02 2.004233068542254728e+02
2.045240015493625947e+02 2.045354063904056829e+02
2.086357735353951739e+02 2.086474925492293835e+02
2.127475355251756355e+02 2.127595381463577553e+02
2.168594340879657238e+02 2.168714842998433596e+02
2.209711608956019404e+02 2.209833046848790445e+02
2.250828312749674751e+02 2.250952498793848804e+02
2.291945009293545468e+02 2.292070710010696075e+02
2.333059200937353808e+02 2.333188769848982247e+02
2.374175253275194564e+02 2.374306865080649231e+02
2.415289384872705796e+02 2.415422045938863675e+02
2.456403989919092510e+02 2.456538627348086550e+02
2.497519755648671094e+02 2.497656060769613475e+02
2.538634044609154046e+02 2.538771873816943980e+02
2.579748055436215282e+02 2.579887101312882578e+02
2.620862308338290063e+02 2.621002886777866934e+02
