0.000000000000000000e+00 0.000000000000000000e+00
2.904454206579034636e+00 2.904454206579036413e+00
7.032217186644330376e+00 7.032344912409247861e+00
1.115778398955347583e+01 1.115824089116020978e+01
1.527936684094188990e+01 1.528007301716029431e+01
1.940034719986247325e+01 1.940120438316625240e+01
2.351980459311120342e+01 2.352112552037206683e+01
2.763838973118707898e+01 2.763992592198471954e+01
3.175627177851071536e+01 3.175792678006844483e+01
3.587380891656653148e+01 3.587564051620023520e+01
3.999102626980909037e+01 3.999301937119513894e+01
4.410811993508433204e+01 4.410987561889265862e+01
4.822451676903367002e+01 4.822663391110244646e+01
5.234091915570574116e+01 5.234330156484709562e+01
5.645713696369615775e+01 5.645965772670840721e+01
6.057301239954526295e+01 6.057575269015797659e+01
6.468854756348160606e+01 6.469153399427180773e+01
6.880388186764143654e+01 6.880713617767349888e+01
7.291890388857073901e+01 7.292241834115128540e+01
7.703363681650320416e+01 7.703725811438988558e+01
8.114822355480846738e+01 8.115216924739046078e+01
8.526277722257812286e+01 8.526676936932184958e+01
8.937709923344736751e+01 8.938117382855598692e+01
9.349134832997670230e+01 9.349565598336675976e+01
9.760557399786620181e+01 9.761003501420745465e+01
1.017194657215288061e+02 1.017243351762311647e+02
1.058331965667821351e+02 1.058384732383131706e+02
1.099469773933675896e+02 1.099523729058563504e+02
1.140607611318535675e+02 1.140664577898890997e+02
1.181742960996093927e+02 1.181802398734027122e+02
1.222876752023460227e+02 1.222940058344273098e+02
1.264009504994356519e+02 1.264076489139047226e+02
1.305142935302854994e+02 1.305214715193811514e+02
1.346276395589553658e+02 1.346349898737009028e+02
1.387410282272642803e+02 1.387485877866024282e+02
1.428542485709107552e+02 1.428620684912194747e+02
1.469673642436378032e+02 1.469753282864319317e+02
1.510803030204987749e+02 1.510885350751472060e+02
1.551931222337804570e+02 1.552015195142331834e+02
1.593058969956043143e+02 1.593146992044663079e+02
1.634186935971690104e+02 1.634277129744861270e+02
1.675312408536185842e+02 1.675405057078552602e+02
1.716437152001248592e+02 1.716533914130322103e+02
1.757562818331664971e+02 1.757660940263247369e+02
1.798687304663455961e+02 1.798787532800950544e+02
1.839812447476630837e+02 1.839913724309239456e+02
1.880938125272782599e+02 1.881040895980693222e+02
1.922062495503417949e+02 1.922168541617726021e+02
1.963186266996515315e+02 1.963293973144882898e+02
2.004309355712841239e+02 2.004420246186955978e+02
2.045431083483305770e+02 2.045546232960772386e+02
2.086554444740519898e+02 2.086671498869386028e+02
2.127676668929977950e+02 2.127796053050847718e+02
2.168799103685712453e+02 2.168919116557884763e+02
2.209920635257244328e+02 2.210042531286703138e+02
2.251040826400551964e+02 2.251166637172744913e+02
2.292160759410404012e+02 2.292290645575273516e+02
2.333281042834694006e+02 2.333413018138389816e+02
2.374401535363010964e+02 2.374534859836392116e+02
2.415521651726384960e+02 2.415657083527127043e+02
2.456641489790165735e+02 2.456779177468035300e+02
2.497759886163369742e+02 2.497899340834384532e+02
2.538877167681727940e+02 2.539018571386660881e+02
2.579994922509906132e+02 2.580138739562386831e+02
2.621112576699283636e+02 2.621257930701520991e+02
