0.000000000000000000e+00 0.000000000000000000e+00
4.533398621666573369e+00 4.548040591145404044e+00
9.066797244614324569e+00 9.095988501294616668e+00
1.360019586674287773e+01 1.364384490996297927e+01
1.813359448858919620e+01 1.819161098043732494e+01
2.266699311154314955e+01 2.273928784036527873e+01
2.720039173420702738e+01 2.728687660613472232e+01
3.173379037006404246e+01 3.183437837430956563e+01
3.626718899322735012e+01 3.638179422480563119e+01
4.080058761657545574e+01 4.092912520003436327e+01
4.533398623936915328e+01 4.547637234184573174e+01
4.986738486217962674e+01 5.002353666281839395e+01
5.440078349357617071e+01 5.457061916511488420e+01
5.893418213655274940e+01 5.911762082455008738e+01
6.346758076039179031e+01 6.366454262453385837e+01
6.800097939373628719e+01 6.821138549000797013e+01
7.253437802665662559e+01 7.275815034507425594e+01
7.706777668062073872e+01 7.730483809792784200e+01
8.160117530641792882e+01 8.185144964226709874e+01
8.613457393883334134e+01 8.639798587236809624e+01
9.066797258613280519e+01 9.094444765289655663e+01
9.520137122134627816e+01 9.549083582080871224e+01
9.973476988168073376e+01 1.000371512166124717e+02
1.042681685178649786e+02 1.045833946803470411e+02
1.088015671611835558e+02 1.091295669852314063e+02
1.133349658063250160e+02 1.136756689746293887e+02
1.178683644539090380e+02 1.182217013950528468e+02
1.224017631009827483e+02 1.227676650154218834e+02
1.269351617577129616e+02 1.273135605706677609e+02
1.314685604053752286e+02 1.318593888230745392e+02
1.360019590621473355e+02 1.364051504969884263e+02
1.405353577088847317e+02 1.409508463109451668e+02
1.450687563390762875e+02 1.454964769826905240e+02
1.496021549880466068e+02 1.500420431953897378e+02
1.541355536798010917e+02 1.545875456501811414e+02
1.586689523066507377e+02 1.591329850477364971e+02
1.632023509761443449e+02 1.636783619963129013e+02
1.677357496176217637e+02 1.682236771742996098e+02
1.722691482680149875e+02 1.727689312419787484e+02
1.768025469192477885e+02 1.773141247507132618e+02
1.813359455897686416e+02 1.818592584033649189e+02
1.858693442517443941e+02 1.864043327582326128e+02
1.904027429241183427e+02 1.909493484551922506e+02
1.949361415958772170e+02 1.954943061284864427e+02
1.994695402537917346e+02 2.000392062529854229e+02
2.040029389151900716e+02 2.045840494617539207e+02
2.085363375734607985e+02 2.091288363908629435e+02
2.130697362682282687e+02 2.136735675410371300e+02
2.176031349330783087e+02 2.182182434598079794e+02
2.221365335742526383e+02 2.227628646719219319e+02
2.266699322138828734e+02 2.273074317018346449e+02
2.312033308517307546e+02 2.318519450958791595e+02
2.357367295101966533e+02 2.363964054018460672e+02
2.402701281510248350e+02 2.409408131376195286e+02
2.448035268745805695e+02 2.454851687612870705e+02
2.493369255099619295e+02 2.500294727373193098e+02
2.538703241489023412e+02 2.545737256417970116e+02
2.584037227989243206e+02 2.591179278867916764e+02
2.629371214433887758e+02 2.636620800623567789e+02
2.674705201690963463e+02 2.682061825470431131e+02
2.720039188483984844e+02 2.727502358025562899e+02
2.765373174872203776e+02 2.772942402407140321e+02
2.810707161243474843e+02 2.818381964464342673e+02
2.856041147609539621e+02 2.863821046910446739e+02
2.901375134885629450e+02 2.909259655643646738e+02
2.946709121219988106e+02 2.954697794336195784e+02
2.992043107548264516e+02 3.000135467300787582e+02
3.037377093883861221e+02 3.045572679046535427e+02
3.082711080329034985e+02 3.091009433514610123e+02
3.128045067771501522e+02 3.136445734713388447e+02
3.173379055179433408e+02 3.181881586153584749e+02
3.218713042004567342e+02 3.227316992176005215e+02
3.264047028366787799e+02 3.272751956640481694e+02
3.309381014978241637e+02 3.318186483951569699e+02
3.354715001945770609e+02 3.363620577567060081e+02
3.400048988986073937e+02 3.409054240757390062e+02
3.445382975603250770e+02 3.454487478375284581e+02
3.490716963124111771e+02 3.499920292958061054e+02
3.536050950214045088e+02 3.545352689174141005e+02
3.581384937858825879e+02 3.590784670186046696e+02
3.626718924230028165e+02 3.636216238727578229e+02
3.672052912142123660e+02 3.681647399059135068e+02
3.717386899878694067e+02 3.727078155557711625e+02
3.762720886138288279e+02 3.772508510263612607e+02
3.808054872897109249e+02 3.817938466668272213e+02
3.853388859247604614e+02 3.863368027313568973e+02
3.898722846952468331e+02 3.908797196764530781e+02
3.944056833809372620e+02 3.954225978075409671e+02
3.989390820147814338e+02 3.999654375509869624e+02
4.034724806791658693e+02 4.045082390811087407e+02
4.080058793115001663e+02 4.090510026317784309e+02
4.125392781076069468e+02 4.135937286361039469e+02
4.170726767757829521e+02 4.181364173571818128e+02
4.216060754791916452e+02 4.226790691358453387e+02
4.261394741182435837e+02 4.272216842383322728e+02
4.306728728096911709e+02 4.317642628864666676e+02
4.352062714992844121e+02 4.363068054803825362e+02
4.397396701889481392e+02 4.408493123029054459e+02
4.442730689141162088e+02 4.453917835512913825e+02
4.488064675872878979e+02 4.499342196022680582e+02
4.533398662903559853e+02 4.544766207117718295e+02
4.578732649876285450e+02 4.590189872517791514e+02
4.624066637115365666e+02 4.635613192883165539e+02
4.669400623830254062e+02 4.681036170999989281e+02
4.714734611580424826e+02 4.726458811485700835e+02
4.760068598591333284e+02 4.771881114247859728e+02
4.805402585607191099e+02 4.817303084445164814e+02
4.850736572709647589e+02 4.862724722423282628e+02
4.896070559673325988e+02 4.908146031402588960e+02
4.941404546836083682e+02 4.953567014564102919e+02
4.986738533753432989e+02 4.998987674916969013e+02
5.032072520514070106e+02 5.044408013491604379e+02
5.077406508348138914e+02 5.089828032977807197e+02
5.122740496238275227e+02 5.135247736733662123e+02
5.168074483076092065e+02 5.180667126227929202e+02
5.213408469376788617e+02 5.226086203094981784e+02
5.258742457478587085e+02 5.271504969550384203e+02
5.304076444432398603e+02 5.316923430403330713e+02
5.349410430999837445e+02 5.362341586185621054e+02
5.394744417858357792e+02 5.407759439541284792e+02
5.440078406023017124e+02 5.453176990363610912e+02
5.485412394379932266e+02 5.498594244535674989e+02
5.530746380802646627e+02 5.544011202055033891e+02
5.576080368653985033e+02 5.589427863942710246e+02
5.621414355023575808e+02 5.634844233642672862e+02
5.666748341474083190e+02 5.680260315190554365e+02
5.712082328399716289e+02 5.725676107976038338e+02
5.757416314988806789e+02 5.771091615611580892e+02
5.802750301433868572e+02 5.816506839355441798e+02
5.848084288286720493e+02 5.861921780265679445e+02
5.893418275259277834e+02 5.907336441015515902e+02
5.938752262277689624e+02 5.952750823298790692e+02
5.984086249462361593e+02 5.998164929932992209e+02
6.029420237971199867e+02 6.043578764134691710e+02
6.074754225764165767e+02 6.088992324856744744e+02
6.120088214017563359e+02 6.134405616326863537e+02
6.165422200316884300e+02 6.179818639179474076e+02
6.210756187561541992e+02 6.225231394457628085e+02
6.256090175887293299e+02 6.270643885368143629e+02
6.301424162286366482e+02 6.316056111095650749e+02
6.346758150674074841e+02 6.361468076367825688e+02
6.392092139849823980e+02 6.406879782159358001e+02
6.437426126826029531e+02 6.452291230196876768e+02
6.482760113228639511e+02 6.497702422198326531e+02
6.528094100277908183e+02 6.543113359896032080e+02
