0.000000000000000000e+00 0.000000000000000000e+00
6.069895234441474940e+00 6.085944511375807053e+00
1.213979061497557765e+01 1.217178718629772405e+01
1.820968592352515714e+01 1.825752908730095925e+01
2.427958123948182845e+01 2.434317133500297459e+01
3.034947641681388575e+01 3.042871522506856508e+01
3.641937181160871262e+01 3.651416193178896208e+01
4.248926730607441016e+01 4.259951271880791523e+01
4.855916248093453902e+01 4.868476879583431582e+01
5.462905785275238202e+01 5.476993163076404159e+01
6.069895304725199026e+01 6.085500175082302121e+01
6.676884835284485575e+01 6.693998052813553556e+01
7.283874385822295494e+01 7.302486941277902588e+01
7.890863906061360922e+01 7.910966914273689099e+01
8.497853446746790951e+01 8.519438073229991915e+01
9.104842998100592411e+01 9.127900497576538896e+01
9.711832523239769444e+01 9.736354327343434534e+01
1.031882206961860504e+02 1.034479963713665711e+02
1.092581158419333320e+02 1.095323655692133968e+02
1.153280110509297742e+02 1.156166517505370450e+02
1.213979061966817596e+02 1.217008557872048584e+02
1.274678013768800326e+02 1.277849783222905842e+02
1.335376968604425372e+02 1.338690208726630715e+02
1.396075920408996183e+02 1.399529836830532759e+02
1.456774871984242452e+02 1.460368680157296808e+02
1.517473824052814280e+02 1.521206749386909109e+02
1.578172775645530237e+02 1.582044049829336529e+02
1.638871727425923552e+02 1.642880590335782358e+02
1.699570679164670253e+02 1.703716377475077195e+02
1.760269631390320910e+02 1.764551422062386905e+02
1.820968583167812085e+02 1.825385732267025674e+02
1.881667537729832702e+02 1.886219313431254818e+02
1.942366490365936897e+02 1.947052178065831924e+02
2.003065443247104440e+02 2.007884330505580124e+02
2.063764395273329342e+02 2.068715778906334606e+02
2.124463347634150523e+02 2.129546529464678883e+02
2.185162301595364625e+02 2.190376588568972238e+02
2.245861253921732441e+02 2.251205965363035943e+02
2.306560205614078427e+02 2.312034666201793982e+02
2.367259157910459635e+02 2.372862699746771113e+02
2.427958110029794057e+02 2.433690072909519415e+02
2.488657061558218118e+02 2.494516790474802974e+02
2.549356013440384174e+02 2.555342860730480368e+02
2.610054965198751233e+02 2.616168286356445378e+02
2.670753917032686786e+02 2.676993076814791266e+02
2.731452870060986697e+02 2.737817239133233898e+02
2.792151822117846791e+02 2.798640777924309191e+02
2.852850775135364074e+02 2.859463700303920177e+02
2.913549727614827134e+02 2.920286014467708355e+02
2.974248679550394172e+02 2.981107723571969927e+02
3.034947633475937891e+02 3.041928833445141436e+02
3.095646585657842706e+02 3.102749350046146333e+02
3.156345539047169950e+02 3.163569278467497270e+02
3.217044490771817777e+02 3.224388626061875129e+02
3.277743442524795796e+02 3.285207397716772562e+02
3.338442395379162235e+02 3.346025601058668144e+02
3.399141347675226825e+02 3.406843237433056402e+02
3.459840301913948792e+02 3.467660313251191155e+02
3.520539254196196453e+02 3.528476837789939964e+02
3.581238205880179635e+02 3.589292809779279310e+02
3.641937157601381045e+02 3.650108240428568251e+02
3.702636110407893852e+02 3.710923131586467889e+02
3.763335062263530517e+02 3.771737486331646210e+02
3.824034014663526477e+02 3.832551314335774464e+02
3.884732966520183481e+02 3.893364614963986696e+02
3.945431918235992157e+02 3.954177396714775341e+02
4.006130870213473827e+02 4.014989663182489039e+02
4.066829823155438817e+02 4.075801418810265773e+02
4.127528774657703252e+02 4.136612669291321254e+02
4.188227728319831158e+02 4.197423418034509837e+02
4.248926681905179521e+02 4.258233669930485803e+02
4.309625634251284509e+02 4.319043429478241478e+02
4.370324587361362774e+02 4.379852701269636555e+02
4.431023538830486359e+02 4.440661488162463115e+02
4.491722492984569044e+02 4.501469796645054657e+02
4.552421447217917603e+02 4.562277629725870156e+02
4.613120398830261024e+02 4.623084991933951642e+02
4.673819350412841231e+02 4.683891886028918066e+02
4.734518302004687484e+02 4.744698316217358069e+02
4.795217254022984434e+02 4.805504288619375757e+02
4.855916205860187347e+02 4.866309805694393162e+02
4.916615157953510789e+02 4.927114870236529214e+02
4.977314111725970633e+02 4.987919487837814927e+02
5.038013065524226022e+02 5.048723659493494438e+02
5.098712017952899487e+02 5.109527392241573125e+02
5.159410970337924027e+02 5.170330687459002093e+02
5.220109922840457557e+02 5.231133549446777806e+02
5.280808877685001335e+02 5.291935983086718807e+02
5.341507830582633005e+02 5.352737991349696358e+02
5.402206782929401925e+02 5.413539575943334512e+02
5.462905734822878685e+02 5.474340740775794529e+02
5.523604686878337588e+02 5.535141490534799686e+02
5.584303640352071625e+02 5.595941828103594844e+02
5.645002592320729491e+02 5.656741757983750176e+02
5.705701544946070953e+02 5.717541280565638999e+02
5.766400497946742689e+02 5.778340400654296900e+02
5.827099451103847514e+02 5.839139121641227348e+02
5.887798404335960640e+02 5.899937447861401552e+02
5.948497357589822059e+02 5.960735380554906442e+02
6.009196309199601274e+02 6.021532922975484325e+02
6.069895261232545636e+02 6.082330078805036919e+02
6.130594213204094558e+02 6.143126851183626513e+02
6.191293165060949377e+02 6.203923244037080167e+02
6.251992116988490125e+02 6.264719257322146859e+02
6.312691071241648615e+02 6.325514896114998464e+02
6.373390023119491161e+02 6.386310164530848397e+02
6.434088975255206151e+02 6.447105064927897047e+02
6.494787927573980824e+02 6.507899596821019941e+02
6.555486879993511593e+02 6.568693765316054396e+02
6.616185831707877014e+02 6.629487571964793915e+02
6.676884784271423996e+02 6.690281021453224639e+02
6.737583736269546080e+02 6.751074115080987212e+02
6.798282690643683281e+02 6.811866856375124826e+02
6.858981643873727307e+02 6.872659246968303250e+02
6.919680596175053324e+02 6.933451292480594930e+02
6.980379551288108360e+02 6.994242990538562026e+02
7.041078503429125703e+02 7.055034346644802099e+02
7.101777455712737037e+02 7.115825362719250506e+02
7.162476409107974860e+02 7.176616040870774214e+02
7.223175360654390715e+02 7.237406387039281981e+02
7.283874315012276384e+02 7.298196400231083771e+02
7.344573267205043976e+02 7.358986081836710582e+02
7.405272220537850671e+02 7.419775434957465450e+02
7.465971174030102020e+02 7.480564464927565496e+02
7.526670127912981343e+02 7.541353171919483884e+02
7.587369082007062389e+02 7.602141558998619075e+02
7.648068037188741073e+02 7.662929626792310955e+02
7.708766989110686154e+02 7.723717378485777090e+02
7.769465941072947999e+02 7.784504816095994784e+02
7.830164896217999058e+02 7.845291943362058191e+02
7.890863850183161503e+02 7.906078760030570720e+02
7.951562803011004235e+02 7.966865269572815578e+02
8.012261756371515276e+02 8.027651472742895749e+02
8.072960711478051508e+02 8.088437372632995448e+02
8.133659666769440264e+02 8.149222973155769978e+02
8.194358619109566462e+02 8.210008271957517536e+02
8.255057571025876086e+02 8.270793276279410975e+02
8.315756524186624574e+02 8.331577985100864225e+02
8.376455476717820829e+02 8.392362400479693179e+02
8.437154432141882126e+02 8.453146524190544824e+02
8.497853383997041874e+02 8.513930361343770983e+02
8.558552338519021987e+02 8.574713910335913170e+02
8.619251291341076922e+02 8.635497176092981135e+02
8.679950243410332860e+02 8.696280155773856677e+02
8.740649195480285698e+02 8.757062856348388777e+02
