0.000000000000000000e+00 0.000000000000000000e+00
6.071431585834743849e+00 6.085944574139133145e+00
1.214286338644524577e+01 1.217180562735585525e+01
1.821429507993254049e+01 1.825758423713843825e+01
2.428572666058190777e+01 2.434328089902242453e+01
3.035715855260172802e+01 3.042889680203976610e+01
3.642859037094589780e+01 3.651443295901881214e+01
4.250002218621780514e+01 4.259989015695716574e+01
4.857145402007191137e+01 4.868526927706171392e+01
5.464288557973078753e+01 5.477057146664323284e+01
6.071431731723600933e+01 6.085579705698871322e+01
6.678574911512335177e+01 6.694094738434188230e+01
7.285718082999946432e+01 7.302602284556596146e+01
7.892861238639105181e+01 7.911102427345659294e+01
8.500004417732856155e+01 8.519595267005452399e+01
9.107147577400743899e+01 9.128080889686195576e+01
9.714290760951831771e+01 9.736559336522842045e+01
1.032143392511225102e+02 1.034503070441916748e+02
1.092857709087582521e+02 1.095349510100874681e+02
1.153572025145942490e+02 1.156195254526925140e+02
1.214286340662008286e+02 1.217040312111579397e+02
1.275000657839871678e+02 1.277884691674511828e+02
1.335714973366054892e+02 1.338728398713106174e+02
1.396429289506206430e+02 1.399571442751330324e+02
1.457143607270559471e+02 1.460413827737010593e+02
1.517857923988507309e+02 1.521255561657165458e+02
1.578572239971136355e+02 1.582096653000425590e+02
1.639286557094796422e+02 1.642937103260138088e+02
1.700000873261971606e+02 1.703776921865229497e+02
1.760715188813875898e+02 1.764616114349037730e+02
1.821429506589465177e+02 1.825454688439394317e+02
1.882143822381016491e+02 1.886292649002404289e+02
1.942858138956090102e+02 1.947130003729595273e+02
2.003572454872794992e+02 2.007966755115473347e+02
2.064286772172230258e+02 2.068802913403989976e+02
2.125001088459339371e+02 2.129638481873744240e+02
2.185715406312528160e+02 2.190473464198021816e+02
2.246429722888939295e+02 2.251307868192806723e+02
2.307144038640374220e+02 2.312141698473999440e+02
2.367858354479271270e+02 2.372974963778554525e+02
2.428572672889337127e+02 2.433807664210355028e+02
2.489286988310026345e+02 2.494639810900697512e+02
2.550001304205139263e+02 2.555471404967147180e+02
2.610715620059478397e+02 2.616302449897688689e+02
2.671429935650087373e+02 2.677132953810407798e+02
2.732144251532033081e+02 2.737962921671600043e+02
2.792858567966028431e+02 2.798792358157966191e+02
2.853572884740897280e+02 2.859621266871479861e+02
2.914287201409265435e+02 2.920449655603757719e+02
2.975001518686804616e+02 2.981277526491462027e+02
3.035715836612916974e+02 3.042104884873729702e+02
3.096430154751610644e+02 3.102931734917419817e+02
3.157144471803203487e+02 3.163758081275222480e+02
3.217858788725939121e+02 3.224583929173563774e+02
3.278573104511697807e+02 3.285409282893271552e+02
3.339287421817952008e+02 3.346234144948646190e+02
3.400001737768792509e+02 3.407058521324233311e+02
3.460716055852132058e+02 3.467882415924505040e+02
3.521430374405049406e+02 3.528705835112260729e+02
3.582144691272170007e+02 3.589528780731103552e+02
3.642859006937410982e+02 3.650351256005026812e+02
3.703573322603277802e+02 3.711173265545025970e+02
3.764287638915055823e+02 3.771994814068750657e+02
3.825001954762921059e+02 3.832815905577710964e+02
3.885716270208286574e+02 3.893636545817626597e+02
3.946430587641200418e+02 3.954456735949174799e+02
4.007144903731408476e+02 4.015276478929754376e+02
4.067859219442860876e+02 4.076095779714178207e+02
4.128573538065786579e+02 4.136914642160379003e+02
4.189287854084420815e+02 4.197733069735046456e+02
4.250002169890520918e+02 4.258551066067977899e+02
4.310716486108455001e+02 4.319368635449271778e+02
4.371430801713052006e+02 4.380185780292115396e+02
4.432145117120496707e+02 4.441002505317475197e+02
4.492859432579131180e+02 4.501818812326418993e+02
4.553573749960162331e+02 4.562634706481096600e+02
4.614288065510951924e+02 4.623450191332513555e+02
4.675002381039694797e+02 4.684265267170814013e+02
4.735716696630435081e+02 4.745079938845746028e+02
4.796431012167158769e+02 4.805894211649684848e+02
4.857145327925452989e+02 4.866708085668630019e+02
4.917859644059869311e+02 4.927521565151694176e+02
4.978573959976888545e+02 4.988334654216807280e+02
5.039288277831876144e+02 5.049147354018084570e+02
5.100002593916796059e+02 5.109959670213472123e+02
5.160716909736365778e+02 5.170771602340046229e+02
5.221431225705831594e+02 5.231583156096864968e+02
5.282145543572403312e+02 5.292394333214181188e+02
5.342859859847084181e+02 5.353205138722714764e+02
5.403574178260796543e+02 5.414015571817109276e+02
5.464288494457296110e+02 5.474825639086971023e+02
5.525002810893283822e+02 5.535635342421256837e+02
5.585717127701218487e+02 5.596444682315293448e+02
5.646431443532383128e+02 5.657253663060265580e+02
5.707145760110447554e+02 5.718062285532922715e+02
5.767860077080551946e+02 5.778870555506965729e+02
5.828574394173533619e+02 5.839678473586709515e+02
5.889288711371002591e+02 5.900486042958837061e+02
5.950003028523715329e+02 5.961293266042182495e+02
6.010717345608277355e+02 6.022100146556396112e+02
6.071431661571185714e+02 6.082906684807696820e+02
6.132145977320860766e+02 6.143712884745048086e+02
6.192860293115355717e+02 6.204518748005020825e+02
6.253574609006909668e+02 6.265324277667417618e+02
6.314288927224541794e+02 6.326129479342689592e+02
6.375003243082487643e+02 6.386934351378382644e+02
6.435717559162674206e+02 6.447738894719673226e+02
6.496431875092835071e+02 6.508543114076210259e+02
6.557146191452353605e+02 6.569347014561108153e+02
6.617860507890702593e+02 6.630150595407094443e+02
6.678574823873610740e+02 6.690953856684263883e+02
6.739289139765442087e+02 6.751756803436875316e+02
6.800003456235182284e+02 6.812559439690542149e+02
6.860717772095508735e+02 6.873361762115450802e+02
6.921432090679375051e+02 6.934163776414806080e+02
6.982146407226509837e+02 6.994965485277581365e+02
7.042860722971280438e+02 7.055766889380008706e+02
7.103575041482716870e+02 7.116567993065216342e+02
7.164289357439977266e+02 7.177368795965676327e+02
7.225003674078075164e+02 7.238169302888920811e+02
7.285717991720011923e+02 7.298969514100531342e+02
7.346432307775930894e+02 7.359769428578397310e+02
7.407146623790434887e+02 7.420569051358734214e+02
7.467860941275735058e+02 7.481368386416547764e+02
7.528575259552974330e+02 7.542167433768349838e+02
7.589289577084873599e+02 7.602966196504962682e+02
7.650003896182998915e+02 7.663764673909563498e+02
7.710718213496775206e+02 7.724562869266925418e+02
7.771432529138721748e+02 7.785360784268850693e+02
7.832146848242141459e+02 7.846158420618928631e+02
7.892861166113393665e+02 7.906955781367539657e+02
7.953575482886388954e+02 7.967752867430158403e+02
8.014289799007329975e+02 8.028549677796344213e+02
8.075004116476343370e+02 8.089346218253272127e+02
8.135718434181377461e+02 8.150142491464720251e+02
8.196432750386074986e+02 8.210938497035332375e+02
8.257147066130510211e+02 8.271734236457334646e+02
8.317861383165227380e+02 8.332529711423400158e+02
8.378575699629795963e+02 8.393324923393857944e+02
8.439290015847944915e+02 8.454119875477143751e+02
8.500004332692717526e+02 8.514914567275721993e+02
8.560718649143084349e+02 8.575709001427630938e+02
8.621432965382959992e+02 8.636503182606579685e+02
8.682147283744030801e+02 8.697297109815320937e+02
8.742861601535469163e+02 8.758090781803705340e+02
