0.000000000000000000e+00 0.000000000000000000e+00
6.069895410046426854e+00 6.085944745780777154e+00
1.213979064527697460e+01 1.217178713402889478e+01
1.820968587298678187e+01 1.825752894134216575e+01
2.427958104209976398e+01 2.434317128458108925e+01
3.034947647238606550e+01 3.042871506866344333e+01
3.641937172631630659e+01 3.651416200997238093e+01
4.248926708042640854e+01 4.259951318111525609e+01
4.855916262323565036e+01 4.868476948226138745e+01
5.462905790066757561e+01 5.476993215401428472e+01
6.069895309045219278e+01 6.085500238785938620e+01
6.676884830627487588e+01 6.693998116140468824e+01
7.283874367903285929e+01 7.302486970147577949e+01
7.890863882593191647e+01 7.910966921790051742e+01
8.497853429857210017e+01 8.519438077439733092e+01
9.104842950300685800e+01 9.127900504068412602e+01
9.711832471829876567e+01 9.736354323808293998e+01
1.031882200210704355e+02 1.034479963993825606e+02
1.092581151985846759e+02 1.095323654939193716e+02
1.153280104410688978e+02 1.156166516142899070e+02
1.213979058827277697e+02 1.217008553615296762e+02
1.274678012493453707e+02 1.277849779975414890e+02
1.335376964680306173e+02 1.338690202066491395e+02
1.396075919408604591e+02 1.399529830688931042e+02
1.456774871614021549e+02 1.460368674880025424e+02
1.517473823503100050e+02 1.521206742284443294e+02
1.578172776803033912e+02 1.582044041953616329e+02
1.638871728511124957e+02 1.642880580705542002e+02
1.699570680257602930e+02 1.703716367573462662e+02
1.760269632920246750e+02 1.764551413539337545e+02
1.820968585949229919e+02 1.825385722488453268e+02
1.881667538336005521e+02 1.886219303994636221e+02
1.942366490928621090e+02 1.947052168695552155e+02
2.003065442548343640e+02 2.007884318565667172e+02
2.063764395447196307e+02 2.068715766984166180e+02
2.124463347655203620e+02 2.129546516556679308e+02
2.185162301659111677e+02 2.190376576887036322e+02
2.245861253648192246e+02 2.251205955021431748e+02
2.306560206096279444e+02 2.312034657260917356e+02
2.367259157966815906e+02 2.372862690473351677e+02
2.427958109560910884e+02 2.433690062045873219e+02
2.488657061149574758e+02 2.494516778409194444e+02
2.549356014061885389e+02 2.555342848715231412e+02
2.610054965941687897e+02 2.616168274420304556e+02
2.670753917824387713e+02 2.676993065227570696e+02
2.731452869442867382e+02 2.737817228305887056e+02
2.792151823283045360e+02 2.798640766947305565e+02
2.852850776421523733e+02 2.859463689304566856e+02
2.913549728863949895e+02 2.920286001171506882e+02
2.974248682355946585e+02 2.981107709466895130e+02
3.034947636283009160e+02 3.041928819514284896e+02
3.095646588337326648e+02 3.102749336189707492e+02
3.156345540372471987e+02 3.163569264689922989e+02
3.217044492119550796e+02 3.224388612360853585e+02
3.277743444087705029e+02 3.285207386051023946e+02
3.338442396196552409e+02 3.346025586873271891e+02
3.399141348207957094e+02 3.406843222571204706e+02
3.459840300184235957e+02 3.467660299509511788e+02
3.520539252461462638e+02 3.528476822017083805e+02
3.581238204369669802e+02 3.589292794105272151e+02
3.641937156260950132e+02 3.650108223025712277e+02
3.702636108100535353e+02 3.710923113591446736e+02
3.763335062115838809e+02 3.771737468307125027e+02
3.824034014906644643e+02 3.832551293753455184e+02
3.884732966687276985e+02 3.893364595245341775e+02
3.945431918232102362e+02 3.954177378709458708e+02
4.006130870901626508e+02 4.014989645143139114e+02
4.066829822652395023e+02 4.075801403317875611e+02
4.127528774943581880e+02 4.136612655152978277e+02
4.188227726408662761e+02 4.197423404072462745e+02
4.248926679553434269e+02 4.258233656028289147e+02
4.309625631273239605e+02 4.319043416829437660e+02
4.370324583949786756e+02 4.379852688343598857e+02
4.431023535574871630e+02 4.440661475489513919e+02
4.491722487139850841e+02 4.501469782846849057e+02
4.552421441518250731e+02 4.562277615352148814e+02
4.613120393116960258e+02 4.623084976684522189e+02
4.673819344790953778e+02 4.683891869759426072e+02
4.734518297878705084e+02 4.744698299866635125e+02
4.795217249671199511e+02 4.805504272577243228e+02
4.855916201965630989e+02 4.866309789798450538e+02
4.916615154135141097e+02 4.927114853199427671e+02
4.977314106222723922e+02 4.987919470205313246e+02
5.038013060024945275e+02 5.048723641855164033e+02
5.098712012200945765e+02 5.109527373485462931e+02
5.159410964080929034e+02 5.170330668516390915e+02
5.220109916858741599e+02 5.231133530213883205e+02
5.280808871779115634e+02 5.291935964019362473e+02
5.341507823652824527e+02 5.352737972173404160e+02
5.402206777713731753e+02 5.413539556853784234e+02
5.462905729971112123e+02 5.474340722097701928e+02
5.523604682027647641e+02 5.535141471993806590e+02
5.584303635495307390e+02 5.595941809368033546e+02
5.645002588567780322e+02 5.656741739843719188e+02
5.705701541185519545e+02 5.717541264238388976e+02
5.766400494195520423e+02 5.778340384825013416e+02
5.827099447343200609e+02 5.839139107549906385e+02
5.887798400577080429e+02 5.899937432660456125e+02
5.948497353840110691e+02 5.960735366363635421e+02
6.009196305440534616e+02 6.021532910490232098e+02
6.069895257495597889e+02 6.082330066474412433e+02
6.130594210027517192e+02 6.143126838938521814e+02
6.191293161872561086e+02 6.203923230212153612e+02
6.251992114124941509e+02 6.264719243540446314e+02
6.312691068249685031e+02 6.325514885056645653e+02
6.373390020596259546e+02 6.386310152471523907e+02
6.434088972735012248e+02 6.447105049780876698e+02
6.494787925071948393e+02 6.507899581432042169e+02
6.555486877488125401e+02 6.568693748791374674e+02
6.616185831521354430e+02 6.629487555416677651e+02
6.676884785878926323e+02 6.690281004291312001e+02
6.737583737871245830e+02 6.751074097957111917e+02
6.798282689877732992e+02 6.811866838815814162e+02
6.858981641765100221e+02 6.872659229573855555e+02
6.919680594760500298e+02 6.933451273300278217e+02
6.980379546611243313e+02 6.994242972306417414e+02
7.041078498655037947e+02 7.055034328041649587e+02
7.101777450583088012e+02 7.115825344165314164e+02
7.162476402580051627e+02 7.176616022266850905e+02
7.223175355425794351e+02 7.237406369003535929e+02
7.283874307380879145e+02 7.298196381652825266e+02
7.344573259576450255e+02 7.358986062628300715e+02
7.405272211473889001e+02 7.419775415790210218e+02
7.465971164968523226e+02 7.480564445796549080e+02
7.526670119212114969e+02 7.541353152833222566e+02
7.587369070886639975e+02 7.602141536710605578e+02
7.648068026074524823e+02 7.662929604537303021e+02
7.708766979883810109e+02 7.723717356267428613e+02
7.769465933011169909e+02 7.784504793014475581e+02
7.830164888153551601e+02 7.845291919462683836e+02
7.890863841998328780e+02 7.906078735439880347e+02
7.951562794827652851e+02 7.966865245040060017e+02
8.012261748189146147e+02 8.027651446707129708e+02
8.072960701738998068e+02 8.088437345366510272e+02
8.133659653668789815e+02 8.149222945944478624e+02
8.194358608156074979e+02 8.210008245192533423e+02
8.255057560054808619e+02 8.270793247466547200e+02
8.315756513218302644e+02 8.331577956334224382e+02
8.376455465734024983e+02 8.392362373843591286e+02
8.437154418008177572e+02 8.453146498197186247e+02
8.497853370269840525e+02 8.513930333714877179e+02
8.558552322804478081e+02 8.574713881775230675e+02
8.619251275087146951e+02 8.635497144682456110e+02
8.679950227721762985e+02 8.696280124460099614e+02
8.740649180749740026e+02 8.757062823429528180e+02
