0.000000000000000000e+00 0.000000000000000000e+00
6.069895372611687989e+00 6.085944487872292363e+00
1.213979060988116565e+01 1.217178717358565976e+01
1.820968604628627574e+01 1.825752903918282044e+01
2.427958147189423954e+01 2.434317109375534116e+01
3.034947684036222881e+01 3.042871500308875454e+01
3.641937205137999456e+01 3.651416175709885437e+01
4.248926719549356790e+01 4.259951285997006210e+01
4.855916236512571516e+01 4.868476928434601803e+01
5.462905786511682038e+01 5.476993218826982002e+01
6.069895316274381969e+01 6.085500232828271550e+01
6.676884846628072978e+01 6.693998119423343951e+01
7.283874371929823610e+01 7.302486984650082036e+01
7.890863886766686619e+01 7.910966948666640519e+01
8.497853427625260281e+01 8.519438085279844586e+01
9.104842949184451584e+01 9.127900505461965963e+01
9.711832475013916621e+01 9.736354328137616676e+01
1.031882199540902150e+02 1.034479965211913282e+02
1.092581154006154804e+02 1.095323658209269695e+02
1.153280106469872521e+02 1.156166519026595552e+02
1.213979059885135143e+02 1.217008559117212627e+02
1.274678014710877534e+02 1.277849786799628049e+02
1.335376969515282894e+02 1.338690209458520997e+02
1.396075921486573179e+02 1.399529839441079275e+02
1.456774875694119942e+02 1.460368684066595506e+02
1.517473829945432442e+02 1.521206750055503676e+02
1.578172784586977286e+02 1.582044048887074155e+02
1.638871736299700501e+02 1.642880587840474220e+02
1.699570690973264959e+02 1.703716375093848683e+02
1.760269642762706894e+02 1.764551421835172107e+02
1.820968594861633960e+02 1.825385730545929164e+02
1.881667546898617616e+02 1.886219311938142198e+02
1.942366500768205526e+02 1.947052173946428866e+02
2.003065454975196076e+02 2.007884327008161733e+02
2.063764409177626931e+02 2.068715773869195402e+02
2.124463363111456431e+02 2.129546524562918535e+02
2.185162317144707345e+02 2.190376584350701705e+02
2.245861269002562892e+02 2.251205961361698087e+02
2.306560220913088415e+02 2.312034662938449685e+02
2.367259172756668022e+02 2.372862695244045881e+02
2.427958124537460094e+02 2.433690066025860972e+02
2.488657076023152115e+02 2.494516782436415383e+02
2.549356027982873343e+02 2.555342850383664199e+02
2.610054980357637078e+02 2.616168276257005800e+02
2.670753932835660294e+02 2.676993068453184605e+02
2.731452885215834385e+02 2.737817230875781433e+02
2.792151837230361480e+02 2.798640769725541304e+02
2.852850789294122364e+02 2.859463692474685104e+02
2.913549741767777732e+02 2.920286004973721106e+02
2.974248695169609391e+02 2.981107712896656494e+02
3.034947649100384979e+02 3.041928822932967478e+02
3.095646601607869570e+02 3.102749339661687031e+02
3.156345554998011380e+02 3.163569270162537350e+02
3.217044509079698287e+02 3.224388617455109625e+02
3.277743460884802289e+02 3.285207390183803682e+02
3.338442412933954984e+02 3.346025593726531042e+02
3.399141364933715295e+02 3.406843231900522824e+02
3.459840316912075764e+02 3.467660308338943196e+02
3.520539269641540159e+02 3.528476832451405016e+02
3.581238222656312473e+02 3.589292804571681472e+02
3.641937174347673363e+02 3.650108232619942328e+02
3.702636126540622854e+02 3.710923122728817702e+02
3.763335079853857223e+02 3.771737477800253373e+02
3.824034031503657616e+02 3.832551303878776707e+02
3.884732983124881684e+02 3.893364605413831896e+02
3.945431937670887237e+02 3.954177387264335266e+02
4.006130889604366985e+02 4.014989653140011683e+02
4.066829841937712331e+02 4.075801408858615105e+02
4.127528793426179163e+02 4.136612658879805053e+02
4.188227745270061746e+02 4.197423409896641715e+02
4.248926697026760166e+02 4.258233662475112169e+02
4.309625648785513476e+02 4.319043422053568975e+02
4.370324600618338309e+02 4.379852696103337166e+02
4.431023552246688268e+02 4.440661483646298393e+02
4.491722504000780418e+02 4.501469791769586664e+02
4.552421456161503670e+02 4.562277626629549445e+02
4.613120407749308924e+02 4.623084988084407883e+02
4.673819359322667424e+02 4.683891881390326830e+02
4.734518312555052262e+02 4.744698311969602855e+02
4.795217264053703730e+02 4.805504283548341391e+02
4.855916216051680294e+02 4.866309800197259392e+02
4.916615167932250188e+02 4.927114864154569887e+02
4.977314120332267180e+02 4.987919481281850267e+02
5.038013074133659188e+02 5.048723653486463263e+02
5.098712026621352607e+02 5.109527385621888129e+02
5.159410978486021122e+02 5.170330682541230090e+02
5.220109930974148256e+02 5.231133545727913088e+02
5.280808885809808544e+02 5.291935978313156284e+02
5.341507840173690056e+02 5.352737986608667597e+02
5.402206794685166642e+02 5.413539570785858359e+02
5.462905746904482385e+02 5.474340736103954441e+02
5.523604698966546493e+02 5.535141485331228068e+02
5.584303652424946449e+02 5.595941822694580878e+02
5.645002604184513757e+02 5.656741752466186881e+02
5.705701556796345812e+02 5.717541276233823737e+02
5.766400509799362908e+02 5.778340397769392212e+02
5.827099462986420804e+02 5.839139119185144864e+02
5.887798416220484796e+02 5.899937444383408547e+02
5.948497369486356092e+02 5.960735377803284791e+02
6.009196323984870105e+02 6.021532922120910598e+02
6.069895276178496033e+02 6.082330077959629762e+02
6.130594227970649399e+02 6.143126852902419159e+02
6.191293179826620872e+02 6.203923244150180381e+02
6.251992131751153465e+02 6.264719257469212153e+02
6.312691083861370771e+02 6.325514895914789122e+02
6.373390035712179724e+02 6.386310164780447849e+02
6.434088987860509405e+02 6.447105064837660393e+02
6.494787940172326444e+02 6.507899597766152056e+02
6.555486892591331980e+02 6.568693765472714858e+02
6.616185844305431374e+02 6.629487572004370577e+02
6.676884797260177038e+02 6.690281022615770326e+02
6.737583749287692854e+02 6.751074118257213286e+02
6.798282701262137380e+02 6.811866859165996857e+02
6.858981653314726827e+02 6.872659249455227837e+02
6.919680605142024206e+02 6.933451292609804568e+02
6.980379557116557407e+02 6.994242992123949989e+02
7.041078508989349984e+02 7.055034348220556240e+02
7.101777460787657219e+02 7.115825364381025793e+02
7.162476412763298868e+02 7.176616042525866987e+02
7.223175365614970360e+02 7.237406385838910410e+02
7.283874318851451335e+02 7.298196398421557660e+02
7.344573271047895560e+02 7.358986079501279391e+02
7.405272224007981094e+02 7.419775434273515202e+02
7.465971177501476177e+02 7.480564464262816955e+02
7.526670131225982914e+02 7.541353171278439049e+02
7.587369084265790207e+02 7.602141557412203383e+02
7.648068039424580320e+02 7.662929625195690733e+02
7.708766993299132082e+02 7.723717376898146085e+02
7.769465945508077311e+02 7.784504814529602754e+02
7.830164900652864617e+02 7.845291940050736912e+02
7.890863854622898543e+02 7.906078756710239759e+02
7.951562807447153318e+02 7.966865266276885222e+02
8.012261760802534809e+02 8.027651467707917163e+02
8.072960713046586534e+02 8.088437367590897793e+02
8.133659664888148200e+02 8.149222968840815611e+02
8.194358617224120280e+02 8.210008268040303392e+02
8.255057569927907934e+02 8.270793272171548551e+02
8.315756523080069655e+02 8.331577980963959362e+02
8.376455475589204980e+02 8.392362396818177785e+02
8.437154428692383590e+02 8.453146520385359963e+02
8.497853380954682052e+02 8.513930355329098347e+02
8.558552333489552666e+02 8.574713903307376768e+02
8.619251288265706989e+02 8.635497168942151802e+02
8.679950240664913963e+02 8.696280151795589290e+02
8.740649196193485295e+02 8.757062852362040530e+02
