0.000000000000000000e+00 0.000000000000000000e+00
4.690025283540265377e+00 4.703944853433647211e+00
9.380050566887792485e+00 9.407801595700227892e+00
1.407007585410068984e+01 1.411157135849143174e+01
1.876010113795835110e+01 1.881525524911866043e+01
2.345012642728140406e+01 2.351885434413478038e+01
2.814015171960815564e+01 2.822236970652355126e+01
3.283017700346455570e+01 3.292580238841810569e+01
3.752020228981657368e+01 3.762915339299973283e+01
4.221022757956416882e+01 4.233242374134181318e+01
4.690025287436651524e+01 4.703561440870696231e+01
5.159027817599506704e+01 5.173872636555748983e+01
5.628030347612705953e+01 5.644176058013353270e+01
6.097032876407971003e+01 6.114471796827737649e+01
6.566035405294746852e+01 6.584759943664975879e+01
7.035037935493853922e+01 7.055040588552232350e+01
7.504040464668787536e+01 7.525313822104133976e+01
7.973042994029205488e+01 7.995579731539444879e+01
8.442045524711554094e+01 8.465838399371814660e+01
8.911048056785750759e+01 8.936089909886801763e+01
9.380050585591183676e+01 9.406334345116258078e+01
9.849053115663440394e+01 9.876571789393302936e+01
1.031805564603830305e+02 1.034680231711369913e+02
1.078705817555725162e+02 1.081702601197421814e+02
1.125606070579810307e+02 1.128724294742436314e+02
1.172506323550346963e+02 1.175745319850967121e+02
1.219406576391386778e+02 1.222765684036695575e+02
1.266306829295475893e+02 1.269785394737770901e+02
1.313207082243494028e+02 1.316804459153685514e+02
1.360107335150391350e+02 1.363822884125660266e+02
1.407007588189832177e+02 1.410840677025680634e+02
1.453907841186767769e+02 1.457857844109667269e+02
1.500808094049717170e+02 1.504874392613240843e+02
1.547708347053131774e+02 1.551890328601604665e+02
1.594608600061919219e+02 1.598905658987441711e+02
1.641508853606126479e+02 1.645920390211147435e+02
1.688409106945613303e+02 1.692934528774245564e+02
1.735309360579332179e+02 1.739948080112266666e+02
1.782209614260521562e+02 1.786961050766346375e+02
1.829109867687446069e+02 1.833973447542610700e+02
1.876010121383246769e+02 1.880985274967934231e+02
1.922910374381163479e+02 1.927996539496247692e+02
1.969810627354037820e+02 1.975007246798545566e+02
2.016710880603494616e+02 2.022017402930555363e+02
2.063611133775493158e+02 2.069027012882701797e+02
2.110511387322478640e+02 2.116036082652430537e+02
2.157411640752829101e+02 2.163044617224575177e+02
2.204311893672426947e+02 2.210052622498260178e+02
2.251212147207505154e+02 2.257060103377226312e+02
2.298112400096148917e+02 2.304067065086566970e+02
2.345012653355246925e+02 2.351073512170598292e+02
2.391912906663518754e+02 2.398079450040593201e+02
2.438813159792239844e+02 2.445084884543231851e+02
2.485713412826734157e+02 2.492089819020573600e+02
2.532613666211067311e+02 2.539094259242587839e+02
2.579513920113868721e+02 2.586098208811354198e+02
2.626414173758162178e+02 2.633101673910705358e+02
2.673314427793560526e+02 2.680104657745749819e+02
2.720214680723290712e+02 2.727107166205576618e+02
2.767114933806719819e+02 2.774109202145609174e+02
2.814015187461091045e+02 2.821110771041476255e+02
2.860915440667240546e+02 2.868111876831404174e+02
2.907815694596057483e+02 2.915112523977117576e+02
2.954715947791722215e+02 2.962112717508173318e+02
3.001616202028573639e+02 3.009112460236092375e+02
3.048516455294976595e+02 3.056111757959325814e+02
3.095416708306214559e+02 3.103110612270826323e+02
3.142316962630296189e+02 3.150109028331950185e+02
3.189217216764284331e+02 3.197107011427955285e+02
3.236117470503135110e+02 3.244104564450804560e+02
3.283017724329906741e+02 3.291101691079848024e+02
3.329917978554358342e+02 3.338098395193275110e+02
3.376818232621812967e+02 3.385094680455456455e+02
3.423718486755950607e+02 3.432090550428310962e+02
3.470618740982157533e+02 3.479086008384314255e+02
3.517518995171025153e+02 3.526081057964677257e+02
3.564419249009796431e+02 3.573075702318952835e+02
3.611319502132969319e+02 3.620069945668608966e+02
3.658219755667242339e+02 3.667063791286901733e+02
3.705120008995381227e+02 3.714057242940845640e+02
3.752020263459399416e+02 3.761050304420894008e+02
3.798920516418465922e+02 3.808042979171843854e+02
3.845820769741336562e+02 3.855035269333774295e+02
3.892721022908270925e+02 3.902027178577803852e+02
3.939621275841515740e+02 3.949018710832086754e+02
3.986521528800955139e+02 3.996009866970866256e+02
4.033421783382576109e+02 4.043000652517387152e+02
4.080322038256526866e+02 4.089991068391627778e+02
4.127222292330951632e+02 4.136981119333006518e+02
4.174122545286132890e+02 4.183970807517804360e+02
4.221022798488692729e+02 4.230960136260091531e+02
4.267923052780782882e+02 4.277949108799539317e+02
4.314823306153522253e+02 4.324937728316025414e+02
4.361723559285640590e+02 4.371925997652864453e+02
4.408623814079508065e+02 4.418913917314932860e+02
4.455524067013420790e+02 4.465901493789864389e+02
4.502424320729994065e+02 4.512888726840018307e+02
4.549324575821794383e+02 4.559875619905508870e+02
4.596224830194610149e+02 4.606862175902971330e+02
4.643125084160502638e+02 4.653848397181374708e+02
4.690025339356492964e+02 4.700834287742827655e+02
4.736925593616601873e+02 4.747819848072862214e+02
4.783825848726286267e+02 4.794805082655219621e+02
4.830726102793245218e+02 4.841789992218652969e+02
4.877626356776160605e+02 4.888774579872722370e+02
4.924526611168311092e+02 4.935758850634401824e+02
4.971426866048967668e+02 4.982742803146421693e+02
5.018327120941058865e+02 5.029726441281828215e+02
5.065227373901565215e+02 5.076709767766814139e+02
5.112127627565458283e+02 5.123692784837382987e+02
5.159027880585668981e+02 5.170675495451235975e+02
5.205928135017090881e+02 5.217657900664901263e+02
5.252828388410582647e+02 5.264640003371002877e+02
5.299728642332592017e+02 5.311621807429768296e+02
5.346628895694677794e+02 5.358603310959192640e+02
5.393529150287467928e+02 5.405584519207382073e+02
5.440429403743478360e+02 5.452565434244304470e+02
5.487329659339491172e+02 5.499546057985996868e+02
5.534229912411061605e+02 5.546526393569120046e+02
5.581130165854491452e+02 5.593506440554787105e+02
5.628030420459400602e+02 5.640486202114576599e+02
5.674930674030030104e+02 5.687465682443619244e+02
5.721830928797402294e+02 5.734444881661343061e+02
5.768731183348613740e+02 5.781423801392952555e+02
5.815631438354305374e+02 5.828402442025948176e+02
5.862531694154652087e+02 5.875380809143994156e+02
5.909431949790129011e+02 5.922358903478211687e+02
5.956332205371038526e+02 5.969336724750729672e+02
6.003232458824178366e+02 6.016314277398469130e+02
6.050132713803411662e+02 6.063291562429321857e+02
6.097032969295694329e+02 6.110268583979341201e+02
6.143933222342518548e+02 6.157245339765322569e+02
6.190833476339723802e+02 6.204221832940850163e+02
6.237733731444654950e+02 6.251198067318293852e+02
6.284633985801527842e+02 6.298174044593010876e+02
6.331534240749851961e+02 6.345149764040746732e+02
6.378434495093969190e+02 6.392125228812531077e+02
6.425334749659164117e+02 6.439100440656775390e+02
6.472235003118147461e+02 6.486075400344582249e+02
6.519135256559515028e+02 6.533050110813051106e+02
6.566035512521847295e+02 6.580024575809416092e+02
6.612935765980701035e+02 6.626998792143043602e+02
6.659836020090074271e+02 6.673972764110528715e+02
6.706736273335811802e+02 6.720946492830036050e+02
6.753636529625606499e+02 6.767919980975306089e+02
6.800536785335295917e+02 6.814893229942624657e+02
6.847437038594755450e+02 6.861866240583897252e+02
6.894337294569363621e+02 6.908839014387583575e+02
6.941237548464176825e+02 6.955811555636106505e+02
6.988137803933452687e+02 7.002783862047278944e+02
7.035038058389852722e+02 7.049755937795000591e+02
7.081938312633199075e+02 7.096727781706870246e+02
7.128838565745813867e+02 7.143699397436682830e+02
7.175738820328937209e+02 7.190670785051086114e+02
7.222639073809987167e+02 7.237641946910769093e+02
7.269539328561637603e+02 7.284612884576093847e+02
7.316439582574380438e+02 7.331583599670927924e+02
7.363339835793601651e+02 7.378554091725829949e+02
7.410240088893730217e+02 7.425524363171505229e+02
7.457140342899324423e+02 7.472494416876406831e+02
7.504040595915398626e+02 7.519464253059550174e+02
