0.000000000000000000e+00 0.000000000000000000e+00
4.690954738286933434e+00 4.703730446414260413e+00
9.381909476450891461e+00 9.407386492116822652e+00
1.407286421497161299e+01 1.411096901867102815e+01
1.876381895467882543e+01 1.881447888567318927e+01
2.345477369347386087e+01 2.351791693817302331e+01
2.814572844059767220e+01 2.822128400111823510e+01
3.283668317967863004e+01 3.292458089229708662e+01
3.752763792017951516e+01 3.762780841308513402e+01
4.221859266547755851e+01 4.233096735008234646e+01
4.690954741803303563e+01 4.703405849624155621e+01
5.160050215792717410e+01 5.173708259290927458e+01
5.629145691702267840e+01 5.644004039320812893e+01
6.098241167623797310e+01 6.114293262416381225e+01
6.567336642089446741e+01 6.584576000303211174e+01
7.036432116225469713e+01 7.054852325398263702e+01
7.505527591219963313e+01 7.525122308368145241e+01
7.974623066189788290e+01 7.995386019755397911e+01
8.443718540905400971e+01 8.465643525462431285e+01
8.912814015670194578e+01 8.935894892120208510e+01
9.381909490796300588e+01 9.406140181136058231e+01
9.851004969069833805e+01 9.876379462114395835e+01
1.032010044296375355e+02 1.034661280014413194e+02
1.078919591787321508e+02 1.081684025243296361e+02
1.125829139732992417e+02 1.128706188207132470e+02
1.172738687696346176e+02 1.175727775190464826e+02
1.219648235213544183e+02 1.222748791669406643e+02
1.266557782746782550e+02 1.269769244185726791e+02
1.313467330586622097e+02 1.316789138183100647e+02
1.360376878100968270e+02 1.363808478914635032e+02
1.407286425688034228e+02 1.410827272645072128e+02
1.454195973229946333e+02 1.457845524601060561e+02
1.501105520681787766e+02 1.504863240551850936e+02
1.548015068233102625e+02 1.551880425171255808e+02
1.594924615988354617e+02 1.598897084258044288e+02
1.641834163674731144e+02 1.645913222759899099e+02
1.688743711089987869e+02 1.692928846029843726e+02
1.735653258549674831e+02 1.739943958667645916e+02
1.782562806210748931e+02 1.786958565931855674e+02
1.829472353682984931e+02 1.833972673242029146e+02
1.876381901887180561e+02 1.880986284489268598e+02
1.923291449361300920e+02 1.927999405456013164e+02
1.970200997689680094e+02 1.975012039452187196e+02
2.017110545226467195e+02 2.022024192283321895e+02
2.064020092781615290e+02 2.069035868165200327e+02
2.110929640380012984e+02 2.116047071360094378e+02
2.157839188245316677e+02 2.163057806228144955e+02
2.204748735780250968e+02 2.210068077570792013e+02
2.251658283282816910e+02 2.257077889658048662e+02
2.298567830757255877e+02 2.304087246506793463e+02
2.345477378345214561e+02 2.351096151749708270e+02
2.392386925814187180e+02 2.398104610018857841e+02
2.439296474354320878e+02 2.445112626517026229e+02
2.486206022207182968e+02 2.492120203192688450e+02
2.533115569895325621e+02 2.539127345809525877e+02
2.580025117472683860e+02 2.586134057039104164e+02
2.626934665286474342e+02 2.633140341779721894e+02
2.673844212803146547e+02 2.680146202046535677e+02
2.720753760940087886e+02 2.727151642846676509e+02
2.767663308538149636e+02 2.774156668357084072e+02
2.814572856112330896e+02 2.821161280876765431e+02
2.861482404162856596e+02 2.868165484765802375e+02
2.908391951573105416e+02 2.915169284244036021e+02
2.955301499942828514e+02 2.962172681481343375e+02
3.002211048734557153e+02 3.009175681415900954e+02
3.049120596334506104e+02 3.056178285752733359e+02
3.096030145034534371e+02 3.103180498765860875e+02
3.142939693819835156e+02 3.150182324868007413e+02
3.189849242495489534e+02 3.197183766641186367e+02
3.236758790392590299e+02 3.244184826929707128e+02
3.283668338837846363e+02 3.291185509145041124e+02
3.330577886941600809e+02 3.338185816255663667e+02
3.377487435557665094e+02 3.385185751480692602e+02
3.424396983290866956e+02 3.432185317809149865e+02
3.471306530881786330e+02 3.479184517894863120e+02
3.518216079600682633e+02 3.526183355064483749e+02
3.565125627142169833e+02 3.573181832049499462e+02
3.612035175310075488e+02 3.620179951602644906e+02
3.658944723258213116e+02 3.667177717699853474e+02
3.705854271132052418e+02 3.714175132369553580e+02
3.752763818991923017e+02 3.761172198298342551e+02
3.799673368107066835e+02 3.808168918717940414e+02
3.846582916179610265e+02 3.855165296537736594e+02
3.893492463667041648e+02 3.902161335262944704e+02
3.940402011779860914e+02 3.949157035791231465e+02
3.987311559291013054e+02 3.996152402961231473e+02
4.034221107344709480e+02 4.043147436603805431e+02
4.081130654895158614e+02 4.090142142101490776e+02
4.128040202803979355e+02 4.137136519931695489e+02
4.174949751068220394e+02 4.184130573208112764e+02
4.221859298841942518e+02 4.231124304508471141e+02
4.268768847861979907e+02 4.278117718107794758e+02
4.315678395791768480e+02 4.325110813837275145e+02
4.362587943478401371e+02 4.372103595853193951e+02
4.409497492852561891e+02 4.419096064244504873e+02
4.456407041692733628e+02 4.466088224678669576e+02
4.503316590834670023e+02 4.513080077179696445e+02
4.550226138846729214e+02 4.560071625217966016e+02
4.597135687533303212e+02 4.607062870275211708e+02
4.644045235273147796e+02 4.654053814098028852e+02
4.690954782810964616e+02 4.701044460570997785e+02
4.737864330386386769e+02 4.748034810024681747e+02
4.784773878743460500e+02 4.795024866489777651e+02
4.831683426286963936e+02 4.842014630129870056e+02
4.878592973797990453e+02 4.889004106122112034e+02
4.925502521705913068e+02 4.935993293457847813e+02
4.972412069443425935e+02 4.982982195068896658e+02
5.019321618431509933e+02 5.029970813476172680e+02
5.066231166205126328e+02 5.076959151147809166e+02
5.113140713826053343e+02 5.123947209945938539e+02
5.160050262609499896e+02 5.170934991539456860e+02
5.206959811219015819e+02 5.217922496539702024e+02
5.253869360751690465e+02 5.264909729893569192e+02
5.300778908611276847e+02 5.311896692805248676e+02
5.347688456426751600e+02 5.358883386654679271e+02
5.394598005455433167e+02 5.405869810268072797e+02
5.441507554674988114e+02 5.452855969937685359e+02
5.488417104859646543e+02 5.499841866476954237e+02
5.535326652973220689e+02 5.546827500352999323e+02
5.582236202888477692e+02 5.593812873134634174e+02
5.629145751981357080e+02 5.640797989156367294e+02
5.676055299730106753e+02 5.687782849594941581e+02
5.722964848329090728e+02 5.734767453221465985e+02
5.769874397664501657e+02 5.781751804307166367e+02
5.816783947231335787e+02 5.828735903798972231e+02
5.863693497614732451e+02 5.875719753028458854e+02
5.910603048108371240e+02 5.922703354757113630e+02
5.957512597861395989e+02 5.969686712665911728e+02
6.004422146063316177e+02 6.016669823888165638e+02
6.051331695628043690e+02 6.063652692345357309e+02
6.098241245981312204e+02 6.110635318981935598e+02
6.145150793512448217e+02 6.157617708746296330e+02
6.192060341109341834e+02 6.204599859133475093e+02
6.238969889800855526e+02 6.251581772219401500e+02
6.285879439182673423e+02 6.298563449916022137e+02
6.332788988949264422e+02 6.345544895211560288e+02
6.379698538638876926e+02 6.392526110336505099e+02
6.426608088115800683e+02 6.439507094065530737e+02
6.473517636132498865e+02 6.486487847275625427e+02
6.520427185172655982e+02 6.533468374415231210e+02
6.567336734715735247e+02 6.580448674646308973e+02
6.614246285242749082e+02 6.627428752400252279e+02
6.661155833885852644e+02 6.674408604825248403e+02
6.708065382872244982e+02 6.721388237192810493e+02
6.754974932557984175e+02 6.768367650417803816e+02
6.801884483273428259e+02 6.815346843775345178e+02
6.848794031079628439e+02 6.862325820559021849e+02
6.895703579254085298e+02 6.909304581454043728e+02
6.942613127411333380e+02 6.956283126949854250e+02
6.989522677290626689e+02 7.003261458911038062e+02
7.036432226274464483e+02 7.050239578505550071e+02
7.083341775054911977e+02 7.097217487347679707e+02
7.130251323149093423e+02 7.144195187129869282e+02
7.177160872301021755e+02 7.191172679036628779e+02
7.224070420341996623e+02 7.238149964237816221e+02
7.270979968328060750e+02 7.285127045368939207e+02
7.317889516410646138e+02 7.332103921919590448e+02
7.364799064093917877e+02 7.379080594070583174e+02
7.411708612049339990e+02 7.426057064617874630e+02
7.458618162383677372e+02 7.473033337522513193e+02
7.505527711436832305e+02 7.520009408856006985e+02
