0.000000000000000000e+00 0.000000000000000000e+00
4.689943076988024373e+00 4.704497262420209935e+00
9.379886155294538952e+00 9.408898680033452422e+00
1.406982923215457326e+01 1.411320553368639708e+01
1.875977230895236403e+01 1.881741907238978939e+01
2.344971539091567792e+01 2.352154051756391695e+01
2.813965847094441131e+01 2.822557106014825834e+01
3.282960154811998166e+01 3.292951188196472856e+01
3.751954462702545356e+01 3.763336413287336057e+01
4.220948770347398948e+01 4.233712894775005964e+01
4.689943079210641486e+01 4.704080743288105282e+01
5.158937387281308418e+01 5.174440069260413111e+01
5.627931695271944790e+01 5.644790976629641222e+01
6.096926005697219608e+01 6.115133572980120391e+01
6.565920313907599848e+01 6.585467958372824171e+01
7.034914624655183957e+01 7.055794235914811452e+01
7.503908932672732135e+01 7.526112503361336792e+01
7.972903241044519973e+01 7.996422857949286822e+01
8.441897550704651110e+01 8.466725398487986354e+01
8.910891859256221892e+01 8.937020212205159453e+01
9.379886169308184662e+01 9.407307394750836238e+01
9.848880477176639658e+01 9.877587036047000879e+01
1.031787478503630098e+02 1.034785922550453563e+02
1.078686909589922749e+02 1.081812405242485937e+02
1.125586340563007184e+02 1.128838159959135510e+02
1.172485771417255336e+02 1.175863195146521605e+02
1.219385202317171348e+02 1.222887519023669398e+02
1.266284633367138781e+02 1.269911139875537458e+02
1.313184064558559498e+02 1.316934065805838827e+02
1.360083495440050285e+02 1.363956304318043351e+02
1.406982926406641354e+02 1.410977863499660998e+02
1.453882357328360797e+02 1.457998750728243635e+02
1.500781788514672712e+02 1.505018973856097091e+02
1.547681219621205742e+02 1.552038539455201658e+02
1.594580650573376772e+02 1.599057455085669233e+02
1.641480081531486803e+02 1.646075728254660930e+02
1.688379513051817185e+02 1.693093365670515595e+02
1.735278943991166614e+02 1.740110373878675318e+02
1.782178374920758870e+02 1.787126760561966137e+02
1.829077805772465126e+02 1.834142531879034550e+02
1.875977237120985137e+02 1.881157693617662972e+02
1.922876668533963880e+02 1.928172253117225523e+02
1.969776099371511577e+02 1.975186216041626608e+02
2.016675530440576836e+02 2.022199589196598879e+02
2.063574961602865869e+02 2.069212379407502453e+02
2.110474392579976097e+02 2.116224591031464684e+02
2.157373823619607265e+02 2.163236231666527942e+02
2.204273254631585246e+02 2.210247305889722043e+02
2.251172686212165956e+02 2.257257819561510246e+02
2.298072117084204251e+02 2.304267779766650506e+02
2.344971548599242510e+02 2.351277190053059485e+02
2.391870979542774762e+02 2.398286057180644093e+02
2.438770411391456037e+02 2.445294386415431518e+02
2.485669842326035734e+02 2.492302183800786963e+02
2.532569273288437444e+02 2.539309453170471329e+02
2.579468704273793946e+02 2.586316200525367890e+02
2.626368135869340676e+02 2.633322430458482017e+02
2.673267566729925875e+02 2.680328149236132731e+02
2.720166998440481620e+02 2.727333360931755237e+02
2.767066430255958949e+02 2.774338070490354653e+02
2.813965861589762767e+02 2.821342282452282006e+02
2.860865292457260125e+02 2.868346001268171221e+02
2.907764723738900443e+02 2.915349232265678552e+02
2.954664155063680369e+02 2.962351980051441842e+02
3.001563586701471422e+02 3.009354250159630624e+02
3.048463018917227032e+02 3.056356044813098833e+02
3.095362449950863493e+02 3.103357369445049017e+02
3.142261881294359114e+02 3.150358230036971463e+02
3.189161313354194363e+02 3.197358629321894341e+02
3.236060745022373339e+02 3.244358571802010260e+02
3.282960177263657897e+02 3.291358060723250105e+02
3.329859609140004295e+02 3.338357102056118038e+02
3.376759041131499544e+02 3.385355698923343652e+02
3.423658472842327569e+02 3.432353855224507129e+02
3.470557904736708679e+02 3.479351574551905060e+02
3.517457336840046764e+02 3.526348860985357305e+02
3.564356769154983908e+02 3.573345717731203877e+02
3.611256201601305520e+02 3.620342149650485908e+02
3.658155633160542379e+02 3.667338161571879027e+02
3.705055065160039476e+02 3.714333754471260249e+02
3.751954496770226797e+02 3.761328933994947761e+02
3.798853927961278600e+02 3.808323703821814661e+02
3.845753359374218121e+02 3.855318065986749048e+02
3.892652791389105005e+02 3.902312024606672480e+02
3.939552222268235937e+02 3.949305584754372376e+02
3.986451653159190300e+02 3.996298747201690844e+02
4.033351084515774687e+02 4.043291516781789596e+02
4.080250516060850714e+02 4.090283897238468853e+02
4.127149947003305215e+02 4.137275890855567013e+02
4.174049378856233830e+02 4.184267501444560367e+02
4.220948810059583138e+02 4.231258732144486885e+02
4.267848242281585271e+02 4.278249585977316087e+02
4.314747674035828595e+02 4.325240068053403775e+02
4.361647104912287887e+02 4.372230178360885589e+02
4.408546537631603996e+02 4.419219921263251081e+02
4.455445969884635815e+02 4.466209298919202411e+02
4.502345402116428659e+02 4.513198316292179015e+02
4.549244834546941547e+02 4.560186974673819122e+02
4.596144266386794470e+02 4.607175277528018000e+02
4.643043697910478613e+02 4.654163228224429076e+02
4.689943129531587829e+02 4.701150829670675648e+02
4.736842560492344205e+02 4.748138082592505498e+02
4.783741993542690807e+02 4.795124990974754269e+02
4.830641425106184101e+02 4.842111558627835279e+02
4.877540858389152163e+02 4.889097786926470235e+02
4.924440289252207776e+02 4.936083678339452945e+02
4.971339722405066368e+02 4.983069237808232401e+02
5.018239155190034353e+02 5.030054464217285499e+02
5.065138586071972213e+02 5.077039364398044654e+02
5.112038019445676582e+02 5.124023937092929373e+02
5.158937451279797415e+02 5.171008186525348265e+02
5.205836883574579588e+02 5.217992115164952338e+02
5.252736315180413840e+02 5.264975725410690757e+02
5.299635747028484047e+02 5.311959021152570131e+02
5.346535178332666192e+02 5.358942000920658302e+02
5.393434610582221467e+02 5.405924670599638375e+02
5.440334042339660527e+02 5.452907032690352480e+02
5.487233473859268997e+02 5.499889086599210941e+02
5.534132905503097390e+02 5.546870835616664408e+02
5.581032337974147595e+02 5.593852283078160781e+02
5.627931769582710331e+02 5.640833430802424573e+02
5.674831200582653992e+02 5.687814283123707355e+02
5.721730632143921866e+02 5.734794838662445500e+02
5.768630064608827297e+02 5.781775101934275654e+02
5.815529497949194138e+02 5.828755074381605255e+02
5.862428931670422116e+02 5.875734755534501801e+02
5.909328362537012254e+02 5.922714152315326146e+02
5.956227793556702181e+02 5.969693262370524280e+02
6.003127224985457815e+02 6.016672091630197201e+02
6.050026657920841444e+02 6.063650638531370305e+02
6.096926089046296511e+02 6.110628906160667384e+02
6.143825521527974161e+02 6.157606897679148688e+02
6.190724952658521261e+02 6.204584615329888493e+02
6.237624384994974207e+02 6.251562059757092129e+02
6.284523817230041232e+02 6.298539233873066223e+02
6.331423250104905947e+02 6.345516138218033575e+02
6.378322683001350697e+02 6.392492775211449043e+02
6.425222115489456201e+02 6.439469147692807383e+02
6.472121546875280274e+02 6.486445256663473629e+02
6.519020978240218938e+02 6.533421104622029816e+02
6.565920411108218104e+02 6.580396694456298974e+02
6.612819842492037878e+02 6.627372026550181090e+02
6.659719274272333678e+02 6.674347099179802854e+02
6.706618705599289569e+02 6.721321919969586816e+02
6.753518139518648695e+02 6.768296485936259614e+02
6.800417573052391162e+02 6.815270801871274671e+02
6.847317006251115572e+02 6.862244868414493340e+02
6.894216440154511929e+02 6.909218689136324656e+02
6.941115873455225938e+02 6.956192262172733081e+02
6.988015306860606870e+02 7.003165590975329451e+02
7.034914739242907444e+02 7.050138676733349712e+02
7.081814171413033137e+02 7.097111521299249262e+02
7.128713602763124300e+02 7.144084128730273733e+02
7.175613035264766495e+02 7.191056498500372527e+02
7.222512467361102608e+02 7.238028630523648417e+02
7.269411899139156503e+02 7.285000526461628851e+02
7.316311330721310924e+02 7.331972190965145728e+02
7.363210761786760941e+02 7.378943622747320887e+02
7.410110193084691446e+02 7.425914823502034778e+02
7.457009626607193695e+02 7.472885799015086832e+02
7.503909057780542753e+02 7.519856547238421172e+02
