0.000000000000000000e+00 0.000000000000000000e+00
4.381734139714411391e+00 4.396107004784040484e+00
8.763468278752030827e+00 8.792120289001987388e+00
1.314520241755722196e+01 1.318804108454289192e+01
1.752693655665597205e+01 1.758387059699706256e+01
2.190867070041883125e+01 2.197961001243481149e+01
2.629040484096832131e+01 2.637526049538411854e+01
3.067213898054042431e+01 3.077082318116939774e+01
3.505387312010488188e+01 3.516629918966435753e+01
3.943560726337695144e+01 3.956168961807581042e+01
4.381734141468029975e+01 4.395699555190239494e+01
4.819907556363583012e+01 4.835221802850668382e+01
5.258080972679188392e+01 5.274735808611613663e+01
5.696254387127969210e+01 5.714241674551630723e+01
6.134427801566035043e+01 6.153739500465376011e+01
6.572601215746564662e+01 6.593229386343334397e+01
7.010774630280478448e+01 7.032711424723007099e+01
7.448948044464762575e+01 7.472185710911247725e+01
7.887121458946687369e+01 7.911652339410903778e+01
8.325294874509563670e+01 8.351111400953107022e+01
8.763468288555327490e+01 8.790562984444071049e+01
9.201641706930848841e+01 9.230007176353738885e+01
9.639815120870372311e+01 9.669444062128039263e+01
1.007798853659861180e+02 1.010887373077950002e+02
1.051616195054207026e+02 1.054829626153336903e+02
1.095433536559233545e+02 1.098771174130074968e+02
1.139250877968669755e+02 1.142712024463114346e+02
1.183068219362077116e+02 1.186652185170260623e+02
1.226885560827010977e+02 1.230591664605208564e+02
1.270702902476571410e+02 1.274530469966921231e+02
1.314520244420889696e+02 1.318468608763678844e+02
1.358337585909340248e+02 1.362406088626571545e+02
1.402154927327366636e+02 1.406342916491238668e+02
1.445972268860822396e+02 1.450279099094916546e+02
1.489789610627039167e+02 1.494214644198108317e+02
1.533606952578398648e+02 1.538149558896469102e+02
1.577424294525376354e+02 1.582083849713324071e+02
1.621241636130748418e+02 1.626017523217884673e+02
1.665058978113428338e+02 1.669950584205290056e+02
1.708876320263058517e+02 1.713883042304300375e+02
1.752693661715291000e+02 1.757814902976416533e+02
1.796511003388170593e+02 1.801746171489880339e+02
1.840328345360964875e+02 1.845676854467831163e+02
1.884145687064138315e+02 1.889606958539478683e+02
1.927963028764451678e+02 1.933536489548841644e+02
1.971780370163829446e+02 1.977465452411834406e+02
2.015597712366348162e+02 2.021393854377902244e+02
2.059415054356742303e+02 2.065321700575940440e+02
2.103232396258496237e+02 2.109248995506947608e+02
2.147049737713677473e+02 2.153175746100285721e+02
2.190867079249838127e+02 2.197101957014750724e+02
2.234684421129762768e+02 2.241027633916824016e+02
2.278501762920778333e+02 2.284952783011477209e+02
2.322319104364192697e+02 2.328877408656179284e+02
2.366136445916119726e+02 2.372801516349792053e+02
2.409953787657148609e+02 2.416725110112611219e+02
2.453771129226235246e+02 2.460648195188281306e+02
2.497588470860636676e+02 2.504570777828193968e+02
2.541405813336700703e+02 2.548492861166037642e+02
2.585223155948723388e+02 2.592414451026311326e+02
2.629040498315745822e+02 2.636335551859690440e+02
2.672857839855554971e+02 2.680256169139554459e+02
2.716675181949709099e+02 2.724176305732347600e+02
2.760492523325239063e+02 2.768095966953670768e+02
2.804309865942273632e+02 2.812015157387978661e+02
2.848127207554795177e+02 2.855933881518041062e+02
2.891944549591319742e+02 2.899852144592437639e+02
2.935761891718622110e+02 2.943769949816320377e+02
2.979579233245985961e+02 2.987687301256813726e+02
3.023396575722584885e+02 3.031604203051566060e+02
3.067213917806682275e+02 3.075520659343428065e+02
3.111031259890861520e+02 3.119436674154978277e+02
3.154848602197500895e+02 3.163352251194576183e+02
3.198665944155205807e+02 3.207267395031485648e+02
3.242483286046433477e+02 3.251182109066844532e+02
3.286300627955915843e+02 3.295096397402410275e+02
3.330117969818967367e+02 3.339010263601923043e+02
3.373935311453248573e+02 3.382923711608543726e+02
3.417752653063884054e+02 3.426836744715468512e+02
3.461569994944471773e+02 3.470749366020955335e+02
3.505387336679335135e+02 3.514661581254209750e+02
3.549204678213957322e+02 3.558573391687804133e+02
3.593022020466574986e+02 3.602484801914126820e+02
3.636839362228565733e+02 3.646395814452621948e+02
3.680656704283312592e+02 3.690306434529312583e+02
3.724474046270685221e+02 3.734216663254056812e+02
3.768291388695390651e+02 3.778126504827160943e+02
3.812108730774230025e+02 3.822035962903640893e+02
3.855926073341420306e+02 3.865945040810028104e+02
3.899743415610913644e+02 3.909853742041747182e+02
3.943560757650276969e+02 3.953762067934516153e+02
3.987378100628708353e+02 3.997670022433367194e+02
4.031195443454970473e+02 4.041577609646639644e+02
4.075012785688028885e+02 4.085484831411023379e+02
4.118830127653156978e+02 4.129391691448414576e+02
4.162647469798215525e+02 4.173298192333458019e+02
4.206464812264306374e+02 4.217204338045656868e+02
4.250282154826771830e+02 4.261110130829445666e+02
4.294099496339230200e+02 4.305015571701748058e+02
4.337916838294694912e+02 4.348920665370210372e+02
4.381734180741481168e+02 4.392825413468100351e+02
4.425551522919872696e+02 4.436729819466370941e+02
4.469368864534270074e+02 4.480633886605117482e+02
4.513186207097198803e+02 4.524537618238272785e+02
4.557003550047517138e+02 4.568441015605246776e+02
4.600820891877027066e+02 4.612344082191643224e+02
4.644638233972191301e+02 4.656246819923245539e+02
4.688455575512684277e+02 4.700149230499885107e+02
4.732272919012175407e+02 4.744051316846758937e+02
4.776090260684186433e+02 4.787953081588597115e+02
4.819907602829975986e+02 4.831854527763790657e+02
4.863724946068746817e+02 4.875755658706152644e+02
4.907542288011427445e+02 4.919656475510828955e+02
4.951359630442625530e+02 4.963556979633563060e+02
4.995176973193160848e+02 5.007457173572752254e+02
5.038994315459403879e+02 5.051357061805459239e+02
5.082811657684312650e+02 5.095256646385199701e+02
5.126628999292834123e+02 5.139155928824460489e+02
5.170446341031949942e+02 5.183054909372996235e+02
5.214263684603695310e+02 5.226953593173707304e+02
5.258081026509007643e+02 5.270851981033526954e+02
5.301898369969154601e+02 5.314750074191643989e+02
5.345715711498176006e+02 5.358647876686329710e+02
5.389533053035506782e+02 5.402545389089336823e+02
5.433350395080586850e+02 5.446442615200184036e+02
5.477167738476362047e+02 5.490339558061268690e+02
5.520985081261101186e+02 5.534236216855454131e+02
5.564802423636493813e+02 5.578132595245974699e+02
5.608619765113940048e+02 5.622028693123526182e+02
5.652437107125357443e+02 5.665924515438080107e+02
5.696254451054226138e+02 5.709820063334590259e+02
5.740071793048928157e+02 5.753715338008533990e+02
5.783889135800384338e+02 5.797610340821986483e+02
5.827706478606650080e+02 5.841505075404659237e+02
5.871523821686698739e+02 5.885399541562028389e+02
5.915341164847675373e+02 5.929293742713721258e+02
5.959158509249664348e+02 5.973187680850381867e+02
6.002975853227738980e+02 6.017081357810197915e+02
6.046793196389776313e+02 6.060974773807215570e+02
6.090610538065214996e+02 6.104867932086721112e+02
6.134427880704810150e+02 6.148760832611461637e+02
6.178245223561860939e+02 6.192653478139910703e+02
6.222062566196120770e+02 6.236545871413004534e+02
6.265879908152753615e+02 6.280438013824317522e+02
6.309697250589216537e+02 6.324329908832241927e+02
6.353514592687522509e+02 6.368221553843967513e+02
6.397331934491924130e+02 6.412112953667922284e+02
6.441149276254967617e+02 6.456004108832969450e+02
6.484966618257107029e+02 6.499895021222391733e+02
6.528783961172086947e+02 6.543785692407470833e+02
6.572601303318760984e+02 6.587676123603525866e+02
6.616418645375149481e+02 6.631566316681880835e+02
6.660235988293429727e+02 6.675456272535162725e+02
6.704053330514076379e+02 6.719345995683386263e+02
6.747870673281584004e+02 6.763235484591023123e+02
6.791688015774166161e+02 6.807124741719057965e+02
6.835505357749420909e+02 6.851013767197465540e+02
6.879322699350886978e+02 6.894902567095539325e+02
6.923140041282101720e+02 6.938791138887015677e+02
6.966957382918083113e+02 6.982679483503351321e+02
7.010774725849100832e+02 7.026567603483872517e+02
