0.000000000000000000e+00 0.000000000000000000e+00
4.689970458073034365e+00 4.704309552104787073e+00
9.379940916588704880e+00 9.408525915322277555e+00
1.406991137507968048e+01 1.411265031730212982e+01
1.875988183360457384e+01 1.881668395758321566e+01
2.344985229721578435e+01 2.352062800819569333e+01
2.813982276423741169e+01 2.822448361832334029e+01
3.282979322525071808e+01 3.292825192138974444e+01
3.751976368614147361e+01 3.763193401684179662e+01
4.220973416438155823e+01 4.233553100439598893e+01
4.689970463964379377e+01 4.703904394599148731e+01
5.158967510013373214e+01 5.174247387673098331e+01
5.627964555988755535e+01 5.644582183232188299e+01
6.096961602300354599e+01 6.114908883575581910e+01
6.565958648678657994e+01 6.585227584959145020e+01
7.034955696118701951e+01 7.055538386284379726e+01
7.503952743020767002e+01 7.525841383733687451e+01
7.972949790155524852e+01 7.996136669169196409e+01
8.441946837276358906e+01 8.466424332254266005e+01
8.910943885741014014e+01 8.936704465842191780e+01
9.379940932949325827e+01 9.406977159020212298e+01
9.848937983717827649e+01 9.877242497869886506e+01
1.031793502970211733e+02 1.034750057003410433e+02
1.078693207669741270e+02 1.081775145956017923e+02
1.125592912474872236e+02 1.128799524717411629e+02
1.172492617450342607e+02 1.175823201797701074e+02
1.219392322166038696e+02 1.222846184401074936e+02
1.266292026886141286e+02 1.269868481285679707e+02
1.313191731555587012e+02 1.316890099461447790e+02
1.360091436151247990e+02 1.363911046799969427e+02
1.406991140938314402e+02 1.410931330738228553e+02
1.453890845748633183e+02 1.457950958938756401e+02
1.500790550387626467e+02 1.504969938302244827e+02
1.547690255129188017e+02 1.551988275254187215e+02
1.594589959794480478e+02 1.599005977386404993e+02
1.641489664625489695e+02 1.646023052322094031e+02
1.688389369492386436e+02 1.693039505412044434e+02
1.735289074584646869e+02 1.740055344006051428e+02
1.782188779896459323e+02 1.787070574596820620e+02
1.829088485229299579e+02 1.834085203674093236e+02
1.875988190132384830e+02 1.881099237384859180e+02
1.922887895127422553e+02 1.928112682980216732e+02
1.969787600378217292e+02 1.975125544799042530e+02
2.016687305079558428e+02 2.022137829694663651e+02
2.063587010241907933e+02 2.069149543839251066e+02
2.110486714898555078e+02 2.116160693011113949e+02
2.157386419769201780e+02 2.163171283714543733e+02
2.204286124548099792e+02 2.210181320393130306e+02
2.251185829389169726e+02 2.257190808888339575e+02
2.298085534605909857e+02 2.304199755232218081e+02
2.344985239332640958e+02 2.351208164498412998e+02
2.391884944079253614e+02 2.398216041675354404e+02
2.438784648806744713e+02 2.445223393159419061e+02
2.485684353535573905e+02 2.492230223175516244e+02
2.532584058953325155e+02 2.539236536344274384e+02
2.579483763735538560e+02 2.586242337912967741e+02
2.626383469135209339e+02 2.633247633428729841e+02
2.673283173816436147e+02 2.680252428390793398e+02
2.720182878593201394e+02 2.727256726933919140e+02
2.767082583598252086e+02 2.774260533527457824e+02
2.813982288414256914e+02 2.821263852307963020e+02
2.860881993406384254e+02 2.868266688549942955e+02
2.907781698507282613e+02 2.915269047775997251e+02
2.954681404028782481e+02 2.962270933223571774e+02
3.001581108900657000e+02 3.009272350201932795e+02
3.048480814646045474e+02 3.056273301993789460e+02
3.095380519419297229e+02 3.103273793595782308e+02
3.142280225003464693e+02 3.150273828410020087e+02
3.189179930879344056e+02 3.197273411315460976e+02
3.236079635693187129e+02 3.244272547214932274e+02
3.282979341016268791e+02 3.291271239343080879e+02
3.329879046707770840e+02 3.338269490795333923e+02
3.376778752520733633e+02 3.385267307498377818e+02
3.423678458744612954e+02 3.432264692211959982e+02
3.470578163504548002e+02 3.479261648411686565e+02
3.517477869450102048e+02 3.526258180082778608e+02
3.564377575052957354e+02 3.573254291957230748e+02
3.611277280149301987e+02 3.620249985765468637e+02
3.658176985332994491e+02 3.667245265967654859e+02
3.705076691520110330e+02 3.714240137963439565e+02
3.751976396565025311e+02 3.761234602369877393e+02
3.798876101574879840e+02 3.808228664175501308e+02
3.845775806650357822e+02 3.855222328621559882e+02
3.892675511437745399e+02 3.902215596735425152e+02
3.939575216204301569e+02 3.949208471927350956e+02
3.986474921516817176e+02 3.996200958260599805e+02
4.033374626227871431e+02 4.043193058301350220e+02
4.080274331641546723e+02 4.090184776140943086e+02
4.127174036523695690e+02 4.137176114942597565e+02
4.174073742870755268e+02 4.184167077788303004e+02
4.220973447897014807e+02 4.231157667279999828e+02
4.267873153936044446e+02 4.278147886731157428e+02
4.314772859174003088e+02 4.325137739256990699e+02
4.361672563880833877e+02 4.372127229045117929e+02
4.408572270776904247e+02 4.419116356994296666e+02
4.455471975775565738e+02 4.466105128750525637e+02
4.502371681244098340e+02 4.513093543996443486e+02
4.549271387693466977e+02 4.560081608795567263e+02
4.596171093379512058e+02 4.607069322567897416e+02
4.643070799720446189e+02 4.654056691581114364e+02
4.689970504454585125e+02 4.701043716218462123e+02
4.736870209228214890e+02 4.748030398724528141e+02
4.783769913948153203e+02 4.795016742445016007e+02
4.830669618675408401e+02 4.842002752498701739e+02
4.877569323592775277e+02 4.888988428912392692e+02
4.924469030263266518e+02 4.935973773727048410e+02
4.971368736916230091e+02 4.982958791977712281e+02
5.018268443248259132e+02 5.029943485123835103e+02
5.065168147955439508e+02 5.076927855148132949e+02
5.112067854084108376e+02 5.123911903703483404e+02
5.158967558850326895e+02 5.170895634461949157e+02
5.205867263560577385e+02 5.217879051255783907e+02
5.252766969726646948e+02 5.264862153400958960e+02
5.299666675407088405e+02 5.311844946615855179e+02
5.346566380529832259e+02 5.358827430195865418e+02
5.393466086128489678e+02 5.405809607974816799e+02
5.440365791331206538e+02 5.452791481018002742e+02
5.487265498687881973e+02 5.499773052833304519e+02
5.534165203484293443e+02 5.546754325322347086e+02
5.581064909149158666e+02 5.593735300256932987e+02
5.627964615507200961e+02 5.640715980855846965e+02
5.674864320774006501e+02 5.687696371101445720e+02
5.721764026041468014e+02 5.734676468092058030e+02
5.768663732339981607e+02 5.781656276667396241e+02
5.815563439497037734e+02 5.828635801466072053e+02
5.862463147038962461e+02 5.875615041641299285e+02
5.909362852097084442e+02 5.922593998598416647e+02
5.956262557155268951e+02 5.969572676600810155e+02
6.003162262144485339e+02 6.016551075590177788e+02
6.050061968878549123e+02 6.063529197604290175e+02
6.096961676108560368e+02 6.110507047325418171e+02
6.143861381994845487e+02 6.157484622799935323e+02
6.190761086962040736e+02 6.204461929422910771e+02
6.237660793656853002e+02 6.251438966467062528e+02
6.284560499713513764e+02 6.298415737423804330e+02
6.331460206406137559e+02 6.345392243861949737e+02
6.378359913417596090e+02 6.392368486333336932e+02
6.425259619725582070e+02 6.439344468450008208e+02
6.472159324931021729e+02 6.486320190670953707e+02
6.519059030375847215e+02 6.533295656593038530e+02
6.565958737063162971e+02 6.580270865573579613e+02
6.612858444769661901e+02 6.627245820078692304e+02
6.659758150374822208e+02 6.674220522266189164e+02
6.706657855680348348e+02 6.721194974984794044e+02
6.753557560858007491e+02 6.768169180084266827e+02
6.800457268222389757e+02 6.815143136609159455e+02
6.847356973228218067e+02 6.862116847748798136e+02
6.894256678628560167e+02 6.909090314538866551e+02
6.941156384991784307e+02 6.956063539660322022e+02
6.988056092216008892e+02 7.003036523309991708e+02
7.034955798472426522e+02 7.050009268566907394e+02
7.081855504375309920e+02 7.096981776217195375e+02
7.128755212664600549e+02 7.143954048912999042e+02
7.175654918988045665e+02 7.190926088881340092e+02
7.222554623812700356e+02 7.237897895767970340e+02
7.269454328906560932e+02 7.284869469218692757e+02
7.316354034233269203e+02 7.331840815332602688e+02
7.363253739062777186e+02 7.378811930074316479e+02
7.410153446253407310e+02 7.425782820106926465e+02
7.457053153119582021e+02 7.472753485237617497e+02
7.503952858433625579e+02 7.519723927477314191e+02
