0.000000000000000000e+00 0.000000000000000000e+00
4.691861182766093208e+00 4.703730444542271627e+00
9.383722364742169475e+00 9.407396679019797148e+00
1.407558354774894838e+01 1.411099941074115272e+01
1.876744473416680137e+01 1.881453933361882491e+01
2.345930592152748062e+01 2.351801711921451243e+01
2.815116710582788428e+01 2.822143343884282274e+01
3.284302828823163622e+01 3.292478894750826157e+01
3.753488947197421055e+01 3.762808429234314644e+01
4.222675065717760390e+01 4.233132011213358936e+01
4.691861185726806127e+01 4.703449703886700206e+01
5.161047304731210517e+01 5.173761569216008382e+01
5.630233424289401967e+01 5.644067665706128878e+01
6.099419542908174918e+01 6.114368055737051577e+01
6.568605661873530721e+01 6.584662794867631419e+01
7.037791781945895764e+01 7.054951944089251015e+01
7.506977900469350118e+01 7.525235559920574246e+01
7.976164021239199542e+01 7.995513698471589237e+01
8.445350140268251948e+01 8.465786413145919198e+01
8.914536259425918274e+01 8.936053758545043024e+01
9.383722378158228139e+01 9.406315788809422429e+01
9.852908496921025971e+01 9.876572556984359608e+01
1.032209461546157598e+02 1.034682411568878990e+02
1.079128073881940679e+02 1.081707051826058148e+02
1.126046685730426020e+02 1.128731181251681477e+02
1.172965297643580556e+02 1.175754804860766569e+02
1.219883909578791759e+02 1.222777927569609773e+02
1.266802521923102347e+02 1.269800554107198991e+02
1.313721134029522091e+02 1.316822689522461189e+02
1.360639746011856346e+02 1.363844338198657340e+02
1.407558358317317015e+02 1.410865504920848821e+02
1.454476970298764229e+02 1.457886194495737868e+02
1.501395582138107727e+02 1.504906411258831440e+02
1.548314194269713653e+02 1.551926159067278377e+02
1.595232806287713174e+02 1.598945442649402366e+02
1.642151418303324135e+02 1.645964266995420076e+02
1.689070030246382998e+02 1.692982635361632049e+02
1.735988642155349453e+02 1.740000552786422077e+02
1.782907254388400133e+02 1.787018022214240887e+02
1.829825866438029038e+02 1.834035049231042080e+02
1.876744478470787385e+02 1.881051636461821204e+02
1.923663090550348613e+02 1.928067788406217744e+02
1.970581702593673015e+02 1.975083509070207697e+02
2.017500314712272598e+02 2.022098802602765204e+02
2.064418926614970360e+02 2.069113672275976512e+02
2.111337538855015623e+02 2.116128122230549025e+02
2.158256151552026836e+02 2.163142156740156565e+02
2.205174763857424693e+02 2.210155778362430681e+02
2.252093375981066856e+02 2.257168990730683618e+02
2.299011988124679817e+02 2.304181798287263518e+02
2.345930600178161285e+02 2.351194203500393769e+02
2.392849212292194352e+02 2.398206210594589720e+02
2.439767824935324256e+02 2.445217823373389479e+02
2.486686437204806452e+02 2.492229044797271058e+02
2.533605049207937725e+02 2.539239877224014208e+02
2.580523661252191232e+02 2.586250325595754589e+02
2.627442273839712357e+02 2.633260392477893674e+02
2.674360886796088153e+02 2.680270079912843357e+02
2.721279498818082629e+02 2.727279393069529760e+02
2.768198111066936917e+02 2.774288333196827807e+02
2.815116723269952672e+02 2.821296903888393217e+02
2.862035335496065613e+02 2.868305108669256924e+02
2.908953947526145498e+02 2.915312951019014349e+02
2.955872560316902309e+02 2.962320433064774079e+02
3.002791173557292268e+02 3.009327559210466347e+02
3.049709785513153975e+02 3.056334330052375208e+02
3.096628398639539341e+02 3.103340750751523274e+02
3.143547010584185273e+02 3.150346821532839385e+02
3.190465623701669529e+02 3.197352548032284290e+02
3.237384235722774974e+02 3.244357931704734028e+02
3.284302848541050253e+02 3.291362975198323966e+02
3.331221461481725328e+02 3.338367681386782806e+02
3.378140074535742770e+02 3.385372052865715204e+02
3.425058687670489235e+02 3.432376092152245519e+02
3.471977300882887789e+02 3.479379801485612234e+02
3.518895914020177997e+02 3.526383183998131585e+02
3.565814526397288660e+02 3.573386241391916656e+02
3.612733138964200066e+02 3.620388976318675986e+02
3.659651751346801802e+02 3.667391392099536915e+02
3.706570364047011594e+02 3.714393490917359486e+02
3.753488976328419540e+02 3.761395276025625662e+02
3.800407589200050325e+02 3.808396749179311200e+02
3.847326201553812552e+02 3.855397911658774319e+02
3.894244814431095847e+02 3.902398767352340201e+02
3.941163426413592674e+02 3.949399318127424294e+02
3.988082038361978334e+02 3.996399565085071686e+02
4.035000651189222935e+02 4.043399511611317507e+02
4.081919263181422934e+02 4.090399159995640161e+02
4.128837875181334311e+02 4.137398511833306998e+02
4.175756487122916951e+02 4.184397570017009684e+02
4.222675099056348245e+02 4.231396336019104183e+02
4.269593712559814094e+02 4.278394812930865783e+02
4.316512324781301686e+02 4.325393003143950637e+02
4.363430936708992931e+02 4.372390907979793155e+02
4.410349550548780826e+02 4.419388528211964058e+02
4.457268162590605698e+02 4.466385867200229995e+02
4.504186775315675959e+02 4.513382927618746407e+02
4.551105387943708251e+02 4.560379711671684504e+02
4.598024000888783007e+02 4.607376220404584615e+02
4.644942613006917327e+02 4.654372455026731359e+02
4.691861225453168345e+02 4.701368418881830848e+02
4.738779838334437500e+02 4.748364112781997619e+02
4.785698450226875593e+02 4.795359539081401863e+02
4.832617062218872661e+02 4.842354699629148627e+02
4.879535674166963872e+02 4.889349596188560554e+02
4.926454288374216048e+02 4.936344230678751046e+02
4.973372902243733051e+02 4.983338606597676517e+02
5.020291515515010587e+02 5.030332723494777269e+02
5.067210129880397176e+02 5.077326584063532664e+02
5.114128743002498823e+02 5.124320189505674534e+02
5.161047357143315821e+02 5.171313542569550918e+02
5.207965970369610886e+02 5.218306643120077979e+02
5.254884582759364093e+02 5.265299495527433464e+02
5.301803195571343394e+02 5.312292100962023369e+02
5.348721807786287172e+02 5.359284458508109310e+02
5.395640421510494207e+02 5.406276571435041660e+02
5.442559033949338527e+02 5.453268442614601099e+02
5.489477647957538693e+02 5.500260072077309133e+02
5.536396262236842176e+02 5.547251462603087475e+02
5.583314874245299961e+02 5.594242613483314699e+02
5.630233487713280738e+02 5.641233530200928499e+02
5.677152099885045118e+02 5.688224212279174026e+02
5.724070712462677193e+02 5.735214659147111433e+02
5.770989326030944540e+02 5.782204874612226604e+02
5.817907938112912234e+02 5.829194858654506106e+02
5.864826552975755476e+02 5.876184615290967486e+02
5.911745164901100225e+02 5.923174144639906444e+02
5.958663776940486514e+02 5.970163446567469236e+02
6.005582391510245088e+02 6.017152524183056812e+02
6.052501005553212963e+02 6.064141379236471039e+02
6.099419620126177506e+02 6.111130013820009026e+02
6.146338232157017956e+02 6.158118429166710257e+02
6.193256846875401607e+02 6.205106625502810402e+02
6.240175459025276723e+02 6.252094603862854001e+02
6.287094073251211057e+02 6.299082367517731882e+02
6.334012687456566937e+02 6.346069913535081923e+02
6.380931300062781020e+02 6.393057246327189205e+02
6.427849913716704577e+02 6.440044369235354225e+02
6.474768526180348545e+02 6.487031279465959415e+02
6.521687138593707687e+02 6.534017981408351261e+02
6.568605752608004877e+02 6.581004475538829865e+02
6.615524365848833668e+02 6.627990763129230345e+02
6.662442978552173827e+02 6.674976844661891846e+02
6.709361591790441253e+02 6.721962722572136499e+02
6.756280204227791728e+02 6.768948396493864266e+02
6.803198816437791265e+02 6.815933869020448128e+02
6.850117429104975599e+02 6.862919141742211195e+02
6.897036041693772859e+02 6.909904216455070127e+02
6.943954656587117142e+02 6.956889092684141360e+02
6.990873270752697408e+02 7.003873771867934011e+02
7.037791884269653337e+02 7.050858254964211937e+02
7.084710497414829433e+02 7.097842543487161038e+02
7.131629109795758268e+02 7.144826641339388971e+02
7.178547723406999239e+02 7.191810547266311460e+02
7.225466335893841006e+02 7.238794259183064241e+02
7.272384948314293069e+02 7.285777781051491502e+02
7.319303561021310998e+02 7.332761114806988871e+02
7.366222173145135912e+02 7.379744260276995647e+02
7.413140787126799296e+02 7.426727219131355469e+02
7.460059401701944353e+02 7.473709992562064599e+02
7.506978013971543078e+02 7.520692584877690479e+02
