0.000000000000000000e+00 0.000000000000000000e+00
4.385136329225987062e+00 4.398513425478611794e+00
8.770272658251169418e+00 8.796947321242221562e+00
1.315540898691163285e+01 1.319530263725053665e+01
1.754054531684511531e+01 1.759358031029099578e+01
2.192568164635456895e+01 2.199178126265348254e+01
2.631081797624223384e+01 2.638990639896392310e+01
3.069595430528047331e+01 3.078795660341106100e+01
3.508109063439319897e+01 3.518593275036552370e+01
3.946622696603275671e+01 3.958383569632995602e+01
4.385136330662659532e+01 4.398166629610172151e+01
4.823649963612314195e+01 4.837942535750075024e+01
5.262163598072187654e+01 5.277711369882504044e+01
5.700677231289579083e+01 5.717473212089727497e+01
6.139190866792606016e+01 6.157228141479750150e+01
6.577704502654265184e+01 6.596976235361455565e+01
7.016218135733838324e+01 7.036717569016686014e+01
7.454731769297694655e+01 7.476452217149805790e+01
7.893245402666488530e+01 7.916180256002698457e+01
8.331759036437003374e+01 8.355901755405164977e+01
8.770272670516064295e+01 8.795616784906438568e+01
9.208786304440496906e+01 9.235325416709960678e+01
9.647299938895864102e+01 9.675027718588493997e+01
1.008581357538889591e+02 1.011472376085467033e+02
1.052432720845833103e+02 1.055441360749678807e+02
1.096284084591281385e+02 1.099409732436269280e+02
1.140135448378790386e+02 1.143377497525722077e+02
1.183986811727161808e+02 1.187344662280319483e+02
1.227838175094841944e+02 1.231311233583430891e+02
1.271689538559955110e+02 1.275277216762221144e+02
1.315540902195927515e+02 1.319242618324485363e+02
1.359392265536644118e+02 1.363207444175092746e+02
1.403243628929454303e+02 1.407171700451372089e+02
1.447094992358254615e+02 1.451135392229957688e+02
1.490946355697799106e+02 1.495098525627090282e+02
1.534797719057418703e+02 1.539061106550017826e+02
1.578649083066056278e+02 1.583023140075851529e+02
1.622500447044802172e+02 1.626984631422462542e+02
1.666351810454893894e+02 1.670945586281791293e+02
1.710203173828506920e+02 1.714906010403993264e+02
1.754054537261194469e+02 1.758865908366169890e+02
1.797905900966753734e+02 1.802825285203876149e+02
1.841757265069735467e+02 1.846784146897640824e+02
1.885608628423854043e+02 1.890742497084176534e+02
1.929459991733939717e+02 1.934700341318115875e+02
1.973311355352728356e+02 1.978657684937746239e+02
2.017162718738950105e+02 2.022614531745952604e+02
2.061014082223287858e+02 2.066570886956941990e+02
2.104865446059961869e+02 2.110526755174387858e+02
2.148716809449061032e+02 2.154482140942639603e+02
2.192568173684828707e+02 2.198437049510108636e+02
2.236419537399965520e+02 2.242391483973869128e+02
2.280270901514506079e+02 2.286345449584414951e+02
2.324122264963128828e+02 2.330298949810652971e+02
2.367973628781626303e+02 2.374251990532558239e+02
2.411824992344696170e+02 2.418204574365086046e+02
2.455676356272229839e+02 2.462156705895182256e+02
2.499527720149220045e+02 2.506108389716227407e+02
2.543379084471551437e+02 2.550059628652612105e+02
2.587230447898340913e+02 2.594010427476140990e+02
2.631081811653891691e+02 2.637960789938547350e+02
2.674933175411546245e+02 2.681910721278075584e+02
2.718784539204095836e+02 2.725860223190937859e+02
2.762635902877871104e+02 2.769809300034175976e+02
2.806487266449093454e+02 2.813757955888161177e+02
2.850338630032575793e+02 2.857706195370770956e+02
2.894189994071494993e+02 2.901654020119696042e+02
2.938041358088130437e+02 2.945601435777971346e+02
2.981892722234877056e+02 2.989548444728442291e+02
3.025744085724513752e+02 3.033495049193847422e+02
3.069595449714730080e+02 3.077441255008416192e+02
3.113446813964491753e+02 3.121387064350395235e+02
3.157298177905701095e+02 3.165332480425950052e+02
3.201149541795505229e+02 3.209277506268802540e+02
3.245000905583160602e+02 3.253222145756877808e+02
3.288852269026236854e+02 3.297166402658305060e+02
3.332703632866746375e+02 3.341110280034591256e+02
3.376554997767049144e+02 3.385053780050258752e+02
3.420406361907143946e+02 3.428996906256293755e+02
3.464257726816160812e+02 3.472939661760926811e+02
3.508109090820776146e+02 3.516882048408517107e+02
3.551960454331886581e+02 3.560824071735658549e+02
3.595811818175953931e+02 3.604765733030007482e+02
3.639663182144867051e+02 3.648707034692779416e+02
3.683514546413726976e+02 3.692647981327266962e+02
3.727365910283137964e+02 3.736588573806246814e+02
3.771217274124144296e+02 3.780528816083146921e+02
3.815068637919872572e+02 3.824468710850335356e+02
3.858920001548655137e+02 3.868408261426637864e+02
3.902771365422780718e+02 3.912347470567487449e+02
3.946622729321157408e+02 3.956286339826359608e+02
3.990474092701167592e+02 4.000224872376716121e+02
4.034325456886638221e+02 4.044163071342377407e+02
4.078176821783141577e+02 4.088100938633836563e+02
4.122028185668490892e+02 4.132038477323050643e+02
4.165879549715197641e+02 4.175975688771008549e+02
4.209730913751078560e+02 4.219912576836208018e+02
4.253582278345471650e+02 4.263849142088492954e+02
4.297433642088596457e+02 4.307785389495528534e+02
4.341285005941582540e+02 4.351721319732192796e+02
4.385136369348718972e+02 4.395656935832671479e+02
4.428987733351031011e+02 4.439592240504587153e+02
4.472839097159330777e+02 4.483527235213790618e+02
4.516690460998362369e+02 4.527461922634309417e+02
4.560541824558068242e+02 4.571396304928161953e+02
4.604393188677157696e+02 4.615330384381801991e+02
4.648244553425232652e+02 4.659264165111824241e+02
4.692095916942415101e+02 4.703197647218652264e+02
4.735947280784911300e+02 4.747130832498490349e+02
4.779798644292708900e+02 4.791063724094459531e+02
4.823650009259224021e+02 4.834996324507289955e+02
4.867501374579300091e+02 4.878928635819925148e+02
4.911352738444252282e+02 4.922860657597012732e+02
4.955204102524884320e+02 4.966792395084221425e+02
4.999055467143336955e+02 5.010723847687421539e+02
5.042906831709798325e+02 5.054655019214985714e+02
5.086758196837852211e+02 5.098585911177814296e+02
5.130609560496905033e+02 5.142516525787082173e+02
5.174460924648068385e+02 5.186446865478283144e+02
5.218312288141938780e+02 5.230376930905551944e+02
5.262163652731696857e+02 5.274306726762177959e+02
5.306015016858619902e+02 5.318236252525089185e+02
5.349866380498669969e+02 5.362165509025639949e+02
5.393717744414400386e+02 5.406094499070779875e+02
5.437569108288025745e+02 5.450023226701310932e+02
5.481420471750238903e+02 5.493951691751062754e+02
5.525271836374450913e+02 5.537879897086127130e+02
5.569123200394110427e+02 5.581807841808007424e+02
5.612974566081185230e+02 5.625735529326082087e+02
5.656825931705756147e+02 5.669662962921127018e+02
5.700677297821670209e+02 5.713590141850486361e+02
5.744528663806557915e+02 5.757517068899894639e+02
5.788380028367532759e+02 5.801443745277571225e+02
5.832231393198742353e+02 5.845370173642699001e+02
5.876082758205354821e+02 5.889296357644135469e+02
5.919934123291969854e+02 5.933222295280734215e+02
5.963785488811889763e+02 5.977147989973040012e+02
6.007636853254489324e+02 6.021073443132512466e+02
6.051488218272797894e+02 6.064998654756227552e+02
6.095339581995930303e+02 6.108923628325720756e+02
6.139190947407123531e+02 6.152848365208330961e+02
6.183042311565168347e+02 6.196772864076555152e+02
6.226893676685012906e+02 6.240697128603893589e+02
6.270745041056100035e+02 6.284621162658967251e+02
6.314596405348415828e+02 6.328544965375258471e+02
6.358447769697688727e+02 6.372468538504838307e+02
6.402299134085619698e+02 6.416391883052324374e+02
6.446150498907231849e+02 6.460314999728493603e+02
6.490001862818131713e+02 6.504237892140561144e+02
6.533853227221202360e+02 6.548160562139701142e+02
6.577704592362599669e+02 6.592083008762269856e+02
6.621555956464424071e+02 6.636005234003141595e+02
6.665407321680806945e+02 6.679927239019438048e+02
6.709258686291855156e+02 6.723849027803425997e+02
6.753110050325653901e+02 6.767770596885828809e+02
6.796961415354485325e+02 6.811691951219211205e+02
6.840812779165555639e+02 6.855613090531011267e+02
6.884664143499030615e+02 6.899534018323374767e+02
6.928515507254833210e+02 6.943454736371757008e+02
6.972366873746507281e+02 6.987375242727262048e+02
7.016218238531092766e+02 7.031295539428599568e+02
