0.000000000000000000e+00 0.000000000000000000e+00
4.689695987197724847e+00 4.706361152138443416e+00
9.379391975118277713e+00 9.412598544840692583e+00
1.406908796303051190e+01 1.411871402494199934e+01
1.875878395209349492e+01 1.882470941220881855e+01
2.344847994871032881e+01 2.353058646293727207e+01
2.813817594490394214e+01 2.823634691525740692e+01
3.282787193273573223e+01 3.294199246745921528e+01
3.751756792226008486e+01 3.764752475579417990e+01
4.220726391025442581e+01 4.235294541390688039e+01
4.689695990799368985e+01 4.705825602947400910e+01
5.158665590321712813e+01 5.176345815766237024e+01
5.627635190424988565e+01 5.646855331477262041e+01
6.096604790256356665e+01 6.117354298067462537e+01
6.565574390413434003e+01 6.587842860082616880e+01
7.034543989386473584e+01 7.058321162153643513e+01
7.503513588393650480e+01 7.528789342740270740e+01
7.972483188383692720e+01 7.999247540693936287e+01
8.441452787952101744e+01 8.469695887517309529e+01
8.910422387601610694e+01 8.940134519056780960e+01
9.379391986795842229e+01 9.410563557423714087e+01
9.848361587425725361e+01 9.880983131961139065e+01
1.031733118988027798e+02 1.035139337072054673e+02
1.078630078979704194e+02 1.082179438906346860e+02
1.125527039335712516e+02 1.129218630725848698e+02
1.172423999302861830e+02 1.176256924242958632e+02
1.219320959585874817e+02 1.223294330790417206e+02
1.266217920004135777e+02 1.270330862113076904e+02
1.313114880123763442e+02 1.317366528607336420e+02
1.360011840646313317e+02 1.364401341160930485e+02
1.406908800722601995e+02 1.411435310606841824e+02
1.453805760767230879e+02 1.458468447519758513e+02
1.500702720893982587e+02 1.505500761453860719e+02
1.547599680999155680e+02 1.552532263222504412e+02
1.594496641112757516e+02 1.599562962149752252e+02
1.641393601177732648e+02 1.646592868229682836e+02
1.688290561110370618e+02 1.693621990415361154e+02
1.735187521148628775e+02 1.740650338120906326e+02
1.782084481868230910e+02 1.787677920960679501e+02
1.828981442140233185e+02 1.834704748124800346e+02
1.875878402847016275e+02 1.881730827293841912e+02
1.922775362756476625e+02 1.928756168694938822e+02
1.969672322965705575e+02 1.975780779066396065e+02
2.016569282974759290e+02 2.022804668176444522e+02
2.063466243452680828e+02 2.069827843624574371e+02
2.110363203799303733e+02 2.116850313908096837e+02
2.157260163824805659e+02 2.163872087226805547e+02
2.204157123947967705e+02 2.210893170534019703e+02
2.251054084293480742e+02 2.257913572577838863e+02
2.297951044493298696e+02 2.304933299869724124e+02
2.344848004847131051e+02 2.351952359609023233e+02
2.391744965039662816e+02 2.398970760021642832e+02
2.438641925692301129e+02 2.445988508773000092e+02
2.485538885806280405e+02 2.493005611307766856e+02
2.532435845860973984e+02 2.540022075890883571e+02
2.579332806074563109e+02 2.587037909616889237e+02
2.626229767140266631e+02 2.634053117453054824e+02
2.673126728269502905e+02 2.681067707612614299e+02
2.720023688287813002e+02 2.728081686656752254e+02
2.766920648388104382e+02 2.775095060659554633e+02
2.813817608845068321e+02 2.822107834661366041e+02
2.860714569119407997e+02 2.869120015971901694e+02
2.907611529748531325e+02 2.916131610712625388e+02
2.954508490578717783e+02 2.963142624944482577e+02
3.001405451865661007e+02 3.010153064984068578e+02
3.048302412516543427e+02 3.057162935879914016e+02
3.095199372547748453e+02 3.104172244404658159e+02
3.142096332717306950e+02 3.151180995026672349e+02
3.188993293311599473e+02 3.198189195231785220e+02
3.235890254082077035e+02 3.245196849296637538e+02
3.282787214253801267e+02 3.292203962612663872e+02
3.329684175239765409e+02 3.339210540612345994e+02
3.376581136346720768e+02 3.386216588486274759e+02
3.423478097519853236e+02 3.433222111298636037e+02
3.470375057565089492e+02 3.480227113769414018e+02
3.517272018448799145e+02 3.527231601148666300e+02
3.564168979331896026e+02 3.574235578307587389e+02
3.611065939991659093e+02 3.621239049788996454e+02
3.657962900744095123e+02 3.668242020966242762e+02
3.704859861114587147e+02 3.715244496715654350e+02
3.751756821496161365e+02 3.762246481670719049e+02
3.798653782347324750e+02 3.809247980299943492e+02
3.845550744079065453e+02 3.856248998083710831e+02
3.892447704449455159e+02 3.903249539106966495e+02
3.939344666116367080e+02 3.950249608108220514e+02
3.986241627037130684e+02 3.997249207866238976e+02
4.033138587040630227e+02 4.044248343977908462e+02
4.080035548182980847e+02 4.091247020691275793e+02
4.126932508235702812e+02 4.138245240871846136e+02
4.173829468839775245e+02 4.185243008477762032e+02
4.220726429087799261e+02 4.232240329597107120e+02
4.267623390417033420e+02 4.279237207024098097e+02
4.314520350821074999e+02 4.326233646255327585e+02
4.361417311138916943e+02 4.373229648687303097e+02
4.408314272982092916e+02 4.420225218824305102e+02
4.455211233322028761e+02 4.467220362600104409e+02
4.502108194076492396e+02 4.514215081467223740e+02
4.549005154206861903e+02 4.561209379347258732e+02
4.595902115339267198e+02 4.608203261768689458e+02
4.642799077304696311e+02 4.655196731089602622e+02
4.689696037737566598e+02 4.702189788930388090e+02
4.736592998889202590e+02 4.749182441334024816e+02
4.783489960840637423e+02 4.796174691965558168e+02
4.830386922391551252e+02 4.843166541705577401e+02
4.877283882964265445e+02 4.890157995449000055e+02
4.924180843084312755e+02 4.937149058201119942e+02
4.971077805026731085e+02 4.984139730873231429e+02
5.017974766671610496e+02 5.031130018584658501e+02
5.064871728480374031e+02 5.078119921915182431e+02
5.111768688592115950e+02 5.125109445822736234e+02
5.158665649699307778e+02 5.172098593208339707e+02
5.205562611850269832e+02 5.219087367608773320e+02
5.252459571895853969e+02 5.266075771194959998e+02
5.299356532892202267e+02 5.313063809302705067e+02
5.346253493339984288e+02 5.360051482208957623e+02
5.393150454308666895e+02 5.407038792655074531e+02
5.440047414801645118e+02 5.454025745762568249e+02
5.486944377326422000e+02 5.501012342804967830e+02
5.533841338097834068e+02 5.547998586888161299e+02
5.580738299236659259e+02 5.594984480582430706e+02
5.627635260902027312e+02 5.641970028561598838e+02
5.674532221231386302e+02 5.688955232435737344e+02
5.721429183968249390e+02 5.735940094494054620e+02
5.768326145560050691e+02 5.782924618169469113e+02
5.815223107614172022e+02 5.829908805173450901e+02
5.862120070460039187e+02 5.876892656858822193e+02
5.909017033346468679e+02 5.923876178475694587e+02
5.955913994797917894e+02 5.970859370736602614e+02
6.002810956656610415e+02 6.017842236240671809e+02
6.049707918727872311e+02 6.064824778751733447e+02
6.096604881245521028e+02 6.111807001319641586e+02
6.143501841308074063e+02 6.158788905350151026e+02
6.190398803803218470e+02 6.205770491670725733e+02
6.237295763796109895e+02 6.252751764338739804e+02
6.284192725094595744e+02 6.299732726952927351e+02
6.331089687041917387e+02 6.346713379555524170e+02
6.377986647991269820e+02 6.393693726101171251e+02
6.424883609579945869e+02 6.440673767753839911e+02
6.471780570075184187e+02 6.487653504432480531e+02
6.518677531233686295e+02 6.534632942188949301e+02
6.565574493198284927e+02 6.581612083514903588e+02
6.612471453688592646e+02 6.628590928903183794e+02
6.659368414533112173e+02 6.675569478037077715e+02
6.706265376624054397e+02 6.722547736469625761e+02
6.753162336595178203e+02 6.769525704698412483e+02
6.800059298609567122e+02 6.816503386032973140e+02
6.846956259609593189e+02 6.863480782016176818e+02
6.893853220299077975e+02 6.910457897009785029e+02
6.940750182035840226e+02 6.957434730209020017e+02
6.987647144592467612e+02 7.004411282857419110e+02
7.034544106075313721e+02 7.051387557708281975e+02
7.081441067278511809e+02 7.098363557221555311e+02
7.128338028739076435e+02 7.145339282733245909e+02
7.175234990327450078e+02 7.192314739671251118e+02
7.222131952161228128e+02 7.239289926334865868e+02
7.269028913175723119e+02 7.286264843118963199e+02
7.315925874411424275e+02 7.333239494817034938e+02
7.362822836264058424e+02 7.380213881836427845e+02
7.409719797467508897e+02 7.427188006330570715e+02
7.456616760081068378e+02 7.474161870877999263e+02
7.503513723496093917e+02 7.521135477785427383e+02
