0.000000000000000000e+00 0.000000000000000000e+00
4.386363101982881929e+00 4.399277578396772803e+00
8.772726205083660744e+00 8.798481850441399743e+00
1.315908930671267640e+01 1.319761365366215067e+01
1.754545240866261224e+01 1.759667381415746945e+01
2.193181551064277102e+01 2.199566313704581333e+01
2.631817861395970581e+01 2.639458242670970378e+01
3.070454171664580301e+01 3.079343246106699894e+01
3.509090481857174382e+01 3.519221401293820861e+01
3.947726793698045356e+01 3.959092783870543997e+01
4.386363103921091522e+01 4.398957469149021193e+01
4.824999414577779788e+01 4.838815529472881849e+01
5.263635724917264014e+01 5.278667037152163033e+01
5.702272035665109229e+01 5.718512062769923432e+01
6.140908347116642574e+01 6.158350677132066409e+01
6.579544657695677756e+01 6.598182949443270218e+01
7.018180968263544628e+01 7.038008944946791701e+01
7.456817278940761184e+01 7.477828730313464689e+01
7.895453590263993249e+01 7.917642374530228722e+01
8.334089900478070945e+01 8.357449938120473121e+01
8.772726214581544468e+01 8.797251484689994072e+01
9.211362524876386715e+01 9.237047079607522448e+01
9.649998835939445030e+01 9.676836781813391042e+01
1.008863514644148580e+02 1.011662065393566081e+02
1.052727146105290785e+02 1.055639875193974575e+02
1.096590777234854954e+02 1.099617113559116888e+02
1.140454408302934723e+02 1.143593786283723119e+02
1.184318039330052272e+02 1.187569898945777709e+02
1.228181670360060593e+02 1.231545457323035464e+02
1.272045301883845951e+02 1.275520466885851363e+02
1.315908933419773064e+02 1.319494933510296732e+02
1.359772564574078331e+02 1.363468861565048655e+02
1.403636195728803386e+02 1.407442256992426906e+02
1.447499827150825809e+02 1.451415124764503730e+02
1.491363458306913117e+02 1.495387470046089504e+02
1.535227089424818985e+02 1.539359298020386575e+02
1.579090720744328280e+02 1.583330613520153634e+02
1.622954351970138305e+02 1.627301421565341855e+02
1.666817983315568767e+02 1.671271727000502949e+02
1.710681614938055759e+02 1.715241534683632665e+02
1.754545246005754962e+02 1.759210848935579179e+02
1.798408877872107610e+02 1.803179674501402587e+02
1.842272509388374715e+02 1.847148015860159376e+02
1.886136140758624720e+02 1.891115878246872057e+02
1.929999772166946173e+02 1.935083265002531903e+02
1.973863403585451124e+02 1.979050180934114280e+02
2.017727034782983537e+02 2.023016630496235848e+02
2.061590666460269006e+02 2.066982617951355792e+02
2.105454297944129394e+02 2.110948147300514393e+02
2.149317929059261587e+02 2.154913222936695831e+02
2.193181560139515227e+02 2.198877848923920908e+02
2.237045191832472142e+02 2.242842029793471283e+02
2.280908822894974719e+02 2.286805769014523264e+02
2.324772453982291722e+02 2.330769069855452926e+02
2.368636085343121067e+02 2.374731937311740637e+02
2.412499716708682627e+02 2.418694373934493456e+02
2.456363347894807703e+02 2.462656384229986770e+02
2.500226979645740073e+02 2.506617972216281487e+02
2.544090611368595205e+02 2.550579140375087945e+02
2.587954242953362609e+02 2.594539894166105682e+02
2.631817875175631798e+02 2.638500235355780319e+02
2.675681506659495312e+02 2.682460169160697205e+02
2.719545137808204913e+02 2.726419697205787429e+02
2.763408769032218970e+02 2.770378824394082358e+02
2.807272400234711540e+02 2.814337552853703528e+02
2.851136031412646048e+02 2.858295887085271829e+02
2.894999662830608145e+02 2.902253830697912917e+02
2.938863294783553783e+02 2.946211386440639330e+02
2.982726926836947996e+02 2.990168555932066283e+02
3.026590558912405413e+02 3.034125344962185409e+02
3.070454190632523819e+02 3.078081755439233689e+02
3.114317822378720280e+02 3.122037789451707681e+02
3.158181454096442167e+02 3.165993451480407543e+02
3.202045085672015148e+02 3.209948744828972735e+02
3.245908717746642651e+02 3.253903671365101218e+02
3.289772349280235630e+02 3.297858235023157931e+02
3.333635980679705426e+02 3.341812438434377555e+02
3.377499613040587292e+02 3.385766284171587586e+02
3.421363244623836977e+02 3.429719775443167578e+02
3.465226875838519618e+02 3.473672914636506448e+02
3.509090508371104988e+02 3.517625703917105966e+02
3.552954140594343357e+02 3.561578146801783191e+02
3.596817772458777540e+02 3.605530246718443550e+02
3.640681404191239494e+02 3.649482005098575428e+02
3.684545035909371222e+02 3.693433425346620425e+02
3.728408667703128003e+02 3.737384509751344694e+02
3.772272299269043287e+02 3.781335261259209233e+02
3.816135930789764643e+02 3.825285682908357217e+02
3.859999561928865432e+02 3.869235776246918590e+02
3.903863193841657449e+02 3.913185544863267751e+02
3.947726825455494009e+02 3.957134989382191179e+02
3.991590457228963942e+02 4.001084114076475089e+02
4.035454089488613363e+02 4.045032919545232630e+02
4.079317720634028319e+02 4.088981409425692846e+02
4.123181352258155812e+02 4.132929586691535064e+02
4.167044984034423578e+02 4.176877453277222116e+02
4.210908615699642041e+02 4.220825011314720427e+02
4.254772247528127878e+02 4.264772261859669698e+02
4.298635879197451573e+02 4.308719209670502437e+02
4.342499511466069180e+02 4.352665855248019398e+02
4.386363144339845803e+02 4.396612201644353490e+02
4.430226776106372881e+02 4.440558249979607126e+02
4.474090409269666679e+02 4.484504003297002441e+02
4.517954041123134630e+02 4.528449462191620114e+02
4.561817672898507112e+02 4.572394630390171528e+02
4.605681304363635036e+02 4.616339508846768922e+02
4.649544936017904888e+02 4.660284101799569498e+02
4.693408568201232356e+02 4.704228409273695206e+02
4.737272199758908187e+02 4.748172432487967853e+02
4.781135832569949571e+02 4.792116175737205594e+02
4.824999464134469918e+02 4.836059640934662411e+02
4.868863095507812204e+02 4.880002827316667435e+02
4.912726726942629512e+02 4.923945739791398637e+02
4.956590359127170586e+02 4.967888379515504766e+02
5.000453991549240982e+02 5.011830747591604904e+02
5.044317623874835590e+02 5.055772846366556905e+02
5.088181255960644194e+02 5.099714677573310837e+02
5.132044887304484746e+02 5.143656243347320469e+02
5.175908518896083024e+02 5.187597545054904913e+02
5.219772152066033186e+02 5.231538584906616052e+02
5.263635784157254420e+02 5.275479364139107474e+02
5.307499416665091303e+02 5.319419886094838148e+02
5.351363047884965454e+02 5.363360150061716922e+02
5.395226679638958558e+02 5.407300159965044486e+02
5.439090312137107048e+02 5.451239916972643869e+02
5.482953944446652486e+02 5.495179422665955826e+02
5.526817576007870230e+02 5.539118678606893127e+02
5.570681207292736872e+02 5.583057685503740686e+02
5.614544839098879265e+02 5.626996446697448846e+02
5.658408472239943876e+02 5.670934963667814372e+02
5.702272105306055892e+02 5.714873237656015590e+02
5.746135737868664819e+02 5.758811267788994428e+02
5.789999369013746673e+02 5.802749059152138216e+02
5.833863001525579648e+02 5.846686610701991640e+02
5.877726634263567576e+02 5.890623927267126874e+02
5.921590267111263302e+02 5.934561008114748120e+02
5.965453898938942530e+02 5.978497854580759849e+02
6.009317530597234054e+02 6.022434467412529102e+02
6.053181163344679589e+02 6.066370849842999178e+02
6.097044794551524092e+02 6.110307003013477924e+02
6.140908425945449380e+02 6.154242927754208949e+02
6.184772057828838570e+02 6.198178626086357781e+02
6.228635690644226770e+02 6.242114098206894823e+02
6.272499324269216459e+02 6.286049348054883694e+02
6.316362956395546462e+02 6.329984376995389539e+02
6.360226588823491056e+02 6.373919184835638134e+02
6.404090220259549824e+02 6.417853772564834571e+02
6.447953852083578568e+02 6.461788140688589692e+02
6.491817483766458281e+02 6.505722293261064806e+02
6.535681115634151865e+02 6.549656231351057158e+02
6.579544748943708328e+02 6.593589954599274279e+02
6.623408380843397936e+02 6.637523465134586331e+02
6.667272012362354872e+02 6.681456762913285274e+02
6.711135645097130009e+02 6.725389851526451821e+02
6.754999277121629575e+02 6.769322729378104668e+02
6.798862908663923008e+02 6.813255399914028203e+02
6.842726542637376497e+02 6.857187864421332506e+02
6.886590173927284013e+02 6.901120123083812814e+02
6.930453805704559045e+02 6.945052177832246798e+02
6.974317439810663473e+02 6.988984031977693121e+02
7.018181072309869251e+02 7.032915683782198357e+02
