1.043486743582351271e-07
1.043487131399275480e-07
1.043487188932933999e-07
1.043487400001484955e-07
1.043487501545967311e-07
1.043487551613281598e-07
1.043487129392725102e-07
1.043487216991081959e-07
1.043487946084120241e-07
1.043487198096558880e-07
1.043487116903708030e-07
1.043486923563797535e-07
1.043487106080944791e-07
1.043487887442217711e-07
1.043487374396731001e-07
1.043487306573337283e-07
1.043487531448534014e-07
1.043487535107328300e-07
1.043487573635395485e-07
1.043487370849118393e-07
1.043487481622052503e-07
1.043487134117185303e-07
1.043487463921718427e-07
1.043487185006440377e-07
2.605665267272025520e+00
