0.000000000000000000e+00 0.000000000000000000e+00 0.000000000000000000e+00 0.000000000000000000e+00 0.000000000000000000e+00 0.000000000000000000e+00 0.000000000000000000e+00 0.000000000000000000e+00 0.000000000000000000e+00
0.000000000000000000e+00 4.162149091952610291e+00 5.782163987495784419e+00 5.782163987495785307e+00 5.782163987495785307e+00 5.782163987495784419e+00 5.782163987495785307e+00 5.782163987495785307e+00 5.782163987495785307e+00
0.000000000000000000e+00 6.818487719014546755e+00 1.029030877379316777e+01 1.130820698569380589e+01 1.156381911659599027e+01 1.156381906201649556e+01 1.156381914056658822e+01 1.156381916069426730e+01 1.156381913228793756e+01
0.000000000000000000e+00 8.740309986882909499e+00 1.384783875710811074e+01 1.614436891714078826e+01 1.706466461543150714e+01 1.730233052119854520e+01 1.734525201865000454e+01 1.734525213543457056e+01 1.734525204929483877e+01
0.000000000000000000e+00 1.023537054975599325e+01 1.673120625751982971e+01 2.028658226196809267e+01 2.209018178998503501e+01 2.282625557921338810e+01 2.306705654273108763e+01 2.311935745566490752e+01 2.312663462326792541e+01
0.000000000000000000e+00 1.145417685767992211e+01 1.913084258450086139e+01 2.383958176787528771e+01 2.659110781502585752e+01 2.799893141759417858e+01 2.861832997374805387e+01 2.883630953625073445e+01 2.889576882108571709e+01
0.000000000000000000e+00 1.248061338890506455e+01 2.117372604015682924e+01 2.691559786598638127e+01 3.059737174569463036e+01 3.275899518492056472e+01 3.389880615202463332e+01 3.441631290701094770e+01 3.461316563475932639e+01
0.000000000000000000e+00 1.336588994867814506e+01 2.294581388376856523e+01 2.960902232626519393e+01 3.416755594162410148e+01 3.710196655599580140e+01 3.884835288944020704e+01 3.978155525430096162e+01 4.021902024555849664e+01
0.000000000000000000e+00 1.414341552427136151e+01 2.450686072915404878e+01 3.199394670493602533e+01 3.736407457971782975e+01 4.105400799435273029e+01 4.344587726057025634e+01 4.487666686262762994e+01 4.565130606585292838e+01
0.000000000000000000e+00 1.483611976111487785e+01 2.589958937790495241e+01 3.412744160815279315e+01 4.024355744514902966e+01 4.465363412921620068e+01 4.769718390291455279e+01 4.967304221043860935e+01 5.086035576449000928e+01
0.000000000000000000e+00 1.546037897784390225e+01 2.715535530477527004e+01 3.605346310844719682e+01 4.285422297758657351e+01 4.794165378560415292e+01 5.162304083275640920e+01 5.416403370809720741e+01 5.581468510345420952e+01
0.000000000000000000e+00 1.602831892622309340e+01 2.829781697943230157e+01 3.780627146728453170e+01 4.523622978629534686e+01 5.095669087805464414e+01 5.525105695677214612e+01 5.835803996741414323e+01 6.050041757132400733e+01
0.000000000000000000e+00 1.654912291697335647e+01 2.934512490175020716e+01 3.941274561011887556e+01 4.742253548145857422e+01 5.373312734538203728e+01 5.861037144271307398e+01 6.227187905695630832e+01 6.491699318181258604e+01
0.000000000000000000e+00 1.702991629320813871e+01 3.031149205778520184e+01 4.089426572172479979e+01 4.944020541419051540e+01 5.630081915377204638e+01 6.172908720643175684e+01 6.592639630283599672e+01 6.907287262741380118e+01
0.000000000000000000e+00 1.747633595599545586e+01 3.120823603366102361e+01 4.226804710571180834e+01 5.131154001956725352e+01 5.868536011396454910e+01 6.463304503643438181e+01 6.934361914301214824e+01 7.298185700792294028e+01
0.000000000000000000e+00 1.789291586847329896e+01 3.204450246504564603e+01 4.354811229265055772e+01 5.305501256822714140e+01 6.090857358573171609e+01 6.734539150171772803e+01 7.254510781208176695e+01 7.666040969336349065e+01
0.000000000000000000e+00 1.828335450959340491e+01 3.282777520141903693e+01 4.474600117213109485e+01 5.468601762176611913e+01 6.298903953021136459e+01 6.988655148557000985e+01 7.555107967401073665e+01 8.012586794043346572e+01
