0.000000000000000000e+00 0.000000000000000000e+00 0.000000000000000000e+00 0.000000000000000000e+00 0.000000000000000000e+00 0.000000000000000000e+00 0.000000000000000000e+00 0.000000000000000000e+00 0.000000000000000000e+00
0.000000000000000000e+00 4.162149130756866100e+00 5.782164017701657777e+00 5.782164017701657777e+00 5.782164017701655112e+00 5.782164017701655112e+00 5.782164017701656000e+00 5.782164017701656888e+00 5.782164017701658665e+00
0.000000000000000000e+00 6.818654755294542014e+00 1.029062634877704063e+01 1.130858219420384891e+01 1.156422029332353496e+01 1.156422028941992863e+01 1.156422028940122537e+01 1.156422029127965345e+01 1.156422029773282389e+01
0.000000000000000000e+00 8.740606103545164984e+00 1.384842167346936037e+01 1.614512516815332788e+01 1.706552668154250085e+01 1.730322906371178604e+01 1.734616034796897921e+01 1.734616033476902430e+01 1.734616034649220495e+01
0.000000000000000000e+00 1.023574846798447879e+01 1.673196354402116981e+01 2.028761800512081237e+01 2.209141954295919419e+01 2.282760396949041137e+01 2.306845460353245514e+01 2.312076907600081910e+01 2.312804894079900464e+01
0.000000000000000000e+00 1.145461596567549201e+01 1.913173059992990233e+01 2.384083458778801656e+01 2.659265395518207242e+01 2.800067711633418455e+01 2.862019307583296523e+01 2.883822572599598288e+01 2.889770352175511547e+01
0.000000000000000000e+00 1.248110220685981808e+01 2.117471935817109596e+01 2.691702641998551115e+01 3.059917349233313644e+01 3.276108398631255625e+01 3.390109379202848316e+01 3.441871657754479230e+01 3.461562542144265109e+01
0.000000000000000000e+00 1.336640607866357122e+01 2.294686531136111185e+01 2.961055444210985499e+01 3.416951784954655125e+01 3.710428529475549908e+01 3.885094602734287150e+01 3.978433584578154836e+01 4.022191210546174034e+01
0.000000000000000000e+00 1.414395150904769594e+01 2.450795370927003347e+01 3.199555349662556480e+01 3.736615413363646354e+01 4.105650026297908539e+01 4.344870996986385592e+01 4.487975754629459857e+01 4.565457230227661256e+01
0.000000000000000000e+00 1.483667116748480908e+01 2.590071412001938356e+01 3.412910516060011190e+01 4.024572675158589874e+01 4.465626036743663008e+01 4.770020569442653624e+01 4.967638583216190540e+01 5.086394070310299753e+01
0.000000000000000000e+00 1.546096046501033250e+01 2.715654147957939557e+01 3.605522386069556973e+01 4.285653049450876040e+01 4.794446704056351649e+01 5.162630709436487564e+01 5.416768730669700460e+01 5.581865025947051606e+01
0.000000000000000000e+00 1.602892493227618331e+01 2.829905283923201154e+01 3.780811103283543417e+01 4.523864957340605031e+01 5.095965659010130366e+01 5.525452387043576863e+01 5.836195095628272611e+01 6.050470408029795522e+01
0.000000000000000000e+00 1.654974950679637402e+01 2.934640218496026165e+01 3.941465063219175136e+01 4.742504876313343232e+01 5.373621976597538463e+01 5.861400527147682737e+01 6.227600536509113027e+01 6.492155161921127160e+01
0.000000000000000000e+00 1.703055999627684969e+01 3.031280340266668105e+01 4.089622472559845789e+01 4.944279565868939130e+01 5.630401585506719186e+01 6.173285859423781119e+01 6.593070091179644976e+01 6.907765800106618315e+01
0.000000000000000000e+00 1.747699459777980735e+01 3.120957691918737353e+01 4.227005266491261182e+01 5.131419638281756335e+01 5.868864629742294881e+01 6.463693394295580674e+01 6.934807574616252168e+01 7.298683613812895032e+01
0.000000000000000000e+00 1.789358694524886673e+01 3.204586774000454596e+01 4.355015631086270389e+01 5.305772355804574403e+01 6.091193378526843105e+01 6.734937771097108339e+01 7.254969006366199835e+01 7.666554997060772791e+01
0.000000000000000000e+00 1.828403531380811131e+01 3.282916027471993914e+01 4.474807681216040578e+01 5.468877368470104727e+01 6.299246083673489238e+01 6.989061819662353514e+01 7.555576640569725555e+01 8.013114213645297923e+01
