0.000000000000000000e+00 0.000000000000000000e+00
4.012253338327535168e+00 4.130881785995593525e+00
8.024506678319237807e+00 8.255607882207865345e+00
1.203676002208538875e+01 1.237477629311837291e+01
1.604901337060749711e+01 1.648890332426629968e+01
2.006126672174343284e+01 2.059843761229013026e+01
2.407352007744988498e+01 2.470377131650284497e+01
2.808577341874903510e+01 2.880524909689033564e+01
3.209802676323585047e+01 3.290317534842144909e+01
3.611028011953373351e+01 3.699782026701375059e+01
4.012253346001010357e+01 4.108942464702571584e+01
4.413478681770367018e+01 4.517820401010579445e+01
4.814704015434915618e+01 4.926435189768362477e+01
5.215929350481315652e+01 5.334804291017238143e+01
5.617154685048351581e+01 5.742943492770174885e+01
6.018380020394165086e+01 6.150867116700897697e+01
6.419605355353073151e+01 6.558588196019721295e+01
