0.000000000000000000e+00 0.000000000000000000e+00
4.009759176915059342e+00 4.130881785123949435e+00
8.019518352607189371e+00 8.255343731367537075e+00
1.202927753681229284e+01 1.237402112602442372e+01
1.603903671665043973e+01 1.648746100194679798e+01
2.004879590791912491e+01 2.059613754905414851e+01
2.405855510339679881e+01 2.470046432515634294e+01
2.806831428842203024e+01 2.880080406494413836e+01
3.207807346584580444e+01 3.289747645538538734e+01
3.608783266667450107e+01 3.699076474056951724e+01
4.009759184375117513e+01 4.108092100642825528e+01
4.410735108208046995e+01 4.516817038470991008e+01
4.811711032330941862e+01 4.925271491322669704e+01
5.212686954548082241e+01 5.333473647543847562e+01
5.613662873104444628e+01 5.741439935149888640e+01
6.014638792160081238e+01 6.149185229904566086e+01
6.415614711118695368e+01 6.556723075947304835e+01
