0.000000000000000000e+00 0.000000000000000000e+00
4.381024756802725406e+00 4.397406090773763765e+00
8.762049513560217662e+00 8.794691996580384696e+00
1.314307427054423627e+01 1.319185950110422745e+01
1.752409902745517556e+01 1.758891033631854128e+01
2.190512379139579480e+01 2.198584620624665575e+01
2.628614855274924622e+01 2.638266876717818121e+01
3.066717331496761290e+01 3.077937964231879420e+01
3.504819807262184383e+01 3.517598043396297669e+01
3.942922284393729626e+01 3.957247269380185628e+01
4.381024761706915882e+01 4.396885793991179270e+01
4.819127239832746312e+01 4.836513767437602240e+01
5.257229715805618753e+01 5.276131334222262836e+01
5.695332193948580368e+01 5.715738638509132841e+01
6.133434671687322037e+01 6.155335822929497169e+01
6.571537149163441427e+01 6.594923019241349493e+01
7.009639625851436051e+01 7.034500365748084505e+01
7.447742101699540740e+01 7.474067992565636587e+01
7.885844581586218283e+01 7.913626030071324635e+01
8.323947057512994263e+01 8.353174605316377210e+01
8.762049534293819875e+01 8.792713842094876497e+01
9.200152015104188763e+01 9.232243863140647022e+01
9.638254495009388734e+01 9.671764782756878276e+01
1.007635697403308512e+02 1.011127672166922196e+02
1.051445945536953843e+02 1.055077979361586813e+02
1.095256193272292364e+02 1.099027411142554627e+02
1.139066440983231843e+02 1.142975978879463383e+02
1.182876688588542322e+02 1.186923692990903589e+02
1.226686936505510914e+02 1.230870564390182267e+02
1.270497184250546354e+02 1.274816603240743120e+02
1.314307431900648453e+02 1.318761819609830184e+02
1.358117679647033356e+02 1.362706224064016567e+02
1.401927927365495634e+02 1.406649825756011580e+02
1.445738175335642381e+02 1.450592634892593651e+02
1.489548423185652837e+02 1.494534660742237975e+02
1.533358671574794130e+02 1.538475913288046684e+02
1.577168919757297090e+02 1.582416400862484238e+02
1.620979168019212580e+02 1.626356132879908500e+02
1.664789416417567622e+02 1.670295118347547145e+02
1.708599664580510193e+02 1.714233365986040099e+02
1.752409912670210872e+02 1.758170883934817255e+02
1.796220160725222001e+02 1.802107680534378460e+02
1.840030409046416935e+02 1.846043764718792772e+02
1.883840657640075165e+02 1.889979143354593702e+02
1.927650905989621037e+02 1.933913825256882433e+02
1.971461154214984219e+02 1.977847818261973032e+02
2.015271402266007499e+02 2.021781130300209952e+02
2.059081650284313696e+02 2.065713768683328340e+02
2.102891898302129334e+02 2.109645740926775943e+02
2.146702146305836436e+02 2.153577053777035530e+02
2.190512394469409685e+02 2.197507715119027125e+02
2.234322642606636862e+02 2.241437731440061043e+02
2.278132891004768794e+02 2.285367110753145141e+02
2.321943138729469069e+02 2.329295859265096169e+02
2.365753386838906920e+02 2.373223983606546597e+02
2.409563635386031422e+02 2.417151490000233025e+02
2.453373883943080500e+02 2.461078385761791196e+02
2.497184132470360396e+02 2.505004677140942135e+02
2.540994380964498589e+02 2.548930370114639459e+02
2.584804629934262721e+02 2.592855470456305511e+02
2.628614878291261903e+02 2.636779985610839958e+02
2.672425126532610875e+02 2.680703920892258338e+02
2.716235374588274567e+02 2.724627283208773179e+02
2.760045622736378164e+02 2.768550077682315873e+02
2.803855870782543320e+02 2.812472309711549769e+02
2.847666119915995750e+02 2.856393984903088494e+02
2.891476368349074733e+02 2.900315109425536662e+02
2.935286616084124489e+02 2.944235687477082593e+02
2.979096864192420639e+02 2.988155725527865911e+02
3.022907112374518874e+02 3.032075228762423080e+02
3.066717360616243013e+02 3.075994202950825525e+02
3.110527608767972083e+02 3.119912652582342503e+02
3.154337856913113569e+02 3.163830583392287963e+02
3.198148105149057301e+02 3.207748000273365960e+02
3.241958353329398506e+02 3.251664908274585741e+02
3.285768601589417131e+02 3.295581312900274042e+02
3.329578850540619896e+02 3.339497217502962485e+02
3.373389099230045076e+02 3.383412628045358019e+02
3.417199348251153879e+02 3.427327547880869361e+02
3.461009595996537200e+02 3.471241982307708440e+02
3.504819845102861109e+02 3.515155936209508241e+02
3.548630093153232110e+02 3.559069412678675235e+02
3.592440341659795422e+02 3.602982418221015450e+02
3.636250589874438219e+02 3.646894955542923071e+02
3.680060837788273602e+02 3.690807029410146924e+02
3.723871086647655488e+02 3.734718643848601687e+02
3.767681334743034540e+02 3.778629804767240898e+02
3.811491582651337353e+02 3.822540514570482628e+02
3.855301830388482358e+02 3.866450777575971642e+02
3.899112078063296849e+02 3.910360596991014290e+02
3.942922325699807971e+02 3.954269977670271601e+02
3.986732573867377027e+02 3.998178923691751265e+02
4.030542821892726693e+02 4.042087438881542312e+02
4.074353070453910846e+02 4.085995527124657656e+02
4.118163318766563634e+02 4.129903193448491834e+02
4.161973567088627988e+02 4.173810439618828241e+02
4.205783815333246025e+02 4.217717268567784004e+02
4.249594063548422014e+02 4.261623684925409634e+02
4.293404311419589021e+02 4.305529693124031496e+02
4.337214559846340762e+02 4.349435295788824760e+02
4.381024807520419131e+02 4.393340496234271768e+02
4.424835056539167226e+02 4.437245298515728109e+02
4.468645306726172635e+02 4.481149707268174325e+02
4.512455555669470186e+02 4.525053722881754084e+02
4.556265805651291316e+02 4.568957351788180858e+02
4.600076055140006019e+02 4.612860593793700446e+02
4.643886305255400657e+02 4.656763455084093266e+02
4.687696553399462118e+02 4.700665937606724469e+02
4.731506801641333482e+02 4.744568042725293253e+02
4.775317051550546239e+02 4.788469775933012897e+02
4.819127300802945228e+02 4.832371139624997340e+02
4.862937551143779729e+02 4.876272137879273600e+02
4.906747799567324364e+02 4.920172772528272276e+02
4.950558049581056252e+02 4.964073045273278240e+02
4.994368300073807063e+02 5.007972959822055827e+02
5.038178550395942352e+02 5.051872520168992651e+02
5.081988798758548000e+02 5.095771727895788104e+02
5.125799047015937049e+02 5.139670587961504680e+02
5.169609295587483757e+02 5.183569101702429407e+02
5.213419544299199515e+02 5.227467272828416753e+02
5.257229792366226775e+02 5.271365101213897333e+02
5.301040041953364153e+02 5.315262591981800142e+02
5.344850292505080915e+02 5.359159748354452404e+02
5.388660543132834846e+02 5.403056570088212993e+02
5.432470790835151320e+02 5.446953062684499400e+02
5.476281039538553159e+02 5.490849228073382164e+02
5.520091288165217520e+02 5.534745067873677726e+02
5.563901537115409610e+02 5.578640583619934432e+02
5.607711786828679124e+02 5.622535778378723990e+02
