0.000000000000000000e+00 0.000000000000000000e+00
4.614181546347277063e+00 4.634714161971057678e+00
9.228363091511381455e+00 9.269240320939877265e+00
1.384254463683408787e+01 1.390358193066915149e+01
1.845672618200120496e+01 1.853774236551319632e+01
2.307090772836828663e+01 2.317172488636390426e+01
2.768508927411019727e+01 2.780553268622672647e+01
3.229927082215685630e+01 3.243916885872893374e+01
3.691345236831435273e+01 3.707263643497193328e+01
4.152763393249571777e+01 4.170593832886436303e+01
4.614181548445188952e+01 4.633907740647313744e+01
5.075599705624547653e+01 5.097205646546658642e+01
5.537017860778870215e+01 5.560487822076352415e+01
5.998436015867740423e+01 6.023754533113397969e+01
6.459854170819014030e+01 6.487006035939045034e+01
6.921272326462842273e+01 6.950242581916548090e+01
7.382690481456621967e+01 7.413464419608916955e+01
7.844108639490896451e+01 7.876671784941980548e+01
8.305526798355708706e+01 8.339864911458582242e+01
8.766944957886607881e+01 8.803044029325101860e+01
9.228363112667699397e+01 9.266209359010071012e+01
9.689781271479938596e+01 9.729361122379438598e+01
1.015119942848552341e+02 1.019249952863384010e+02
1.061261758318435682e+02 1.065562478119701098e+02
1.107403573992679782e+02 1.111873709071924168e+02
1.153545389836300785e+02 1.158183664514253195e+02
1.199687205384573190e+02 1.204492364586726296e+02
1.245829021152291887e+02 1.250799827691028838e+02
1.291970836694025024e+02 1.297106072157588699e+02
1.338112652523913084e+02 1.343411116398055469e+02
1.384254468016287092e+02 1.389714977987328552e+02
1.430396283576064604e+02 1.436017674746202317e+02
1.476538099760162766e+02 1.482319222268904184e+02
1.522679915961127222e+02 1.528619637885254292e+02
1.568821732025784002e+02 1.574918938083342255e+02
1.614963547531977497e+02 1.621217138215566820e+02
1.661105363536531172e+02 1.667514253656180472e+02
1.707247179565887905e+02 1.713810299413798077e+02
1.753388995577431047e+02 1.760105290722473228e+02
1.799530811100811434e+02 1.806399242145867561e+02
1.845672627098546741e+02 1.852692168187493849e+02
1.891814443099555092e+02 1.898984082350839913e+02
1.937956259091057518e+02 1.945274998389168104e+02
1.984098075074278427e+02 1.991564929976908616e+02
2.030239891050019878e+02 2.037853888942271396e+02
2.076381707024668231e+02 2.084141889995389079e+02
2.122523523151153881e+02 2.130428944144513252e+02
2.168665339178856470e+02 2.176715065083730565e+02
2.214807155315289720e+02 2.223000263797021034e+02
2.260948971569303296e+02 2.269284551894642163e+02
2.307090787091725588e+02 2.315567942084662718e+02
2.353232602771588233e+02 2.361850445390437585e+02
2.399374419058011370e+02 2.408132073752703093e+02
2.445516235389325175e+02 2.454412837513247041e+02
2.491658051803833871e+02 2.500692747437942671e+02
2.537799868028790229e+02 2.546971813600743531e+02
2.583941684506094134e+02 2.593250046328683993e+02
2.630083500915161494e+02 2.639527456501314191e+02
2.676225317151742615e+02 2.685804053596053791e+02
2.722367133144835520e+02 2.732079848430761899e+02
2.768508949977781413e+02 2.778354849439934355e+02
2.814650766127872998e+02 2.824629067097316693e+02
2.860792582111680531e+02 2.870902511104385439e+02
2.906934399105049351e+02 2.917175190042647728e+02
2.953076215361483037e+02 2.963447111925050876e+02
2.999218031484338667e+02 3.009718286821747029e+02
3.045359847727901297e+02 3.055988721539982862e+02
3.091501663793113153e+02 3.102258426132378872e+02
3.137643479986866737e+02 3.148527408686688887e+02
3.183785296168040873e+02 3.194795677441140924e+02
3.229927112393810376e+02 3.241063241310120020e+02
3.276068928540084926e+02 3.287330106952960023e+02
3.322210744489810281e+02 3.333596282694948059e+02
3.368352560396871240e+02 3.379861777239336789e+02
3.414494376366412780e+02 3.426126596681963292e+02
3.460636192435788416e+02 3.472390749105877603e+02
3.506778008517148919e+02 3.518654242255425970e+02
3.552919824312820651e+02 3.564917082027509423e+02
3.599061640323651545e+02 3.611179275683747392e+02
3.645203457096208695e+02 3.657440831405393737e+02
3.691345274288527207e+02 3.703701754767054126e+02
3.737487089966401186e+02 3.749962051844107691e+02
3.783628905845033614e+02 3.796221731770728525e+02
3.829770722533502294e+02 3.842480799710959900e+02
3.875912538907072076e+02 3.888739260517527327e+02
3.922054355386774773e+02 3.934997122324916745e+02
3.968196171070911191e+02 3.981254392978677288e+02
4.014337986754041481e+02 4.027511074903291615e+02
4.060479802512105607e+02 4.073767175929430095e+02
4.106621618323251823e+02 4.120022702516562276e+02
4.152763434210841069e+02 4.166277660679710380e+02
4.198905251286208795e+02 4.212532055723041253e+02
4.245047067335051452e+02 4.258785891330010145e+02
4.291188883417863735e+02 4.305039174777911057e+02
4.337330700041111982e+02 4.351291911866334203e+02
4.383472517134645159e+02 4.397544108844887774e+02
4.429614334537835703e+02 4.443795768975925853e+02
4.475756150874044010e+02 4.490046897819172500e+02
4.521897967337459932e+02 4.536297501174391300e+02
4.568039784907500689e+02 4.582547586579312338e+02
4.614181602381612493e+02 4.628797154406515233e+02
4.660323418768089141e+02 4.675046213214170621e+02
4.706465234660918782e+02 4.721294764579049570e+02
4.752607050618635185e+02 4.767542816854584089e+02
4.798748868695201963e+02 4.813790372569582132e+02
4.844890686243988966e+02 4.860037436591911728e+02
4.891032503399962934e+02 4.906284013895059388e+02
4.937174319663282631e+02 4.952530109002070731e+02
4.983316136336396767e+02 4.998775726095351501e+02
5.029457952694889400e+02 5.045020870309529073e+02
5.075599768352951742e+02 5.091265545882658898e+02
5.121741585318934540e+02 5.137509756467279658e+02
5.167883402522162442e+02 5.183753508032588115e+02
5.214025219923173609e+02 5.229996803601675310e+02
5.260167037399061201e+02 5.276239647466205724e+02
5.306308855456826450e+02 5.322482042422975610e+02
5.352450674116780647e+02 5.368723992383743280e+02
5.398592492339101909e+02 5.414965503507903577e+02
5.444734310042063044e+02 5.461206577598582044e+02
5.490876126386706346e+02 5.507447221593524773e+02
5.537017943497837678e+02 5.553687435330973585e+02
5.583159760076255225e+02 5.599927224836757205e+02
5.629301575790110519e+02 5.646166592733434300e+02
5.675443392046872759e+02 5.692405543625869768e+02
5.721585209660536293e+02 5.738644080612577909e+02
5.767727027693546233e+02 5.784882209883285213e+02
5.813868845416783415e+02 5.831119930334740502e+02
5.860010661687524589e+02 5.877357247557317805e+02
5.906152477135627805e+02 5.923594167367552927e+02
