0.000000000000000000e+00 0.000000000000000000e+00
4.615233588335260428e+00 4.631685528067923663e+00
9.230467175585864936e+00 9.263247847963556936e+00
1.384570076289121587e+01 1.389468881607719908e+01
1.846093435014033091e+01 1.852601025770336918e+01
2.307616793807824962e+01 2.315721393967794484e+01
2.769140152615916151e+01 2.778830161052757930e+01
3.230663511514893571e+01 3.241927495811084725e+01
3.692186870311129354e+01 3.705013564705320306e+01
4.153710229059248604e+01 4.168088530858237561e+01
4.615233588062328351e+01 4.631152551508696291e+01
5.076756949467114310e+01 5.094205784475770571e+01
5.538280311307475046e+01 5.557248380422775824e+01
5.999803672197620585e+01 6.020280490501087911e+01
6.461327032708730655e+01 6.483302257949213754e+01
6.922850392652111395e+01 6.946313828729992679e+01
7.384373751792708163e+01 7.409315341699982582e+01
7.845897110855663925e+01 7.872306933035360998e+01
8.307420469849972733e+01 8.335288736967375200e+01
8.768943833512560104e+01 8.798260884970719076e+01
9.230467193043909901e+01 9.261223506615158385e+01
9.691990555996295598e+01 9.724176730459092255e+01
1.015351392048972627e+02 1.018712067525628555e+02
1.061503728476342729e+02 1.065005546482421011e+02
1.107656064383313037e+02 1.111298121915369563e+02
1.153808400390401658e+02 1.157589805422753813e+02
1.199960736296045667e+02 1.203880608893468036e+02
1.246113072293685491e+02 1.250170543090287509e+02
1.292265408597004637e+02 1.296459618778443712e+02
1.338417744807975396e+02 1.342747847680946620e+02
1.384570081016470908e+02 1.389035239227397938e+02
1.430722417027843676e+02 1.435321804834237867e+02
1.476874753192731191e+02 1.481607553789482097e+02
1.523027089817697401e+02 1.527892496914960816e+02
1.569179426296537940e+02 1.574176643603948378e+02
1.615331762797680994e+02 1.620460003329533833e+02
1.661484099492025166e+02 1.666742586415940650e+02
1.707636435423264061e+02 1.713024400923345070e+02
1.753788771846790837e+02 1.759305456709295470e+02
1.799941108278667343e+02 1.805585763614708128e+02
1.846093444982678591e+02 1.851865329371012763e+02
1.892245781029504599e+02 1.898144163085225955e+02
1.938398117437160408e+02 1.944422272396474796e+02
1.984550453856427339e+02 1.990699666075360028e+02
2.030702790238819091e+02 2.036976352624027413e+02
2.076855127212919001e+02 2.083252340075947586e+02
2.123007463715720746e+02 2.129527636319421333e+02
2.169159800161318685e+02 2.175802249399060884e+02
2.215312136759080488e+02 2.222076187142680226e+02
2.261464473426179325e+02 2.268349456816890211e+02
2.307616810159106535e+02 2.314622065366576749e+02
2.353769146875519027e+02 2.360894020759243972e+02
2.399921483573090200e+02 2.407165329725337983e+02
2.446073819790463801e+02 2.453436000029752222e+02
2.492226156984499426e+02 2.499706038058722299e+02
2.538378493869776662e+02 2.545975450776646483e+02
2.584530830939397674e+02 2.592244243432713802e+02
2.630683168020600533e+02 2.638512425191526063e+02
2.676835504698740920e+02 2.684780000289928807e+02
2.722987841091233463e+02 2.731046975937746879e+02
2.769140177479990825e+02 2.777313359655991007e+02
2.815292513490981037e+02 2.823579156245731383e+02
2.861444849852630341e+02 2.869844371916120735e+02
2.907597186285694306e+02 2.916109013808330701e+02
2.953749522601937088e+02 2.962373085843925651e+02
2.999901859147054211e+02 3.008636595929962141e+02
3.046054195813319438e+02 3.054899548981630915e+02
3.092206532301380548e+02 3.101161949518149186e+02
3.138358868912026765e+02 3.147423805530917207e+02
3.184511205482268110e+02 3.193685119976239548e+02
3.230663542126046650e+02 3.239945899429731071e+02
3.276815878695185802e+02 3.286206149211735124e+02
3.322968214616209934e+02 3.332465874317216503e+02
3.369120550961327467e+02 3.378725081379695894e+02
3.415272887351699183e+02 3.424983774395936962e+02
3.461425223843240246e+02 3.471241957584890088e+02
3.507577560342532479e+02 3.517499635750511970e+02
3.553729896659618817e+02 3.563756814162558726e+02
3.599882234657068807e+02 3.610013498815604862e+02
3.646034571978307213e+02 3.656269692906091677e+02
3.692186908925770013e+02 3.702525402108901744e+02
3.738339245056231448e+02 3.748780629392176706e+02
3.784491583010268414e+02 3.795035381109104264e+02
3.830643919091968996e+02 3.841289661683596250e+02
3.876796255047959221e+02 3.887543474117317146e+02
3.922948591067013240e+02 3.933796823161246721e+02
3.969100927224740190e+02 3.980049713615684936e+02
4.015253263758504545e+02 4.026302149542135567e+02
4.061405599950500687e+02 4.072554135082336870e+02
4.107557936847189808e+02 4.118805674124288316e+02
4.153710274076533437e+02 4.165056771836931375e+02
4.199862612435424012e+02 4.211307431339870391e+02
4.246014948917746779e+02 4.257557655879089680e+02
4.292167285418111646e+02 4.303807449857389997e+02
4.338319623757557792e+02 4.350056817431651552e+02
4.384471961014178305e+02 4.396305762013848835e+02
4.430624298096870461e+02 4.442554287768267614e+02
4.476776635699030180e+02 4.488802397886569224e+02
4.522928971761662069e+02 4.535050095816628755e+02
4.569081309377879165e+02 4.581297386588718723e+02
4.615233645745438480e+02 4.627544271620596419e+02
4.661385984106118485e+02 4.673790755509394330e+02
4.707538320196219956e+02 4.720036841879027065e+02
4.753690658219721854e+02 4.766282534921238039e+02
4.799842995792638476e+02 4.812527836287119385e+02
4.845995333331353550e+02 4.858772749143557803e+02
4.892147671953786130e+02 4.905017278546418993e+02
4.938300008094936402e+02 4.951261426441307663e+02
4.984452345367988073e+02 4.997505195966352858e+02
5.030604681464175769e+02 5.043748590722996141e+02
5.076757018457973345e+02 5.089991613842813649e+02
5.122909355152673925e+02 5.136234268038977007e+02
5.169061692772893366e+02 5.182476557253004330e+02
5.215214030740866065e+02 5.228718484344008175e+02
5.261366368628337113e+02 5.274960052406371460e+02
5.307518705529822682e+02 5.321201263312582341e+02
5.353671044586178596e+02 5.367442118872987749e+02
5.399823381974331369e+02 5.413682625294404716e+02
5.445975719932760057e+02 5.459922782498724700e+02
5.492128058406178752e+02 5.506162593405579173e+02
5.538280395375821854e+02 5.552402062044945978e+02
5.584432732743113093e+02 5.598641191486100297e+02
5.630585071910775241e+02 5.644879982796660443e+02
5.676737408211073443e+02 5.691118440952095625e+02
5.722889746148795211e+02 5.737356566262224078e+02
5.769042085464295724e+02 5.783594361735297298e+02
5.815194422712966116e+02 5.829831830995966584e+02
5.861346759933808244e+02 5.876068975252729842e+02
5.907499096247490797e+02 5.922305797749899057e+02
