0.000000000000000000e+00 0.000000000000000000e+00
5.816332485018286924e+00 5.940362870811084939e+00
1.163266496851461085e+01 1.187502217296321660e+01
1.744899746006046470e+01 1.780447290403827409e+01
2.326532995140281912e+01 2.372914882248883117e+01
2.908166243766810766e+01 2.964943205202968102e+01
3.489799493397603669e+01 3.556566098879397941e+01
4.071432744066382270e+01 4.147813654328832911e+01
4.653065995158862478e+01 4.738712768646510654e+01
5.234699244038948507e+01 5.329287554876229649e+01
5.816332495641145783e+01 5.919559726924524057e+01
6.397965749421756954e+01 6.509548905602116520e+01
6.979599004010049157e+01 7.099272869258035712e+01
7.561232254118303331e+01 7.688747784378517736e+01
8.142865507539934811e+01 8.277988395962775314e+01
8.724498762491816706e+01 8.867008178997232903e+01
9.306132020936396998e+01 9.455819482773119944e+01
