0.000000000000000000e+00 0.000000000000000000e+00
1.421702361513101920e+00 1.467484386570860666e+00
2.843404721206926666e+00 2.934174123392929712e+00
4.265107081171587211e+00 4.400095863749649894e+00
5.686809442373068180e+00 5.865274941481496640e+00
7.108511802669545077e+00 7.329735478540719384e+00
8.530214169728745688e+00 8.793500443090007224e+00
9.951916540535382438e+00 1.025659173077747788e+01
1.137361891022476357e+01 1.171903024995949494e+01
1.279532127834533739e+01 1.318083593018317146e+01
1.421702364203901148e+01 1.464202785237513282e+01
1.563872600431157878e+01 1.610262423491141703e+01
1.706042839086643070e+01 1.756264245078625663e+01
1.848213078736070614e+01 1.902209920438277635e+01
1.990383317477916236e+01 2.048101047753577930e+01
2.132553554471218504e+01 2.193939157885852254e+01
2.274723793454946374e+01 2.339725718014774714e+01
