0.000000000000000000e+00 0.000000000000000000e+00
6.016389032212928756e-01 6.233317486089241521e-01
1.203277783923406785e+00 1.246483607400032501e+00
1.804916664761780698e+00 1.869458470595806165e+00
2.406555550972614199e+00 2.492259171629231496e+00
3.008194435359619945e+00 3.114888471359682942e+00
3.609833319016067854e+00 3.737349083071051403e+00
4.211472200356062956e+00 4.359643650919927893e+00
4.813111080716542034e+00 4.981774763592331290e+00
5.414749960843570520e+00 5.603744929403434050e+00
6.016388840765046098e+00 6.225556609492494786e+00
6.618027720773550726e+00 6.847212212904493889e+00
7.219666600807070012e+00 7.468714094830188444e+00
7.821305480992485570e+00 8.090064552892174632e+00
8.422944361403132518e+00 8.711265841909717977e+00
9.024583250163340509e+00 9.332320166937799755e+00
9.626222132698824652e+00 9.953229678195897989e+00
