0.000000000000000000e+00 0.000000000000000000e+00
5.425099849144751629e-02 5.636043589534316112e-02
1.085019967110163741e-01 1.127191419857778154e-01
1.627529951238276262e-01 1.690761210486426691e-01
2.170039928681859742e-01 2.254313757531339890e-01
2.712549906341321648e-01 2.817849089114817795e-01
3.255059882684055439e-01 3.381367232455351202e-01
3.797569858602763415e-01 3.944868214720367305e-01
4.340079834460816577e-01 4.508352062994129827e-01
4.882589808561093592e-01 5.071818805467253055e-01
5.425099783985137814e-01 5.635268468660634689e-01
5.967609761572393312e-01 6.198701080033663935e-01
6.510119733198347358e-01 6.762116666227105943e-01
7.052629706791505582e-01 7.325515255340256937e-01
7.595139675693123316e-01 7.888896874605125786e-01
8.137649641754909347e-01 8.452261552207777084e-01
8.680159610523000557e-01 9.015609325007249986e-01
