0.000000000000000000e+00 0.000000000000000000e+00
6.016389030942504990e-01 6.233317485367928512e-01
1.203277788894140166e+00 1.246483607468098942e+00
1.804916669501565263e+00 1.869458470587764154e+00
2.406555550309503300e+00 2.492259171701544762e+00
3.008194430891339977e+00 3.114888471428734817e+00
3.609833318104535227e+00 3.737349083120403481e+00
4.211472198598718464e+00 4.359643650960598471e+00
4.813111078933867581e+00 4.981774763761977809e+00
5.414749959078709374e+00 5.603744929876706138e+00
6.016388838994231492e+00 6.225556609814582032e+00
6.618027719007933740e+00 6.847212213315013507e+00
7.219666599074361812e+00 7.468714095048047064e+00
7.821305480106859775e+00 8.090064553087195520e+00
8.422944360601530178e+00 8.711265842124069181e+00
9.024583249390511597e+00 9.332320167023127055e+00
9.626222130995369497e+00 9.953229678269957859e+00
