0.000000000000000000e+00 0.000000000000000000e+00
9.367345941454194858e-01 9.689289216165447582e-01
1.873469187910213662e+00 1.937463112903964113e+00
2.810203780584548561e+00 2.905611958979013920e+00
3.746938372927151040e+00 3.873384529318466107e+00
4.683672965135730948e+00 4.840789569524472924e+00
5.620407558247563884e+00 5.807835530577351690e+00
6.557142150783022316e+00 6.774530566449958435e+00
7.493876743837585508e+00 7.740882591335754626e+00
8.430611343711660766e+00 8.706899231407808415e+00
9.367345936702632159e+00 9.672587867406731377e+00
1.030408052948966713e+01 1.063795564892870438e+01
1.124081513935372456e+01 1.160300948058488579e+01
1.217754974337648832e+01 1.256775607091329405e+01
1.311428434185906866e+01 1.353220190082318908e+01
1.405101894091459513e+01 1.449635325607989600e+01
1.498775353626797902e+01 1.546021623058571137e+01
