0.000000000000000000e+00 0.000000000000000000e+00
8.890265998310660500e-02 9.235375329364077512e-02
1.778053283195642487e-01 1.847028966729625798e-01
2.667079978156022824e-01 2.770474427666294592e-01
3.556106687233222541e-01 3.693874033161103076e-01
4.445133378453151041e-01 4.617227910636981791e-01
5.334160030108719974e-01 5.540536169334679961e-01
6.223186664903355148e-01 6.463798931928096403e-01
7.112213290495710272e-01 7.387016330597159230e-01
8.001239913066610088e-01 8.310188481374732872e-01
8.890266557613655252e-01 9.233315501421170968e-01
9.779293213794035822e-01 1.015639750665686236e+00
1.066831987023576955e+00 1.107943461331407420e+00
1.155734653287810332e+00 1.200242693650474424e+00
1.244637319514718454e+00 1.292537459199696759e+00
1.333539985172849995e+00 1.384827769363064842e+00
1.422442649593624209e+00 1.477113635566824623e+00
