0.000000000000000000e+00 0.000000000000000000e+00
8.890265960469050099e-02 9.235375329826860102e-02
1.778053274983703580e-01 1.847028966209178225e-01
2.667079970365716091e-01 2.770474427445153154e-01
3.556106678188770687e-01 3.693874032944197694e-01
4.445133368983867350e-01 4.617227910445895200e-01
5.334160020350613429e-01 5.540536169117731280e-01
6.223186654455276079e-01 6.463798931667575909e-01
7.112213280628816303e-01 7.387016330144904330e-01
8.001239902297482276e-01 8.310188481114908488e-01
8.890266545529007525e-01 9.233315501276532222e-01
9.779293200405527742e-01 1.015639750659617757e+00
1.066831985572449515e+00 1.107943461328971146e+00
1.155734651875602648e+00 1.200242693676880634e+00
1.244637318148952732e+00 1.292537459191854143e+00
1.333539983709264298e+00 1.384827769365148509e+00
1.422442647997895104e+00 1.477113635570554528e+00
