0.000000000000000000e+00 0.000000000000000000e+00
4.063834973192058442e+00 4.162149124513509157e+00
8.127669949215782452e+00 8.320689816971404085e+00
1.219150493105625799e+01 1.247587387150065830e+01
1.625533990972921217e+01 1.662792785724712985e+01
2.031917489628303741e+01 2.077705633877946667e+01
2.438300987375158968e+01 2.492344466497747746e+01
2.844684485578940070e+01 2.906726119481513848e+01
3.251067983790176896e+01 3.320865934695170552e+01
3.657451485353882958e+01 3.734777941557079828e+01
4.063834984521228932e+01 4.148474979408904773e+01
4.470218484911460166e+01 4.561968852509832573e+01
4.876601983043828170e+01 4.975270411543371551e+01
5.282985481532114136e+01 5.388389681890967609e+01
5.689368984810589325e+01 5.801335919508245098e+01
6.095752486023090455e+01 6.214117705301998740e+01
6.502135989015751250e+01 6.626742981341175209e+01
