0.000000000000000000e+00 0.000000000000000000e+00
5.839399319546137335e+00 5.967004231423230109e+00
1.167879864792504385e+01 1.192797786941660831e+01
1.751819797652216693e+01 1.788345823078324770e+01
2.335759729792363970e+01 2.383391445214213888e+01
2.919699662017452368e+01 2.977975846027787199e+01
3.503639594343499652e+01 3.572135389921415083e+01
4.087579528810272222e+01 4.165902329782973368e+01
4.671519465096375257e+01 4.759305408495423251e+01
5.255459399415172328e+01 5.352370341066212234e+01
5.839399334323607604e+01 5.945120222716402481e+01
6.423339266360316913e+01 6.537575885629640027e+01
7.007279199646593781e+01 7.129756167268885747e+01
7.591219132786659429e+01 7.721678155608660177e+01
8.175159074672075121e+01 8.313357421122336177e+01
8.759099017870960324e+01 8.904808154914185536e+01
9.343038960358079237e+01 9.496043368688032160e+01
