0.000000000000000000e+00 0.000000000000000000e+00
2.562491494516160095e+00 2.562491494516160984e+00
6.048701011764366697e+00 6.048715100502911390e+00
9.535022511296261882e+00 9.535039409430712709e+00
1.302133695039991323e+01 1.302133530567935260e+01
1.650761885052088473e+01 1.650761757945961605e+01
1.999382051976191832e+01 1.999379568778412875e+01
2.347997858006056404e+01 2.347998233435968274e+01
2.696617490091082203e+01 2.696617848022092545e+01
3.045234006451591213e+01 3.045234019533446457e+01
3.393849180165044288e+01 3.393847637223605318e+01
3.742462267341934989e+01 3.742462946440582527e+01
4.091076721508478187e+01 4.091077706000428549e+01
4.439690874684474409e+01 4.439690250277527639e+01
4.788303810201640687e+01 4.788306349327032763e+01
5.136918094135961610e+01 5.136922105850179321e+01
5.485532011378344919e+01 5.485535342728892516e+01
