0.000000000000000000e+00 0.000000000000000000e+00
2.586731296915302458e+00 2.736362443643237441e+00
6.084359620238322108e+00 6.337648603877996223e+00
9.580524456544345924e+00 9.933130421500717233e+00
1.307567869708624286e+01 1.352275751398748938e+01
1.656962699392592597e+01 1.710752362690233852e+01
2.006215134872396533e+01 2.068930951825424103e+01
2.355325924831970497e+01 2.427022917906819188e+01
2.704232565831598123e+01 2.784588635164497106e+01
3.052977187746714094e+01 3.141368331052509788e+01
3.401525714469566708e+01 3.498576174568406572e+01
3.749836282007182575e+01 3.854163426929012815e+01
4.097936030022523113e+01 4.209738075893372411e+01
4.445800050523774871e+01 4.565295750450030710e+01
4.793408356880436827e+01 4.919597799719078068e+01
5.140767920616765707e+01 5.273495244160595519e+01
5.487880579813221260e+01 5.628756266434836419e+01
