0.000000000000000000e+00 0.000000000000000000e+00
2.730022171950630572e+00 2.730022171950630572e+00
6.292741036823291445e+00 6.292747377263885333e+00
9.855372043778528379e+00 9.855395574159929950e+00
1.341801474053951715e+01 1.341804881992663212e+01
1.698062971301344604e+01 1.698066438477286511e+01
2.054323538418357487e+01 2.054325898104125514e+01
2.410583835471824443e+01 2.410585438648707424e+01
2.766842957194328534e+01 2.766845258433210120e+01
3.123100881727255285e+01 3.123102477587057990e+01
3.479356575508526817e+01 3.479358458989189273e+01
3.835612360527092335e+01 3.835614530450089887e+01
4.191868531620163196e+01 4.191869775664766706e+01
4.548123084707607688e+01 4.548125371559120822e+01
4.904377495224333927e+01 4.904378752282357823e+01
5.260631738907237320e+01 5.260633791858115416e+01
5.616886193634731228e+01 5.616889869137503410e+01
