0.000000000000000000e+00 0.000000000000000000e+00
1.546554869178528691e+00 1.795508863650583820e+00
4.379165357803826986e+00 4.727127782788155486e+00
7.210292442418648307e+00 7.654123638069102675e+00
1.004018445940335269e+01 1.057475243967049394e+01
1.286854882656840005e+01 1.348850395285933601e+01
1.569532300379742651e+01 1.639932216729014058e+01
1.852035788268875649e+01 1.930670574361239744e+01
2.134337613692004254e+01 2.220970823245150427e+01
2.416425218293299437e+01 2.510650570781751867e+01
2.698289017955050539e+01 2.800409063411255772e+01
2.979903127170177157e+01 3.089178728958352593e+01
3.261276635738666130e+01 3.377525110018235210e+01
3.542401985447477131e+01 3.665455427717596137e+01
3.823265389296233252e+01 3.952128208381646601e+01
4.103896266779904067e+01 4.240659739783444593e+01
4.384191552262659286e+01 4.528864621098759358e+01
