0.000000000000000000e+00 0.000000000000000000e+00
6.325268893533486647e-01 6.325268893533486647e-01
3.217233490835175402e+00 3.217087871234029617e+00
5.801485581535862579e+00 5.801448317273484534e+00
8.385657439752217002e+00 8.385627730602507768e+00
1.096984596824993119e+01 1.096976626051596426e+01
1.355392175490194617e+01 1.355385042378919280e+01
1.613785705859205422e+01 1.613781539624014272e+01
1.872175457909683516e+01 1.872187699940351635e+01
2.130576809388227133e+01 2.130584954044110191e+01
2.388965541139231163e+01 2.388992423313203517e+01
2.647355496707010758e+01 2.647388788180129282e+01
2.905744563286883420e+01 2.905789695700431707e+01
3.164134925678561672e+01 3.164188959146077451e+01
3.422529076657464486e+01 3.422587869136545180e+01
3.680914887877671759e+01 3.680980988415834787e+01
3.939306746454565200e+01 3.939370631112815602e+01
