0.000000000000000000e+00 0.000000000000000000e+00
2.523930417821806937e+00 2.523930417821806049e+00
5.990952386550990383e+00 5.990962522658789702e+00
9.457957114139087906e+00 9.457959486480412181e+00
1.292474028570046229e+01 1.292481345314324415e+01
1.639118924609807948e+01 1.639136116465370208e+01
1.985722432983539676e+01 1.985762140288797184e+01
2.332328442985767580e+01 2.332402310460505745e+01
2.678877681009995015e+01 2.678964163425976963e+01
3.025408651059359144e+01 3.025513385887386875e+01
3.371954604965205249e+01 3.372069779644432685e+01
3.718501508165992675e+01 3.718624948907336147e+01
4.065036234047785513e+01 4.065159846328857896e+01
4.411568708821128837e+01 4.411711052440122671e+01
4.758097429701052050e+01 4.758247755925690115e+01
5.104623900378638268e+01 5.104776003206929147e+01
5.451148082034045927e+01 5.451297662157848123e+01
