0.000000000000000000e+00 0.000000000000000000e+00
1.605944526971019748e+00 1.605944526971020636e+00
4.631015125841424940e+00 4.631079272458872964e+00
7.658667005838374564e+00 7.658626118930957460e+00
1.068587885112403235e+01 1.068584453309802740e+01
1.371093462537974617e+01 1.371114892813695008e+01
1.673574618566879479e+01 1.673617976073053626e+01
1.976027690115501656e+01 1.976094233260010213e+01
2.278463798259104323e+01 2.278575712962307165e+01
2.580900692608351932e+01 2.581028556917731009e+01
2.883329544129426836e+01 2.883486222615202621e+01
3.185731024528054434e+01 3.185924138472757861e+01
3.488165461637372999e+01 3.488410662288912079e+01
3.790565313990390450e+01 3.790879602236321944e+01
4.092963898885996343e+01 4.093331432058414521e+01
4.395395430256479585e+01 4.395794411548822467e+01
4.697823579397726945e+01 4.698240721618167015e+01
