0.000000000000000000e+00 0.000000000000000000e+00
2.776292000878745725e+00 2.776292000878745725e+00
6.359599606094165303e+00 6.359604218970559941e+00
9.942780799060813024e+00 9.942797352246408593e+00
1.352597774493444405e+01 1.352599881129794923e+01
1.710917096382823388e+01 1.710916906003753724e+01
2.069234682293430438e+01 2.069234715015075210e+01
2.427548182447127800e+01 2.427548677905229368e+01
2.785861583808141972e+01 2.785860631579729230e+01
3.144171922505956474e+01 3.144172046427332035e+01
3.502482550575141573e+01 3.502483019758116711e+01
3.860795741836862760e+01 3.860793725019502176e+01
4.219105633817018486e+01 4.219105826782235624e+01
4.577416913929677378e+01 4.577415808368745331e+01
4.935725839575194840e+01 4.935728661479102186e+01
5.294036663402099663e+01 5.294038101342320601e+01
5.652346847868383861e+01 5.652347555677823721e+01
