0.000000000000000000e+00 0.000000000000000000e+00
1.793350087951013361e+00 2.005090529233026775e+00
4.850428367790472706e+00 5.163522546538890978e+00
7.905939538637003494e+00 8.317148393974836296e+00
1.095933794744765422e+01 1.146381752800209242e+01
1.401142463917722480e+01 1.460573958153798912e+01
1.706198163608027940e+01 1.774512427660149072e+01
2.011074473600147172e+01 2.088052047426844382e+01
2.315749568557744453e+01 2.400321629283747882e+01
2.620231947354294988e+01 2.712755035023900518e+01
2.924484324621704090e+01 3.025246348243581451e+01
3.228494217868429672e+01 3.336477930550734783e+01
3.532299423475210176e+01 3.648338654271802994e+01
3.835818687326300136e+01 3.959360210624154774e+01
4.139048296263797511e+01 4.269813277325016543e+01
4.442011196963182584e+01 4.580765754519504185e+01
4.744632309612900656e+01 4.891412405407849917e+01
