0.000000000000000000e+00 0.000000000000000000e+00
-1.985355407894928703e-02 -1.985355407894928703e-02
2.252516255996176220e+00 2.252699840859318847e+00
4.525208981197465619e+00 4.525561894272113861e+00
6.796896766567098069e+00 6.797575476083910218e+00
9.068534482496870552e+00 9.069469489097784276e+00
1.134034366782784531e+01 1.134137666816146073e+01
1.361206641499025594e+01 1.361333240329083338e+01
1.588361194968383927e+01 1.588514349279626359e+01
1.815518872311255905e+01 1.815713771638456109e+01
2.042671205500394649e+01 2.042894005178178674e+01
2.269827573688566957e+01 2.270062568337973019e+01
2.496985720188668267e+01 2.497267803882636983e+01
2.724138463144995370e+01 2.724442942196921535e+01
2.951294724037758144e+01 2.951605804528767507e+01
3.178445887250109081e+01 3.178778928509673207e+01
3.405606059293015875e+01 3.405958725359943173e+01
