0.000000000000000000e+00 0.000000000000000000e+00
1.605952226094187196e+00 1.605952226094187196e+00
4.631028601240299913e+00 4.631054886355554068e+00
7.658547144587042332e+00 7.658552215641465821e+00
1.068574393444464121e+01 1.068575606687992696e+01
1.371038911143149797e+01 1.371075548349565132e+01
1.673512996248386742e+01 1.673536578098980598e+01
1.975953697339133441e+01 1.975986298337053171e+01
2.278376579957566861e+01 2.278381561944200939e+01
2.580781006748070894e+01 2.580807481225333078e+01
2.883211160937689144e+01 2.883253881029445154e+01
3.185617546352473894e+01 3.185697271604928460e+01
3.488014831346956157e+01 3.488114050378977993e+01
3.790423389242683072e+01 3.790553812205684636e+01
4.092843853809681320e+01 4.092986104367103906e+01
4.395260572474788319e+01 4.395392341001125658e+01
4.697656491121585987e+01 4.697797030434271903e+01
