0.000000000000000000e+00 0.000000000000000000e+00
1.717949383382270323e+00 1.717949383382270323e+00
4.722939423315716034e+00 4.722971901197060340e+00
7.728090759555513500e+00 7.728207023035917445e+00
1.073287888267531898e+01 1.073306512532974821e+01
1.373750563003946112e+01 1.373797777773261686e+01
1.674154818893752861e+01 1.674235617959434563e+01
1.974544504477261953e+01 1.974651571035523290e+01
2.274937038794129052e+01 2.275060500064478575e+01
2.575332766476980595e+01 2.575486111260005018e+01
2.875732188322503902e+01 2.875895963110597719e+01
3.176115515075280271e+01 3.176297582337696213e+01
3.476498509006050597e+01 3.476722714856920504e+01
3.776870713834560433e+01 3.777126549314180437e+01
4.077247165048466826e+01 4.077522562612413992e+01
4.377617571307740008e+01 4.377906192337364644e+01
4.677995341498079540e+01 4.678292365983088530e+01
