0.000000000000000000e+00 0.000000000000000000e+00
1.640516396058401050e+00 1.640516396058401050e+00
4.542900914556349257e+00 4.542878853321330901e+00
7.444889495080531105e+00 7.445002380809468079e+00
1.034678836124557400e+01 1.034709013706117275e+01
1.324861738662725230e+01 1.324894315902715647e+01
1.615044456875527601e+01 1.615079796614873686e+01
1.905210622199408022e+01 1.905254139206705233e+01
2.195368595178746318e+01 2.195426714626633924e+01
2.485523449494288784e+01 2.485597243923535160e+01
2.775681189759864154e+01 2.775759780722817993e+01
3.065827689682028279e+01 3.065915233530851225e+01
3.355963350554714708e+01 3.356067613420225371e+01
3.646107109902806087e+01 3.646214248872854569e+01
3.936246397659625984e+01 3.936363577029875671e+01
4.226383951135404971e+01 4.226517144090302480e+01
4.516521481114166647e+01 4.516668941866210218e+01
