0.000000000000000000e+00 0.000000000000000000e+00
1.543401092512537875e+00 1.543401092512536987e+00
4.543309023565924143e+00 4.543286833416510184e+00
7.542468190390088978e+00 7.542412106111854087e+00
1.054093195118842274e+01 1.054084666402046011e+01
1.353888719474441693e+01 1.353914684175115823e+01
1.653693043778194038e+01 1.653727429068009513e+01
1.953519110397932224e+01 1.953535612777816510e+01
2.253309253857997163e+01 2.253350833521877661e+01
2.553109957318229206e+01 2.553158288159439948e+01
2.852905097617379226e+01 2.852992680719652085e+01
3.152691763383254653e+01 3.152790406898441233e+01
3.452475021705565439e+01 3.452587046476530475e+01
3.752288686847678889e+01 3.752422559185431084e+01
4.052056631427994660e+01 4.052212993309679234e+01
4.351825398903867637e+01 4.352037392668030691e+01
4.651635707939922781e+01 4.651827680357873618e+01
