0.000000000000000000e+00 0.000000000000000000e+00
1.211076642988402341e-01 1.211076642988420105e-01
2.494479979332536956e+00 2.494566572785519742e+00
4.867895110775165790e+00 4.867979725728955209e+00
7.241213879135930398e+00 7.241342996317055025e+00
9.614458985785493184e+00 9.614668188916338565e+00
1.198764158903932397e+01 1.198795539073190497e+01
1.436074360848952303e+01 1.436110886947491849e+01
1.673388186114377874e+01 1.673431984486460777e+01
1.910702519657047560e+01 1.910751553164223537e+01
2.148012887743538002e+01 2.148062387269330387e+01
2.385317183806391483e+01 2.385373711888618686e+01
2.622622336689519784e+01 2.622678158260033854e+01
2.859926731540193856e+01 2.859982213744302726e+01
3.097230743551427423e+01 3.097292211301347464e+01
3.334532856186283567e+01 3.334598926051312162e+01
3.571834919040791334e+01 3.571908611288655067e+01
