0.000000000000000000e+00 0.000000000000000000e+00
2.308756717703181582e+00 2.308756717703181582e+00
5.673513726321637307e+00 5.673519743140218452e+00
9.037036717099057981e+00 9.037618080584744362e+00
1.240068185050681571e+01 1.240119368482845275e+01
1.576435240804762472e+01 1.576469587584983856e+01
1.912781069456669059e+01 1.912839457057207682e+01
2.249132368296521634e+01 2.249181456800832279e+01
2.585491249030203420e+01 2.585546488775769092e+01
2.921824055839402590e+01 2.921895258090784608e+01
3.258181704619710217e+01 3.258249564794676445e+01
3.594522022313171306e+01 3.594618585507896569e+01
3.930863030964622595e+01 3.930950620675584872e+01
4.267210901986237559e+01 4.267282213617296804e+01
4.603559756539331715e+01 4.603621869487108853e+01
4.939911571051784733e+01 4.939973442592673791e+01
5.276234701791347703e+01 5.276318835869649604e+01
