0.000000000000000000e+00 0.000000000000000000e+00
2.047266365982342240e+00 2.047266365982343128e+00
5.267841313501965494e+00 5.267816665078846938e+00
8.488220461414829998e+00 8.488232064189558557e+00
1.170859815363494327e+01 1.170860638434773549e+01
1.492896380476659957e+01 1.492897361169403325e+01
1.814922983990158656e+01 1.814928005211592676e+01
2.136946685086508069e+01 2.136959001813073655e+01
2.458970458045180862e+01 2.458985824097048578e+01
2.780995419245374478e+01 2.781019197290360623e+01
3.103013461590062150e+01 3.103050797158899954e+01
3.425028918378697540e+01 3.425076406712388888e+01
3.747051394372213906e+01 3.747103434293324398e+01
4.069064168184615227e+01 4.069124519193620415e+01
4.391083426544673785e+01 4.391145410832487528e+01
4.713102321109295900e+01 4.713171295792822946e+01
5.035119104570594573e+01 5.035190830703119502e+01
