0.000000000000000000e+00 0.000000000000000000e+00
2.382715252890666768e+00 2.382715252890666768e+00
5.774957486698077957e+00 5.774961081593275480e+00
9.170397588037406678e+00 9.170264124160667052e+00
1.256533464605780992e+01 1.256550927174293619e+01
1.596007623022833499e+01 1.596024393153408028e+01
1.935463012120894177e+01 1.935487879009281542e+01
2.274929303059954577e+01 2.274941327987091810e+01
2.614391354899974118e+01 2.614432704477580671e+01
2.953845499034542854e+01 2.953891194190863700e+01
3.293324465952785829e+01 3.293327610059142074e+01
3.632788685317621002e+01 3.632762160568715615e+01
3.972240250497641512e+01 3.972225235722538628e+01
4.311683829816882962e+01 4.311675723837483076e+01
4.651128255841777559e+01 4.651124396818342177e+01
4.990576638591301162e+01 4.990589025013117208e+01
5.330030611503894278e+01 5.330065247535021911e+01
