0.000000000000000000e+00 0.000000000000000000e+00
1.793365964526449918e+00 1.793365964526449918e+00
4.851187646365817230e+00 4.851226517222256618e+00
7.907990854258242663e+00 7.908370837343625226e+00
1.096398796240156770e+01 1.096441017009714258e+01
1.401988289151691447e+01 1.402040633703803962e+01
1.707569948375621038e+01 1.707647644688883304e+01
2.013183574697174549e+01 2.013248012514382168e+01
2.318753371633757254e+01 2.318836964318307281e+01
2.624326568258943126e+01 2.624442971014170212e+01
2.929915744092786767e+01 2.930068947046117245e+01
3.235484302780363919e+01 3.235650215975864796e+01
3.541066763238784887e+01 3.541225324482574877e+01
3.846660519479612361e+01 3.846820419839053784e+01
4.152242284493026148e+01 4.152394928871490265e+01
4.457828091132996917e+01 4.457989707142266411e+01
4.763401217245888830e+01 4.763567405096766549e+01
