0.000000000000000000e+00 0.000000000000000000e+00
1.910354355298957252e+00 1.910354355298958140e+00
5.051385631099218898e+00 5.051413975154387614e+00
8.192221770764076538e+00 8.192331526394600161e+00
1.133310180780707555e+01 1.133323102738808075e+01
1.447396027475351410e+01 1.447415048018946848e+01
1.761481029585293001e+01 1.761507888317994741e+01
2.075561714575763972e+01 2.075594487988002967e+01
2.389646244318467438e+01 2.389689747548177934e+01
2.703722153548263663e+01 2.703773831856488385e+01
3.017802132680702698e+01 3.017860968917925391e+01
3.331877878393810732e+01 3.331938008664780426e+01
3.645958461515050431e+01 3.646024967085955382e+01
3.960038967385596465e+01 3.960104585103137254e+01
4.274115101275920381e+01 4.274181406721179144e+01
4.588190552336716621e+01 4.588266623515762888e+01
4.902262671336278999e+01 4.902342204075340248e+01
