0.000000000000000000e+00 0.000000000000000000e+00
2.080909629763510349e+00 2.264744970411996849e+00
5.321279833505919044e+00 5.608026447582929563e+00
8.560865102668165250e+00 8.945635630361859825e+00
1.179937972876792784e+01 1.227799337201242125e+01
1.503661397962461166e+01 1.560770656125800038e+01
1.827231922122288665e+01 1.893159919885945897e+01
2.150637943302488253e+01 2.225335805608669659e+01
2.473854472672761062e+01 2.557138599614476604e+01
2.796867220009897181e+01 2.888229370924847217e+01
3.119668102153559630e+01 3.218933735088541681e+01
3.442241369431008025e+01 3.549253891648141490e+01
3.764575110782667622e+01 3.879734478347343440e+01
4.086635982196753503e+01 4.208635216084415021e+01
4.408453940108344682e+01 4.537133687444512020e+01
4.730020890558844826e+01 4.865235782448366564e+01
5.051326293359973363e+01 5.193828619039918237e+01
