0.000000000000000000e+00 0.000000000000000000e+00
1.546555702243125552e+00 1.546555702243125552e+00
4.380083572775202327e+00 4.380056885149578250e+00
7.213103159933160313e+00 7.213080923781218345e+00
1.004608538269296858e+01 1.004602137454800648e+01
1.287902326193134428e+01 1.287891699478730345e+01
1.571186178870726735e+01 1.571190152077742574e+01
1.854467459206329494e+01 1.854479289777955842e+01
2.137748000219677635e+01 2.137764433927931051e+01
2.421024041769036472e+01 2.421034061411668858e+01
2.704301366717177046e+01 2.704318026528257235e+01
2.987569571413466463e+01 2.987591830445531116e+01
3.270826716190855166e+01 3.270854967898249299e+01
3.554089942637693866e+01 3.554112242901663166e+01
3.837334503086834303e+01 3.837368096074817458e+01
4.120591389551479011e+01 4.120616511752861300e+01
4.403840673107305292e+01 4.403848845379294374e+01
