0.000000000000000000e+00 0.000000000000000000e+00
2.725756099452359749e+00 2.725756099452360637e+00
6.281108659793207316e+00 6.281115649888520558e+00
9.836388749921994190e+00 9.836397264362974013e+00
1.339167452122975988e+01 1.339168765467636746e+01
1.694693307073528743e+01 1.694694686588888288e+01
2.050218478904684360e+01 2.050221848593869467e+01
2.405743684432721707e+01 2.405748229113778436e+01
2.761267894317040472e+01 2.761274571899046038e+01
3.116791387445056216e+01 3.116798948148036530e+01
3.472311042484300003e+01 3.472322926710445756e+01
3.827832141863629545e+01 3.827845687495845084e+01
4.183352762773610323e+01 4.183368636866080692e+01
4.538872379658543821e+01 4.538891739916089563e+01
4.894392849825277381e+01 4.894413273712387991e+01
5.249912835936076050e+01 5.249934717162007303e+01
5.605432809710934805e+01 5.605455600077705469e+01
