0.000000000000000000e+00 0.000000000000000000e+00 0.000000000000000000e+00 0.000000000000000000e+00 0.000000000000000000e+00 0.000000000000000000e+00 0.000000000000000000e+00 0.000000000000000000e+00 0.000000000000000000e+00
5.545876975673103004e-03 4.162149050364470249e+00 6.296741115136063272e+00 6.296741115136062383e+00 6.296741115136063272e+00 6.296741115136062383e+00 6.296741115136063272e+00 6.296741115136061495e+00 6.296741115136063272e+00
5.689510539139878975e-02 6.820255139992484672e+00 1.017876800725348652e+01 1.176031984710740375e+01 1.259276232223178482e+01 1.259276304297539895e+01 1.259276266475717065e+01 1.259276234727660793e+01 1.259276324582605788e+01
5.871674588972959630e-02 8.754500741892691451e+00 1.327858322719906425e+01 1.605002033630587732e+01 1.776346081131680066e+01 1.852689878006508550e+01 1.888214217244206949e+01 1.888214609545576650e+01 1.888214341495108073e+01
5.887380122463331533e-02 1.025759356322049420e+01 1.589940627235717940e+01 1.959608132661793789e+01 2.212320881226316871e+01 2.369218197759694533e+01 2.462929068852288950e+01 2.501491641714248004e+01 2.517129227321056106e+01
5.934433096726503959e-02 1.148185041409128360e+01 1.815906585999654865e+01 2.265452735519069094e+01 2.590466969192404889e+01 2.818640022678257040e+01 2.974539395421127352e+01 3.067594475065807558e+01 3.119436361552249792e+01
5.977115634954610623e-02 1.251226840677438190e+01 2.013232444213283401e+01 2.536226110760912889e+01 2.925704138529257392e+01 3.216486553543570892e+01 3.431038032276289584e+01 3.579899220618058564e+01 3.677928453703590606e+01
6.016173241206650146e-02 1.340058415072850195e+01 2.187466489578859097e+01 2.779663921514615055e+01 3.227881384464389214e+01 3.574615969542423954e+01 3.842662704080521507e+01 4.043863777227532808e+01 4.189806638345677925e+01
6.131616106966182589e-02 1.418050644933440196e+01 2.342865898205104713e+01 3.000648785966081533e+01 3.503629956881920293e+01 3.901297675089874417e+01 4.218074575262319570e+01 4.467251731527752412e+01 4.659152016315544387e+01
6.156372759221111907e-02 1.487522990154722535e+01 2.482728832128977459e+01 3.202623705189813563e+01 3.757521155301056126e+01 4.202339163368335306e+01 4.563903734266706635e+01 4.857008918478985038e+01 5.091786211258973083e+01
6.176802465208598020e-02 1.550117317646857984e+01 2.609635882152225506e+01 3.388232176116226668e+01 3.992826160478765729e+01 4.481937533260592943e+01 4.885127850604242639e+01 5.218725683199029675e+01 5.493242584635015646e+01
6.207789000485887387e-02 1.607052682956747347e+01 2.725618253793001955e+01 3.559603050724172846e+01 4.211980897918282096e+01 4.743197925251428160e+01 5.185490208716252170e+01 5.556754258071580210e+01 5.868182673482642997e+01
6.229692422760169102e-02 1.659254461008015014e+01 2.832293812895730767e+01 3.718500751874661603e+01 4.416883295197706616e+01 4.988480903475021933e+01 5.467853315414870963e+01 5.874478659026718219e+01 6.220385352451008032e+01
6.254113485691939478e-02 1.707438987755799076e+01 2.930965655180496654e+01 3.866410103877804261e+01 4.609073309368029925e+01 5.219628291980534129e+01 5.734447166381251293e+01 6.174552060270225695e+01 6.552883632175993966e+01
6.273365718675796843e-02 1.752173391164969729e+01 3.022693698127841344e+01 4.004591505395395501e+01 4.789839377083312399e+01 5.438114180554144639e+01 5.987040969963119608e+01 6.459079530041630335e+01 6.868114111943901889e+01
6.288642796321389228e-02 1.793913099215514251e+01 3.108349266807027078e+01 4.134121319792423321e+01 4.960284339519552788e+01 5.645149735706741012e+01 6.227063756317872389e+01 6.729755310562157433e+01 7.168049284959914758e+01
6.296172872035069035e-02 1.833029674421308286e+01 3.188655504204934488e+01 4.255923124334546515e+01 5.121367316311207674e+01 5.841753486233884018e+01 6.455690885696357384e+01 6.987962320901554847e+01 7.454300443403087684e+01
