0.000000000000000000e+00 0.000000000000000000e+00
1.497385263132334110e+00 1.497385263132333222e+00
4.214338719052976856e+00 4.214487392707241042e+00
6.930965690028353166e+00 6.931264985764606479e+00
9.647467690743189550e+00 9.648036311973442025e+00
1.236386513948261978e+01 1.236452728993037198e+01
1.508026047345331833e+01 1.508118195884191692e+01
1.779667579915468423e+01 1.779788408578340153e+01
2.051293540368699553e+01 2.051433912962030348e+01
2.322922291259376593e+01 2.323084612303275520e+01
2.594546840953945122e+01 2.594719604090325760e+01
2.866174231044718113e+01 2.866354513973415408e+01
3.137785664444990275e+01 3.137991941317005740e+01
3.409403959616600588e+01 3.409618299501661198e+01
3.681041371688974806e+01 3.681252400421409732e+01
3.952677020227341131e+01 3.952879020798683030e+01
4.224302870163533896e+01 4.224514995753622770e+01
