0.000000000000000000e+00 0.000000000000000000e+00
2.308756713917821113e+00 2.308756713917821113e+00
5.673506943584739837e+00 5.673523084589415788e+00
9.037153970597108454e+00 9.037224621391381163e+00
1.240058833059621257e+01 1.240061986792939486e+01
1.576410013650122366e+01 1.576406708547764524e+01
1.912747467196165729e+01 1.912736761340617875e+01
2.249080012079468105e+01 2.249087815369963295e+01
2.585416614452732631e+01 2.585440799511706089e+01
2.921756890859724720e+01 2.921771440519313146e+01
3.258082743898864919e+01 3.258121430366087878e+01
3.594416963781390706e+01 3.594436425503342747e+01
3.930747710704608266e+01 3.930753564252968602e+01
4.267101428795838558e+01 4.267077005947014356e+01
4.603421238645701408e+01 4.603401749947826005e+01
4.939751863348010374e+01 4.939719208701883701e+01
5.276067339853834426e+01 5.276060687580638842e+01
