0.000000000000000000e+00 0.000000000000000000e+00
2.003504146354000426e+00 2.003504146354000426e+00
5.192980483995310870e+00 5.193031343868574012e+00
8.381954419839058090e+00 8.382033062857875194e+00
1.157068182417144087e+01 1.157094844442158532e+01
1.475954663985072912e+01 1.475980547259790754e+01
1.794822376172056266e+01 1.794859087946125697e+01
2.113690609499086648e+01 2.113732359067772393e+01
2.432512584939978240e+01 2.432590220900750211e+01
2.751345482007999266e+01 2.751452734235130748e+01
3.070134901259097759e+01 3.070290719644923882e+01
3.388937582175028496e+01 3.389109087824123634e+01
3.707738072721048184e+01 3.707920040133701889e+01
4.026546899069857943e+01 4.026730253845911989e+01
4.345336489739575825e+01 4.345532381335655714e+01
4.664128129722210758e+01 4.664348516419997281e+01
4.982904033107465125e+01 4.983149672571668276e+01
