0.000000000000000000e+00 0.000000000000000000e+00
1.466766100665654271e+00 1.466766100665655159e+00
4.078329675449558600e+00 4.078321752310367643e+00
6.688902179822303395e+00 6.689265265196800314e+00
9.299091336099992944e+00 9.299856553896120204e+00
1.190930525766778558e+01 1.191019456050870318e+01
1.451936808135557122e+01 1.452068779430832635e+01
1.712942741031671900e+01 1.713105769068978645e+01
1.973944260301575326e+01 1.974162507742583728e+01
2.234933665771680467e+01 2.235171308590754435e+01
2.495931508541305988e+01 2.496189127418031717e+01
2.756921964538793901e+01 2.757200689843853070e+01
3.017907891633089434e+01 3.018207192502365288e+01
3.278894608855531345e+01 3.279234583569714800e+01
3.539878644849795108e+01 3.540225544707372762e+01
3.800859648077999964e+01 3.801209595760442284e+01
4.061838281640151394e+01 4.062210437107928840e+01
