0.000000000000000000e+00 0.000000000000000000e+00
1.526421955697829347e+00 1.789919967139855572e+00
4.289253437615793807e+00 4.652337512930743380e+00
7.048857669755818733e+00 7.507467672451488383e+00
9.806924119995780842e+00 1.035671442977729484e+01
1.256360809133738954e+01 1.320106743549099804e+01
1.531865654221307338e+01 1.604337492418873268e+01
1.807165503889317648e+01 1.888067685586554134e+01
2.082244180319928262e+01 2.170966265970941222e+01
2.357117286791662991e+01 2.454057604211418209e+01
2.631754082080052726e+01 2.736781496753919285e+01
2.906129354526441588e+01 3.018272211875199673e+01
3.180252793660199018e+01 3.300348716776207425e+01
3.454074616569053546e+01 3.582087738189196102e+01
3.727586405451017981e+01 3.863481520520116419e+01
4.000768798969200191e+01 4.145632662886393405e+01
4.273541183748065464e+01 4.426340549389068713e+01
