0.000000000000000000e+00 0.000000000000000000e+00
2.047251402321139668e+00 2.047251402321140556e+00
5.267871458805285734e+00 5.267914633932895718e+00
8.488216302251693435e+00 8.488281918162229545e+00
1.170855481550306187e+01 1.170857436671349916e+01
1.492876469586104271e+01 1.492885487207715300e+01
1.814899438216482253e+01 1.814913278194423540e+01
2.136917906988451676e+01 2.136936781256331486e+01
2.458937654600752154e+01 2.458956875607491810e+01
2.780956108907796676e+01 2.780972082079408381e+01
3.102976262764878612e+01 3.102996425449363471e+01
3.424996932657525406e+01 3.425020172972490684e+01
3.747016179565888194e+01 3.747033724693194756e+01
4.069033177919726540e+01 4.069051050318742568e+01
4.391049417086308893e+01 4.391068049039336074e+01
4.713065662204378015e+01 4.713087219113401716e+01
5.035079913808531415e+01 5.035106697596624770e+01
