0.000000000000000000e+00 0.000000000000000000e+00
2.308756778197935677e+00 2.474151765671656289e+00
5.673107598485731984e+00 5.941409534161218531e+00
9.035826194553898461e+00 9.402846465028742884e+00
1.239730780196028270e+01 1.286011625303312300e+01
1.575775278284699077e+01 1.631217426215581057e+01
1.911683054138645588e+01 1.975989808091000910e+01
2.247426520924527438e+01 2.320094028146659326e+01
2.583006535641788304e+01 2.664289434246204991e+01
2.918397999519602237e+01 3.007450300116005693e+01
3.253570382031915642e+01 3.350173333897744499e+01
3.588537239249188104e+01 3.692452069340498610e+01
3.923282131818986329e+01 4.034934576440325316e+01
4.257796088203712515e+01 4.377063675177487312e+01
4.592052529751464363e+01 4.719428453579045879e+01
4.925990710514204807e+01 5.060840016758965731e+01
5.259670903305830336e+01 5.403350608033362334e+01
