0.000000000000000000e+00 0.000000000000000000e+00
2.003497311863487340e+00 2.003497311863487340e+00
5.192990907641674703e+00 5.192972850158820819e+00
8.381872499965458800e+00 8.381891001167646849e+00
1.157055438403668646e+01 1.157062623804930368e+01
1.475935304018612726e+01 1.475941157100395174e+01
1.794795318992623834e+01 1.794788606156822652e+01
2.113635488414570318e+01 2.113622218517147644e+01
2.432494331765616380e+01 2.432466008801878132e+01
2.751296323831879675e+01 2.751272249038992967e+01
3.070093052900196540e+01 3.070069742369391719e+01
3.388870720741586240e+01 3.388865335833626347e+01
3.707646481447476816e+01 3.707656668978890480e+01
4.026445346068659603e+01 4.026439915024472072e+01
4.345204953560921979e+01 4.345219690092093856e+01
4.663981198893053204e+01 4.664016631389777245e+01
4.982755532645373364e+01 4.982811083020654053e+01
