0.000000000000000000e+00 0.000000000000000000e+00
1.466805115552460848e+00 1.754753505403395586e+00
4.077046325649957836e+00 4.462899127282073941e+00
6.685103308300979208e+00 7.165593690657673598e+00
9.291624369699150066e+00 9.859802828421287302e+00
1.189645721211631546e+01 1.255335359935003225e+01
1.449940111815633337e+01 1.523910495874864779e+01
1.710041626056643338e+01 1.792010875505761902e+01
1.969941208981142466e+01 2.059650442146782012e+01
2.229618507613530909e+01 2.326831146296795794e+01
2.489054694867215289e+01 2.594312957215822024e+01
2.748228640893581698e+01 2.860711947771805796e+01
3.007144226182099089e+01 3.127364178014569163e+01
3.265769157742450091e+01 3.393662359901826164e+01
3.524075849593655363e+01 3.658787935411443470e+01
3.782108071640845992e+01 3.924644127184718201e+01
4.039790437368596088e+01 4.188944518907855752e+01
