0.000000000000000000e+00 0.000000000000000000e+00
1.607663477186168421e+00 1.845411992920814370e+00
4.507274057778386300e+00 4.844724605262992867e+00
7.406054795992721651e+00 7.838100912314031277e+00
1.030344439021313541e+01 1.082747419682304368e+01
1.319935232974253303e+01 1.381294668580406793e+01
1.609363195936624180e+01 1.679283881387723198e+01
1.898613597408689913e+01 1.977123187068153598e+01
2.187666857036584389e+01 2.274025086132481732e+01
2.476511151152596568e+01 2.570697616939230912e+01
2.765135137054910786e+01 2.866695305997235010e+01
3.053528546246948849e+01 3.162259815017822007e+01
3.341685488369010670e+01 3.458425859517838319e+01
3.629559734767337886e+01 3.754258951243268427e+01
3.917136564227905637e+01 4.049771034840669159e+01
4.204395221533770410e+01 4.344444316371004788e+01
4.491338785337539719e+01 4.637729318378252685e+01
