0.000000000000000000e+00 0.000000000000000000e+00
1.517334628129899166e+00 1.517334628129899166e+00
4.090504567466586749e+00 4.090552962001854809e+00
6.653909126576963651e+00 6.656621515212078677e+00
9.217246866507530001e+00 9.222995245745785553e+00
1.178087912290182970e+01 1.178913091698045967e+01
1.434537460829728772e+01 1.435494475811942294e+01
1.690935944397801194e+01 1.692077153167987547e+01
1.947279301813408381e+01 1.948631688066420509e+01
2.203674738900727448e+01 2.205168974234692314e+01
2.459928238467728789e+01 2.461771834024892058e+01
2.716273864496664103e+01 2.718323549136224671e+01
2.972607307230071783e+01 2.974894585689847304e+01
3.228911530517417816e+01 3.231396280724275982e+01
3.485386248782621266e+01 3.487940615172054493e+01
3.741773115625011314e+01 3.744402728497353650e+01
3.998159653646514755e+01 4.000883492190920521e+01
