0.000000000000000000e+00 0.000000000000000000e+00
1.497403126971186715e+00 1.497403126971186715e+00
4.214348827939254249e+00 4.214605840827991834e+00
6.931080402469181223e+00 6.931374440279098437e+00
9.647768923566307109e+00 9.648227146236962426e+00
1.236422341383377344e+01 1.236482600536339760e+01
1.508064990490357005e+01 1.508144995823559142e+01
1.779696410277747276e+01 1.779795052775915565e+01
2.051334388511051543e+01 2.051444581217570118e+01
2.322967136600208704e+01 2.323091910316944819e+01
2.594599383439584273e+01 2.594748744688410014e+01
2.866230102481086561e+01 2.866412996163462878e+01
3.137863612869983143e+01 3.138068513039868890e+01
3.409495631735538979e+01 3.409717432961540595e+01
3.681128276683355693e+01 3.681368765479417959e+01
3.952768496121564112e+01 3.953012841403266009e+01
4.224408273398888980e+01 4.224656859427688005e+01
