0.000000000000000000e+00 0.000000000000000000e+00 0.000000000000000000e+00 0.000000000000000000e+00 0.000000000000000000e+00 0.000000000000000000e+00 0.000000000000000000e+00 0.000000000000000000e+00 0.000000000000000000e+00
0.000000000000000000e+00 4.162149089870236907e+00 6.609321854680715091e+00 6.609321854680715980e+00 6.609321854680715980e+00 6.609321854680715091e+00 6.609321854680715091e+00 6.609321854680715980e+00 6.609321854680715980e+00
0.000000000000000000e+00 6.818424873067537639e+00 1.046707920830356287e+01 1.219235973832459763e+01 1.321733711277440193e+01 1.321733726045488133e+01 1.321733716851081653e+01 1.321733711360316121e+01 1.321733711599914152e+01
0.000000000000000000e+00 8.740214384744490417e+00 1.350488695165169162e+01 1.649991672831757228e+01 1.846578538788548229e+01 1.935455913909562398e+01 1.982492668204781694e+01 1.982492740222323846e+01 1.982492720262751718e+01
0.000000000000000000e+00 1.023510480196058126e+01 1.606935415767613051e+01 2.001519331726050410e+01 2.281405106557292939e+01 2.459412854829999873e+01 2.572928104467604626e+01 2.620842405455618618e+01 2.643135786221609607e+01
0.000000000000000000e+00 1.145360013572285673e+01 1.828468900082841486e+01 2.302519659411390762e+01 2.655208960794974615e+01 2.908853364625147719e+01 3.089321400205868784e+01 3.200302571980660815e+01 3.266798409544045256e+01
0.000000000000000000e+00 1.247982216652715337e+01 2.022452656782776970e+01 2.568144976749862707e+01 2.985018226449806278e+01 3.303181471470285402e+01 3.544923087666204253e+01 3.717257553475951681e+01 3.836096474597172090e+01
0.000000000000000000e+00 1.336488354505762999e+01 2.194156564437143331e+01 2.806730350904141247e+01 3.281447764255152322e+01 3.656146466974094267e+01 3.952706664355110178e+01 4.180596174209635763e+01 4.351433969426422266e+01
0.000000000000000000e+00 1.414222604600976041e+01 2.347622611838275830e+01 3.023412565254345452e+01 3.551536009911968961e+01 3.977007239807890926e+01 4.322805925017203066e+01 4.600421359148378997e+01 4.819760626649109270e+01
0.000000000000000000e+00 1.483475290872868513e+01 2.485982149769239768e+01 3.221681818660337626e+01 3.800060542250383833e+01 4.272053429504727262e+01 4.662614455072406372e+01 4.985003766088932764e+01 5.248721922626222636e+01
0.000000000000000000e+00 1.545881848554399518e+01 2.611690342139478815e+01 3.404134180048590963e+01 4.030391960764980297e+01 4.545722019280296422e+01 4.977516817944599836e+01 5.340665224103415909e+01 5.644925292056873189e+01
0.000000000000000000e+00 1.602659354434692318e+01 2.726709868384127944e+01 3.572847241928775475e+01 4.245042540930151631e+01 4.801297094303698998e+01 5.271550609350195771e+01 5.672252982265335675e+01 6.013760724338091279e+01
0.000000000000000000e+00 1.654718346642305349e+01 2.832587620324330402e+01 3.729490538326906801e+01 4.445892867734201559e+01 5.041186905758175385e+01 5.547683636954172215e+01 5.983364313478610796e+01 6.359354405325318282e+01
0.000000000000000000e+00 1.702779054299936945e+01 2.930599462265590915e+01 3.875498951626992294e+01 4.634491922196232139e+01 5.267314699834020786e+01 5.808282753384698793e+01 6.276872020823032727e+01 6.685060509977087406e+01
0.000000000000000000e+00 1.747404671147127431e+01 3.021774772715290069e+01 4.012071200664773585e+01 4.812093033303788303e+01 5.481172526474590256e+01 6.055169368376320449e+01 6.554981808346025218e+01 6.993476006104523890e+01
0.000000000000000000e+00 1.789048082660866257e+01 3.106962176513707163e+01 4.140232027389247094e+01 4.979757328433758090e+01 5.683972216410244016e+01 6.289802974176247830e+01 6.819451346268999714e+01 7.286677166609855760e+01
0.000000000000000000e+00 1.828078102358640677e+01 3.186866364047473255e+01 4.260860646681638997e+01 5.138397830808990818e+01 5.876718052544445214e+01 6.513370806480608621e+01 7.071699120404070982e+01 7.566338862394452747e+01
