0.000000000000000000e+00 0.000000000000000000e+00
3.569954327139557293e-01 3.569954327139557293e-01
2.827373560707014732e+00 2.827361866474157992e+00
5.297013733530625323e+00 5.297037136257765511e+00
7.766614111291683109e+00 7.766751254052935316e+00
1.023610965010113105e+01 1.023620745239277241e+01
1.270539579301353683e+01 1.270532242318907912e+01
1.517454727659190894e+01 1.517451745967449206e+01
1.764364458565369986e+01 1.764365979087174097e+01
2.011275220538774278e+01 2.011267166658889138e+01
2.258171213435887381e+01 2.258183756540233134e+01
2.505070401824256265e+01 2.505091509469876954e+01
2.751962424474043090e+01 2.751977069859046310e+01
2.998846874045036159e+01 2.998879072468293927e+01
3.245757272834794804e+01 3.245763777714766007e+01
3.492638752948068515e+01 3.492670081584574149e+01
3.739535782831586630e+01 3.739568795545845603e+01
