0.000000000000000000e+00 0.000000000000000000e+00
1.978445641345786932e+00 1.978445641345786044e+00
5.162722956444662614e+00 5.162729587517502772e+00
8.346977499960109625e+00 8.346994820717940300e+00
1.153108699678927707e+01 1.153105740911403743e+01
1.471505787513853569e+01 1.471506793393165147e+01
1.789861922960942309e+01 1.789871670946404691e+01
2.108215984401907761e+01 2.108228159362325727e+01
2.426554854812951589e+01 2.426566585200447079e+01
2.744893684034258285e+01 2.744911653801012008e+01
3.063228746645673795e+01 3.063249772206295063e+01
3.381555985772781980e+01 3.381586224469469926e+01
3.699886489822647206e+01 3.699924770085484482e+01
4.018210687121163005e+01 4.018277016463375162e+01
4.336544896096141599e+01 4.336613225108366976e+01
4.654869688838596176e+01 4.654948211259444690e+01
4.973195298243065565e+01 4.973287122397725568e+01
