0.000000000000000000e+00 0.000000000000000000e+00
1.543377399051912846e+00 1.543377399051911958e+00
4.361112556943316676e+00 4.361119591642534488e+00
7.177606490780707560e+00 7.177519484749399048e+00
9.994073365140927478e+00 9.993896479939696320e+00
1.281051538037261928e+01 1.281007999163434974e+01
1.562679237046405589e+01 1.562627699069329523e+01
1.844289701436254347e+01 1.844273885428940218e+01
2.125910126715837123e+01 2.125899949464276162e+01
2.407530393669246394e+01 2.407526868171352419e+01
2.689145509903002562e+01 2.689146053096720834e+01
2.970750507794009820e+01 2.970766088387122750e+01
3.252384681481692041e+01 3.252404706810398238e+01
3.534016631817575416e+01 3.534008392678236987e+01
3.815630890644600726e+01 3.815646503624593322e+01
4.097263579714575599e+01 4.097283329615994774e+01
4.378880666918776399e+01 4.378903207256534813e+01
