0.000000000000000000e+00 0.000000000000000000e+00
2.586731162406038287e+00 2.586731162406038287e+00
6.084696262717416815e+00 6.084702120446332074e+00
9.581488100376841288e+00 9.581849621567213759e+00
1.307850657658940818e+01 1.307886193452335277e+01
1.657524869011602675e+01 1.657562887420699127e+01
2.007177887337250155e+01 2.007245762335453776e+01
2.356856487046351845e+01 2.356946179821529341e+01
2.706518753918835785e+01 2.706612489208313477e+01
3.056189965544547249e+01 3.056271152952565018e+01
3.405863757576985762e+01 3.405921648282751590e+01
3.755527899037655004e+01 3.755581421355543625e+01
4.105193206674357498e+01 4.105237170076443931e+01
4.454851467685753619e+01 4.454909362533864225e+01
4.804519781877330331e+01 4.804574551381659830e+01
5.154182581520860396e+01 5.154228952872249181e+01
5.503843526625885119e+01 5.503912525320222926e+01
