0.000000000000000000e+00 0.000000000000000000e+00
1.570306952031149450e+00 1.570306952031149450e+00
4.369558591786503854e+00 4.369582167902274605e+00
7.142592568128986130e+00 7.142630749949058000e+00
9.928427748265695740e+00 9.928653998267428449e+00
1.271441333071513924e+01 1.271504438515544777e+01
1.549999392331586634e+01 1.550176654978423407e+01
1.828608349608895622e+01 1.828801442376488495e+01
2.107179991724012424e+01 2.107424974263417283e+01
2.385768553020804461e+01 2.386041351078731765e+01
2.664359532762039606e+01 2.664657409251672249e+01
2.942945896466954636e+01 2.943268415460097032e+01
3.221528136397025577e+01 3.221885957822911450e+01
3.500108977807811073e+01 3.500498982173061080e+01
3.778707259295121190e+01 3.779106305624664941e+01
4.057288216603285491e+01 4.057746587826285634e+01
4.335883472763970303e+01 4.336349491946158707e+01
