0.000000000000000000e+00 0.000000000000000000e+00
2.730022147676393729e+00 2.875011776151337628e+00
6.292425621299005734e+00 6.541931948648937123e+00
9.854169413043921466e+00 1.020425655719469304e+01
1.341505599556318984e+01 1.386241846344639050e+01
1.697480236295093903e+01 1.751496749016946808e+01
2.053321583167948461e+01 2.116232703769419032e+01
2.409014263370284326e+01 2.480975170491551651e+01
2.764531032000487443e+01 2.845187789628300834e+01
3.119855971673671746e+01 3.208339031882650971e+01
3.474989024928517267e+01 3.571897084587520510e+01
3.829897563880707168e+01 3.935132139369689241e+01
4.184563420145117618e+01 4.298054069179123360e+01
4.538970854456107418e+01 4.661144504650725651e+01
4.893084890213717131e+01 5.023447316569233578e+01
5.246901128570275574e+01 5.383730384941720359e+01
5.600470101828010172e+01 5.746171112524946523e+01
