0.000000000000000000e+00 0.000000000000000000e+00
1.526395946827520333e+00 1.526395946827520333e+00
4.290278670307622555e+00 4.290284689656213679e+00
7.051829791045266305e+00 7.052155520687163559e+00
9.813337534891376279e+00 9.814225061597566580e+00
1.257491618418717572e+01 1.257597188003588151e+01
1.533654166573963984e+01 1.533783782120661243e+01
1.809792841124998830e+01 1.809925802141981421e+01
2.085936267241108055e+01 2.086085881363336370e+01
2.362079089815856037e+01 2.362251983654676835e+01
2.638230130336167889e+01 2.638403834449534102e+01
2.914375157938666661e+01 2.914575929827717005e+01
3.190509978557509996e+01 3.190745896469719156e+01
3.466657544859659623e+01 3.466920996765411900e+01
3.742795374772755679e+01 3.743046927054543005e+01
4.018940177422273052e+01 4.019200474189435113e+01
4.295071925493738263e+01 4.295330935485418422e+01
