0.000000000000000000e+00 0.000000000000000000e+00
1.487281876109257439e+00 1.487281876109257439e+00
4.088147326257489667e+00 4.088251384786932618e+00
6.688351657117074467e+00 6.688525255199149200e+00
9.288359194421278886e+00 9.288700339994516497e+00
1.188791114817168015e+01 1.188864700536650076e+01
1.448757979775424687e+01 1.448857814108741948e+01
1.708718774352954384e+01 1.708830879353128296e+01
1.968664646570374543e+01 1.968802719640774512e+01
2.228601192655765573e+01 2.228766238674030120e+01
2.488527184400156500e+01 2.488712092304540846e+01
2.748461995817257275e+01 2.748670868001261525e+01
3.008392730767463874e+01 3.008610508752477131e+01
3.268321555494082986e+01 3.268542686847947465e+01
3.528236701487293914e+01 3.528491877458795045e+01
3.788133036187362279e+01 3.788426839346212205e+01
4.048040389808257800e+01 4.048366406651719274e+01
