0.000000000000000000e+00 0.000000000000000000e+00
2.429680319873698480e+00 2.589475201529271686e+00
5.836403097012756724e+00 6.099802830632461870e+00
9.248497207107069684e+00 9.610734241984451032e+00
1.265950753014331198e+01 1.311796581803770145e+01
1.606935520420920938e+01 1.661875345191568343e+01
1.947802455146445766e+01 2.011474519932079019e+01
2.288500645365287056e+01 2.360849809470080629e+01
2.629034725795339611e+01 2.709716855348496267e+01
2.969398997696163889e+01 3.058149357947357316e+01
3.309544370402872460e+01 3.406360605465935976e+01
3.649452514585752283e+01 3.754946742290417205e+01
3.989121832387429833e+01 4.101723331124737371e+01
4.328547325209331120e+01 4.448569538419707214e+01
4.667736045299542980e+01 4.795349242576335769e+01
5.006648689590362977e+01 5.141784810465415489e+01
5.345249388801300938e+01 5.486825418247695296e+01
