0.000000000000000000e+00 0.000000000000000000e+00
2.562491537850093870e+00 2.562491537850094758e+00
6.048709966282495465e+00 6.048697919387137745e+00
9.535011646217149917e+00 9.534988226426136748e+00
1.302131176977552585e+01 1.302129659664273120e+01
1.650759342392439777e+01 1.650761321572104023e+01
1.999379510497155366e+01 1.999382367285159390e+01
2.348000149462878028e+01 2.348001472736318362e+01
2.696617722253784422e+01 2.696619904149256186e+01
3.045234984485320950e+01 3.045238214182264613e+01
3.393850076986050368e+01 3.393858927911182377e+01
3.742465659053348759e+01 3.742477700094833892e+01
4.091079104645046272e+01 4.091094343603436556e+01
4.439694399581343021e+01 4.439708435261256625e+01
4.788309057720192641e+01 4.788322678515831399e+01
5.136924734390467506e+01 5.136937908460514279e+01
5.485538883181651926e+01 5.485552618217237608e+01
