0.000000000000000000e+00 0.000000000000000000e+00
1.486959847056294137e+00 1.486959847056294137e+00
4.163899675927975608e+00 4.163991338827123911e+00
6.840955115830411160e+00 6.841093643321453754e+00
9.517641008493342270e+00 9.517790588889988967e+00
1.219383639736592428e+01 1.219431562609783448e+01
1.486998257810249768e+01 1.487069161661797345e+01
1.754596120871039489e+01 1.754682700762239733e+01
2.022192503806083153e+01 2.022303033160344654e+01
2.289775415833496908e+01 2.289910785351302991e+01
2.557312773573343634e+01 2.557473678273857587e+01
2.824847539929551132e+01 2.825021297959811761e+01
3.092347320997834359e+01 3.092547303354393762e+01
3.359846940108410962e+01 3.360086649753124277e+01
3.627334423275253528e+01 3.627608462229127895e+01
3.894815716560078300e+01 3.895126260175629795e+01
4.162309342425906067e+01 4.162653423563966726e+01
