0.000000000000000000e+00 0.000000000000000000e+00
2.225564656744427161e+00 2.225564656744427161e+00
5.552598776735030661e+00 5.552602846086119648e+00
8.879971890451111349e+00 8.879952889082108669e+00
1.220724074844552121e+01 1.220727147060891582e+01
1.553443343997344250e+01 1.553444595069604617e+01
1.886158866950253099e+01 1.886157424621901413e+01
2.218877477328477710e+01 2.218870207707076503e+01
2.551571996634704931e+01 2.551582527513242127e+01
2.884271979437419731e+01 2.884291119664786152e+01
3.216979769188970550e+01 3.217004979305583845e+01
3.549680290891066647e+01 3.549705467132194059e+01
3.882371734256538787e+01 3.882404960196159038e+01
4.215066035443997805e+01 4.215104696932328210e+01
4.547756714645068143e+01 4.547803527282262337e+01
4.880455361151894067e+01 4.880512732106088691e+01
5.213151802893018072e+01 5.213211717441237170e+01
