0.000000000000000000e+00 0.000000000000000000e+00
2.512506806090309297e+00 2.512506806090309297e+00
5.975569591411000303e+00 5.975569606524455679e+00
9.438395904435413541e+00 9.438420268737473862e+00
1.290118995650458089e+01 1.290131974579982810e+01
1.636390375236576844e+01 1.636405412721375896e+01
1.982648670960398363e+01 1.982663310734312390e+01
2.328905856267061836e+01 2.328922805052737033e+01
2.675159575552545022e+01 2.675179218554548299e+01
3.021410522152337563e+01 3.021435611990872516e+01
3.367658873399311403e+01 3.367689175172954208e+01
3.713906081434723205e+01 3.713943968997587319e+01
4.060150946638506753e+01 4.060190383016009719e+01
4.406395492337985331e+01 4.406436571359415666e+01
4.752639297008086317e+01 4.752681597441325323e+01
5.098880048340232207e+01 5.098922541463431202e+01
5.445116598303718547e+01 5.445160810028654907e+01
