0.000000000000000000e+00 0.000000000000000000e+00
1.487273188489785625e+00 1.487273188489785625e+00
4.088163123596357806e+00 4.088247985450936817e+00
6.688249954634873262e+00 6.688377402673603811e+00
9.288313214769036819e+00 9.288278827795986459e+00
1.188780178403597176e+01 1.188818050343360255e+01
1.448747789358383997e+01 1.448788335101908586e+01
1.708699325439807737e+01 1.708732873309894273e+01
1.968652261094224087e+01 1.968712039405711423e+01
2.228607725260855688e+01 2.228672953273188995e+01
2.488546744306503200e+01 2.488598415793522989e+01
2.748471803129212176e+01 2.748534721564183059e+01
3.008397096739397369e+01 3.008484203372151455e+01
3.268316050437955056e+01 3.268412021861706762e+01
3.528231343725251179e+01 3.528350311731378497e+01
3.788144422458860561e+01 3.788290132974441349e+01
4.048055142145629759e+01 4.048230360945322559e+01
