0.000000000000000000e+00 0.000000000000000000e+00
3.949020812802110036e+00 4.009642193804769938e+00
7.898041661943048908e+00 8.017691441697214927e+00
1.184706286804382991e+01 1.202422987637363505e+01
1.579608366004246633e+01 1.602933316504465822e+01
1.974510457813990172e+01 2.003307202096037898e+01
2.369412542858366777e+01 2.403551184937590079e+01
2.764314631916571940e+01 2.803671306973232547e+01
3.159216715643263740e+01 3.203673249931880207e+01
3.554118798497439258e+01 3.603562293478583456e+01
3.949020903964901663e+01 4.003343392605199114e+01
4.343922984763977979e+01 4.403021144896376171e+01
4.738825066779208584e+01 4.802599887174116589e+01
5.133727151490009533e+01 5.202083657000115835e+01
5.528629236164230321e+01 5.601476311401309260e+01
5.923531313940191723e+01 6.000781394086927634e+01
6.318433435693270894e+01 6.400002336728579166e+01
6.713335519233545767e+01 6.799142276852222722e+01
7.108237605960940186e+01 7.198204229205381921e+01
7.503139684046288949e+01 7.597191060059967072e+01
7.898041779811214269e+01 7.996105449034736523e+01
8.292943887571045991e+01 8.394949987891322962e+01
8.687845988900767225e+01 8.793727071577802690e+01
9.082748141693613775e+01 9.192438989024729779e+01
9.477650296720274525e+01 9.591087886618552716e+01
9.872552385577867540e+01 9.989675902107020988e+01
1.026745449126805454e+02 1.038820492855437010e+02
1.066235663910787252e+02 1.078667693197537432e+02
1.105725873774970580e+02 1.118509363362071554e+02
1.145216083319106133e+02 1.158345671191261914e+02
1.184706292162700407e+02 1.198176790742187166e+02
1.224196501757222535e+02 1.238002867941931129e+02
1.263686717330631666e+02 1.277824051807814101e+02
