0.000000000000000000e+00 0.000000000000000000e+00 0.000000000000000000e+00 0.000000000000000000e+00 0.000000000000000000e+00 0.000000000000000000e+00 0.000000000000000000e+00 0.000000000000000000e+00 0.000000000000000000e+00
1.787905640634690485e-03 4.162149125094286362e+00 4.719760578676138074e+00 4.719760578676138074e+00 4.719760578676138074e+00 4.719760578676138074e+00 4.719760578676138074e+00 4.719760578676138074e+00 4.719760578676138074e+00
2.521449802404051449e-03 6.819201418044031904e+00 8.785226031181569084e+00 9.351282685896821434e+00 9.439392547975630876e+00 9.439392535856814703e+00 9.439392555025731824e+00 9.439392545874827789e+00 9.439392523893019415e+00
4.303894389129812523e-03 8.741651814885111449e+00 1.222184118015396237e+01 1.355645640508046057e+01 1.402720347442407700e+01 1.414417731998666738e+01 1.415897173510506235e+01 1.415897175152139198e+01 1.415897173356566263e+01
4.468217257276300980e-03 1.023744156322931964e+01 1.511005062708206204e+01 1.733244727230093218e+01 1.833834745432384139e+01 1.873192615414804507e+01 1.885158635254285642e+01 1.887591525693423122e+01 1.887842272351671014e+01
4.548689833197216807e-03 1.145677811705091642e+01 1.755948595709482873e+01 2.071197533478706987e+01 2.233021564502058709e+01 2.311682583263840485e+01 2.344955077706494961e+01 2.356339515111196192e+01 2.359250611749226323e+01
5.174582028295206075e-03 1.248362271835517490e+01 1.966555494650718927e+01 2.373447532818606120e+01 2.600856040537811253e+01 2.725677331042487594e+01 2.789070016817426279e+01 2.817342145653333318e+01 2.827858803551043820e+01
5.438265052231206625e-03 1.336928606598416991e+01 2.150199125632747865e+01 2.644289517161508130e+01 2.939314413851569441e+01 3.114194338671075002e+01 3.213727366397164076e+01 3.265869162291242844e+01 3.290050286324333939e+01
5.498774796933465075e-03 1.414714012281612554e+01 2.312403051787027408e+01 2.887955364001414438e+01 3.250713824606540925e+01 3.477892630404958396e+01 3.617348317897139509e+01 3.698582262042026514e+01 3.742102562467912463e+01
5.560094621941583104e-03 1.484011497603837526e+01 2.457295742474169487e+01 3.108300940180335914e+01 3.537451720642513919e+01 3.818080160745395801e+01 3.999762197180550771e+01 4.113671242328464928e+01 4.181088869209861514e+01
5.658921725589778282e-03 1.546461891714050374e+01 2.587995607808119658e+01 3.308676315066668394e+01 3.801906730475306517e+01 4.136272456599093061e+01 4.361553664420861764e+01 4.510484113860307076e+01 4.605146304103080723e+01
5.717931463171224346e-03 1.603277137874723479e+01 2.706892735991837995e+01 3.491917899243055246e+01 4.046359974698434314e+01 4.434030990852730270e+01 4.703656837488810538e+01 4.889104368084952057e+01 5.013343106628104806e+01
5.779975025016152908e-03 1.655376022041756912e+01 2.815847294663172207e+01 3.660397654678720158e+01 4.272934482545748125e+01 4.712904717082056294e+01 5.027141628935076056e+01 5.250030418547096644e+01 5.405419250470862380e+01
5.838926942842565665e-03 1.703471755548109456e+01 2.916328404009025732e+01 3.816090148643846192e+01 4.483559720042048724e+01 4.974399717209202265e+01 5.333114207188553024e+01 5.593969628369268321e+01 5.781544858879247073e+01
5.898855179493255919e-03 1.748128435796069269e+01 3.009512761712233342e+01 3.960639825426433447e+01 4.679959929786083705e+01 5.219956756062136094e+01 5.622675113785729906e+01 5.921720757573764615e+01 6.142142548994668516e+01
5.959741708378554770e-03 1.789799710233921459e+01 3.096355044114451616e+01 4.095420497304175456e+01 4.863658775933339484e+01 5.450933252777482352e+01 5.896900506105681217e+01 6.234111914959132861e+01 6.487770275331607195e+01
6.020630516374629593e-03 1.828855673182862773e+01 3.177638970927601747e+01 4.221585256779776074e+01 5.035993499701847043e+01 5.668591174134168398e+01 6.156831425550018366e+01 6.531970425653530299e+01 6.819050123921586248e+01
