0.000000000000000000e+00 0.000000000000000000e+00 0.000000000000000000e+00 0.000000000000000000e+00 0.000000000000000000e+00 0.000000000000000000e+00 0.000000000000000000e+00 0.000000000000000000e+00 0.000000000000000000e+00
0.000000000000000000e+00 4.162149133356620290e+00 4.162149133356621178e+00 4.162149133356621178e+00 4.162149133356620290e+00 4.162149133356620290e+00 4.162149133356620290e+00 4.162149133356620290e+00 4.162149133356620290e+00
0.000000000000000000e+00 6.818695623390526706e+00 8.324293069103278597e+00 8.324293070409591877e+00 8.324293067828859805e+00 8.324293067816929792e+00 8.324293067791128209e+00 8.324293067805450974e+00 8.324293067829422910e+00
0.000000000000000000e+00 8.740705637661802641e+00 1.189173386975852864e+01 1.248643188097862655e+01 1.248643188086393607e+01 1.248643187935765297e+01 1.248643187590191772e+01 1.248643188187407382e+01 1.248643187983097214e+01
0.000000000000000000e+00 1.023589955689516628e+01 1.487399656929219383e+01 1.640698453037687443e+01 1.664857068712475652e+01 1.664857068901182302e+01 1.664857068614723801e+01 1.664857068832293407e+01 1.664857068801360640e+01
0.000000000000000000e+00 1.145480778401667976e+01 1.738611725245180040e+01 1.996412463601048159e+01 2.071152194504321642e+01 2.081070661641404484e+01 2.081070661682756651e+01 2.081070661692231383e+01 2.081070661688254120e+01
0.000000000000000000e+00 1.248132879367657111e+01 1.953426035609293265e+01 2.314241759212807636e+01 2.457142718439963147e+01 2.493193371513833512e+01 2.497282680351550965e+01 2.497282679821735130e+01 2.497282682515128016e+01
0.000000000000000000e+00 1.336667394797234820e+01 2.139969202183801400e+01 2.597420695989024608e+01 2.816773690878414271e+01 2.894656127917758681e+01 2.911804912954030300e+01 2.913493804765815298e+01 2.913493806986028289e+01
0.000000000000000000e+00 1.414424775978212345e+01 2.304227513909807712e+01 2.850525898994872520e+01 3.148218841312870353e+01 3.279403194100011376e+01 3.320958852526841554e+01 3.329004907482578801e+01 3.329702916417416247e+01
0.000000000000000000e+00 1.483699337197301560e+01 2.450616397054068685e+01 3.078042367362830944e+01 3.452309767228221915e+01 3.643480882616309202e+01 3.720195446168217757e+01 3.741894783441675543e+01 3.745623375558639623e+01
0.000000000000000000e+00 1.546130515523874749e+01 2.582433298007097378e+01 3.283890330866343277e+01 3.731160156096026981e+01 3.985144406651380677e+01 4.105403111867656207e+01 4.149188463428239970e+01 4.160292240852082557e+01
0.000000000000000000e+00 1.602928948945008969e+01 2.702182799443803418e+01 3.471349381689610425e+01 3.987322863719498400e+01 4.304305850913465292e+01 4.473659507256487444e+01 4.547525851671211683e+01 4.571924382772526485e+01
0.000000000000000000e+00 1.655013228367340261e+01 2.811800440385670541e+01 3.643118188010571856e+01 4.223352635410997635e+01 4.601898418195276719e+01 4.823370418165055185e+01 4.933858156511972481e+01 4.978116630423858169e+01
0.000000000000000000e+00 1.703095971783310603e+01 2.912806047637754858e+01 3.801407482238327873e+01 4.441609071409624221e+01 4.879381384793563114e+01 5.154054245464179473e+01 5.305876638605819551e+01 5.376262868543332729e+01
0.000000000000000000e+00 1.747741055439543345e+01 3.006411648715084084e+01 3.948032729547824715e+01 4.644189548257204336e+01 5.138419420218693290e+01 5.466021454665884960e+01 5.662140193338736793e+01 5.763972036890331907e+01
0.000000000000000000e+00 1.789401853969844325e+01 3.093596754092868650e+01 4.084491739270019650e+01 4.832921420454520245e+01 5.380693301678349627e+01 5.760076506498182880e+01 6.001994216471562993e+01 6.139343461887418840e+01
0.000000000000000000e+00 1.828448172048773301e+01 3.175162818227901340e+01 4.212028274833900809e+01 5.009382049158266881e+01 5.607800541682946971e+01 6.037291911867231420e+01 6.325399950314450592e+01 6.501074384738893741e+01
