0.000000000000000000e+00 0.000000000000000000e+00 0.000000000000000000e+00 0.000000000000000000e+00 0.000000000000000000e+00 0.000000000000000000e+00 0.000000000000000000e+00 0.000000000000000000e+00 0.000000000000000000e+00
0.000000000000000000e+00 4.162149133352771813e+00 4.162149133352771813e+00 4.162149133352771813e+00 4.162149133352771813e+00 4.162149133352771813e+00 4.162149133352771813e+00 4.162149133352771813e+00 4.162149133352771813e+00
0.000000000000000000e+00 6.818697756269840760e+00 8.324295845346794565e+00 8.324295845348586909e+00 8.324295845309119812e+00 8.324295845320051512e+00 8.324295845250604842e+00 8.324295845284236606e+00 8.324295845348586909e+00
0.000000000000000000e+00 8.740697493725395617e+00 1.189172192204579659e+01 1.248641890392944021e+01 1.248641891073932797e+01 1.248641890264693544e+01 1.248641890361528439e+01 1.248641890241018615e+01 1.248641890463654036e+01
0.000000000000000000e+00 1.023588199645045904e+01 1.487396816227780683e+01 1.640695120792828021e+01 1.664853628519016127e+01 1.664853628206638447e+01 1.664853627964291860e+01 1.664853628023244880e+01 1.664853627996623331e+01
0.000000000000000000e+00 1.145478416372660035e+01 1.738607683538776882e+01 1.996407433808106191e+01 2.071146774158601644e+01 2.081065170235163109e+01 2.081065170641786821e+01 2.081065169486739563e+01 2.081065170085563665e+01
0.000000000000000000e+00 1.248130542272814836e+01 1.953421880926738652e+01 2.314236359163975365e+01 2.457136651318612763e+01 2.493187079880305035e+01 2.497276356133072994e+01 2.497276356065987102e+01 2.497276354657526554e+01
0.000000000000000000e+00 1.336665274634036749e+01 2.139965329320008181e+01 2.597415499102516634e+01 2.816767648879617525e+01 2.894649683739881141e+01 2.911798353888040580e+01 2.913487232619786482e+01 2.913487232307975461e+01
0.000000000000000000e+00 1.414423300674604000e+01 2.304224744942420244e+01 2.850522078104619794e+01 3.148214258714566682e+01 3.279398159447339367e+01 3.320953636445971568e+01 3.328999646353057074e+01 3.329697649024029005e+01
0.000000000000000000e+00 1.483698359055465232e+01 2.450614518984468759e+01 3.078039710312105726e+01 3.452306489117052024e+01 3.643477179323336657e+01 3.720191522814164387e+01 3.741890788006130464e+01 3.745619359892779698e+01
0.000000000000000000e+00 1.546129930066017977e+01 2.582432148566962837e+01 3.283888653755690967e+01 3.731158024999493250e+01 3.985141933414600146e+01 4.105400418723490930e+01 4.149185679410489058e+01 4.160289423586058177e+01
0.000000000000000000e+00 1.602928692043437309e+01 2.702182265731404698e+01 3.471348559766436637e+01 3.987321765632407988e+01 4.304304524884953764e+01 4.473658011863064843e+01 4.547524266652877856e+01 4.571922766594601484e+01
0.000000000000000000e+00 1.655013235087308487e+01 2.811800414770391399e+01 3.643118086705083414e+01 4.223352418791160545e+01 4.601898101618395742e+01 4.823370012276153318e+01 4.933857699969410504e+01 4.978116149177510152e+01
0.000000000000000000e+00 1.703096269566523091e+01 2.912806571236512099e+01 3.801408170792999641e+01 4.441609850622369748e+01 4.879382248418015422e+01 5.154055140240101451e+01 5.305877557696906166e+01 5.376263802322777252e+01
0.000000000000000000e+00 1.747741596502583761e+01 3.006412639071758619e+01 3.948034082357845875e+01 4.644191189400092412e+01 5.138421317624505491e+01 5.466023525483328172e+01 5.662142375309313280e+01 5.763974298853278810e+01
0.000000000000000000e+00 1.789402558934321164e+01 3.093598053522090652e+01 4.084493553492537643e+01 4.832923674856097307e+01 5.380695932107911261e+01 5.760079424641821788e+01 6.001997350114608309e+01 6.139346732152468888e+01
0.000000000000000000e+00 1.828449064071082120e+01 3.175164479613827240e+01 4.212030619236217888e+01 5.009384992506144130e+01 5.607803998722167194e+01 6.037295796791974567e+01 6.325404178858875781e+01 6.501078840809819326e+01
