0.000000000000000000e+00 0.000000000000000000e+00 0.000000000000000000e+00 0.000000000000000000e+00 0.000000000000000000e+00 0.000000000000000000e+00 0.000000000000000000e+00 0.000000000000000000e+00 0.000000000000000000e+00
0.000000000000000000e+00 4.162149133600031803e+00 4.162149133600031803e+00 4.162149133600031803e+00 4.162149133600031803e+00 4.162149133600031803e+00 4.162149133600031803e+00 4.162149133600031803e+00 4.162149133600031803e+00
0.000000000000000000e+00 6.818698807733085232e+00 8.324297210621637078e+00 8.324297210622306764e+00 8.324297210622372489e+00 8.324297210622527032e+00 8.324297210622503940e+00 8.324297210621271148e+00 8.324297210622734866e+00
0.000000000000000000e+00 8.740713000169284541e+00 1.189174501574388998e+01 1.248644403314172635e+01 1.248644403317411999e+01 1.248644403115842394e+01 1.248644403483430665e+01 1.248644403352896859e+01 1.248644403318791518e+01
0.000000000000000000e+00 1.023590735729084855e+01 1.487400953190509156e+01 1.640699988703539702e+01 1.664858656226012457e+01 1.664858656071596954e+01 1.664858656211016807e+01 1.664858656372526013e+01 1.664858656357898781e+01
0.000000000000000000e+00 1.145481671728317785e+01 1.738613282037208307e+01 1.996414418115807266e+01 2.071154308878000094e+01 2.081072804566641565e+01 2.081072804728988501e+01 2.081072804132714182e+01 2.081072804318808522e+01
0.000000000000000000e+00 1.248134400523747445e+01 1.953428736627229512e+01 2.314245274427181798e+01 2.457146666044939565e+01 2.493197468860484634e+01 2.497286800589285605e+01 2.497286800246904903e+01 2.497286800152454234e+01
0.000000000000000000e+00 1.336669421598670127e+01 2.139972868580965937e+01 2.597425594352443667e+01 2.816779373474973625e+01 2.894662179649754208e+01 2.911811075537040239e+01 2.913499980664385447e+01 2.913499982158226942e+01
0.000000000000000000e+00 1.414427635474224410e+01 2.304232752463057921e+01 2.850533028670717073e+01 3.148227312888013074e+01 3.279412439325992779e+01 3.320968422850813795e+01 3.329014557648024208e+01 3.329712574841744299e+01
0.000000000000000000e+00 1.483702850192765865e+01 2.450622909947729866e+01 3.078051362088007892e+01 3.452320662582792465e+01 3.643493028777578502e+01 3.720208244314885349e+01 3.741907822793697846e+01 3.745636468189816526e+01
0.000000000000000000e+00 1.546134366116196723e+01 2.582440511390286986e+01 3.283900406796507099e+01 3.731172543639542027e+01 3.985158469899138822e+01 4.105418185997316982e+01 4.149204019382311515e+01 4.160307950818588552e+01
0.000000000000000000e+00 1.602933154015466499e+01 2.702190725287050554e+01 3.471360552025370794e+01 3.987336758847825990e+01 4.304321851847057445e+01 4.473676933501295849e+01 4.547544075193553681e+01 4.571942941865989951e+01
0.000000000000000000e+00 1.655017662032602743e+01 2.811808848815593365e+01 3.643130131783316017e+01 4.223367617626102799e+01 4.601915868379731478e+01 4.823389683675096506e+01 4.933878572100638848e+01 4.978137634816099677e+01
0.000000000000000000e+00 1.703100688797582407e+01 2.912815019785959691e+01 3.801420305519886256e+01 4.441625276121507682e+01 4.879400433267036163e+01 5.154075516582736327e+01 5.305899453327590010e+01 5.376286582702537942e+01
0.000000000000000000e+00 1.747746006007673714e+01 3.006421104908603326e+01 3.948046293936945261e+01 4.644206797861625091e+01 5.138439860998266084e+01 5.466044483674303933e+01 5.662165157852037112e+01 5.763998257800872693e+01
0.000000000000000000e+00 1.789406953307939929e+01 3.093606528514896681e+01 4.084505803453531314e+01 4.832939409503938322e+01 5.380714736491955819e+01 5.760100844580674817e+01 6.002020837521146746e+01 6.139371692727540619e+01
0.000000000000000000e+00 1.828453366885110754e+01 3.175172812121341437e+01 4.212042686498465827e+01 5.009400540787451916e+01 5.607822699785188547e+01 6.037317231694368047e+01 6.325427861288925868e+01 6.501104231359579444e+01
