5.442187678887307811e+02
5.982853411626331308e+02
5.259938122361685373e+02
6.030341763366336636e+02
4.899388475360077564e+02
4.762961562106016800e+02
4.820540593477331868e+02
4.876825467379286465e+02
6.112803874335161254e+02
5.552454339429525589e+02
4.903495543733355930e+02
4.101091698435388366e+02
5.495149814364070835e+02
4.729845319977354734e+02
5.166262080878155984e+02
5.122531906755962154e+02
6.012089667427926543e+02
5.894758130723851082e+02
5.548861473832348565e+02
5.373460150205198715e+02
5.386483354995506261e+02
5.341642492432132485e+02
5.519178620508243966e+02
5.683903681205098337e+02
4.911350801840966938e+02
5.715418193584705477e+02
5.524181294638536883e+02
5.050855776017266976e+02
5.893258112111324181e+02
4.980701077952447235e+02
4.897538155735570058e+02
4.941304035869299582e+02
4.868790657738762206e+02
5.914026019349862509e+02
5.476755921986746216e+02
5.381515599477066871e+02
5.131969175131139309e+02
5.218946391630771586e+02
5.145018726201353729e+02
5.703636164644009341e+02
5.381638177689188751e+02
5.040002821721519126e+02
4.700828436582061727e+02
5.678958736817302224e+02
5.805094423481732520e+02
5.736871669307021193e+02
5.175027284141777955e+02
4.714924436036663451e+02
5.084334832089238034e+02
4.341832748090116070e+02
4.662994839931035926e+02
6.325092521481878975e+02
5.045554028923049827e+02
5.150779846800634232e+02
5.679089368705006109e+02
5.814108429804463185e+02
4.454233447859706985e+02
5.667064961090877659e+02
4.946521926628191750e+02
5.451144465419945391e+02
4.985981279196718106e+02
5.100535346232950360e+02
4.991501394955649289e+02
4.267862973805689535e+02
6.009523088363706620e+02
4.886450504408489905e+02
4.694733727525019731e+02
5.568428212970935647e+02
4.734419574450520258e+02
5.008029264660561921e+02
4.551903702432929890e+02
5.454489874509658875e+02
5.296638151419684846e+02
4.992075623117550549e+02
5.834135284253623013e+02
5.199737480781863042e+02
4.066024627950767467e+02
4.703699179772837056e+02
5.080773915134756180e+02
4.737752879066745777e+02
6.039063671252546328e+02
4.879097645696766108e+02
4.978384884581032566e+02
6.001538635152534198e+02
4.778095425516694377e+02
4.985694050695810802e+02
5.424276325049095249e+02
5.598549648375250172e+02
5.874488116077695850e+02
4.910254355446043633e+02
4.977097360800166825e+02
5.204662992104060777e+02
5.951139522479458037e+02
4.906970081885339710e+02
4.344323559879056802e+02
5.579597233914649905e+02
5.217511433038921496e+02
4.712442869057662733e+02
5.771260741347157364e+02
4.950871816700184809e+02
