3.399782948497776260e+02
2.498978791662385390e+02
3.479536765099527429e+02
2.999900660365306067e+02
4.065968303608677274e+02
3.352180206790144439e+02
3.009684667441369470e+02
2.987019721065352087e+02
3.181989175394867289e+02
3.115863323092351038e+02
3.548773347045833475e+02
3.680152197049396818e+02
4.125590056122108535e+02
2.902713876094940701e+02
3.682631481667852427e+02
3.009957644806779626e+02
2.824259721657571731e+02
3.174668269090803960e+02
2.983150624089635699e+02
3.446237372347010819e+02
3.011231338857190849e+02
3.164077189893436639e+02
3.266189924758646725e+02
3.129185114285005511e+02
3.384806820964015515e+02
2.651863815204711159e+02
3.499544775383714637e+02
3.153019315763643249e+02
2.826897221236779387e+02
3.215999821159655880e+02
3.841784508794880821e+02
2.584222852147809135e+02
3.526963385141189065e+02
3.278117924748705150e+02
4.201128032999163224e+02
3.456137629475816198e+02
3.370249883896980805e+02
2.973759671885322859e+02
3.618950816692635044e+02
2.994892478246090377e+02
3.499844490992186934e+02
3.211799735781587515e+02
3.153765660493893392e+02
3.050468907939107908e+02
3.242780485208422192e+02
3.367216674727786767e+02
3.763968664025022122e+02
3.189005594615234145e+02
3.710592295304294908e+02
2.438176042498511720e+02
3.058488179483348972e+02
3.112447794682803419e+02
3.296024313202622125e+02
2.763300725600903434e+02
3.364639872626494821e+02
3.083064377709024484e+02
3.728969847460111851e+02
2.876175836745483139e+02
2.824328254866262000e+02
3.684284840001364500e+02
3.671871396440525928e+02
3.056763479274612223e+02
3.539449158687262411e+02
2.986464973161990315e+02
2.800986700179509512e+02
3.827719411542774424e+02
3.510206317889741854e+02
3.256935059695176164e+02
3.602947288751068982e+02
3.510051883971364077e+02
2.848928849625729640e+02
3.134799471467700300e+02
3.647544880438766199e+02
3.403268542206512848e+02
3.212741910178854141e+02
3.656361914428214845e+02
3.434683942434655251e+02
3.455206616229215228e+02
3.935155871109635086e+02
3.622412054296586916e+02
3.059365187670249497e+02
2.958539794483099286e+02
3.349105337052839673e+02
3.792339176639328571e+02
3.540874247088542006e+02
3.729594285440631438e+02
2.901204248782662489e+02
3.168556038250711140e+02
2.603952467844651437e+02
3.458514336228396928e+02
3.704772822830225323e+02
4.125253426477896141e+02
2.890395830519976812e+02
3.623351608126727683e+02
3.369626582739350624e+02
3.498624926022596924e+02
3.388132652496988158e+02
3.491431365426199136e+02
2.968005767357707327e+02
3.555228787369970291e+02
