4.580367601841799114e+02
3.981824975919687404e+02
4.751852518866937771e+02
4.465033953563780642e+02
3.368687332274874962e+02
3.686089609058303722e+02
4.727854471285946829e+02
4.304362383232730167e+02
4.417076153165496635e+02
4.718083432472415666e+02
4.153118918011006713e+02
4.283708045291651842e+02
3.952511656801132176e+02
4.587196953568177946e+02
4.924163967445942376e+02
4.267557841567688115e+02
4.192545383141400634e+02
3.690638898136240869e+02
4.577840446771309644e+02
3.935717062310217216e+02
4.360248146859728422e+02
3.886493698874488700e+02
4.082247690480417077e+02
4.336334284974036564e+02
3.804007342997958858e+02
3.935089561431153697e+02
4.517096678379279524e+02
4.886452538282831597e+02
4.516726729814442933e+02
4.654635498204278292e+02
3.862115337732442981e+02
3.946421309481617072e+02
4.145603492087037125e+02
4.118508764959642008e+02
4.239819439440494762e+02
4.361798187400016786e+02
3.633085026463811005e+02
4.095679483517780000e+02
4.202761988095123229e+02
5.568306778518721103e+02
4.149369628891163870e+02
4.681177970677429130e+02
3.789669541703813707e+02
5.410569595488062760e+02
4.292768618889261916e+02
4.125122476548212376e+02
4.774165307270180847e+02
4.295187526456659270e+02
4.513640620138745021e+02
3.935300750216930510e+02
4.586375296599607054e+02
4.911432917929718087e+02
3.879328436582201789e+02
4.316996520779515549e+02
4.676102931023157794e+02
3.814488883527220651e+02
4.713575158137921335e+02
4.394606776455678983e+02
3.788300125885374996e+02
4.697484903706713908e+02
4.428239926239650686e+02
4.598558770839239855e+02
4.362175444822096324e+02
4.790436339683836309e+02
3.410738139901295085e+02
4.306718639492218017e+02
3.955834774813764625e+02
4.331122209229067153e+02
4.287672119352437221e+02
4.103439749307342481e+02
4.349783048677604711e+02
3.339931156528459724e+02
4.099042651886557564e+02
4.299378529044297466e+02
3.649658484402992826e+02
4.406000402570567758e+02
4.023777213048455224e+02
4.480501134778091910e+02
3.999969308290944241e+02
4.687983421448773811e+02
3.624022350098263132e+02
4.784471004939573504e+02
4.852712689950362801e+02
4.563530234007355375e+02
4.493374951045102534e+02
3.704386844647295334e+02
3.861024135593016808e+02
4.734135123132888339e+02
4.545731621922332124e+02
4.534375878853883250e+02
3.833800619256805362e+02
3.933988974712370350e+02
4.646301703213123346e+02
3.917508269280150444e+02
4.383569558190953899e+02
5.020604896873254575e+02
4.514813645196923062e+02
5.247658050134635914e+02
4.448016935151024995e+02
4.331001861376937541e+02
