5.439871094896437853e+02
6.003980715520025342e+02
5.288321687229837380e+02
6.057414471164257748e+02
5.041699505456672341e+02
4.778744401354040292e+02
4.807122570919116811e+02
4.893147270056397247e+02
6.134686552813504932e+02
5.564566142115976390e+02
4.917793945002475766e+02
4.095334886984492755e+02
5.617982981122837600e+02
4.735410914382364922e+02
5.163265907098217440e+02
5.148990968778048227e+02
6.038167285458561082e+02
5.993201012059739696e+02
5.650050404939006512e+02
5.387016014022494801e+02
5.600702061636355893e+02
5.393455910163286262e+02
5.530000898198350114e+02
5.703602929424353079e+02
4.828798171489009974e+02
5.863686824107451230e+02
5.557967666577686714e+02
5.069984349577410399e+02
5.995705272447487459e+02
4.980312074230020585e+02
5.029263965831945029e+02
4.991629358984233704e+02
4.892931607848490785e+02
5.879618606733251909e+02
5.498813895912057887e+02
5.385358623539390237e+02
5.148204492811411228e+02
5.288038972798005943e+02
5.177691693764785441e+02
5.722432673171651913e+02
5.401749407985762446e+02
5.058585304543789221e+02
4.700441660572845421e+02
5.804877557935540153e+02
5.830825728744209755e+02
5.839179212131869008e+02
5.183048108323440601e+02
4.732723299112848849e+02
5.251963756299641091e+02
4.355350071986048306e+02
4.677617071862824787e+02
6.351197600867893698e+02
5.065140548862217997e+02
5.166552930926118279e+02
5.705119069508011762e+02
5.840144844457948921e+02
4.470286155761529017e+02
5.711265056583932846e+02
5.094973772751542924e+02
5.472008258064255415e+02
4.934822595361260369e+02
5.121363142647016957e+02
4.989287738549832625e+02
4.277200829393454455e+02
5.975285879531403452e+02
4.898459108043390415e+02
4.701368746548491231e+02
5.589284176485926992e+02
4.911891588877767276e+02
5.021992340366003873e+02
4.548902007456954379e+02
5.476044816665686312e+02
5.434151009046173613e+02
5.097464166682242421e+02
5.854330750237742222e+02
5.116928674666834809e+02
4.058762425651639774e+02
4.829793743396506329e+02
5.101905140771268066e+02
4.779587950216184709e+02
6.067264679585726981e+02
4.909568317739976351e+02
5.095314374579288597e+02
5.884354589147756087e+02
4.784451067300052500e+02
5.009674178592562725e+02
5.443499368212984564e+02
5.625435550720018227e+02
5.900891667366356614e+02
4.973363314578018617e+02
4.993923879906500360e+02
5.224070474498720387e+02
5.988496223174261104e+02
4.922967913344244266e+02
4.360273934558086353e+02
5.599878048549655887e+02
5.234052404076185212e+02
4.745908912175576120e+02
5.794682803371554201e+02
4.968226265586041563e+02
