5.692187286973468190e+02
5.949802582107141689e+02
5.312206278042044687e+02
6.379373107600719095e+02
6.763923962134306294e+02
5.956088045684718963e+02
6.018429780511627314e+02
6.298022223769777383e+02
6.055427380888194193e+02
6.612907846748482825e+02
5.442365881132408276e+02
6.140592176191435101e+02
5.773644937221755526e+02
7.442365227111504282e+02
5.680515499944466455e+02
6.369698515201082500e+02
6.243969495785100889e+02
5.963875095224776715e+02
5.757945225437160843e+02
5.426380334933111271e+02
6.084347258068478368e+02
6.087173415154483109e+02
4.958702629456290651e+02
5.710381421979112702e+02
6.449965110202150527e+02
5.627021020773496502e+02
5.629121211299631113e+02
6.601651439150180067e+02
6.772568864842099856e+02
5.346026109041462178e+02
6.411678572765671333e+02
5.814906960101538971e+02
5.771403579576357288e+02
7.636035970587149677e+02
6.586094000039679486e+02
6.014685963203722849e+02
6.702094748266659963e+02
6.416552615424616306e+02
6.062042059126375761e+02
5.867812522728995646e+02
6.643180919442276036e+02
6.757041150411694161e+02
6.709092872329639476e+02
4.912343150254644115e+02
5.966871371570955489e+02
6.111911333335672225e+02
5.414593487658387403e+02
6.579397565020650518e+02
6.071528950937480431e+02
6.161611157970671684e+02
6.800852026607401513e+02
6.204731560202869787e+02
6.514936791658245738e+02
5.147815098012215458e+02
5.590595343980393181e+02
5.784494189674110203e+02
6.337625038149951706e+02
7.097200008182837792e+02
5.239266922071916497e+02
6.156342733843152928e+02
5.499116669463951439e+02
6.462288801675360901e+02
5.927611788338758743e+02
6.708053628245603477e+02
5.811658118299576472e+02
6.106995335429093075e+02
6.560118780000519791e+02
6.307376129968731675e+02
5.622994131366548345e+02
6.307608896851605778e+02
5.620955693819826138e+02
6.142882395071119390e+02
6.144359666682823899e+02
5.968239625645923070e+02
5.947172381997521597e+02
6.252351073777832653e+02
6.416028621801258396e+02
6.041546222404052742e+02
6.004354436724353263e+02
6.673070033721533036e+02
6.455548278983349064e+02
5.712193785150684562e+02
6.003821134405452540e+02
5.691019790668512996e+02
5.002047091639482801e+02
6.289304947172821585e+02
6.021972158381221334e+02
6.901631334169754837e+02
5.755525847016878060e+02
6.283997719682172374e+02
6.847345327249564662e+02
6.807487878944240265e+02
6.588826858933809945e+02
6.037910832866883766e+02
6.149353328675331340e+02
5.830070377657996232e+02
6.579281341486791916e+02
6.170687266349839319e+02
5.880423330264707147e+02
6.473505672847895767e+02
