0.000000000000000000e+00 0.000000000000000000e+00
4.258029425126127698e+00 4.289450351080422941e+00
8.516058893588699164e+00 8.578472548271941278e+00
1.277408839143840957e+01 1.286707816808058524e+01
1.703211789909024176e+01 1.715527781203315527e+01
2.129014775872428800e+01 2.144308269323018834e+01
2.554817733388768630e+01 2.573050327274003379e+01
2.980620679969955233e+01 3.001754909290175277e+01
3.406423632191680895e+01 3.430423001703206864e+01
3.832226584467871078e+01 3.859055496543417973e+01
4.258029541367311310e+01 4.287653291315110948e+01
4.683832490413244187e+01 4.716217238828422609e+01
5.109635458831419186e+01 5.144748150527685482e+01
5.535438432198659342e+01 5.573246820210549402e+01
5.961241406321714464e+01 6.001714024814148019e+01
6.387044362474412651e+01 6.430150482348877006e+01
6.812847356800536147e+01 6.858556915295531553e+01
7.238650335905710165e+01 7.286934017420676923e+01
7.664453321453757439e+01 7.715282402249499683e+01
8.090256354527917892e+01 8.143602742053299437e+01
8.516059324492121618e+01 8.571895633458814245e+01
8.941862311760485227e+01 9.000161751975583968e+01
9.367665276879054659e+01 9.428401584667678037e+01
9.793468272518619244e+01 9.856615731758247989e+01
1.021927128239383649e+02 1.028480473035443481e+02
1.064507428150456434e+02 1.071296910741576198e+02
1.107087732938877735e+02 1.114110938901141594e+02
1.149668032263672615e+02 1.156922598751178271e+02
1.192248329277532974e+02 1.199731949434282967e+02
1.234828625677164382e+02 1.242539028608857024e+02
1.277408926538965375e+02 1.285343885018914136e+02
1.319989222620893941e+02 1.328146567649794179e+02
1.362569530932698001e+02 1.370947112944568289e+02
1.405149828796481017e+02 1.413745557172713916e+02
1.447730126824827437e+02 1.456541945269128746e+02
1.490310429211384076e+02 1.499336322603867302e+02
1.532890731838343186e+02 1.542128717676608289e+02
1.575471032545210619e+02 1.584919174039735594e+02
1.618051330365696288e+02 1.627707730671026525e+02
1.660631641986084617e+02 1.670494416535516677e+02
1.703211951797747759e+02 1.713279250935522384e+02
1.745792252959863617e+02 1.756062291049265696e+02
1.788372553584877096e+02 1.798843552123159952e+02
1.830952857420136866e+02 1.841623074754158438e+02
1.873533161527674906e+02 1.884400877841428041e+02
1.916113465880164313e+02 1.927177003966609732e+02
1.958693770466084061e+02 1.969951471049035945e+02
2.001274084848857342e+02 2.012724313167723835e+02
2.043854390334689697e+02 2.055495554266067870e+02
2.086434695822150047e+02 2.098265239944698237e+02
2.129015002160650738e+02 2.141033365201464562e+02
2.171595308001092519e+02 2.183799968467272379e+02
2.214175624687235029e+02 2.226565096948500582e+02
2.256755931115318390e+02 2.269328736385803609e+02
2.299336237753669252e+02 2.312090937361384135e+02
2.341916545671077756e+02 2.354851707527143390e+02
2.384496853081051881e+02 2.397611076765961116e+02
2.427077167505181592e+02 2.440369078005438155e+02
2.469657465980092184e+02 2.483125707568713096e+02
2.512237774585764498e+02 2.525880999195722723e+02
2.554818085972014785e+02 2.568634980976078737e+02
2.597398389196027892e+02 2.611387668115438601e+02
2.639978687644702404e+02 2.654139064837347632e+02
2.682558987646942796e+02 2.696889203647887143e+02
2.725139306153607208e+02 2.739638103491840866e+02
