0.000000000000000000e+00 0.000000000000000000e+00
4.258029441552796612e+00 4.289450323347153038e+00
8.516058886674414907e+00 8.578472521509114657e+00
1.277408838642097066e+01 1.286707813593424277e+01
1.703211789558123712e+01 1.715527781618052217e+01
2.129014743403634924e+01 2.144308278987501382e+01
2.554817688181915614e+01 2.573050320283618930e+01
2.980620646561224873e+01 3.001754898162538865e+01
3.406423606596358411e+01 3.430422988820862429e+01
3.832226551929593228e+01 3.859055483255079366e+01
4.258029502331392280e+01 4.287653281225594526e+01
4.683832450674437098e+01 4.716217223009216752e+01
5.109635420127053607e+01 5.144748135784861631e+01
5.535438369822168880e+01 5.573246810053797162e+01
5.961241325817654513e+01 6.001714006344421648e+01
6.387044274638560637e+01 6.430150461034207865e+01
6.812847249950337414e+01 6.858556877693291653e+01
7.238650229485483578e+01 7.286933947715498050e+01
7.664453181619799693e+01 7.715282297339774686e+01
8.090256141998523276e+01 8.143602659403620692e+01
8.516059131266577253e+01 8.571895565581036180e+01
8.941862082398024825e+01 9.000161680069264492e+01
9.367665038479069040e+01 9.428401511309087368e+01
9.793468106000388218e+01 9.856615683509420478e+01
1.021927105665713782e+02 1.028480467862468544e+02
1.064507405484866638e+02 1.071296907589866976e+02
1.107087705585284141e+02 1.114110933831848342e+02
1.149668005896391065e+02 1.156922598475954231e+02
1.192248301205380301e+02 1.199731950753195804e+02
1.234828602074345270e+02 1.242539031783184953e+02
1.277408898316025727e+02 1.285343889160494086e+02
1.319989194646551027e+02 1.328146570141832967e+02
1.362569496387750689e+02 1.370947113438639349e+02
1.405149800899773425e+02 1.413745558885375431e+02
1.447730110244100388e+02 1.456541957905942013e+02
1.490310406815035833e+02 1.499336336001158543e+02
1.532890709337496560e+02 1.542128738815429472e+02
1.575471012099511370e+02 1.584919194971276681e+02
1.618051314823022153e+02 1.627707744570319051e+02
1.660631616969363904e+02 1.670494416456887166e+02
1.703211914699117528e+02 1.713279256150004812e+02
1.745792212647066606e+02 1.756062292024268174e+02
1.788372521613060826e+02 1.798843558639024423e+02
1.830952825959955135e+02 1.841623076527062892e+02
1.873533125097623895e+02 1.884400892690745195e+02
1.916113422437284441e+02 1.927177017175959577e+02
1.958693722911324357e+02 1.969951488232037207e+02
2.001274027610133999e+02 2.012724330808514708e+02
2.043854324262076716e+02 2.055495579724945969e+02
2.086434629159398924e+02 2.098265263838389103e+02
2.129014934990169650e+02 2.141033398530777561e+02
2.171595241354700079e+02 2.183800012521908798e+02
2.214175537144182613e+02 2.226565127255971959e+02
2.256755843426159345e+02 2.269328762908661474e+02
2.299336154374763339e+02 2.312090968257753048e+02
2.341916449042489603e+02 2.354851750042357139e+02
2.384496755780097601e+02 2.397611125666819305e+02
2.427077063426204404e+02 2.440369113429823926e+02
2.469657359231243845e+02 2.483125737887748414e+02
2.512237666953181190e+02 2.525881028361854419e+02
2.554817975458750539e+02 2.568635001265639062e+02
2.597398287268787271e+02 2.611387676742932058e+02
2.639978584127446197e+02 2.654139067194619770e+02
2.682558880880158654e+02 2.696889219494339045e+02
2.725139189759069041e+02 2.739638114952637125e+02
