0.000000000000000000e+00 0.000000000000000000e+00
4.258029431334590775e+00 4.289450347492915760e+00
8.516058897813003625e+00 8.578472544954983903e+00
1.277408839090282910e+01 1.286707816434244123e+01
1.703211789825153133e+01 1.715527782838778847e+01
2.129014746545782089e+01 2.144308270595321275e+01
2.554817703523957562e+01 2.573050307458030872e+01
2.980620660836224900e+01 3.001754886136684064e+01
3.406423608987324769e+01 3.430422964259398100e+01
3.832226557188990768e+01 3.859055464699068239e+01
4.258029523668219696e+01 4.287653239488395229e+01
4.683832482061886537e+01 4.716217180916734009e+01
5.109635457389524049e+01 5.144748069577141081e+01
5.535438404848832761e+01 5.573246743799824543e+01
5.961241379057483414e+01 6.001714055320793051e+01
6.387044363371389011e+01 6.430150482472646445e+01
6.812847343295113944e+01 6.858556898886837416e+01
7.238650298603715783e+01 7.286933967213487051e+01
7.664453282955457780e+01 7.715282324132533631e+01
8.090256268816443708e+01 8.143602662499218070e+01
8.516059250894502952e+01 8.571895590947302424e+01
8.941862293465715084e+01 9.000161653872024203e+01
9.367665286412169223e+01 9.428401448887106540e+01
9.793468279027442236e+01 9.856615571867618542e+01
1.021927127633583439e+02 1.028480456694271936e+02
1.064507423451146337e+02 1.071296894605721235e+02
1.107087719240469568e+02 1.114110921140201214e+02
1.149668022145139048e+02 1.156922585002419623e+02
1.192248322814514268e+02 1.199731934924289902e+02
1.234828624077577928e+02 1.242539018109949325e+02
1.277408925429402018e+02 1.285343875103529854e+02
1.319989233019255153e+02 1.328146556398441476e+02
1.362569534661935222e+02 1.370947101376498551e+02
1.405149836649549115e+02 1.413745550969391331e+02
1.447730139020418392e+02 1.456541943815372804e+02
1.490310434227334895e+02 1.499336318344388701e+02
1.532890741305230335e+02 1.542128711404375281e+02
1.575471044065392618e+02 1.584919166603648364e+02
1.618051350943283921e+02 1.627707716486437164e+02
1.660631647917661837e+02 1.670494396241591630e+02
1.703211944266969340e+02 1.713279243665002411e+02
1.745792247622226796e+02 1.756062287257546473e+02
1.788372559728393867e+02 1.798843546705003291e+02
1.830952863712644785e+02 1.841623062856072011e+02
1.873533168114333307e+02 1.884400866264317642e+02
1.916113472667932740e+02 1.927176991531630108e+02
1.958693777285826059e+02 1.969951456443964730e+02
2.001274090284481133e+02 2.012724302492973720e+02
2.043854405562646548e+02 2.055495560394615495e+02
2.086434713720563821e+02 2.098265237138375028e+02
2.129015026295163864e+02 2.141033363837504169e+02
2.171595332155175129e+02 2.183799981645925072e+02
2.214175627970788867e+02 2.226565095130090413e+02
2.256755933872783544e+02 2.269328739253772937e+02
2.299336240429467466e+02 2.312090934036352223e+02
2.341916539658164140e+02 2.354851712165136632e+02
2.384496846994083512e+02 2.397611080723393115e+02
2.427077165344653054e+02 2.440369062152460629e+02
2.469657477470278479e+02 2.483125695391563852e+02
2.512237774635814276e+02 2.525880982099952234e+02
2.554818083741029113e+02 2.568634955113968203e+02
2.597398391209618467e+02 2.611387633922304303e+02
2.639978700078279985e+02 2.654139031867307494e+02
2.682559016971283654e+02 2.696889171032512422e+02
2.725139325422894672e+02 2.739638058429805483e+02
