0.000000000000000000e+00 0.000000000000000000e+00
4.552566531468860589e+00 4.577708840738648810e+00
9.105133063512955260e+00 9.155147391260474166e+00
1.365769959548013368e+01 1.373232146581037405e+01
1.821026612925557941e+01 1.830923668422830985e+01
2.276283266294314700e+01 2.288589849403452092e+01
2.731539919894035506e+01 2.746231217955916293e+01
3.186796573174436986e+01 3.203848286373347776e+01
3.642053226681611022e+01 3.661441548167196203e+01
4.097309879946151057e+01 4.119011485717086885e+01
4.552566534257478281e+01 4.576558563580753969e+01
5.007823189920385687e+01 5.034083234430609366e+01
5.463079844459498702e+01 5.491585938346112528e+01
5.918336501345883960e+01 5.949067099700495476e+01
6.373593156547653393e+01 6.406527135480486379e+01
6.828849811631938849e+01 6.863966446867465265e+01
7.284106465098193439e+01 7.321385423401332559e+01
7.739363121264369738e+01 7.778784443137891458e+01
8.194619775626057390e+01 8.236163873983218764e+01
8.649876430629066704e+01 8.693524077052327925e+01
9.105133086930291597e+01 9.150865402611609056e+01
9.560389743787683869e+01 9.608188188146802133e+01
1.001564639995628880e+02 1.006549276495431968e+02
1.047090305548759943e+02 1.052277945603833018e+02
1.092615971057086028e+02 1.098004857237531553e+02
1.138141636400185064e+02 1.143730042030192067e+02
1.183667301965241023e+02 1.189453529820081883e+02
1.229192967945971873e+02 1.235175349009522847e+02
1.274718633428550447e+02 1.280895528527419742e+02
1.320244299077415349e+02 1.326614095769677988e+02
1.365769964450228144e+02 1.372331077258405116e+02
1.411295630426780860e+02 1.418046498975518261e+02
1.456821296353595017e+02 1.463760386571251502e+02
1.502346962275531723e+02 1.509472764784610490e+02
1.547872628204816579e+02 1.555183658305342078e+02
1.593398294135425317e+02 1.600893090254743925e+02
1.638923960039256826e+02 1.646601084694138990e+02
1.684449626047870083e+02 1.692307663538487645e+02
1.729975292154358328e+02 1.738012848650714659e+02
1.775500958288770335e+02 1.783716661540082669e+02
1.821026624401031597e+02 1.829419124000906436e+02
1.866552290470971229e+02 1.875120256228596531e+02
1.912077956470164395e+02 1.920820078407741107e+02
1.957603622396383116e+02 1.966518609368861803e+02
2.003129288382190794e+02 2.012215869382168876e+02
2.048654954705021680e+02 2.057911876524449610e+02
2.094180620770127916e+02 2.103606649786119931e+02
2.139706286660045862e+02 2.149300206122873078e+02
2.185231952176487482e+02 2.194992563789472797e+02
2.230757618037096108e+02 2.240683740188845832e+02
2.276283283890158486e+02 2.286373751468270257e+02
2.321808949734025305e+02 2.332062614666704405e+02
2.367334615746902386e+02 2.377750345536250620e+02
2.412860281115447663e+02 2.423436960392911601e+02
2.458385947867802486e+02 2.469122473767873771e+02
2.503911613373671230e+02 2.514806901110836179e+02
2.549437279741235898e+02 2.560490257757584800e+02
2.594962945196512010e+02 2.606172557341978973e+02
2.640488610945270125e+02 2.651853814411326766e+02
2.686014276459945904e+02 2.697534044198493461e+02
2.731539942143713233e+02 2.743213259158482060e+02
2.777065608089643547e+02 2.788891472335316166e+02
2.822591274133984598e+02 2.834568697335533898e+02
2.868116940532785861e+02 2.880244947473553339e+02
2.913642606943606097e+02 2.925920234551429076e+02
2.959168273512557903e+02 2.971594570748432034e+02
3.004693939273353749e+02 3.017267967869506720e+02
3.050219605706458879e+02 3.062940438734289046e+02
3.095745271864855113e+02 3.108611996233994432e+02
3.141270937947537618e+02 3.154282649835329266e+02
3.186796603912251840e+02 3.199952410506323304e+02
3.232322269904763061e+02 3.245621291569012783e+02
3.277847935922343368e+02 3.291289301482853489e+02
3.323373601343398036e+02 3.336956451790566689e+02
3.368899267402387068e+02 3.382622752984202066e+02
3.414424933104344859e+02 3.428288214960168716e+02
3.459950599648311709e+02 3.473952848189269389e+02
3.505476267178154330e+02 3.519616663623725117e+02
3.551001934007414320e+02 3.565279669336523511e+02
3.596527600916897427e+02 3.610941876000148341e+02
3.642053268164111159e+02 3.656603291099042394e+02
3.687578933780617945e+02 3.702263924543649409e+02
3.733104600519474161e+02 3.747923786354142521e+02
3.778630267499016213e+02 3.793582884444095384e+02
3.824155934406709889e+02 3.839241228246756350e+02
3.869681599825900662e+02 3.884898827438483977e+02
3.915207267608565189e+02 3.930555687824351025e+02
3.960732933104173981e+02 3.976211818777959479e+02
4.006258600168237081e+02 4.021867229362924263e+02
4.051784267840672555e+02 4.067521926429016048e+02
4.097309934966115748e+02 4.113175917792406153e+02
4.142835601826353695e+02 4.158829212581383672e+02
4.188361268392569627e+02 4.204481817331653701e+02
4.233886934924027514e+02 4.250133739905365360e+02
4.279412602246035817e+02 4.295784986671178558e+02
4.324938269378907307e+02 4.341435565809211994e+02
4.370463935091074745e+02 4.387085484177580383e+02
