0.000000000000000000e+00 0.000000000000000000e+00
4.558107461818279305e+00 4.576809718630409307e+00
9.116214924384193452e+00 9.153468849661743789e+00
1.367432238791079868e+01 1.372997982939920192e+01
1.823242985108497294e+01 1.830634502537537855e+01
2.279053732223066220e+01 2.288256676608179063e+01
2.734864478767010354e+01 2.745864731639058931e+01
3.190675226644010110e+01 3.203458886901136538e+01
3.646485974120007256e+01 3.661039359633663537e+01
4.102296720824151066e+01 4.118606359991646571e+01
4.558107467127015866e+01 4.576160094463054406e+01
5.013918213509668931e+01 5.033700764577959319e+01
5.469728960731606549e+01 5.491228567299796737e+01
5.925539708019451268e+01 5.948743693698649793e+01
6.381350458284232019e+01 6.406246334939073961e+01
6.837161205407554121e+01 6.863736673539693811e+01
7.292971953369188043e+01 7.321214886557780233e+01
7.748782704580727909e+01 7.778681152969977575e+01
8.204593453720553953e+01 8.236135642200443385e+01
8.660404205157007596e+01 8.693578523488051246e+01
9.116214952042636810e+01 9.151009961487486066e+01
9.572025700266317472e+01 9.608430118638109718e+01
1.002783644858875789e+02 1.006583915152333901e+02
1.048364719682302280e+02 1.052323721895507163e+02
1.093945794734035104e+02 1.098062446626184823e+02
1.139526869918985028e+02 1.143800104499603520e+02
1.185107945026376512e+02 1.189536709905461578e+02
1.230689020327372702e+02 1.235272276882790408e+02
1.276270095116003347e+02 1.281006819483819186e+02
1.321851169970711339e+02 1.326740351361192438e+02
1.367432244795617180e+02 1.372472886575902180e+02
1.413013319632561320e+02 1.418204437282916501e+02
1.458594394833347678e+02 1.463935016614764208e+02
1.504175469851526259e+02 1.509664637333168571e+02
1.549756545071688265e+02 1.555393312462080360e+02
1.595337620266641352e+02 1.601121053140105914e+02
1.640918695479581118e+02 1.646847870916886905e+02
1.686499770778493712e+02 1.692573778398561899e+02
1.732080846161452428e+02 1.738298787198542072e+02
1.777661921607147235e+02 1.784022907959855218e+02
1.823242997025041632e+02 1.829746151292127934e+02
1.868824072398839178e+02 1.875468528641117132e+02
1.914405147767088806e+02 1.921190051006440171e+02
1.959986222999144161e+02 1.966910727946645920e+02
2.005567298322002330e+02 2.012630570328358317e+02
2.051148373780179099e+02 2.058349587727372807e+02
2.096729449263174843e+02 2.104067790343170259e+02
2.142310524462456272e+02 2.149785187354880804e+02
2.187891599636670037e+02 2.195501788561145986e+02
2.233472674795032731e+02 2.241217603421894466e+02
2.279053750003783421e+02 2.286932641219687525e+02
2.324634825483721556e+02 2.332646910933496542e+02
2.370215900833044884e+02 2.378360420819768990e+02
2.415796976118169539e+02 2.424073180787693218e+02
2.461378051838752299e+02 2.469785198190381266e+02
2.506959126616548303e+02 2.515496482010158275e+02
2.552540201841147223e+02 2.561207039996065760e+02
2.598121277564722504e+02 2.606916880743820002e+02
2.643702352541403116e+02 2.652626013355248347e+02
2.689283427375204383e+02 2.698334444532771954e+02
2.734864502273901508e+02 2.744042182185351635e+02
2.780445577537481654e+02 2.789749232713822948e+02
2.826026652512976511e+02 2.835455604736530972e+02
2.871607728265409492e+02 2.881161305348059614e+02
2.917188802884936081e+02 2.926866341814370571e+02
2.962769878101443055e+02 2.972570722138591464e+02
3.008350953275282222e+02 3.018274452855878849e+02
3.053932028877748053e+02 3.063977539932560603e+02
3.099513104369199255e+02 3.109679990324826804e+02
3.145094179072481779e+02 3.155381811116182575e+02
3.190675253831270766e+02 3.201083009426546369e+02
3.236256329134950533e+02 3.246783591806288882e+02
3.281837404482671445e+02 3.292483563521141150e+02
3.327418479228465458e+02 3.338182931547291901e+02
3.372999555240844529e+02 3.383881701492963430e+02
3.418580630081658569e+02 3.429579880071028128e+02
3.464161705479660895e+02 3.475277473007129743e+02
3.509742781417874085e+02 3.520974486562349171e+02
3.555323857575153852e+02 3.566670927106870295e+02
3.600904933803333279e+02 3.612366798124736533e+02
3.646486010295210463e+02 3.658062106847913810e+02
3.692067085112373661e+02 3.703756858320549554e+02
3.737648160666943795e+02 3.749451058678303070e+02
3.783229236758116940e+02 3.795144713214048124e+02
3.828810311762069887e+02 3.840837826322610908e+02
3.874391386633366210e+02 3.886530404969909114e+02
3.919972462812363574e+02 3.932222451935589334e+02
3.965553537801019388e+02 3.977913974490651299e+02
4.011134614246911951e+02 4.023604976473550323e+02
4.056715691172457809e+02 4.069295463423143246e+02
4.102296767581936479e+02 4.114985438949836407e+02
4.147877843728361427e+02 4.160674909622774749e+02
4.193458919586241791e+02 4.206363878584185159e+02
4.239039995564931473e+02 4.252052352064191041e+02
4.284621072282579917e+02 4.297740332779745813e+02
4.330202147203781351e+02 4.343427825906359203e+02
4.375783222557525960e+02 4.389114836564635880e+02
