0.000000000000000000e+00 0.000000000000000000e+00
4.552727475451740169e+00 4.576809839384578638e+00
9.105454951555769227e+00 9.153370909297997571e+00
1.365818242793868009e+01 1.372968835066408033e+01
1.821090990566417034e+01 1.830576715177727465e+01
2.276363738373450119e+01 2.288161215278907079e+01
2.731636486410796749e+01 2.745722803754861729e+01
3.186909234086159870e+01 3.203261934220179796e+01
3.642181981967368642e+01 3.660779048488443266e+01
4.097454732140775491e+01 4.118274575175674812e+01
4.552727479914399566e+01 4.575748930423073801e+01
5.008000229399284819e+01 5.033202518743465248e+01
5.463272978004236080e+01 5.490635732860978635e+01
5.918545725694755788e+01 5.948048954288241674e+01
6.373818475261743544e+01 6.405442555058729681e+01
6.829091226867508624e+01 6.862816894128977196e+01
7.284363975201196695e+01 7.320172319367603109e+01
7.739636727639523883e+01 7.777509176507484767e+01
8.194909476481966237e+01 8.234827793560276632e+01
8.650182227541802149e+01 8.692128496794452985e+01
9.105454977049754461e+01 9.149411599933810635e+01
9.560727725866101423e+01 9.606677410326280153e+01
1.001600047516591587e+02 1.006392622280378362e+02
1.047127322784584322e+02 1.052115833267012874e+02
1.092654597746177245e+02 1.097837402060265219e+02
1.138181873082909874e+02 1.143557356438055024e+02
1.183709148288010340e+02 1.189275723139252534e+02
1.229236423713173991e+02 1.234992528162859173e+02
1.274763699049125876e+02 1.280707797585979506e+02
1.320290974185147945e+02 1.326421555836169830e+02
1.365818249319901554e+02 1.372133827516279894e+02
1.411345524753858456e+02 1.417844637240083614e+02
1.456872800125468359e+02 1.463554007275268418e+02
1.502400075532269739e+02 1.509261960346569538e+02
1.547927350898957570e+02 1.554968518653971614e+02
1.593454626249611010e+02 1.600673704548450758e+02
1.638981901577116673e+02 1.646377538329656431e+02
1.684509177012481587e+02 1.692080040270904249e+02
1.730036452553976858e+02 1.737781231254925274e+02
1.775563728148199516e+02 1.783481130776622763e+02
1.821091003719138257e+02 1.829179757483046274e+02
1.866618279224622654e+02 1.874877131740684035e+02
1.912145554620238386e+02 1.920573270469902809e+02
1.957672829987455998e+02 1.966268192693496246e+02
2.003200105461989438e+02 2.011961915487252952e+02
2.048727381070070521e+02 2.057654455918727763e+02
2.094254656578166873e+02 2.103345831069085534e+02
2.139781931910168282e+02 2.149036056810373339e+02
2.185309207216995731e+02 2.194725150774482927e+02
2.230836482484795056e+02 2.240413127954071228e+02
2.276363757800629060e+02 2.286100003739903457e+02
2.321891033151027273e+02 2.331785792824063037e+02
2.367418309399105851e+02 2.377470510360969911e+02
2.412945584434687873e+02 2.423154172147955023e+02
2.458472859561150585e+02 2.468836791020102908e+02
2.504000135116202159e+02 2.514518381156518672e+02
2.549527410101529767e+02 2.560198956342542260e+02
2.595054685003080976e+02 2.605878529685309672e+02
2.640581960115110860e+02 2.651557115788005490e+02
2.686109235694992208e+02 2.697234725779722453e+02
2.731636510576963701e+02 2.742911373446783045e+02
2.777163785995061858e+02 2.788587070412626190e+02
2.822691061519826690e+02 2.834261828460790866e+02
2.868218337350851925e+02 2.879935660176948886e+02
2.913745613188312973e+02 2.925608578357392844e+02
2.959272888561482091e+02 2.971280593622252582e+02
3.004800163783286280e+02 3.016951716547167734e+02
3.050327439658024105e+02 3.062621958683835146e+02
3.095854715298446536e+02 3.108291329785168955e+02
3.141381990810173193e+02 3.153959841777008819e+02
3.186909266698647798e+02 3.199627504502454940e+02
3.232436542134546471e+02 3.245294329970639069e+02
3.277963817589550786e+02 3.290960325376258879e+02
3.323491093703341903e+02 3.336625502465130921e+02
3.369018368884650272e+02 3.382289869963506135e+02
3.414545645740114423e+02 3.427953438566128170e+02
3.460072921679940805e+02 3.473616216801814289e+02
3.505600198666591041e+02 3.519278215493359312e+02
3.551127475216028415e+02 3.564939441508296909e+02
3.596654751573829571e+02 3.610599904066739896e+02
3.642182028270035516e+02 3.656259612851999918e+02
3.687709303243167369e+02 3.701918575767297170e+02
3.733236578975801194e+02 3.747576801786169085e+02
3.778763854643534614e+02 3.793234298430429021e+02
3.824291129818982427e+02 3.838891074578427833e+02
3.869818404725676828e+02 3.884547139148452288e+02
3.915345681797214183e+02 3.930202497861483266e+02
3.960872957874333906e+02 3.975857159376771506e+02
4.006400234378138521e+02 4.021511131746304955e+02
4.051927510563305646e+02 4.067164422190652999e+02
4.097454787135565084e+02 4.112817038498183138e+02
4.142982063442331651e+02 4.158468987150556586e+02
4.188509340158863097e+02 4.204120275260186190e+02
4.234036616133374764e+02 4.249770911632703587e+02
4.279563892991142211e+02 4.295420900166390084e+02
4.325091168219942119e+02 4.341070249498457088e+02
4.370618443216792457e+02 4.386718966089044898e+02
