0.000000000000000000e+00 0.000000000000000000e+00
4.258052515262940041e+00 4.289473598914335106e+00
8.516105053238121059e+00 8.578519033684688821e+00
1.277415760768764130e+01 1.286714788057802394e+01
1.703221019056446295e+01 1.715537076856106680e+01
2.129026280068243437e+01 2.144319887211117504e+01
2.554831542814000045e+01 2.573064244595167338e+01
2.980636808707229335e+01 3.001771147081585411e+01
3.406442061876235528e+01 3.430441554891858402e+01
3.832247311257002309e+01 3.859076371204380962e+01
4.258052582532438635e+01 4.287676484050157200e+01
4.683857862358705404e+01 4.716242745015426152e+01
5.109663124508946197e+01 5.144775956287101337e+01
5.535468414722772224e+01 5.573276944444832992e+01
5.961273700281692811e+01 6.001746457452173900e+01
6.387078956395383500e+01 6.430185238338225417e+01
6.812884214049263676e+01 6.858593987360032429e+01
7.238689474457285655e+01 7.286973374452435337e+01
7.664494766206992438e+01 7.715324061479446982e+01
8.090300071434742790e+01 8.143646719385645838e+01
8.516105366553370004e+01 8.571941932527856522e+01
8.941910694323868825e+01 9.000210377291178077e+01
9.367715988001494054e+01 9.428452548497529051e+01
9.793521339752277299e+01 9.856668992038102317e+01
1.021932664505762034e+02 1.028486030636096729e+02
1.064513195319728993e+02 1.071302699021283615e+02
1.107093726118874883e+02 1.114116956756579100e+02
1.149674259867733355e+02 1.156928853038135827e+02
1.192254791083767316e+02 1.199738431188649344e+02
1.234835322533371311e+02 1.242545745914339363e+02
1.277415854620513613e+02 1.285350833726784572e+02
1.319996379970681915e+02 1.328153741375117818e+02
1.362576912025108413e+02 1.370954518671775304e+02
1.405157444472959298e+02 1.413753200519632571e+02
1.447737977291761808e+02 1.456549820589378328e+02
1.490318510472806395e+02 1.499344428262023712e+02
1.532899043780013244e+02 1.542137058340297529e+02
1.575479581825390483e+02 1.584927741640660770e+02
1.618060108744143690e+02 1.627716529232695564e+02
1.660640648715842076e+02 1.670503432535335264e+02
1.703221182545680676e+02 1.713288504039016971e+02
1.745801718703152687e+02 1.756071777940474021e+02
1.788382253618111690e+02 1.798853268363320694e+02
1.830962788616519958e+02 1.841633026979856709e+02
1.873543323779668981e+02 1.884411066124321792e+02
1.916123860096961380e+02 1.927187432855954512e+02
1.958704395566747394e+02 1.969962135686708962e+02
2.001284931219890382e+02 2.012735213431390093e+02
2.043865461367126954e+02 2.055506691490498667e+02
2.086445998020246577e+02 2.098276599859926250e+02
2.129026529626672186e+02 2.141044962087321437e+02
2.171607065692762433e+02 2.183811798107211644e+02
2.214187593059208155e+02 2.226577143557531997e+02
2.256768123596245630e+02 2.269341018539313382e+02
2.299348666319507117e+02 2.312103445771143697e+02
2.341929206587311114e+02 2.354864442943840857e+02
2.384509737601051427e+02 2.397624043255050879e+02
2.427090274724689323e+02 2.440382273508969888e+02
2.469670814181383776e+02 2.483139143237078201e+02
2.512251362712244429e+02 2.525894660028941416e+02
2.554831901003599057e+02 2.568648871740697928e+02
2.597412439981190460e+02 2.611401778698365206e+02
2.639992971900112479e+02 2.654153405310460130e+02
2.682573501676338310e+02 2.696903775535573118e+02
2.725154041215048437e+02 2.739652897338523303e+02
