0.000000000000000000e+00 0.000000000000000000e+00
3.949020793397134632e+00 4.009642339613831652e+00
7.898041634558403246e+00 8.017691940140972306e+00
1.184706257003488261e+01 1.202423025384571886e+01
1.579608367988098294e+01 1.602933347434482769e+01
1.974510445738432907e+01 2.003307237038912447e+01
2.369412526345161041e+01 2.403551201431074702e+01
2.764314635413035859e+01 2.803671338684019787e+01
3.159216720260750932e+01 3.203673282122404231e+01
3.554118816157386362e+01 3.603562327076834038e+01
3.949020891815352741e+01 4.003343439226189560e+01
4.343922978569368354e+01 4.403021202536798739e+01
4.738825068003887964e+01 4.802599925389846902e+01
5.133727202375374077e+01 5.202083698375994203e+01
5.528629286058939840e+01 5.601476369294873336e+01
5.923531381479072877e+01 6.000781434215712551e+01
6.318433513176532301e+01 6.400002373033314029e+01
6.713335639338356486e+01 6.799142318264068763e+01
7.108237731599041354e+01 7.198204333811520428e+01
7.503139808417789425e+01 7.597191164316558343e+01
7.898041888292173951e+01 7.996105574109729730e+01
8.292944023407424936e+01 8.394950166670464853e+01
8.687846109379306370e+01 8.793727284975716429e+01
9.082748267629717986e+01 9.192439181705661611e+01
9.477650392041826422e+01 9.591088072076340154e+01
9.872552494973456305e+01 9.989676130750025607e+01
1.026745466972153622e+02 1.038820514362757450e+02
1.066235682226525796e+02 1.078667708729277877e+02
1.105725893297198752e+02 1.118509381834155363e+02
1.145216103648523074e+02 1.158345698157068284e+02
1.184706313608839423e+02 1.198176820965873617e+02
1.224196524569588291e+02 1.238002894965787561e+02
1.263686742936938430e+02 1.277824075766878167e+02
