0.000000000000000000e+00 0.000000000000000000e+00
3.982538322287707544e+00 4.045318201318978346e+00
7.965076676256256150e+00 8.088948689108175216e+00
1.194761505830810222e+01 1.213098042893165207e+01
1.593015344186651205e+01 1.617149546541250515e+01
1.991269186876518660e+01 2.021056988792972930e+01
2.389523032169672945e+01 2.424827417871646063e+01
2.787776920252545665e+01 2.828467357560063533e+01
3.186030766306206630e+01 3.231982920680607663e+01
3.584284628507205639e+01 3.635379737932596811e+01
3.982538498691393158e+01 4.038663100701161568e+01
4.380792351042823185e+01 4.441837911600714506e+01
4.779046207719498796e+01 4.844908875946477167e+01
5.177300078463613886e+01 5.247880238772005157e+01
5.575553946865365162e+01 5.650756103339924863e+01
5.973807813028332703e+01 6.053540301829024628e+01
6.372061648190889116e+01 6.456236468453698762e+01
6.770315515014723928e+01 6.858847951294929146e+01
7.168569350267631535e+01 7.261377942076217096e+01
7.566823222900981705e+01 7.663829461993185532e+01
7.965077116051533324e+01 8.066205372437880783e+01
8.363331012234974082e+01 8.468508421547514331e+01
8.761584848675840931e+01 8.870741164935616041e+01
9.159838693767869700e+01 9.272905988893276685e+01
9.558092589238594883e+01 9.675005155215902164e+01
9.956346497710467247e+01 1.007704092531751598e+02
1.035460041886225042e+02 1.047901528270370761e+02
1.075285426133232107e+02 1.088093032465604040e+02
1.115110808988067674e+02 1.128278782954989481e+02
1.154936200143061171e+02 1.168458966953353269e+02
1.194761587464694799e+02 1.208633747121112805e+02
1.234586973632688398e+02 1.248803303964050144e+02
1.274412364701950935e+02 1.288967769484042378e+02
