0.000000000000000000e+00 0.000000000000000000e+00
4.655611606986519213e+00 4.710699751155003057e+00
9.311223177022336372e+00 9.420228537967888727e+00
1.396683472348664878e+01 1.412863479412895273e+01
1.862244629987925748e+01 1.883596396248682581e+01
2.327805790069471925e+01 2.354225885942959451e+01
2.793366946860269451e+01 2.824755973733782000e+01
3.258928103564618084e+01 3.295190457365001890e+01
3.724489259535582164e+01 3.765532926166670791e+01
4.190050414363341957e+01 4.235786768400811297e+01
4.655611571373486868e+01 4.705955180528061987e+01
5.121172726804621789e+01 5.176041191602789127e+01
5.586733882189398059e+01 5.646047696061744148e+01
6.052295038092881896e+01 6.115977428474913324e+01
6.517856194920722146e+01 6.585832967684987693e+01
6.983417353428572483e+01 7.055616794419448468e+01
7.448978514399030360e+01 7.525331230223250145e+01
7.914539673098099115e+01 7.994978510002461292e+01
8.380100832634391850e+01 8.464560760965177622e+01
8.845661998139989635e+01 8.934080002986229374e+01
9.311223165027951154e+01 9.403538166944495913e+01
9.776784333428520313e+01 9.872937105656095014e+01
1.024234550227260456e+02 1.034227862452501938e+02
1.070790667305686270e+02 1.081156432752741523e+02
1.117346784450847963e+02 1.128079591103747106e+02
1.163902901729475445e+02 1.174997483423329925e+02
1.210459019185907152e+02 1.221910262650607564e+02
1.257015136810390743e+02 1.268818072591170960e+02
1.303571254545552165e+02 1.315721045241807303e+02
1.350127372409755253e+02 1.362619318978056810e+02
1.396683490424632623e+02 1.409513005394486242e+02
1.443239608458213183e+02 1.456402231619055669e+02
1.489795726727520560e+02 1.503287117193656286e+02
