0.000000000000000000e+00 0.000000000000000000e+00
4.655611577960096170e+00 4.710699714276399774e+00
9.311223151681110366e+00 9.420228542622298917e+00
1.396683473292468136e+01 1.412863478837878617e+01
1.862244626323747454e+01 1.883596397772386055e+01
2.327805786618850092e+01 2.354225883811841058e+01
2.793366944035770416e+01 2.824755970322481602e+01
3.258928101503633457e+01 3.295190454446857586e+01
3.724489258323139040e+01 3.765532920090574009e+01
4.190050415670111050e+01 4.235786755752688748e+01
4.655611572665036135e+01 4.705955162190261376e+01
5.121172730418982155e+01 5.176041187352261375e+01
5.586733889318257695e+01 5.646047692387804773e+01
6.052295048098427799e+01 6.115977416871327677e+01
6.517856206574268185e+01 6.585832952331308832e+01
6.983417367688639388e+01 7.055616778548824186e+01
7.448978524238864907e+01 7.525331215455813094e+01
7.914539689647062914e+01 7.994978496423331649e+01
8.380100854064096438e+01 8.464560745253174900e+01
8.845662019853723734e+01 8.934079985165966775e+01
9.311223186526200379e+01 9.403538149451443928e+01
9.776784354708249225e+01 9.872937090114297121e+01
1.024234552413520021e+02 1.034227860994921002e+02
1.070790669510544006e+02 1.081156431176275987e+02
1.117346786796278622e+02 1.128079589603282642e+02
1.163902904147517177e+02 1.174997482517776461e+02
1.210459021623179581e+02 1.221910261075324797e+02
1.257015139265221251e+02 1.268818070698414857e+02
1.303571257005619657e+02 1.315721042720927869e+02
1.350127374868708330e+02 1.362619316102770313e+02
1.396683492880819699e+02 1.409513002930986545e+02
1.443239611013631247e+02 1.456402236701702861e+02
1.489795729295032629e+02 1.503287122181517930e+02
