0.000000000000000000e+00 0.000000000000000000e+00
4.128350762974308807e+00 4.169592865399666337e+00
8.256701650230452216e+00 8.338446798922962699e+00
1.238505260701743538e+01 1.250658804818500869e+01
1.651340366274956395e+01 1.667404110668530137e+01
2.064175472120198052e+01 2.084082991279653641e+01
2.477010548466334683e+01 2.500697705302438578e+01
2.889845658582071763e+01 2.917250368208732425e+01
3.302680772572460910e+01 3.333742978975865157e+01
3.715515891347197908e+01 3.750177489979900969e+01
4.128351008037161307e+01 4.166555747124327524e+01
4.541186084802677669e+01 4.582879522326204125e+01
4.954021164676460387e+01 4.999150412098613572e+01
5.366856295583176006e+01 5.415370118115691866e+01
5.779691429306348027e+01 5.831540086843793347e+01
6.192526511529903388e+01 6.247661754941355383e+01
6.605361653454220061e+01 6.663736563002868252e+01
7.018196736482113351e+01 7.079765824154060283e+01
7.431031816768603449e+01 7.495750831878170573e+01
7.843866903974834770e+01 7.911692827796242966e+01
8.256701989126156604e+01 8.327592927219464514e+01
8.669537149125406472e+01 8.743452286872729928e+01
9.082372292059812935e+01 9.159272037178365622e+01
9.495207374618276219e+01 9.575053129379304551e+01
9.908042548120739923e+01 9.990796598998343825e+01
1.032087763215015741e+02 1.040650340624737424e+02
1.073371272092941808e+02 1.082217452138474698e+02
1.114654785258893952e+02 1.123781074814151282e+02
1.155938304981493729e+02 1.165341296782520288e+02
1.197221813775172876e+02 1.206898208857199393e+02
1.238505322740450652e+02 1.248451882094388026e+02
1.279788831954891464e+02 1.290002388610241155e+02
1.321072340554792959e+02 1.331549811487165584e+02
1.362355849692743561e+02 1.373094212211721299e+02
1.403639358864105589e+02 1.414635673472316171e+02
1.444922867720431441e+02 1.456174254305942100e+02
1.486206376971371128e+02 1.497710025523318507e+02
1.527489886442775173e+02 1.539243039913848747e+02
1.568773396122950885e+02 1.580773363298667959e+02
1.610056906196594184e+02 1.622301047930843083e+02
1.651340431363061612e+02 1.663826161394854353e+02
1.692623941543280921e+02 1.705348738648213498e+02
1.733907450613263848e+02 1.746868859644604299e+02
1.775190962892917241e+02 1.788386547278007015e+02
1.816474472760117180e+02 1.829901862675187090e+02
1.857757982642963839e+02 1.871414860653898131e+02
1.899041491881678780e+02 1.912925590575747208e+02
1.940325000878131334e+02 1.954434076882133695e+02
1.981608509387780259e+02 1.995940378612538666e+02
