0.000000000000000000e+00 0.000000000000000000e+00
4.128350782346274173e+00 4.169592809808309930e+00
8.256701670203469234e+00 8.338446733793686505e+00
1.238505263694286462e+01 1.250658798349289569e+01
1.651340369813619446e+01 1.667404101506341263e+01
2.064175480715017130e+01 2.084082980940641860e+01
2.477010583557700230e+01 2.500697688042281897e+01
2.889845698782864503e+01 2.917250329295284672e+01
3.302680773831767169e+01 3.333742957116825778e+01
3.715515851873345810e+01 3.750177479332747055e+01
4.128350972879962910e+01 4.166555770362964495e+01
4.541186052577490528e+01 4.582879530826137682e+01
4.954021132482952794e+01 4.999150450893105102e+01
5.366856213344350124e+01 5.415370117465040778e+01
5.779691348798508699e+01 5.831540062718157458e+01
6.192526499493921222e+01 6.247661721070724639e+01
6.605361580863886672e+01 6.663736526231367918e+01
7.018196663162466109e+01 7.079765829705064561e+01
7.431031821057869990e+01 7.495750833684266468e+01
7.843866905578582305e+01 7.911692793725754314e+01
8.256701981935290746e+01 8.327592880697045530e+01
8.669537069534308671e+01 8.743452247512655617e+01
9.082372155748257114e+01 9.159271951711508564e+01
9.495207311348622170e+01 9.575053061363124129e+01
9.908042407740505553e+01 9.990796511458026430e+01
1.032087753317899654e+02 1.040650332003185952e+02
1.073371262167524094e+02 1.082217438883449034e+02
1.114654771141254628e+02 1.123781058695689126e+02
1.155938280018573607e+02 1.165341277866837686e+02
1.197221789029018453e+02 1.206898188178557660e+02
1.238505298179460965e+02 1.248451852419464956e+02
1.279788807283344454e+02 1.290002357083249080e+02
1.321072327884406548e+02 1.331549778860773756e+02
1.362355836514757641e+02 1.373094185155461844e+02
1.403639358081404964e+02 1.414635645110733435e+02
1.444922867364311116e+02 1.456174225176405912e+02
1.486206376123137147e+02 1.497709986823917632e+02
1.527489899082202101e+02 1.539242994133675779e+02
1.568773409174250730e+02 1.580773309582135653e+02
1.610056930562320474e+02 1.622300996774972646e+02
1.651340439882296209e+02 1.663826103697867040e+02
1.692623965497549534e+02 1.705348682478160640e+02
1.733907475438082884e+02 1.746868793155631465e+02
1.775191000523084313e+02 1.788386482282659813e+02
1.816474510344942814e+02 1.829901798250577940e+02
1.857758019951579058e+02 1.871414794338532772e+02
1.899041530295542657e+02 1.912925516225789124e+02
1.940325057461991491e+02 1.954434015950711512e+02
1.981608567513260368e+02 1.995940322193012832e+02
