0.000000000000000000e+00 0.000000000000000000e+00
4.245626346602846546e+00 4.305515646244802319e+00
8.491252926630924236e+00 8.609402239343715735e+00
1.273687965495837560e+01 1.291174626651833535e+01
1.698250603504621381e+01 1.721262768304245228e+01
2.122813241128275052e+01 2.151211995925594778e+01
2.547375895865422279e+01 2.581029133230451222e+01
2.971938534017144917e+01 3.010720584359211927e+01
3.396501172405937297e+01 3.440292218370720434e+01
3.821063844426704748e+01 3.869749517750686607e+01
4.245626509398129400e+01 4.299097679077770806e+01
4.670189186735304077e+01 4.728341411476704081e+01
5.094751847889417462e+01 5.157485233142442382e+01
5.519314510572294807e+01 5.586533372467494019e+01
5.943877151726671570e+01 6.015489745430453183e+01
6.368439866549526585e+01 6.444358045523061662e+01
6.793002571944641943e+01 6.873141822796213773e+01
7.217565213612417097e+01 7.301844269993830494e+01
7.642127856638677486e+01 7.730468528720464860e+01
8.066690499757098110e+01 8.159017582382122669e+01
8.491253147256506395e+01 8.587494123567438464e+01
8.915815788571666189e+01 9.015900742043322680e+01
9.340378453164979078e+01 9.444239943176025065e+01
9.764941104566756280e+01 9.872514097205285566e+01
1.018950375069339174e+02 1.030072542967539420e+02
1.061406642638189339e+02 1.072887598253216197e+02
1.103862906721480357e+02 1.115696781586606079e+02
1.146319181512132559e+02 1.158500284206531035e+02
1.188775445589899817e+02 1.201298285444131579e+02
1.231231716621227434e+02 1.244090968185691395e+02
1.273687983559116645e+02 1.286878484582581450e+02
1.316144247967962428e+02 1.329660997557443238e+02
1.358600512053176317e+02 1.372438665199060779e+02
