0.000000000000000000e+00 0.000000000000000000e+00
4.390159293747550429e+00 4.419994526684229541e+00
8.780318744345752435e+00 8.839580105736368765e+00
1.317047829242918766e+01 1.325876800779194653e+01
1.756063787969971202e+01 1.767756855656923420e+01
2.195079756562958551e+01 2.209599243809572044e+01
2.634095690998452000e+01 2.651404965013268011e+01
3.073111663955055661e+01 3.093174926572669392e+01
3.512127636369349659e+01 3.534910049686418176e+01
3.951143573065673564e+01 3.976611237168583557e+01
4.390159551661707837e+01 4.418279333711784318e+01
4.829175488780907699e+01 4.859915178995577634e+01
5.268191426585697457e+01 5.301519491823283659e+01
5.707207423277867520e+01 5.743093069725718181e+01
6.146223417335049533e+01 6.184636624160465601e+01
6.585239421320345343e+01 6.626150904212289561e+01
7.024255374012233233e+01 7.067636526139438047e+01
7.463271304026019948e+01 7.509094200161922572e+01
7.902287241963446718e+01 7.950524553626465263e+01
8.341303230622725096e+01 8.391928154636077863e+01
8.780319175347416660e+01 8.833305633353884900e+01
9.219335196548591682e+01 9.274657578337803443e+01
9.658351166783280917e+01 9.715984589796926230e+01
1.009736711183759041e+02 1.015728710186529611e+02
1.053638307212469556e+02 1.059856562828592388e+02
1.097539901952839898e+02 1.103982070531650805e+02
1.141441497191136705e+02 1.148105292118250134e+02
1.185343095284703736e+02 1.192226265303902579e+02
1.229244690263169275e+02 1.236345031605252984e+02
1.273146285428234137e+02 1.280461636626370421e+02
1.317047889305736703e+02 1.324576135436795994e+02
1.360949483538457230e+02 1.368688553462689583e+02
1.404851078666349622e+02 1.412798949568335729e+02
1.448752686398234459e+02 1.456907352256012018e+02
1.492654283263594834e+02 1.501013789268833989e+02
1.536555877928504685e+02 1.545118305228446616e+02
1.580457485756756455e+02 1.589220946308876137e+02
1.624359081830546643e+02 1.633321736415039709e+02
1.668260689556527439e+02 1.677420714729725262e+02
1.712162285507709498e+02 1.721517921720135860e+02
1.756063886159129197e+02 1.765613374531554882e+02
1.799965482257766780e+02 1.809707111523226217e+02
1.843867078549474741e+02 1.853799165353393903e+02
1.887768676524488001e+02 1.897889561381102794e+02
1.931670272612632289e+02 1.941978328148155128e+02
1.975571867866646585e+02 1.986065497200882533e+02
2.019473464580294149e+02 2.030151103083673547e+02
2.063375058552305177e+02 2.074235157071309459e+02
2.107276655528049218e+02 2.118317694025231503e+02
2.151178252229347265e+02 2.162398747811856765e+02
2.195079865674233588e+02 2.206478331637338783e+02
2.238981474117600783e+02 2.250556460241652417e+02
2.282883072650842564e+02 2.294633177180175494e+02
2.326784672002277148e+02 2.338708503001418251e+02
2.370686267287175326e+02 2.382782446985166303e+02
2.414587880153880519e+02 2.426855051238080705e+02
2.458489497067985781e+02 2.470926323671465639e+02
2.502391094266896516e+02 2.514996270419815687e+02
2.546292691699094348e+02 2.559064932280286939e+02
2.590194300639770404e+02 2.603132320274719405e+02
2.634095901153362433e+02 2.647198473091990536e+02
2.677997499766306646e+02 2.691263383078432412e+02
2.721899098987510115e+02 2.735327073972075027e+02
2.765800696379664032e+02 2.779389567838516086e+02
2.809702312990242490e+02 2.823450892246160038e+02
