0.000000000000000000e+00 0.000000000000000000e+00
4.388118193386124410e+00 4.419994570740667150e+00
8.776236488935879265e+00 8.839527287405271494e+00
1.316435499813637122e+01 1.325861123516903639e+01
1.755247362964043845e+01 1.767725955717323316e+01
2.194059219418580398e+01 2.209548430911820560e+01
2.632871050487556630e+01 2.651329681081661249e+01
3.071682879842424185e+01 3.093070898225030874e+01
3.510494708254135787e+01 3.534773086116334184e+01
3.949306541389591985e+01 3.976437353144665110e+01
4.388118374596709259e+01 4.418064634058325169e+01
4.826930216724622369e+01 4.859655972715130190e+01
5.265742052377972016e+01 5.301212204274256123e+01
5.704553889919990439e+01 5.742734269998716456e+01
6.143365732959561853e+01 6.184223001389301544e+01
6.582177575409468773e+01 6.625679191961124559e+01
7.020989423068610336e+01 7.067103624914207671e+01
7.459801273597743432e+01 7.508497115034042224e+01
7.898613120169648028e+01 7.949860352470003022e+01
8.337424990335237851e+01 8.391194070943502936e+01
8.776236882348695190e+01 8.832498996696750737e+01
9.215048737928870537e+01 9.273775716035751771e+01
9.653860594328664035e+01 9.715024937095974167e+01
1.009267250648442484e+02 1.015624714414110770e+02
1.053148438603969623e+02 1.059744307866094459e+02
1.097029624980845455e+02 1.103861328849346819e+02
1.140910811616665228e+02 1.147975832510094278e+02
1.184792005525560654e+02 1.192087862983950970e+02
1.228673188123015336e+02 1.236197478025776775e+02
1.272554375383986951e+02 1.280304736858328170e+02
1.316435562405904420e+02 1.324409678903857639e+02
1.360316749545969515e+02 1.368512349661587564e+02
1.404197942156625913e+02 1.412612814463748236e+02
1.448079130435469892e+02 1.456711091434811181e+02
1.491960318395517220e+02 1.500807249940111205e+02
1.535841502800551268e+02 1.544901303297128266e+02
1.579722695287216538e+02 1.588993308024632825e+02
1.623603877011638588e+02 1.633083315598580896e+02
1.667485066004099963e+02 1.677171348584172392e+02
1.711366249956164438e+02 1.721257446313075548e+02
1.755247439567376091e+02 1.765341639861711656e+02
1.799128636188607402e+02 1.809423985697432045e+02
1.843009834769607096e+02 1.853504495468113191e+02
1.886891034484649765e+02 1.897583203496033093e+02
1.930772227649666206e+02 1.941660165394818023e+02
1.974653421771860167e+02 1.985735399099912115e+02
2.018534612418197298e+02 2.029808915540644705e+02
2.062415803167417039e+02 2.073880775335438500e+02
2.106296993983886239e+02 2.117950995442660655e+02
2.150178185239835216e+02 2.162019607355442758e+02
2.194059367606258206e+02 2.206086628802330836e+02
2.237940551131313782e+02 2.250152085118384662e+02
2.281821735931264925e+02 2.294216025012614750e+02
2.325702927597852749e+02 2.338278449167302426e+02
2.369584120013799975e+02 2.382339395451796804e+02
2.413465319746631508e+02 2.426398894537856563e+02
2.457346517921338886e+02 2.470456961909387985e+02
2.501227706447377273e+02 2.514513627787583800e+02
2.545108899382124719e+02 2.558568893502334731e+02
2.588990084845592605e+02 2.602622792156381024e+02
2.632871278232439636e+02 2.646675359950380653e+02
2.676752471990624827e+02 2.690726637008845046e+02
2.720633677504677621e+02 2.734776562696608835e+02
2.764514881185793911e+02 2.778825238199820546e+02
2.808396075617890801e+02 2.822872622883596136e+02
