0.000000000000000000e+00 0.000000000000000000e+00
2.024951989755019888e+00 2.024951989755020776e+00
5.879647179692838677e+00 5.879647186792848146e+00
9.733141235200662322e+00 9.733220013940517390e+00
1.358246883922211268e+01 1.358269561143240800e+01
1.743145717718773824e+01 1.743246202175721749e+01
2.127974013270288367e+01 2.128197375468690211e+01
2.512668169325336009e+01 2.512964315562047801e+01
2.897332025885636142e+01 2.897639597951934931e+01
3.281941170690113552e+01 3.282278929543027601e+01
3.666569041677165330e+01 3.666927430622882866e+01
4.051158902419530961e+01 4.051565902956093623e+01
4.435757985956718130e+01 4.436216664948191379e+01
4.820322090259745806e+01 4.820811501123368714e+01
5.204873128895130208e+01 5.205350335435114317e+01
5.589401042948816212e+01 5.589961915850153673e+01
5.973944640855927446e+01 5.974489486547822281e+01
6.358469436999593682e+01 6.359027598777765888e+01
6.742995090746141784e+01 6.743664924235677915e+01
7.127530951441589480e+01 7.128194599126604203e+01
7.512067100234241934e+01 7.512720139888335780e+01
7.896613236962350868e+01 7.897245095911240753e+01
8.281145175253716673e+01 8.281821576779634597e+01
8.665649029100622158e+01 8.666361564082792768e+01
9.050186132728818222e+01 9.050913046789220573e+01
9.434709422137370893e+01 9.435421273647673956e+01
9.819239432011471536e+01 9.819967643492127252e+01
1.020376355165419682e+02 1.020459987437810980e+02
1.058831071487841200e+02 1.058915530026497862e+02
1.097283465543830943e+02 1.097370386378431988e+02
1.135734271190690947e+02 1.135832818510869373e+02
1.174186230525983774e+02 1.174286207158871207e+02
1.212639375260452681e+02 1.212748025274465533e+02
