0.000000000000000000e+00 0.000000000000000000e+00
2.024952440587745706e+00 2.024952440587745706e+00
5.879627363870992163e+00 5.879631410397657909e+00
9.733207428707528308e+00 9.733313524005097861e+00
1.358254086623131940e+01 1.358334339069766372e+01
1.743157777243678552e+01 1.743250115021164248e+01
2.128020239060468199e+01 2.128186240946580909e+01
2.512734358912686616e+01 2.512995983052091020e+01
2.897383407857207516e+01 2.897710870558935170e+01
3.282024928051846757e+01 3.282431331731572044e+01
3.666651381904180340e+01 3.667084657193594666e+01
4.051265527603214878e+01 4.051778910907135867e+01
4.435876539887023284e+01 4.436476541713161481e+01
4.820449982442613646e+01 4.821122568451410473e+01
5.205046865568264991e+01 5.205737888306975947e+01
5.589579770516105128e+01 5.590376768728347656e+01
5.974099789063770771e+01 5.974978948439303394e+01
6.358642357628178843e+01 6.359629265938282572e+01
6.743183113668018791e+01 6.744211288930051751e+01
7.127722934476787486e+01 7.128828264773626699e+01
7.512284477229681556e+01 7.513440857657482752e+01
7.896829267234538463e+01 7.898039809110488818e+01
8.281349172017490901e+01 8.282617646791811694e+01
8.665874746889195990e+01 8.667223932368722217e+01
9.050414888658343671e+01 9.051807000382112278e+01
9.434939410279332606e+01 9.436394331143981162e+01
9.819442463273060184e+01 9.820987659996789887e+01
1.020395639742943104e+02 1.020560792143876796e+02
1.058846360702072502e+02 1.059022399088698023e+02
1.097298861231998188e+02 1.097481324286564188e+02
1.135749786162867281e+02 1.135942568239965453e+02
1.174201328203999424e+02 1.174400157225586270e+02
1.212654329426689515e+02 1.212857386500638057e+02
