0.000000000000000000e+00 0.000000000000000000e+00
5.523606124952422647e+00 5.539451375949801637e+00
1.104721225200681545e+01 1.107878675770161436e+01
1.657081837712085814e+01 1.661800786533095220e+01
2.209442450252659995e+01 2.215711636588121181e+01
2.761803062783629414e+01 2.769611389901357512e+01
3.314163676423009974e+01 3.323500206584952821e+01
3.866524289924534230e+01 3.877378245103632537e+01
4.418884903056217439e+01 4.431245656927502807e+01
4.971245515623837719e+01 4.985102593142290317e+01
5.523606129344385351e+01 5.538949200781573268e+01
6.075966742900979511e+01 6.092785623893020386e+01
6.628327355622980122e+01 6.646612002298866173e+01
7.180687968549666778e+01 7.200428475434277686e+01
7.733048581821424250e+01 7.754235178582678145e+01
8.285409197036190676e+01 8.308032245672092131e+01
8.837769813464309721e+01 8.861819800229852717e+01
9.390130426806258868e+01 9.415597975124138941e+01
9.942491040394497759e+01 9.969366893090577264e+01
1.049485165691110353e+02 1.052312667686702383e+02
1.104721227456332002e+02 1.107687744508009757e+02
1.159957289254726902e+02 1.163061931596674299e+02
1.215193350933411978e+02 1.218435240355531732e+02
1.270429412398654279e+02 1.273807682538381130e+02
1.325665474252902527e+02 1.329179268334607684e+02
1.380901535972895999e+02 1.384550009304031164e+02
1.436137597709148963e+02 1.439919915889137201e+02
1.491373659456189671e+02 1.495288998369391607e+02
1.546609720827105434e+02 1.550657267062683218e+02
1.601845782122154276e+02 1.606024732826102195e+02
1.657081843484535000e+02 1.661391404087191290e+02
1.712317905533891462e+02 1.716757291254650966e+02
1.767553967586808312e+02 1.772122403946053737e+02
1.822790029173738446e+02 1.827486751953246653e+02
1.878026090707075753e+02 1.882850343465732408e+02
1.933262152346405855e+02 1.938213187979096972e+02
1.988498214530271753e+02 1.993575294105756939e+02
2.043734276494236610e+02 2.048936671337560824e+02
2.098970337812676519e+02 2.104297327173999861e+02
2.154206399170347481e+02 2.159657270908758733e+02
2.209442461341399451e+02 2.215016510530331573e+02
2.264678523273679502e+02 2.270375053058573371e+02
2.319914585557253304e+02 2.325732907704694128e+02
2.375150647921726659e+02 2.381090081747291833e+02
2.430386710090576230e+02 2.436446583778126751e+02
2.485622772514316239e+02 2.491802420532628446e+02
2.540858834015189700e+02 2.547157599008014301e+02
2.596094896414851974e+02 2.602512127467787195e+02
2.651330958770931829e+02 2.657866011796694465e+02
2.706567020458332422e+02 2.713219260396072059e+02
2.761803082090261796e+02 2.768571879968680491e+02
2.817039144693858361e+02 2.823923877060719292e+02
2.872275206560912579e+02 2.879275258324828428e+02
2.927511268082055835e+02 2.934626031166395705e+02
2.982747329722077438e+02 2.989976201064721408e+02
3.037983392059645666e+02 3.045325774488161414e+02
3.093219454430104634e+02 3.100674758741089363e+02
3.148455516831849081e+02 3.156023159278748835e+02
3.203691579264923348e+02 3.211370982083180365e+02
3.258927641605937993e+02 3.266718233399091105e+02
3.314163704066559148e+02 3.322064918799320594e+02
3.369399766714172415e+02 3.377411044840787326e+02
3.424635828804947550e+02 3.432756615726328278e+02
3.479871890930495510e+02 3.488101638268545912e+02
3.535107952595555503e+02 3.543446118758957937e+02
3.590344014436917632e+02 3.598790060888110816e+02
3.645580075713963879e+02 3.654133472298731817e+02
3.700816137434713937e+02 3.709476356183691905e+02
3.756052199566625518e+02 3.764818718605109780e+02
3.811288261591670903e+02 3.820160564517990451e+02
3.866524323301836148e+02 3.875501900079293023e+02
3.921760384811640279e+02 3.930842729504453246e+02
3.976996447651421249e+02 3.986183056654193706e+02
4.032232509077578584e+02 4.041522887128661523e+02
4.087468570386427018e+02 4.096862227366568732e+02
4.142704632408225507e+02 4.152201079855677790e+02
4.197940694950373768e+02 4.207539450194461210e+02
4.253176756869380597e+02 4.262877343351187847e+02
4.308412819572159833e+02 4.318214762385393328e+02
4.363648882799308808e+02 4.373551712315876898e+02
4.418884945332340521e+02 4.428888198911934069e+02
4.474121006669196277e+02 4.484224224548439679e+02
4.529357070199696409e+02 4.539559795954589845e+02
4.584593132556493629e+02 4.594894914518259839e+02
4.639829193936396337e+02 4.650229586364998795e+02
4.695065257004845307e+02 4.705563815401276315e+02
4.750301318474800496e+02 4.760897605288873251e+02
4.805537380548008173e+02 4.816230958147668275e+02
4.860773443186178042e+02 4.871563880028904805e+02
4.916009506100386943e+02 4.926896375441636451e+02
4.971245567442107358e+02 4.982228446320881403e+02
5.026481631186858294e+02 5.037560098392467012e+02
5.081717693205340538e+02 5.092891333381187451e+02
5.136953755088345588e+02 5.148222157290682617e+02
5.192189816830195923e+02 5.203552572138966070e+02
5.247425878169154885e+02 5.258882580138648564e+02
5.302661941672844250e+02 5.314212186502026043e+02
5.357898004138594388e+02 5.369541394359199558e+02
5.413134066149616501e+02 5.424870207128152515e+02
5.468370129959685073e+02 5.480198628282273603e+02
5.523606193581872503e+02 5.535526662228655823e+02
5.578842255217383581e+02 5.590854311435728050e+02
5.634078317853504814e+02 5.646181579180516792e+02
5.689314381093138309e+02 5.701508469689902086e+02
5.744550442550869320e+02 5.756834983800397367e+02
5.799786504267585769e+02 5.812161124923371744e+02
5.855022566128686776e+02 5.867486897661669900e+02
5.910258628853898699e+02 5.922812303975621262e+02
5.965494690527746116e+02 5.978137348975253644e+02
6.020730753743347350e+02 6.033462033243436053e+02
6.075966816324980755e+02 6.088786360588296702e+02
6.131202878324870653e+02 6.144110335051753964e+02
6.186438940372879642e+02 6.199433958080608136e+02
6.241675001924143089e+02 6.254757231363288383e+02
6.296911066074376322e+02 6.310080160531931597e+02
6.352147128929767632e+02 6.365402746560843070e+02
6.407383192015593067e+02 6.420724994308561691e+02
6.462619253895028351e+02 6.476046902840432722e+02
6.517855315463928036e+02 6.531368476616124781e+02
6.573091379098419793e+02 6.586689720599993052e+02
6.628327441824737889e+02 6.642010634756629770e+02
6.683563504322542030e+02 6.697331220917922110e+02
6.738799568533000866e+02 6.752651482483124710e+02
6.794035631072350725e+02 6.807971421940869732e+02
6.849271692832379586e+02 6.863291044311984024e+02
6.904507754393139294e+02 6.918610348635459104e+02
6.959743816848080087e+02 6.973929338159891813e+02
7.014979880697599128e+02 7.029248017450498764e+02
7.070215942797842672e+02 7.084566386679853167e+02
7.125452004925441543e+02 7.139884448461220927e+02
7.180688067439182305e+02 7.195202206491717334e+02
7.235924129416025607e+02 7.250519660392150172e+02
7.291160192246102270e+02 7.305836816595092387e+02
7.346396255468376921e+02 7.361153672995139914e+02
7.401632320286278173e+02 7.416470234433219275e+02
7.456868384242198999e+02 7.471786500043406249e+02
7.512104446478291493e+02 7.527102474172479560e+02
7.567340507946096295e+02 7.582418159878488950e+02
7.622576572974986675e+02 7.637733557626694392e+02
7.677812635304057949e+02 7.693048670155133095e+02
7.733048697863470125e+02 7.748363501982209982e+02
7.788284759820476211e+02 7.803678051861659242e+02
7.843520822186658279e+02 7.858992324782550440e+02
7.898756885208605354e+02 7.914306320539274111e+02
7.953992950421281876e+02 7.969620040584619574e+02
