0.000000000000000000e+00 0.000000000000000000e+00
5.523606125003293954e+00 5.539451375813298384e+00
1.104721225000319151e+01 1.107878675650559330e+01
1.657081837520419043e+01 1.661800785862128294e+01
2.209442450042099537e+01 2.215711635563939552e+01
2.761803062604536763e+01 2.769611388802127649e+01
3.314163675173513468e+01 3.323500206836943249e+01
3.866524288812998122e+01 3.877378244226635218e+01
4.418884901349493077e+01 4.431245656206301931e+01
4.971245515272447335e+01 4.985102592228073348e+01
5.523606129114635621e+01 5.538949199581550431e+01
6.075966742661555031e+01 6.092785622598444917e+01
6.628327356206003174e+01 6.646612000901495776e+01
7.180687969672237614e+01 7.200428474041596871e+01
7.733048582678370053e+01 7.754235176559069487e+01
8.285409197826078298e+01 8.308032240099228716e+01
8.837769810770664947e+01 8.861819795186070792e+01
9.390130424809686360e+01 9.415597971748690043e+01
9.942491040448959438e+01 9.969366892632487520e+01
1.049485165695436422e+02 1.052312667706911071e+02
1.104721227173354237e+02 1.107687744757321582e+02
1.159957288969312401e+02 1.163061931688959305e+02
1.215193350599205928e+02 1.218435240484150199e+02
1.270429412066931860e+02 1.273807682718591536e+02
1.325665473514671362e+02 1.329179268539471650e+02
1.380901534865339499e+02 1.384550009909039829e+02
1.436137596200907751e+02 1.439919916525087729e+02
1.491373657946501794e+02 1.495288999154659564e+02
1.546609719435537045e+02 1.550657267832526713e+02
1.601845781435756635e+02 1.606024733100159665e+02
1.657081842791131692e+02 1.661391405085015549e+02
1.712317904153486268e+02 1.716757292640403421e+02
1.767553966054220496e+02 1.772122405499085573e+02
1.822790027510898767e+02 1.827486753014243845e+02
1.878026088827693343e+02 1.882850344703090286e+02
1.933262150416435361e+02 1.938213189018471780e+02
1.988498211707165524e+02 1.993575295604053963e+02
2.043734273584175867e+02 2.048936673066652361e+02
2.098970335069271300e+02 2.104297329479620657e+02
2.154206396539424020e+02 2.159657273210314941e+02
2.209442457993133360e+02 2.215016512417076342e+02
2.264678519384971196e+02 2.270375055297453173e+02
2.319914581487141447e+02 2.325732909938003559e+02
2.375150643331651850e+02 2.381090084600883188e+02
2.430386705508139471e+02 2.436446585998445755e+02
2.485622766926505847e+02 2.491802422310296095e+02
2.540858829338061753e+02 2.547157601261418165e+02
2.596094891710211527e+02 2.602512129754850321e+02
2.651330954093226637e+02 2.657866014241038215e+02
2.706567016376520769e+02 2.713219263446363811e+02
2.761803077689680208e+02 2.768571883221567305e+02
2.817039140024983226e+02 2.823923879978132163e+02
2.872275201706853522e+02 2.879275261844907732e+02
2.927511264301057281e+02 2.934626034024051933e+02
2.982747326684604445e+02 2.989976203531016949e+02
3.037983389025150132e+02 3.045325776598136827e+02
3.093219451396220165e+02 3.100674760124184104e+02
3.148455513783189872e+02 3.156023160463423665e+02
3.203691575233398794e+02 3.211370982850316409e+02
3.258927637896813394e+02 3.266718233579185267e+02
3.314163700359561062e+02 3.322064918889336127e+02
3.369399761871984538e+02 3.377411045060297852e+02
3.424635823959982872e+02 3.432756615894672336e+02
3.479871885284874224e+02 3.488101638469165664e+02
3.535107946950212181e+02 3.543446118374988032e+02
3.590344008375869862e+02 3.598790061486878358e+02
3.645580069804773871e+02 3.654133471625255538e+02
3.700816131291655893e+02 3.709476355295802819e+02
3.756052193852879100e+02 3.764818718294469591e+02
3.811288256389663616e+02 3.820160563799283295e+02
3.866524318438980004e+02 3.875501899448138943e+02
3.921760380339878793e+02 3.930842728506991079e+02
3.976996443182980556e+02 3.986183055754557927e+02
4.032232504965894577e+02 4.041522886451888326e+02
4.087468568255007995e+02 4.096862226569948007e+02
4.142704630360100282e+02 4.152201079027258857e+02
4.197940691957302306e+02 4.207539449359780974e+02
4.253176753879592980e+02 4.262877342566285392e+02
4.308412815359863544e+02 4.318214761478467949e+02
4.363648878683122803e+02 4.373551712499460677e+02
4.418884940000883148e+02 4.428888198722773950e+02
4.474121001400844762e+02 4.484224224727711317e+02
4.529357064263595589e+02 4.539559794773953172e+02
4.584593127620129849e+02 4.594894913498476399e+02
4.639829189964539182e+02 4.650229584423182132e+02
4.695065253030966801e+02 4.705563813297567890e+02
4.750301314407972768e+02 4.760897603023527722e+02
4.805537376505558314e+02 4.816230955874816004e+02
4.860773439147567387e+02 4.871563877606718620e+02
4.916009501967587312e+02 4.926896372724954745e+02
4.971245565147529533e+02 4.982228444239281089e+02
5.026481628787976774e+02 5.037560096007600237e+02
5.081717692582982409e+02 5.092891330781628199e+02
5.136953754022765679e+02 5.148222152644539165e+02
5.192189815791358569e+02 5.203552565335935469e+02
5.247425878828031500e+02 5.258882573304487096e+02
5.302661942435548781e+02 5.314212180066114115e+02
5.357898004519532833e+02 5.369541387709281253e+02
5.413134066505724604e+02 5.424870201510937022e+02
5.468370129191364413e+02 5.480198622753662221e+02
5.523606190521427379e+02 5.535526657729583349e+02
5.578842254555370346e+02 5.590854307048864484e+02
5.634078315984238543e+02 5.646181574639397240e+02
5.689314377636617337e+02 5.701508464882574572e+02
5.744550441455675127e+02 5.756834978333636172e+02
5.799786503720765722e+02 5.812161119444847373e+02
5.855022565582410152e+02 5.867486892070839986e+02
5.910258628306633000e+02 5.922812298376240960e+02
5.965494690477803488e+02 5.978137343394932941e+02
6.020730752297673689e+02 6.033462028513982887e+02
6.075966813770472754e+02 6.088786356033218681e+02
6.131202875741821572e+02 6.144110330491523655e+02
6.186438937794912363e+02 6.199433952479653271e+02
6.241674999135354938e+02 6.254757225489058783e+02
6.296911062956680780e+02 6.310080154511488217e+02
6.352147127265318431e+02 6.365402740240422190e+02
6.407383189951087843e+02 6.420724988033904310e+02
6.462619252230465463e+02 6.476046896529719561e+02
6.517855314149708192e+02 6.531368471253319967e+02
6.573091377787028478e+02 6.586689713739640410e+02
6.628327440516980005e+02 6.642010628201921918e+02
6.683563503029274671e+02 6.697331215972507152e+02
6.738799567250878226e+02 6.752651477113422516e+02
6.794035631757645888e+02 6.807971416510310974e+02
6.849271693517878248e+02 6.863291038902771106e+02
6.904507755078221862e+02 6.918610343242015688e+02
6.959743817531941659e+02 6.973929334328704499e+02
7.014979878963433748e+02 7.029248013725374449e+02
7.070215940432931347e+02 7.084566382313403210e+02
7.125452002655836168e+02 7.139884442850061532e+02
7.180688064291891806e+02 7.195202200144735798e+02
7.235924126925099245e+02 7.250519654304871437e+02
7.291160189737823885e+02 7.305836807931009389e+02
7.346396252965988651e+02 7.361153665341287251e+02
7.401632316567938688e+02 7.416470226320659549e+02
7.456868380616278955e+02 7.471786492772007477e+02
7.512104444790318212e+02 7.527102468738607968e+02
7.567340508356608098e+02 7.582418155919137916e+02
7.622576569940711124e+02 7.637733555801647753e+02
7.677812633095871888e+02 7.693048669221137743e+02
7.733048695582695018e+02 7.748363500846255647e+02
7.788284758359413900e+02 7.803678050961802910e+02
7.843520821637216613e+02 7.858992322387359764e+02
7.898756884665647249e+02 7.914306316232448353e+02
7.953992946216670816e+02 7.969620036310120668e+02
