0.000000000000000000e+00 0.000000000000000000e+00
5.523606125007663792e+00 5.539451375253571896e+00
1.104721224999957840e+01 1.107878675596657558e+01
1.657081837729179341e+01 1.661800785751126597e+01
2.209442450288783277e+01 2.215711635958994563e+01
2.761803063347947784e+01 2.769611388886227132e+01
3.314163675961409439e+01 3.323500205583852107e+01
3.866524288804757958e+01 3.877378244274342478e+01
4.418884901524884157e+01 4.431245656084870177e+01
4.971245514592069981e+01 4.985102592293033297e+01
5.523606128332461651e+01 5.538949199650066646e+01
6.075966741880486666e+01 6.092785622252642952e+01
6.628327357230575956e+01 6.646612000549392008e+01
7.180687970481665161e+01 7.200428473708733179e+01
7.733048584967394845e+01 7.754235177205168839e+01
8.285409200213246095e+01 8.308032240432488891e+01
8.837769816660190259e+01 8.861819795137478195e+01
9.390130430002619732e+01 9.415597970182332688e+01
9.942491044484270901e+01 9.969366888645427593e+01
1.049485166098404818e+02 1.052312667203166825e+02
1.104721227789780897e+02 1.107687743945178340e+02
1.159957289098301629e+02 1.163061930880567019e+02
1.215193350737815763e+02 1.218435239856407435e+02
1.270429412202177275e+02 1.273807681618335153e+02
1.325665473660833129e+02 1.329179267829610183e+02
1.380901535041163868e+02 1.384550008827457646e+02
1.436137596651976196e+02 1.439919915448141978e+02
1.491373658394234667e+02 1.495288998059818368e+02
1.546609719691610394e+02 1.550657272279085532e+02
1.601845781096719179e+02 1.606024737661751089e+02
1.657081842458502194e+02 1.661391409187156682e+02
1.712317904157794146e+02 1.716757296448370766e+02
1.767553966222945689e+02 1.772122409294207728e+02
1.822790027577063938e+02 1.827486757185589852e+02
1.878026089606926803e+02 1.882850348569730841e+02
1.933262151012949346e+02 1.938213192915384298e+02
1.988498212497926261e+02 1.993575299129227574e+02
2.043734273875173528e+02 2.048936675702344132e+02
2.098970335970605561e+02 2.104297332053867251e+02
2.154206398151243889e+02 2.159657275313889500e+02
2.209442459582598417e+02 2.215016514791130362e+02
2.264678520905168284e+02 2.270375057513722368e+02
2.319914582394321201e+02 2.325732911892998516e+02
2.375150644542160876e+02 2.381090085656057340e+02
2.430386706930310936e+02 2.436446586659419893e+02
2.485622769043421272e+02 2.491802423573394094e+02
2.540858831474254202e+02 2.547157602531136433e+02
2.596094893862644426e+02 2.602512130436300595e+02
2.651330956224306306e+02 2.657866015078445798e+02
2.706567018533174860e+02 2.713219263791768867e+02
2.761803079897894122e+02 2.768571883829859530e+02
2.817039142181873785e+02 2.823923880349428828e+02
2.872275204145167891e+02 2.879275261607605216e+02
2.927511265820189692e+02 2.934626034414203559e+02
2.982747328194397483e+02 2.989976204671544338e+02
3.037983389816904491e+02 3.045325777879293128e+02
3.093219452188058085e+02 3.100674762103465127e+02
3.148455514617845665e+02 3.156023162776576783e+02
3.203691577063652858e+02 3.211370985556983442e+02
3.258927639397278426e+02 3.266718236558989474e+02
3.314163701846432559e+02 3.322064922713132660e+02
3.369399763436935018e+02 3.377411048945395464e+02
3.424635825400718545e+02 3.432756620092237654e+02
3.479871886994727106e+02 3.488101642472772710e+02
3.535107948736805383e+02 3.543446122178033875e+02
3.590344010364954102e+02 3.598790064462931468e+02
3.645580071800562791e+02 3.654133475907187858e+02
3.700816133287952425e+02 3.709476360547912464e+02
3.756052195100960489e+02 3.764818723729945873e+02
3.811288257256547922e+02 3.820160569348093986e+02
3.866524318971677303e+02 3.875501904323283497e+02
3.921760380492215745e+02 3.930842732449528967e+02
3.976996443433021682e+02 3.986183059705331289e+02
4.032232504819231735e+02 4.041522890386468134e+02
4.087468566149240132e+02 4.096862229447239088e+02
4.142704629269401266e+02 4.152201081961216005e+02
4.197940690866305431e+02 4.207539452276122915e+02
4.253176752785324197e+02 4.262877344348488577e+02
4.308412814650577047e+02 4.318214762886700555e+02
4.363648877875430117e+02 4.373551713043881364e+02
4.418884939475528881e+02 4.428888198928340216e+02
4.474121000833005155e+02 4.484224225507257984e+02
4.529357064284594117e+02 4.539559797020177712e+02
4.584593125889322209e+02 4.594894916329917578e+02
4.639829187340808403e+02 4.650229587977788697e+02
4.695065250406356085e+02 4.705563816337753451e+02
4.750301312165876197e+02 4.760897605892667457e+02
4.805537374075156549e+02 4.816230960103329721e+02
4.860773436678345547e+02 4.871563881868614772e+02
4.916009498138924982e+02 4.926896376601492875e+02
4.971245560647103048e+02 4.982228447370827098e+02
5.026481623984777798e+02 5.037560099479828750e+02
5.081717685567392095e+02 5.092891334468000650e+02
5.136953747862490900e+02 5.148222156950491808e+02
5.192189810351520691e+02 5.203552571777390767e+02
5.247425873657061857e+02 5.258882579777048250e+02
5.302661937266576615e+02 5.314212185874456509e+02
5.357898000938431551e+02 5.369541393929386004e+02
5.413134062923364809e+02 5.424870206629566383e+02
5.468370125439555522e+02 5.480198627811057577e+02
5.523606189236763839e+02 5.535526661690698802e+02
5.578842251109213066e+02 5.590854311822085947e+02
5.634078312616745734e+02 5.646181580002998999e+02
5.689314374181132052e+02 5.701508468722486214e+02
5.744550436166429108e+02 5.756834982856594252e+02
5.799786497814634458e+02 5.812161124469935203e+02
5.855022561443665836e+02 5.867486896670969827e+02
5.910258623146528407e+02 5.922812302970337441e+02
5.965494686126291981e+02 5.978137347949891591e+02
6.020730749239992292e+02 6.033462031483278452e+02
6.075966810819061266e+02 6.088786359150190037e+02
6.131202872804112758e+02 6.144110333595383509e+02
6.186438934857973209e+02 6.199433955466606676e+02
6.241674998510778778e+02 6.254757228519503087e+02
6.296911059985818611e+02 6.310080157802779013e+02
6.352147124149041701e+02 6.365402744110090225e+02
6.407383187174086743e+02 6.420724991871363727e+02
6.462619250532272872e+02 6.476046900445321626e+02
6.517855313117754577e+02 6.531368474498364094e+02
6.573091376721395136e+02 6.586689718551421038e+02
6.628327439458158779e+02 6.642010633309834020e+02
6.683563501969624667e+02 6.697331219163772857e+02
6.738799563674574529e+02 6.752651481854626354e+02
6.794035627699022371e+02 6.807971421174235047e+02
6.849271689463187158e+02 6.863291043531326068e+02
6.904507751022665616e+02 6.918610347999842816e+02
6.959743813479431083e+02 6.973929338021221156e+02
7.014979877906564525e+02 7.029248018315386162e+02
7.070215940522444953e+02 7.084566386978648325e+02
7.125452002745568052e+02 7.139884448497455196e+02
7.180688065260295616e+02 7.195202207055742747e+02
7.235924127886944461e+02 7.250519663309330554e+02
7.291160191550663967e+02 7.305836818940354078e+02
7.346396254777838521e+02 7.361153674325121301e+02
7.401632319595673835e+02 7.416470234926038074e+02
7.456868383553312469e+02 7.471786500823707229e+02
7.512104447726133003e+02 7.527102477853109121e+02
7.567340509895589094e+02 7.582418163850180690e+02
7.622576572702930662e+02 7.637733561595712217e+02
7.677812635202010370e+02 7.693048675015641038e+02
7.733048698317961680e+02 7.748363506607436193e+02
7.788284760124292916e+02 7.803678057686295233e+02
7.843520823351643685e+02 7.858992330856353874e+02
7.898756886380035667e+02 7.914306324704996314e+02
7.953992948045357707e+02 7.969620046213194655e+02
