0.000000000000000000e+00 0.000000000000000000e+00
4.568433545640123050e+00 4.582568247205929701e+00
9.136867092736917328e+00 9.165045657144535340e+00
1.370530063893539996e+01 1.374743341947321440e+01
1.827373418639572833e+01 1.832973267843834009e+01
2.284216773612931917e+01 2.291194457007363994e+01
2.741060128088809478e+01 2.749407020630100362e+01
3.197903482580800727e+01 3.207611067932476345e+01
3.654746837301949824e+01 3.665806705643481678e+01
4.111590192053677129e+01 4.123994038436672582e+01
4.568433546524495625e+01 4.582173169949895453e+01
5.025276902135937007e+01 5.040344200385567319e+01
5.482120257773253513e+01 5.498507229656073036e+01
5.938963614392039858e+01 5.956662355271423337e+01
6.395806971836976373e+01 6.414809674376341775e+01
6.852650326360108579e+01 6.872949276324042955e+01
7.309493681279576549e+01 7.331081256321394335e+01
7.766337039455014235e+01 7.789205706640370863e+01
8.223180396168572770e+01 8.247322714656084486e+01
8.680023751405965982e+01 8.705432366693284507e+01
9.136867110221866994e+01 9.163534746121845842e+01
9.593710465979934554e+01 9.621629940296169536e+01
1.005055382100351267e+02 1.007971803178063510e+02
1.050739717883453039e+02 1.053779910207753829e+02
1.096424053450349732e+02 1.099587323157687706e+02
1.142108389443407788e+02 1.145394049794807927e+02
1.187792725342133764e+02 1.191200097862287066e+02
1.233477060963400902e+02 1.237005475464366953e+02
1.279161396640810153e+02 1.282810189424258738e+02
1.324845732101477722e+02 1.328614247392843026e+02
1.370530067940724166e+02 1.374417656113938619e+02
1.416214403553044576e+02 1.420220423331161896e+02
1.461898739031722130e+02 1.466022555929889677e+02
1.507583074623628931e+02 1.511824060600862936e+02
1.553267410254525771e+02 1.557624944509515785e+02
1.598951746280727377e+02 1.603425213140080245e+02
1.644636082228193459e+02 1.649224874610640370e+02
1.690320418199332266e+02 1.695023934031172530e+02
1.736004753921185113e+02 1.740822398790254510e+02
1.781689089407378788e+02 1.786620274908083843e+02
1.827373424920607476e+02 1.832417567910430876e+02
1.873057761134613770e+02 1.878214283924042149e+02
1.918742096821910366e+02 1.924010429283277404e+02
1.964426432311997814e+02 1.969806009738139210e+02
2.010110768543114546e+02 2.015601030690626203e+02
2.055795104187706670e+02 2.061395499018275075e+02
2.101479439718514186e+02 2.107189419159138311e+02
2.147163776156023403e+02 2.152982796510489152e+02
2.192848112419188737e+02 2.198775637697374634e+02
2.238532448579319123e+02 2.244567947439031741e+02
2.284216785053809531e+02 2.290359730636174049e+02
2.329901120747148013e+02 2.336150992734655176e+02
2.375585456665791355e+02 2.381941738568225446e+02
2.421269792718465226e+02 2.427731973211868990e+02
2.466954128814712703e+02 2.473521702674549374e+02
2.512638464824154596e+02 2.519310930070924428e+02
2.558322800986333618e+02 2.565099661430442666e+02
2.604007136948466723e+02 2.610887901380921789e+02
2.649691473173908207e+02 2.656675654390055570e+02
2.695375809051791975e+02 2.702462925980861428e+02
2.741060145093011329e+02 2.748249719878380120e+02
2.786744481280529726e+02 2.794036040562335756e+02
2.832428817755903765e+02 2.839821892290249252e+02
2.878113154084300618e+02 2.885607279990790062e+02
2.923797489989235032e+02 2.931392206650151593e+02
2.969481826383778866e+02 2.977176678129080187e+02
3.015166162746309624e+02 3.022960697320993404e+02
3.060850498987944093e+02 3.068744269098363020e+02
3.106534835167281585e+02 3.114527396691252079e+02
3.152219170876907697e+02 3.160310085076207542e+02
3.197903507577611890e+02 3.206092337743361327e+02
3.243587843941510300e+02 3.251874159027012183e+02
3.289272180199117201e+02 3.297655552210918586e+02
3.334956516336185928e+02 3.343436521842373850e+02
3.380640853387790230e+02 3.389217070828747751e+02
3.426325189471713202e+02 3.434997204416047225e+02
3.472009526209337764e+02 3.480776923840917902e+02
3.517693862496717543e+02 3.526556234804875203e+02
3.563378199662549832e+02 3.572335139155529760e+02
3.609062535900837361e+02 3.618113641611106459e+02
3.654746872068720904e+02 3.663891745499932995e+02
3.700431208262140785e+02 3.709669454942677476e+02
3.746115544842674581e+02 3.755446772240264863e+02
3.791799881798543765e+02 3.801223700350084300e+02
3.837484218925902155e+02 3.847000242370247634e+02
3.883168554932392453e+02 3.892776403920635175e+02
3.928852890939342615e+02 3.938552186196316711e+02
3.974537228197238505e+02 3.984327592056347385e+02
4.020221564704764887e+02 4.030102626032821718e+02
4.065905902043329547e+02 4.075877290660744734e+02
4.111590237794908376e+02 4.121651586980664774e+02
4.157274573974233931e+02 4.167425520056236223e+02
4.202958910330846720e+02 4.213199093176457382e+02
4.248643247583501079e+02 4.258972308094823802e+02
4.294327583197000422e+02 4.304745168998647387e+02
4.340011918919585696e+02 4.350517677851060512e+02
4.385696255239438415e+02 4.396289838319897285e+02
4.431380592651258894e+02 4.442061652483297394e+02
4.477064929122609556e+02 4.487833124462810588e+02
4.522749265932408207e+02 4.533604254617818015e+02
4.568433601546783507e+02 4.579375046626146286e+02
4.614117937869236812e+02 4.625145504638497300e+02
4.659802273913149975e+02 4.670915627878123928e+02
4.705486609705254182e+02 4.716685421200039627e+02
4.751170947380513212e+02 4.762454886672511520e+02
4.796855283372241843e+02 4.808224029125543666e+02
4.842539619710291845e+02 4.853992848214770106e+02
4.888223955851403844e+02 4.899761347466719599e+02
4.933908293517783363e+02 4.945529528097590628e+02
4.979592630779372939e+02 4.991297395334786415e+02
5.025276967186379125e+02 5.037064948260622259e+02
5.070961303683956203e+02 5.082832191906747994e+02
5.116645639954216449e+02 5.128599126561023240e+02
5.162329978056075106e+02 5.174365756174681792e+02
5.208014313584325237e+02 5.220132084044462317e+02
5.253698650211567838e+02 5.265898108460747835e+02
5.299382987031312950e+02 5.311663836365299858e+02
5.345067322597833481e+02 5.357429266664861416e+02
5.390751659275226757e+02 5.403194403078241521e+02
5.436435995746795697e+02 5.448959247174919938e+02
5.482120332031197449e+02 5.494723800339563695e+02
5.527804669451631980e+02 5.540488064702009297e+02
5.573489007943717297e+02 5.586252043117997346e+02
5.619173344107570074e+02 5.632015738087930004e+02
5.664857680504346717e+02 5.677779151774232105e+02
5.710542016311419502e+02 5.723542285764447115e+02
5.756226352230258954e+02 5.769305141410650322e+02
5.801910688206039595e+02 5.815067721075681675e+02
5.847595026503619238e+02 5.860830027643731910e+02
5.893279363791672267e+02 5.906592060442960701e+02
5.938963700057411188e+02 5.952353825062182295e+02
5.984648035836733015e+02 5.998115319404048478e+02
6.030332373919906104e+02 6.043876549054054976e+02
6.076016710218500521e+02 6.089637515226794449e+02
6.121701047126709909e+02 6.135398216530476247e+02
6.167385383994726453e+02 6.181158657324413070e+02
6.213069719592533602e+02 6.226918841902549957e+02
6.258754058446504587e+02 6.272678769143324189e+02
6.304438395322331417e+02 6.318438440240270211e+02
6.350122733815430820e+02 6.364197857810787582e+02
6.395807072110346780e+02 6.409957021576755096e+02
6.441491409541955591e+02 6.455715938228149753e+02
6.487175748368620134e+02 6.501474605717939994e+02
6.532860085176165512e+02 6.547233025020341302e+02
6.578544422569882499e+02 6.592991199352622971e+02
