0.000000000000000000e+00 0.000000000000000000e+00
4.634887804315878768e+00 4.649504132878967688e+00
9.269775608580278714e+00 9.298916641926833648e+00
1.390466341325970312e+01 1.394823868488596474e+01
1.853955121946157192e+01 1.859747138781109044e+01
2.317443902353948104e+01 2.324661586707095751e+01
2.780932682877563877e+01 2.789567322420648310e+01
3.244421463811904971e+01 3.254464451192771435e+01
3.707910244419933576e+01 3.719353079544758600e+01
4.171399024920323484e+01 4.184233310022779051e+01
4.634887805615753820e+01 4.649105244344620758e+01
5.098376586333476013e+01 5.113968983084082254e+01
5.561865367044164543e+01 5.578824621440190867e+01
6.025354148608555249e+01 6.043672256595787928e+01
6.488842931596437325e+01 6.508511983959192548e+01
6.952331712794028817e+01 6.973343894234989193e+01
7.415820496115699711e+01 7.438168080813581184e+01
7.879309277571138637e+01 7.902984630564363044e+01
8.342798058966464225e+01 8.367793633946430987e+01
8.806286840580955300e+01 8.832595174888103884e+01
9.269775621459186254e+01 9.297389340698812532e+01
9.733264402112649805e+01 9.762176211297300199e+01
1.019675318407133204e+02 1.022695587308044765e+02
1.066024196681135550e+02 1.069172840249388230e+02
1.112373075030081679e+02 1.115649388231542076e+02
1.158721953449317112e+02 1.162125238659264426e+02
1.205070831877257262e+02 1.208600399739241880e+02
1.251419710228003623e+02 1.255074878533446281e+02
1.297768588506381775e+02 1.301548682669597667e+02
1.344117466811679833e+02 1.348021819361332518e+02
1.390466344961607774e+02 1.394494295756389306e+02
1.436815223433769120e+02 1.440966118802368214e+02
1.483164102071816899e+02 1.487437295686600294e+02
1.529512980504478605e+02 1.533907833114473078e+02
1.575861858580224748e+02 1.580377738238804000e+02
1.622210736704456053e+02 1.626847017556422657e+02
1.668559615053853520e+02 1.673315676859058101e+02
1.714908493528668032e+02 1.719783723249974514e+02
1.761257372075194212e+02 1.766251162907754519e+02
1.807606250649821504e+02 1.812718001968888473e+02
1.853955129180265260e+02 1.859184246461260841e+02
1.900304007462642062e+02 1.905649902577802379e+02
1.946652886278295682e+02 1.952114976548630523e+02
1.993001764877534754e+02 1.998579474016616473e+02
2.039350643746394667e+02 2.045043400540029666e+02
2.085699522270384136e+02 2.091506761518385247e+02
2.132048401093381358e+02 2.137969563465835563e+02
2.178397279634663164e+02 2.184431811311465594e+02
2.224746157921935605e+02 2.230893510365396537e+02
2.271095036391789392e+02 2.277354665834940874e+02
2.317443914630204063e+02 2.323815283928108784e+02
2.363792792820769932e+02 2.370275369145441857e+02
2.410141671624972446e+02 2.416734926687051370e+02
2.456490550012505594e+02 2.463193961595446808e+02
2.502839429131003044e+02 2.509652478728688720e+02
2.549188307321196021e+02 2.556110482307893221e+02
2.595537185639435620e+02 2.602567978223930822e+02
2.641886064009711390e+02 2.649024971148647865e+02
2.688234942477926097e+02 2.695481465063267024e+02
2.734583821535451307e+02 2.741937465026711607e+02
2.780932699753723227e+02 2.788392975701455043e+02
2.827281578706993059e+02 2.834848001530474448e+02
2.873630457150892425e+02 2.881302547766251791e+02
2.919979335545106096e+02 2.927756617417437610e+02
2.966328214790108291e+02 2.974210215814269986e+02
3.012677092983611260e+02 3.020663346899402768e+02
3.059025971701186677e+02 3.067116014544798190e+02
3.105374850682695751e+02 3.113568223142992792e+02
3.151723730020032690e+02 3.160019976902451617e+02
3.198072608242218848e+02 3.206471279872173454e+02
3.244421486404803545e+02 3.252922135414860350e+02
3.290770364641888364e+02 3.299372548214420249e+02
3.337119243137108242e+02 3.345822521210666309e+02
3.383468121740147581e+02 3.392272059108580606e+02
3.429816999890055058e+02 3.438721165081752815e+02
3.476165878057395275e+02 3.485169843142807053e+02
3.522514756944384544e+02 3.531618098279612354e+02
3.568863636319606485e+02 3.578065932177922264e+02
3.615212514497313805e+02 3.624513349155334936e+02
3.661561393115099463e+02 3.670960353042152633e+02
3.707910272417424267e+02 3.717406945965391287e+02
3.754259150670158078e+02 3.763853133051877649e+02
3.800608028779333836e+02 3.810298917233966449e+02
3.846956906953789144e+02 3.856744301395746106e+02
3.893305785842778164e+02 3.903189289909610125e+02
3.939654665180264601e+02 3.949633885146909051e+02
3.986003543326510794e+02 3.996078090310833204e+02
4.032352421467326735e+02 4.042521908747762041e+02
4.078701299770498281e+02 4.088965343058985127e+02
4.125050178639395995e+02 4.135408397906439859e+02
4.171399056862857151e+02 4.181851074782844080e+02
4.217747935493021032e+02 4.228293377399653536e+02
4.264096814393979002e+02 4.274735308805875320e+02
4.310445693071101232e+02 4.321176872558531272e+02
4.356794571733192356e+02 4.367618070259093201e+02
4.403143450584498169e+02 4.414058905138382443e+02
4.449492328770395488e+02 4.460499382113347338e+02
4.495841207960274915e+02 4.506939501735297995e+02
4.542190086768556512e+02 4.553379267084335424e+02
4.588538965554353126e+02 4.599818680719448594e+02
4.634887844187092014e+02 4.646257746801232997e+02
4.681236723403785618e+02 4.692696466559364126e+02
4.727585601648235070e+02 4.739134843802182786e+02
4.773934480230884674e+02 4.785572881153645426e+02
4.820283358442268309e+02 4.832010579429546056e+02
4.866632236849985702e+02 4.878447944092192756e+02
4.912981115511231565e+02 4.924884974595644280e+02
4.959329994272301860e+02 4.971321674801852168e+02
5.005678872850061225e+02 5.017758048739594869e+02
5.052027751938585993e+02 5.064194095919373240e+02
5.098376630699362977e+02 5.110629821482726811e+02
5.144725509287326304e+02 5.157065226454091089e+02
5.191074389420541593e+02 5.203500313143305220e+02
5.237423267919961063e+02 5.249935083748461011e+02
5.283772148333483756e+02 5.296369541777135055e+02
5.330121027106154088e+02 5.342803687994656912e+02
5.376469905631901156e+02 5.389237525673435130e+02
5.422818783958314270e+02 5.435671056839054245e+02
5.469167662632888778e+02 5.482104285025910713e+02
5.515516541567326385e+02 5.528537209765249827e+02
5.561865419886405562e+02 5.574969836403120098e+02
5.608214300098256899e+02 5.621402164443104539e+02
5.654563178405081771e+02 5.667834197838824366e+02
5.700912057373475363e+02 5.714265935838525365e+02
5.747260936346465314e+02 5.760697382947964797e+02
5.793609814614816287e+02 5.807128541135675732e+02
5.839958693443554694e+02 5.853559411619387447e+02
5.886307572129569508e+02 5.899989997320462862e+02
5.932656450922772819e+02 5.946420299146614070e+02
5.979005330651451686e+02 5.992850319782487531e+02
6.025354210188716024e+02 6.039280062422212723e+02
6.071703089613789643e+02 6.085709527288174741e+02
6.118051969492572653e+02 6.132138716511210532e+02
6.164400849700671188e+02 6.178567632262091820e+02
6.210749728478356246e+02 6.224996275915098067e+02
6.257098607105529027e+02 6.271424649252539893e+02
6.303447487370522140e+02 6.317852754027983337e+02
6.349796366264063181e+02 6.364280593338953622e+02
6.396145245288739716e+02 6.410708168082669545e+02
6.442494123660220566e+02 6.457135479578366812e+02
6.488843001866513305e+02 6.503562530721399071e+02
6.535191880287990216e+02 6.549989323391150720e+02
6.581540758407120393e+02 6.596415857837803287e+02
6.627889638876984009e+02 6.642842136512961133e+02
6.674238519522893966e+02 6.689268162252546972e+02
