0.000000000000000000e+00 0.000000000000000000e+00
5.523606125009840717e+00 5.539451375231394081e+00
1.104721225008904639e+01 1.107878675713138072e+01
1.657081837530991208e+01 1.661800785842422812e+01
2.209442450051718509e+01 2.215711635562106352e+01
2.761803062660212049e+01 2.769611388616378633e+01
3.314163675513918861e+01 3.323500206431283033e+01
3.866524288948000532e+01 3.877378244723527700e+01
4.418884903459905900e+01 4.431245656461877047e+01
4.971245518214867332e+01 4.985102592654993714e+01
5.523606131934001695e+01 5.538949200188007893e+01
6.075966745240687317e+01 6.092785622893308073e+01
6.628327359684237763e+01 6.646612001212878340e+01
7.180687972722004986e+01 7.200428474250693966e+01
7.733048585786235662e+01 7.754235177670129531e+01
8.285409201079255581e+01 8.308032243579398823e+01
8.837769815874975166e+01 8.861819798176941276e+01
9.390130429865281769e+01 9.415597973131491472e+01
9.942491044329189265e+01 9.969366891309064727e+01
1.049485166083751864e+02 1.052312667500778218e+02
1.104721227775639534e+02 1.107687744204490059e+02
1.159957289584595372e+02 1.163061931156093181e+02
1.215193350998907249e+02 1.218435240111202233e+02
1.270429412496197585e+02 1.273807682379608366e+02
1.325665473944268342e+02 1.329179268313170041e+02
1.380901535229243677e+02 1.384550009310716803e+02
1.436137596918875659e+02 1.439919915820147480e+02
1.491373658238356370e+02 1.495288998783751140e+02
1.546609719615972267e+02 1.550657267633487493e+02
1.601845781185456588e+02 1.606024732987984862e+02
1.657081842661298765e+02 1.661391404583961844e+02
1.712317903983073677e+02 1.716757292195673585e+02
1.767553965520787074e+02 1.772122404847413861e+02
1.822790027610517996e+02 1.827486752555487897e+02
1.878026088970685237e+02 1.882850344108190939e+02
1.933262150745637769e+02 1.938213188759911816e+02
1.988498212563429206e+02 1.993575294963900717e+02
2.043734273873039342e+02 2.048936671969815393e+02
2.098970335492747950e+02 2.104297328136685223e+02
2.154206396849852752e+02 2.159657272126954695e+02
2.209442458346239846e+02 2.215016511290673407e+02
2.264678519863754786e+02 2.270375054494281244e+02
2.319914582096309630e+02 2.325732909374365818e+02
2.375150643559516652e+02 2.381090083718243022e+02
2.430386705976911230e+02 2.436446585693206828e+02
2.485622767548380239e+02 2.491802421958422826e+02
2.540858829961534298e+02 2.547157600544030061e+02
2.596094892319694623e+02 2.602512129112815842e+02
2.651330954673277915e+02 2.657866013869156632e+02
2.706567017015992178e+02 2.713219263032473236e+02
2.761803078380520446e+02 2.768571882432155462e+02
2.817039140888404063e+02 2.823923879436988500e+02
2.872275202306261690e+02 2.879275260645986236e+02
2.927511263659863516e+02 2.934626032559858686e+02
2.982747326112747714e+02 2.989976201998714487e+02
3.037983388441840589e+02 3.045325776127585868e+02
3.093219450063106137e+02 3.100674759990935740e+02
3.148455511712675161e+02 3.156023159488639180e+02
3.203691573424047760e+02 3.211370982309465489e+02
3.258927635030931356e+02 3.266718233699085090e+02
3.314163697521756831e+02 3.322064919069138114e+02
3.369399760070123762e+02 3.377411044773836011e+02
3.424635821850481534e+02 3.432756616584194944e+02
3.479871883729870206e+02 3.488101639391877598e+02
3.535107945089317809e+02 3.543446119022568155e+02
3.590344007356035263e+02 3.598790061568273586e+02
3.645580068719616520e+02 3.654133472159439862e+02
3.700816130206425214e+02 3.709476355607035885e+02
3.756052192301210653e+02 3.764818717988022740e+02
3.811288254055005496e+02 3.820160563707086112e+02
3.866524316149874494e+02 3.875501899444612945e+02
3.921760377547615235e+02 3.930842729187849045e+02
3.976996440387540588e+02 3.986183056153205371e+02
4.032232502138301697e+02 4.041522886818121378e+02
4.087468563751788224e+02 4.096862226469761481e+02
4.142704625507859078e+02 4.152201079950334019e+02
4.197940688193240248e+02 4.207539450258678926e+02
4.253176750111816204e+02 4.262877343434574868e+02
4.308412812605162117e+02 4.318214761949782314e+02
4.363648875830090219e+02 4.373551712612504616e+02
4.418884938172902821e+02 4.428888198608931930e+02
4.474121001061997731e+02 4.484224224123406657e+02
4.529357062439232209e+02 4.539559794864567266e+02
4.584593123827119143e+02 4.594894914864191833e+02
4.639829187246726860e+02 4.650229586193574391e+02
4.695065250315700496e+02 4.705563814667416409e+02
4.750301311692647346e+02 4.760897604574273601e+02
4.805537373804717731e+02 4.816230957409350708e+02
4.860773436445258540e+02 4.871563879275139470e+02
4.916009498216991460e+02 4.926896374751210033e+02
4.971245559884252998e+02 4.982228445518233002e+02
5.026481623629439355e+02 5.037560097432544808e+02
5.081717685221210559e+02 5.092891332492457650e+02
5.136953747713796474e+02 5.148222154953467680e+02
5.192189809451742804e+02 5.203552569797403748e+02
5.247425871599236871e+02 5.258882579648977753e+02
5.302661934213954282e+02 5.314212185150141750e+02
5.357897995956882369e+02 5.369541393399049412e+02
5.413134058438165539e+02 5.424870206390669409e+02
5.468370120499362201e+02 5.480198629026837125e+02
5.523606184372779353e+02 5.535526663463376735e+02
5.578842246276744845e+02 5.590854313520691221e+02
5.634078308340517651e+02 5.646181581646868608e+02
5.689314370541497965e+02 5.701508472151972455e+02
5.744550432146382946e+02 5.756834985844659514e+02
5.799786493794867965e+02 5.812161128815725988e+02
5.855022555654693406e+02 5.867486901384273779e+02
5.910258618382108580e+02 5.922812307642614087e+02
5.965494681069267244e+02 5.978137352583532902e+02
6.020730742889875273e+02 6.033462036888813600e+02
6.075966804781221526e+02 6.088786363938971817e+02
6.131202866761343557e+02 6.144110338482508951e+02
6.186438928480666846e+02 6.199433960474541436e+02
6.241674992754728919e+02 6.254757233715463371e+02
6.296911056573534324e+02 6.310080162024999026e+02
6.352147117997837995e+02 6.365402747871428346e+02
6.407383180683655155e+02 6.420724995599748581e+02
6.462619242396556274e+02 6.476046904768086279e+02
6.517855304249346773e+02 6.531368480055846248e+02
6.573091367861348999e+02 6.586689723431795755e+02
6.628327430588694824e+02 6.642010636122367941e+02
6.683563493058634322e+02 6.697331222672494278e+02
6.738799554606760012e+02 6.752651484073762731e+02
6.794035616611646446e+02 6.807971424343738818e+02
6.849271678374980183e+02 6.863291046670415199e+02
6.904507739972298168e+02 6.918610350930712229e+02
6.959743802426580714e+02 6.973929339967969554e+02
7.014979866275878067e+02 7.029248017213628827e+02
7.070215928383784103e+02 7.084566385341971682e+02
7.125451993133074211e+02 7.139884446462292544e+02
7.180688055616408292e+02 7.195202203766750699e+02
7.235924117122938242e+02 7.250519659606645746e+02
7.291160179951882583e+02 7.305836814008432611e+02
7.346396242552123113e+02 7.361153672205125531e+02
7.401632306151427656e+02 7.416470231211653754e+02
7.456868370108040835e+02 7.471786499692684629e+02
7.512104434281525300e+02 7.527102474522107514e+02
7.567340496646381780e+02 7.582418159958799606e+02
7.622576559045911608e+02 7.637733559629937190e+02
7.677812621565808513e+02 7.693048672828144845e+02
7.733048684107491226e+02 7.748363504565054427e+02
7.788284746456783978e+02 7.803678054495993592e+02
7.843520808823077459e+02 7.858992325015012739e+02
7.898756872079023879e+02 7.914306319781328511e+02
7.953992936369186282e+02 7.969620041021946690e+02
