0.000000000000000000e+00 0.000000000000000000e+00 0.000000000000000000e+00 0.000000000000000000e+00 0.000000000000000000e+00 0.000000000000000000e+00 0.000000000000000000e+00 0.000000000000000000e+00 0.000000000000000000e+00
0.000000000000000000e+00 7.000308877371922200e+00 7.494163779526769709e+00 7.494163779526769709e+00 7.494163779526769709e+00 7.494163779526769709e+00 7.494163779526769709e+00 7.494163779526769709e+00 7.494163779526769709e+00
0.000000000000000000e+00 1.073599716805208359e+01 1.427263185058633432e+01 1.491726770887672870e+01 1.498832756898476326e+01 1.498832756898476326e+01 1.498832756898476326e+01 1.498832756898476326e+01 1.498832756898476326e+01
0.000000000000000000e+00 1.320664900633735428e+01 1.949391879759833301e+01 2.171517171297879045e+01 2.235005537060601100e+01 2.247166620257748093e+01 2.248249135500100593e+01 2.248249135500100593e+01 2.248249135500100593e+01
0.000000000000000000e+00 1.502941411280304074e+01 2.351249868751731853e+01 2.760684688897590888e+01 2.923389641765190916e+01 2.980514233821376280e+01 2.995184278773531616e+01 2.997499261278076688e+01 2.997665515683202386e+01
0.000000000000000000e+00 1.646472710832198416e+01 2.670521719621222090e+01 3.257906089562960261e+01 3.548351525706582521e+01 3.677371161458925286e+01 3.727886663625177732e+01 3.743333362971202405e+01 3.746628225323925676e+01
0.000000000000000000e+00 1.764445655191135387e+01 2.932407834020196802e+01 3.677030605497435545e+01 4.104367804515380413e+01 4.325547778726885184e+01 4.431709170258574204e+01 4.476446207393171051e+01 4.491768403420601175e+01
0.000000000000000000e+00 1.864383896004594732e+01 3.153023549134758952e+01 4.033960757688558374e+01 4.594120992295221129e+01 4.919774226331605860e+01 5.096655058756513768e+01 5.185959924972510748e+01 5.225722224624072254e+01
0.000000000000000000e+00 1.950957172067984757e+01 3.342901936230776982e+01 4.342072213556929938e+01 5.025026752510152761e+01 5.459204519394900501e+01 5.717672141638881556e+01 5.863620009602482241e+01 5.939972919679746610e+01
0.000000000000000000e+00 2.027250950021880271e+01 3.509169761422238309e+01 4.611654729957207621e+01 5.405786469192917565e+01 5.946388784269661443e+01 6.292894306844237917e+01 6.504599083269783932e+01 6.627588912953817157e+01
0.000000000000000000e+00 2.095404693968603027e+01 3.656818283869245079e+01 4.850440205160478513e+01 5.744543343898764221e+01 6.385977813884517928e+01 6.822694979061193976e+01 7.106621689866081226e+01 7.284049710426019431e+01
0.000000000000000000e+00 2.156959874453752235e+01 3.789453527756358397e+01 5.064243565836748218e+01 6.048249817252970217e+01 6.783435670885053526e+01 7.309155404209450069e+01 7.669122699604298532e+01 7.906880447655510125e+01
0.000000000000000000e+00 2.213062268147544032e+01 3.909753207061859825e+01 5.257483512354806976e+01 6.322613546843469834e+01 7.144175927438271856e+01 7.755480100523729448e+01 8.192803193997750100e+01 8.495045160513670623e+01
0.000000000000000000e+00 2.264585813106925016e+01 4.019753583680588349e+01 5.433564514398455003e+01 6.572251030736640587e+01 7.473130040915567918e+01 8.165411142721065119e+01 8.679339140014111820e+01 9.048522836324133323e+01
0.000000000000000000e+00 2.312211755491529175e+01 4.121035388299775803e+01 5.595148229384972183e+01 6.800885624820359965e+01 7.774598249151151208e+01 8.542778126569274377e+01 9.131080562193491801e+01 9.568070000083082505e+01
0.000000000000000000e+00 2.356481078933079232e+01 4.214848060053541445e+01 5.744345475588954031e+01 7.011530145889092580e+01 8.052247538124129278e+01 8.891220917778642274e+01 9.550748320002503533e+01 1.005505066990038472e+02
0.000000000000000000e+00 2.397830317227014163e+01 4.302194889514664311e+01 5.882852856328701563e+01 7.206637802109804625e+01 8.309172760659862433e+01 9.214052255274418712e+01 9.941180177033663767e+01 1.051126631097869364e+02
