0.000000000000000000e+00 0.000000000000000000e+00 0.000000000000000000e+00 0.000000000000000000e+00 0.000000000000000000e+00 0.000000000000000000e+00 0.000000000000000000e+00 0.000000000000000000e+00 0.000000000000000000e+00
0.000000000000000000e+00 3.048880921686242029e+00 3.558478378769300399e+00 3.558478378769300399e+00 3.558478378769300399e+00 3.558478378769300399e+00 3.558478378769300399e+00 3.558478378769300399e+00 3.558478378769300399e+00
0.000000000000000000e+00 5.175434388060764945e+00 6.608520857519287972e+00 7.042204242450088358e+00 7.116956763962914323e+00 7.116956763962914323e+00 7.116956763962914323e+00 7.116956763962914323e+00 7.116956763962914323e+00
0.000000000000000000e+00 6.793491923112293662e+00 9.262889603252190796e+00 1.024451097610173811e+01 1.057998703239052318e+01 1.066382148862144774e+01 1.067543516214166743e+01 1.067543516214166743e+01 1.067543516214166743e+01
0.000000000000000000e+00 8.093292394195582773e+00 1.157755462784883349e+01 1.316144550272201741e+01 1.386834483194538237e+01 1.413680041465553572e+01 1.421595736375136454e+01 1.423209417909748886e+01 1.423391356224126270e+01
0.000000000000000000e+00 9.176590898838348664e+00 1.360658155911954381e+01 1.582118448850021863e+01 1.695276310988793966e+01 1.748462024724304342e+01 1.770047717521290309e+01 1.777140740549242182e+01 1.778908737279208907e+01
0.000000000000000000e+00 1.010369865193203509e+01 1.539911212334270374e+01 1.825191954058261246e+01 1.983365192547926981e+01 2.067960102471297645e+01 2.109205431859656343e+01 2.126703431495703001e+01 2.132900579472547520e+01
0.000000000000000000e+00 1.091311287358883142e+01 1.699643777719328597e+01 2.047876962576590643e+01 2.252306824962625598e+01 2.371246302558010299e+01 2.436550072848685033e+01 2.469143261645930920e+01 2.483443716563161274e+01
0.000000000000000000e+00 1.163082155272861939e+01 1.843195839239734113e+01 2.252434776819220730e+01 2.503601025054868501e+01 2.658481032849783077e+01 2.750785676778983913e+01 2.802276384261659103e+01 2.828409522199759607e+01
0.000000000000000000e+00 1.227515263320734640e+01 1.973231922525486937e+01 2.440909412977657311e+01 2.738727063434945563e+01 2.930360994649253925e+01 3.051513548238407125e+01 3.124700891484633658e+01 3.165931369060061229e+01
0.000000000000000000e+00 1.285949363143256896e+01 2.091874661947723979e+01 2.615133718703456012e+01 2.959060366371139850e+01 3.187794329050411690e+01 3.338891631292182183e+01 3.435710248466409666e+01 3.494634083583977713e+01
0.000000000000000000e+00 1.339390885783910434e+01 2.200823037675385052e+01 2.776732748252140226e+01 3.165863800638604175e+01 3.431735142593137766e+01 3.613383524067803876e+01 3.735107843661115368e+01 3.813658748860825654e+01
0.000000000000000000e+00 1.388614815301055216e+01 2.301447375486731772e+01 2.927133383264466815e+01 3.360295535018332203e+01 3.663110306012261930e+01 3.875598392049547414e+01 4.023029331065818326e+01 4.122580477821346534e+01
0.000000000000000000e+00 1.434230172434801176e+01 2.394862796329394428e+01 3.067580159362604419e+01 3.543417038088723814e+01 3.882793009592832334e+01 4.126197517488567712e+01 4.299807403993105481e+01 4.421295665744410996e+01
0.000000000000000000e+00 1.476723982761810916e+01 2.481985155238951890e+01 3.199154434403110159e+01 3.716199072140863535e+01 4.091596998710334532e+01 4.365843976212570254e+01 4.565879832267736305e+01 4.709918436297589039e+01
0.000000000000000000e+00 1.516491628258390456e+01 2.563573529525000794e+01 3.322794396938384409e+01 3.879526558029165528e+01 4.290278442824671856e+01 4.595178074674088009e+01 4.821731216065064984e+01 4.988699719939369714e+01
0.000000000000000000e+00 1.553858371772286162e+01 2.640262572382381023e+01 3.439314251744814754e+01 4.034203393553556793e+01 4.479539761243568563e+01 4.814807160554629206e+01 5.067858161708930709e+01 5.257969499207693787e+01
