0.000000000000000000e+00 0.000000000000000000e+00
4.563811262806853897e+00 4.582841656003830977e+00
9.127622526307977324e+00 9.165522955018799323e+00
1.369143379080942502e+01 1.374804661464276911e+01
1.825524505468077052e+01 1.833041527903402823e+01
2.281905632207945445e+01 2.291263153333532188e+01
2.738286758580181512e+01 2.749469789842471101e+01
3.194667885599046997e+01 3.207661682437428396e+01
3.651049013479897809e+01 3.665839070833290236e+01
4.107430140133722318e+01 4.124002188260360668e+01
4.563811266567712721e+01 4.582151263529487295e+01
5.020192394040563499e+01 5.040286519356180861e+01
5.476573520429465702e+01 5.498408173072411387e+01
5.932954647713150109e+01 5.956516436037687612e+01
6.389335774480747432e+01 6.414611518115546573e+01
6.845716904978817752e+01 6.872693618231163271e+01
7.302098035885916261e+01 7.330762938027277187e+01
7.758479163296925663e+01 7.788819668491888137e+01
8.214860290356872952e+01 8.246863999470804174e+01
8.671241421896097279e+01 8.704896114082595204e+01
9.127622549938175212e+01 9.162916193132797105e+01
9.584003680859061092e+01 9.620924415917849615e+01
1.004038480777090001e+02 1.007892095427477841e+02
1.049676593760486725e+02 1.053690597622901208e+02
1.095314706741979478e+02 1.099487964760494663e+02
1.140952819876233235e+02 1.145284212915429549e+02
1.186590933044012814e+02 1.191079358365645788e+02
1.232229046323021890e+02 1.236873415793626947e+02
1.277867159717684444e+02 1.282666400869590575e+02
1.323505273081624409e+02 1.328458328435270346e+02
1.369143385922412790e+02 1.374249212806013816e+02
1.414781499228935218e+02 1.420039069202483404e+02
1.460419612444713380e+02 1.465827910211214089e+02
1.506057725669733145e+02 1.511615750110594831e+02
1.551695838865974224e+02 1.557402602521760002e+02
1.597333952039493283e+02 1.603188480635845679e+02
1.642972065165433264e+02 1.648973396416417359e+02
1.688610178459801148e+02 1.694757363782382242e+02
1.734248291844041034e+02 1.740540394389213930e+02
1.779886405268213139e+02 1.786322500439844703e+02
1.825524518684031250e+02 1.832103692994714947e+02
1.871162632041359757e+02 1.877883985325489391e+02
1.916800745322118473e+02 1.923663387540826761e+02
1.962438858546541951e+02 1.969441911347703353e+02
2.008076971758767399e+02 2.015219568018658833e+02
2.053715084870719352e+02 2.060996367940410607e+02
2.099353198203542661e+02 2.106772321852490109e+02
2.144991311396912579e+02 2.152547440066723823e+02
2.190629424589766927e+02 2.198321732855446555e+02
2.236267537751975851e+02 2.244095210915033363e+02
2.281905650939015118e+02 2.289867883080358411e+02
2.327543764296465270e+02 2.335639759874954393e+02
2.373181877663721764e+02 2.381410849433644898e+02
2.418819991451198916e+02 2.427181162156697383e+02
2.464458104465800830e+02 2.472950706658808144e+02
2.510096217950805908e+02 2.518719492784233580e+02
2.555734332103365887e+02 2.564487529259001803e+02
2.601372445054777245e+02 2.610254824090864645e+02
2.647010558106749727e+02 2.656021385800451071e+02
2.692648670974198808e+02 2.701787223439037007e+02
2.738286783748446851e+02 2.747552344341620483e+02
2.783924897024770644e+02 2.793316757659995915e+02
2.829563010473161739e+02 2.839080471013236320e+02
2.875201124230151208e+02 2.884843491328527989e+02
2.920839237950969505e+02 2.930605827828601377e+02
2.966477351189514593e+02 2.976367487201282529e+02
3.012115464331758403e+02 3.022128476117862874e+02
3.057753577908788429e+02 3.067888803562222506e+02
3.103391691392985194e+02 3.113648475743842710e+02
3.149029805333588570e+02 3.159407499157474604e+02
3.194667918784982135e+02 3.205165882119075604e+02
3.240306032102362792e+02 3.250923631672933425e+02
3.285944145448127074e+02 3.296680753106585371e+02
3.331582259902664873e+02 3.342437253664060677e+02
3.377220374227891284e+02 3.388193139931779569e+02
3.422858487627418071e+02 3.433948418436191901e+02
3.468496601123546270e+02 3.479703095494757008e+02
3.514134714795110881e+02 3.525457176746761547e+02
3.559772828983333852e+02 3.571210669959432380e+02
3.605410943281025311e+02 3.616963579824048338e+02
3.651049057548713108e+02 3.662715913821883760e+02
3.696687170647367111e+02 3.708467676129274651e+02
3.742325284397641099e+02 3.754218873128207861e+02
3.787963398583734715e+02 3.799969510510253485e+02
3.833601512296775127e+02 3.845719592321084406e+02
3.879239625033924881e+02 3.891469126186498215e+02
3.924877738785354495e+02 3.937218115615114016e+02
3.970515853927371381e+02 3.982966567110167375e+02
4.016153968421948548e+02 4.028714485929180000e+02
4.061792083251600616e+02 4.074461876881740636e+02
4.107430197621209800e+02 4.120208745246948183e+02
4.153068311722885824e+02 4.165955097532894342e+02
4.198706425552873043e+02 4.211700937504322155e+02
4.244344539761946180e+02 4.257446269195098694e+02
4.289982653444137100e+02 4.303191098987146006e+02
4.335620767755046927e+02 4.348935430495321270e+02
4.381258882948818041e+02 4.394679270238607387e+02
