0.000000000000000000e+00 0.000000000000000000e+00
2.051996501374969473e+00 2.051996501374968584e+00
6.115225587870770418e+00 6.115261287784281130e+00
1.017729330662836063e+01 1.017749615473566926e+01
1.423724268039305230e+01 1.423772818125277340e+01
1.829429729343712552e+01 1.829547246650395920e+01
2.235106283684092432e+01 2.235287944399601656e+01
2.640738126898332894e+01 2.640964819451738066e+01
3.046364216568493077e+01 3.046616947006803144e+01
3.451987365517707218e+01 3.452265000257315108e+01
3.857597176422849827e+01 3.857907032888323329e+01
4.263195592114475119e+01 4.263537296307575986e+01
4.668771792916648167e+01 4.669138758766826669e+01
5.074341125276849596e+01 5.074752169560759540e+01
5.479895944081815884e+01 5.480355680587808109e+01
5.885448677754651214e+01 5.885945061901495023e+01
6.290999941686008867e+01 6.291532876279465825e+01
6.696541623599492254e+01 6.697109187643827966e+01
7.102072795127564575e+01 7.102699180848287597e+01
7.507596512096819197e+01 7.508246607441270726e+01
7.913120976246111127e+01 7.913801659746465589e+01
8.318636347689596278e+01 8.319356373068407606e+01
8.724157891382044738e+01 8.724899526777323899e+01
9.129680409013556641e+01 9.130447894392614216e+01
9.535196981758724633e+01 9.535983615706118144e+01
9.940714725624188475e+01 9.941541032756009599e+01
1.034623210855741604e+02 1.034709680113359980e+02
1.075174574949612349e+02 1.075265266053799991e+02
1.115725691992156783e+02 1.115819997066766263e+02
1.156275758695182390e+02 1.156374055476320848e+02
1.196826802442827500e+02 1.196928641591029816e+02
1.237377686764645262e+02 1.237480556108052951e+02
1.277927147226923523e+02 1.278033001607320642e+02
1.318476701185259685e+02 1.318587182919356167e+02
1.359027290588882977e+02 1.359140455466625497e+02
1.399577866266391766e+02 1.399694261316563484e+02
1.440128326796983629e+02 1.440246096601391343e+02
1.480677605080023227e+02 1.480797274172242339e+02
1.521227956747544567e+02 1.521349257793847585e+02
1.561777110939260069e+02 1.561902472182633801e+02
1.602327017220855510e+02 1.602455820840355614e+02
1.642876129738693294e+02 1.643010674547018084e+02
1.683426262012872030e+02 1.683563969798621542e+02
1.723975101341735012e+02 1.724114841939430676e+02
1.764524913162418613e+02 1.764666709205399115e+02
1.805074312981763569e+02 1.805219388687250444e+02
1.845624141571568657e+02 1.845772348088200374e+02
1.886172740264271965e+02 1.886325628815075675e+02
1.926722446066572729e+02 1.926876361339183177e+02
