0.000000000000000000e+00 0.000000000000000000e+00
5.708840551601926272e+00 2.973173870486578441e+00
9.673315655618822007e+00 7.052046522679760621e+00
1.364466336337568997e+01 1.116282307210591895e+01
1.762283819678543040e+01 1.526892345107777516e+01
2.160610129943516000e+01 1.936971474999343812e+01
2.559579649648236099e+01 2.346132336723982803e+01
2.959088341743841966e+01 2.755702053807632268e+01
3.359143443276824570e+01 3.162474872617917043e+01
3.759546669684633002e+01 3.571184650161792717e+01
4.160397696816346524e+01 3.980293780615171784e+01
4.561630207682060245e+01 4.389269524680960188e+01
4.963186307738840952e+01 4.797572299087656233e+01
5.365052207504717785e+01 5.205751353929386482e+01
5.767196442484921448e+01 5.614268781517013451e+01
6.169572830412501219e+01 6.022653499086685258e+01
6.572185227526115625e+01 6.430521558842603724e+01
6.974987739342458326e+01 6.838709185763309506e+01
7.377993814573324016e+01 7.246783834690339177e+01
7.781178498684981548e+01 7.654761930659506675e+01
8.184518747999933908e+01 8.062297618240006614e+01
8.588010690231556055e+01 8.470108042828867667e+01
8.991622945470022898e+01 8.877816231070113417e+01
9.395372352674564809e+01 9.285474253118012200e+01
9.799222768453864774e+01 9.693046107109128684e+01
1.020318448992418610e+02 1.010023613210256883e+02
1.060723583331655107e+02 1.050767512812363691e+02
1.101138299496685136e+02 1.091506061397702325e+02
1.141561001173826355e+02 1.132111129953435693e+02
1.181987196253908934e+02 1.172812418000719532e+02
1.222419616732899925e+02 1.213534563613784911e+02
1.262858880321634274e+02 1.254253982502751086e+02
1.303306419719850169e+02 1.294853072960311806e+02
1.343758124916809038e+02 1.335562522099423859e+02
1.384213983424731964e+02 1.376265908953870678e+02
1.424676292309760015e+02 1.416965733574919852e+02
1.465142161947252930e+02 1.457663188449307086e+02
1.505614559444573217e+02 1.498353109365139346e+02
1.546091740933111396e+02 1.539017743530959024e+02
1.586571094424191415e+02 1.579701124052529053e+02
1.627053079455563136e+02 1.620379364679425294e+02
1.667542221191853855e+02 1.661054604936185228e+02
1.708032253634949598e+02 1.701727838917038866e+02
1.748526775967778519e+02 1.742379192189405046e+02
1.789023233844846743e+02 1.783045094447952579e+02
1.829521392798739896e+02 1.823708500174874985e+02
1.870023238141789648e+02 1.864369073368288241e+02
1.910526260507670031e+02 1.905024728060615757e+02
1.951031540759802283e+02 1.945677696926159115e+02
