2.591231753031884750e+02
2.358824202320464565e+02
2.748977776662225665e+02
2.298176437115330941e+02
2.551206487585527611e+02
1.951961933825769506e+02
2.453005200398481236e+02
2.617187812354613357e+02
2.243515753212039385e+02
1.739596772107291542e+02
2.786442656486924534e+02
2.208644817675522063e+02
2.622205316077394741e+02
2.348692624623372751e+02
2.604517398720353185e+02
1.982826919823302774e+02
2.325814074365197257e+02
2.010557456593348604e+02
2.430392299892519077e+02
1.874863029356760649e+02
2.043840079683540409e+02
2.355202445452127051e+02
2.264311830255958853e+02
1.724142875117473466e+02
2.492703581154088965e+02
2.258134988063478090e+02
2.209966706780954269e+02
1.732079229271331826e+02
2.591322212937718064e+02
2.271019051121515986e+02
1.734225373977778588e+02
2.625049650269534141e+02
1.897998406071424142e+02
2.006119886299584039e+02
2.633369807284775561e+02
2.281021845281105982e+02
2.848382992409587473e+02
2.606660666647867970e+02
2.762625107186916011e+02
2.758589635216955003e+02
2.420426412466482873e+02
1.583345769683139679e+02
2.366043898585771785e+02
1.838247919481133295e+02
2.356646000406571488e+02
2.177095357188282776e+02
2.238150050615820135e+02
2.382840660295335908e+02
2.058041941279161904e+02
2.045521613826796852e+02
2.505644841357097334e+02
2.332920396838694899e+02
2.209340311510152333e+02
2.512352367818594132e+02
2.416405417588634634e+02
2.512200025099872960e+02
2.587735496048722439e+02
2.512093075496719052e+02
2.449514518160200396e+02
2.134687550128702185e+02
2.255582327458695318e+02
2.110957033132628453e+02
2.343220580057518987e+02
2.399615773904812670e+02
2.229943577797394880e+02
2.099522777272527776e+02
2.038220942844515093e+02
2.342313231890504426e+02
2.329200014865087383e+02
2.174510457544540998e+02
1.948661876411115657e+02
2.510464573595220088e+02
2.744867472266040522e+02
2.560467182971650573e+02
1.749921690601025546e+02
2.693099584888316258e+02
2.346072279252594228e+02
2.717445940850194575e+02
2.522452538314363437e+02
1.859658217995938116e+02
2.396124636650102957e+02
2.352246530035788794e+02
1.969384487891544495e+02
2.218223511915218182e+02
1.870778296167486872e+02
2.579802615119259599e+02
2.378200712604931368e+02
2.408572035413988601e+02
2.209881567865379282e+02
2.034361575308446959e+02
2.102337581066874179e+02
2.550928700601457422e+02
2.201839368608886787e+02
2.026236885216167991e+02
2.499488025881308886e+02
1.788954917720296010e+02
2.159749828852126825e+02
2.519936251956216040e+02
2.447270126251199827e+02
1.819228389805382449e+02
