3.674892798414227286e+02
3.521728229651754418e+02
3.039646226073708704e+02
3.465688206566304643e+02
3.561661302452143332e+02
3.449365323287921115e+02
3.308417110475769505e+02
3.363696359366661000e+02
3.631158959418266932e+02
3.473736816167261736e+02
3.366313004337624761e+02
3.046722287300017911e+02
3.439512212607604624e+02
3.326152085980911579e+02
2.895906142848703553e+02
2.738916993419293817e+02
3.430735235390591811e+02
3.514300273466246836e+02
3.185300285100144038e+02
3.076764460527101051e+02
3.092077013323573169e+02
3.486244664870457655e+02
2.938723236724970320e+02
3.563037631475230000e+02
3.344914485702137767e+02
2.946725194374059242e+02
3.527123056917616282e+02
3.208499927842459556e+02
3.332912201331758411e+02
3.257981885213255282e+02
3.029675864293027985e+02
3.405844499305785575e+02
3.632818013953507830e+02
3.475655766549301688e+02
3.198764049477550202e+02
3.510031150084844285e+02
2.910716376291818506e+02
3.715922421934495219e+02
3.257081083727338751e+02
2.913236861497174459e+02
3.561104644886627852e+02
3.754763926689185496e+02
2.837044261383857133e+02
3.242792844705347761e+02
2.703711012731490655e+02
3.381448806423449014e+02
2.616711791975483266e+02
3.587764833316191471e+02
3.836709796034683109e+02
3.175715510719495569e+02
3.342133821193571634e+02
3.910128591361896042e+02
2.192788476947850995e+02
3.208128495428987321e+02
3.117271362661156218e+02
3.019331358072583384e+02
3.157364729187195280e+02
3.833037339132943657e+02
3.318460217813047848e+02
3.269951102476212554e+02
3.617324687887591494e+02
3.607529267232550296e+02
3.772904141823628379e+02
3.236926681229803080e+02
4.042070998664730723e+02
2.940403811471705353e+02
2.976509974204045648e+02
2.820732613363538803e+02
3.521221167463253323e+02
3.221996075430782298e+02
3.297366621110587062e+02
3.010786464675222192e+02
2.660838938171522159e+02
3.288442978804638415e+02
3.403524854885803279e+02
3.581883185228824686e+02
3.337240884299590675e+02
3.869261156411297407e+02
3.116073490576463882e+02
3.209935102069751451e+02
2.690626997564867224e+02
3.677811768683361606e+02
4.047736993299934625e+02
3.302119461920214576e+02
3.660088144210747600e+02
3.250158157157343339e+02
3.758588981413818715e+02
3.156854355489936665e+02
3.110319122815024571e+02
3.681465322348427094e+02
3.293393786829672649e+02
3.334699684971844249e+02
3.437506099382657681e+02
2.580192652264934168e+02
3.528657058265280284e+02
2.749388880940846320e+02
2.728195733887120014e+02
2.964498309100838469e+02
2.955087014098936606e+02
2.838373633190047940e+02
