7.062277698321702246e+01
4.684276908829733088e+01
6.950443080392511774e+01
5.584602331374282613e+01
7.911956339116082404e+01
9.701268770312708511e+01
6.400655405714464052e+01
7.587398255866315822e+01
6.591023389569643598e+01
8.215528896623597177e+01
5.603929258309285899e+01
7.736557380880341839e+01
7.828594560719724882e+01
4.119585966171288050e+01
7.257274428598384475e+01
6.738655947551346515e+01
3.922065523629515837e+01
6.067862066615927574e+01
8.913937354338034424e+01
5.497388576192164322e+01
5.778316559398817276e+01
8.368190819613188580e+01
7.575642892876338408e+01
3.501353865644527730e+01
7.506835237542094319e+01
4.041326073887926640e+01
5.403288515073103326e+01
6.385406070519390909e+01
5.840252555525390221e+01
7.092531510635919290e+01
6.758059350422719547e+01
7.726633293020611859e+01
5.273745163823116400e+01
8.757256728281404889e+01
4.241070035955144135e+01
9.496968707340977289e+01
5.704832184080770219e+01
6.852579385289864433e+01
4.155359954261889754e+01
4.233306474487788762e+01
4.342895816932810504e+01
7.788726723938515306e+01
4.348486726925978729e+01
6.522954530950521246e+01
6.104280293170748450e+01
4.753010472178700496e+01
4.149520541520783468e+01
5.606563282128141168e+01
4.418448639856702442e+01
6.909376776244113216e+01
5.419993818547681030e+01
8.584338233344929847e+01
8.055672806869442582e+01
5.461469617499831486e+01
6.453206941504899419e+01
9.245827098092831875e+01
7.955856218843599947e+01
6.682246103795418435e+01
5.373347611514192579e+01
7.239084733768864055e+01
5.422538052670297759e+01
8.964107814211844527e+01
4.943079598665248398e+01
4.521638845120390471e+01
8.308039076405648871e+01
5.474961087652349079e+01
7.825601365754464211e+01
9.581637778149600138e+01
8.403353226038035473e+01
9.225515429848947235e+01
5.720605988468802394e+01
6.402050696704996824e+01
8.144420311280325109e+01
8.666266853160725248e+01
6.462046282879808246e+01
5.402834898241516726e+01
7.047982304936036257e+01
5.009568303969489023e+01
6.781282804925314167e+01
8.360401750941011301e+01
9.611440721241785923e+01
8.922083391615761627e+01
8.491356792836690204e+01
5.547803085760449449e+01
8.612791854626351551e+01
1.110558789695380000e+01
5.290473199255615100e+01
4.967249079947058732e+01
7.028500497516948542e+01
5.268070054647914446e+01
4.699782530029023064e+01
5.913377666827859969e+01
5.338205189052362698e+01
4.472533221035665463e+01
9.527626289477454691e+01
7.782995191269472457e+01
4.311379520651494346e+01
5.478345987435741904e+01
5.761851209706235011e+01
7.616160601488743964e+01
