1.561378840151857332e+02
2.089263325728003338e+02
1.390274406071139879e+02
1.749926857664851809e+02
1.050215551151010516e+02
1.466808457456760380e+02
1.201919790261857059e+02
1.185005949281172661e+02
1.402135232982129764e+02
1.844624824199887314e+02
9.570838432168000054e+01
1.224427810225284219e+02
1.754074734155525448e+02
1.744569388247352038e+02
1.733344208506685504e+02
1.590107633824675304e+02
1.012183607042596662e+02
1.215506371672427122e+02
1.707175613518183752e+02
1.741038637878671977e+02
1.770082491164729106e+02
1.693643299604680124e+02
1.612993750024527628e+02
1.689797268143216797e+02
1.355121710617071358e+02
1.224914144074551672e+02
1.769221742004635587e+02
1.594419425206869505e+02
1.868993224489492491e+02
1.254285817432530763e+02
1.166561449128878820e+02
1.384837329848422200e+02
1.637748592427873575e+02
1.271971660594492306e+02
1.208250323236771209e+02
1.014960325905844201e+02
1.801533068969240219e+02
1.822246179241085429e+02
1.297041669507016763e+02
1.467780143607144794e+02
1.219126128788592922e+02
1.254773518601739823e+02
1.233343505389838981e+02
1.263363799011665662e+02
1.623687648030449964e+02
1.204522575357604808e+02
1.660475181065674803e+02
1.783361380528587006e+02
1.039594764215597138e+02
1.372134101771259225e+02
1.637060284415289573e+02
1.625030708703084485e+02
9.432168416559352409e+01
1.525015071883443909e+02
1.418986967956568321e+02
1.513988428084317093e+02
1.654512295798565731e+02
1.752345249259337834e+02
1.387853465639021238e+02
1.490579179402384398e+02
1.436419924768721330e+02
1.000419039193620563e+02
1.396938446905033970e+02
1.671819445866784690e+02
1.333965534528511796e+02
1.382746255263148782e+02
1.737217342609515072e+02
1.768752912246125675e+02
1.350672773776973088e+02
1.135728210243358092e+02
1.747602152005736400e+02
1.536471539904387669e+02
1.070296297397988639e+02
1.363597876660115560e+02
1.114756314657794718e+02
1.544517323800645272e+02
1.640047362987141639e+02
1.886182111031046134e+02
1.492270430322402603e+02
1.375927705656055764e+02
1.020362976891236855e+02
1.130636174193660963e+02
1.882972509643132355e+02
1.132300987897374114e+02
1.797599671692394168e+02
1.798281395866298169e+02
1.392285540005431415e+02
1.530187866039227913e+02
1.033227446418966480e+02
9.049436206665095028e+01
1.304591549785422728e+02
1.115868514323411063e+02
1.538036314494802923e+02
1.400542917543514818e+02
1.338337197252566284e+02
1.263843927927476898e+02
1.146341772703959805e+02
1.456548059245534716e+02
1.077701768536648643e+02
1.590803553688439251e+02
