0.000000000000000000e+00 0.000000000000000000e+00
5.143952826435096881e+00 5.182081984030194377e+00
1.028790564438975430e+01 1.036359607163002572e+01
1.543185849320721026e+01 1.554455885500995649e+01
2.057581130924194213e+01 2.072498621071051872e+01
2.571976414741857653e+01 2.590489333955821394e+01
3.086371698809976039e+01 3.108429480523280830e+01
3.600766983303033442e+01 3.626320457361698857e+01
4.115162269259681693e+01 4.144163606225986030e+01
4.629557554518262918e+01 4.661960210627780299e+01
5.143952840254843295e+01 5.179711505758915990e+01
5.658348125964911901e+01 5.697418678783945012e+01
6.172743409843059226e+01 6.215082881960130123e+01
6.687138697042321667e+01 6.732705200403938761e+01
7.201533977051190050e+01 7.250286690199328632e+01
7.715929264614229055e+01 7.767828366813913021e+01
8.230324554658758984e+01 8.285331209641165628e+01
8.744719842535567977e+01 8.802796160997895925e+01
9.259115131097979656e+01 9.320224132078398327e+01
9.773510419093994983e+01 9.837615998029744446e+01
1.028790571022374536e+02 1.035497260839168518e+02
1.080230099878107808e+02 1.087229477651065679e+02
1.131669628822541398e+02 1.138958329370360616e+02
1.183109157811793182e+02 1.190683892132479684e+02
1.234548686890067444e+02 1.242406238789113360e+02
1.285988215782756470e+02 1.294125442644490533e+02
1.337427744901161191e+02 1.345841571027823704e+02
1.388867274005394279e+02 1.397554690970658839e+02
1.440306803304523555e+02 1.449264866893650492e+02
1.491746332428037931e+02 1.500972161316267943e+02
1.543185861623801429e+02 1.552676634724401197e+02
1.594625390937627287e+02 1.604378345363717244e+02
1.646064920469363813e+02 1.656077350846032061e+02
1.697504449715039527e+02 1.707773705833250517e+02
1.748943979129091417e+02 1.759467463758554686e+02
1.800383508688970835e+02 1.811158676435443908e+02
1.851823038225355731e+02 1.862847394212569156e+02
1.903262567707951405e+02 1.914533665781290210e+02
1.954702097263921701e+02 1.966217538863290315e+02
2.006141626727850849e+02 2.017899059186883619e+02
2.057581156475956732e+02 2.069578271621956560e+02
2.109020686239451834e+02 2.121255219563182663e+02
2.160460215773365178e+02 2.172929945300012378e+02
2.211899745390944361e+02 2.224602490032145852e+02
2.263339274982444351e+02 2.276272893562515947e+02
2.314778805085348665e+02 2.327941194839551144e+02
2.366218360867935075e+02 2.379607431648202294e+02
2.417657891569803610e+02 2.431271640996457108e+02
2.469097453132344810e+02 2.482933858645005216e+02
