0.000000000000000000e+00 0.000000000000000000e+00
5.145472726771274097e+00 5.182081981085516986e+00
1.029094546909877117e+01 1.036363993212199652e+01
1.543641817051210374e+01 1.554468858300041489e+01
2.058189088385267951e+01 2.072524205851847867e+01
2.572736360454383231e+01 2.590531384739293230e+01
3.087283634078410088e+01 3.108491698921235979e+01
3.601830907849006280e+01 3.626406395064820742e+01
4.116378182822383991e+01 4.144276671135222756e+01
4.630925457580097770e+01 4.662103680409863671e+01
5.145472732411478489e+01 5.179888528381174240e+01
5.660020009305576139e+01 5.697632280385845149e+01
6.174567285323296062e+01 6.215335977905608900e+01
6.689114560448547309e+01 6.733000595431221313e+01
7.203661837609502072e+01 7.250627085708504183e+01
7.718209115223078243e+01 7.768216366547551388e+01
8.232756392669227807e+01 8.285769317160324476e+01
8.747303671541888548e+01 8.803286804265164278e+01
9.261850952933508552e+01 9.320769645434214112e+01
9.776398233356044898e+01 9.838218636851225085e+01
1.029094551407646918e+02 1.035563454683910152e+02
1.080549279488558341e+02 1.087301811917269418e+02
1.132004007467412521e+02 1.139037007280350906e+02
1.183458735629064904e+02 1.190769110253370116e+02
1.234913463758097691e+02 1.242498180102647183e+02
1.286368191977639128e+02 1.294224297726533734e+02
1.337822920249116692e+02 1.345947518160180039e+02
1.389277648483002849e+02 1.397667902417725827e+02
1.440732376657948635e+02 1.449385509554721239e+02
1.492187105108246783e+02 1.501100396845706086e+02
1.543641833429197732e+02 1.552812619815651942e+02
1.595096561891039642e+02 1.604522232251434843e+02
1.646551290533745657e+02 1.656229286498328861e+02
1.698006015721602466e+02 1.707933833339904481e+02
1.749460744264125367e+02 1.759635921604654243e+02
1.800915472728586906e+02 1.811335599219284518e+02
1.852370201213053349e+02 1.863032912637289655e+02
1.903824930007341436e+02 1.914727906569663674e+02
1.955279658537143632e+02 1.966420625421242505e+02
2.006734387690049743e+02 2.018111111455339142e+02
2.058189115962470908e+02 2.069799406037030849e+02
2.109643845580491188e+02 2.121485549466908083e+02
2.161098574334695854e+02 2.173169580808013279e+02
2.212553302772481061e+02 2.224851538178017449e+02
2.264008031419305382e+02 2.276531458652171978e+02
2.315462761021366589e+02 2.328209378503144080e+02
2.366917490201000760e+02 2.379885332551486954e+02
2.418372219329450559e+02 2.431559355097558068e+02
2.469826949943999352e+02 2.483231479580674090e+02
