0.000000000000000000e+00 0.000000000000000000e+00
5.139433560419618630e+00 5.182081988023565344e+00
1.027886713666866569e+01 1.036345551737576898e+01
1.541830071748255016e+01 1.554414359715406135e+01
2.055773431089820846e+01 2.072416818513594450e+01
2.569716789227003062e+01 2.590355016989082060e+01
3.083660148236769771e+01 3.108230948872029131e+01
3.597603507470257256e+01 3.626046516694963628e+01
4.111546867751187051e+01 4.143803537798797265e+01
4.625490227152125300e+01 4.661503747127952124e+01
5.139433588285526611e+01 5.179148805200846084e+01
5.653376949256289663e+01 5.696740301072534152e+01
6.167320311186263382e+01 6.214279767535713006e+01
6.681263672826737832e+01 6.731768651690170202e+01
7.195207034638600874e+01 7.249208349034859111e+01
7.709150397448372871e+01 7.766600202598675651e+01
8.223093778993988678e+01 8.283945495251816737e+01
8.737037142020079727e+01 8.801245464019245901e+01
9.250980504264373394e+01 9.318501295782041893e+01
9.764923868350989267e+01 9.835714103544125919e+01
1.027886723075421003e+02 1.035288503935474580e+02
1.079281059456493779e+02 1.087001513469083420e+02
1.130675395919660389e+02 1.138710540396648980e+02
1.182069732366969959e+02 1.190415682701853655e+02
1.233464068886803915e+02 1.242117034747931541e+02
1.284858405432707968e+02 1.293814687514565662e+02
1.336252742130749880e+02 1.345508728806001102e+02
1.387647078682546180e+02 1.397199239469668441e+02
1.439041415389258702e+02 1.448886307582707786e+02
1.490435752060857908e+02 1.500570011168233009e+02
1.541830088757893122e+02 1.552250424365419690e+02
1.593224425598052107e+02 1.603927621287771785e+02
1.644618762385453863e+02 1.655601673256784352e+02
1.696013099231508363e+02 1.707272649168080534e+02
1.747407436034943089e+02 1.758940615731317507e+02
1.798801772930892184e+02 1.810605637478908250e+02
1.850196109649424727e+02 1.862267776888459707e+02
1.901590446653751201e+02 1.913927094482490361e+02
1.952984783547699124e+02 1.965583648964618817e+02
2.004379120439452322e+02 2.017237497150585455e+02
2.055773457214629047e+02 2.068888694165977427e+02
2.107167794113466925e+02 2.120537293394577887e+02
2.158562131079982578e+02 2.172183346710599494e+02
2.209956468390797681e+02 2.223826904462272012e+02
2.261350829695516040e+02 2.275468015494915051e+02
2.312745192684774054e+02 2.327106727493999472e+02
2.364139562236320558e+02 2.378743086349271039e+02
2.415533933740875057e+02 2.430377136987471829e+02
2.466928298356231153e+02 2.482008922927581409e+02
