4.816167245713694456e+02
4.201054477070092616e+02
4.815034056770606412e+02
4.535650079726120225e+02
3.458333518312418846e+02
3.768518491960721803e+02
5.001905518534678095e+02
4.288370337498022309e+02
4.510286242063688178e+02
4.971718043512387908e+02
4.137524113154985343e+02
4.182476914268969495e+02
3.985782056829966677e+02
4.797267386685346651e+02
5.083882715984789797e+02
4.410908491919601033e+02
4.177394240022559302e+02
3.911588407527656273e+02
4.834054797274552584e+02
4.023555617348355327e+02
4.443802591154756669e+02
3.873540623540033607e+02
4.267823017110181354e+02
4.487653063539935374e+02
3.983179653817626900e+02
4.229516793992915495e+02
4.614886338988198986e+02
5.179645012178998513e+02
4.668519607642087408e+02
4.762040567954007884e+02
4.092352376300460719e+02
4.005174022187916307e+02
4.393762508745830928e+02
4.099489145311541165e+02
4.164344378578371106e+02
4.479097046365105257e+02
3.679970428400644096e+02
4.115113755765287920e+02
4.177268804469056249e+02
5.810901815635793355e+02
4.440535363365922308e+02
4.846748710339260811e+02
3.770171264262892237e+02
5.688493032814087655e+02
4.265356784731864082e+02
4.184817961144121341e+02
4.954591730160652219e+02
4.466163706236230837e+02
4.736285760540440606e+02
4.005079111396896678e+02
4.524448123666241486e+02
5.248607445846333803e+02
4.125421716604523112e+02
4.497793280260488018e+02
4.779858735201044624e+02
3.927691102736682751e+02
4.766551387061915648e+02
4.417338266614269742e+02
3.877637045377928757e+02
4.894693566020663980e+02
4.360597508054721629e+02
4.796704905476696013e+02
4.318690639226646795e+02
4.789814428815726046e+02
3.343604464676245129e+02
4.295445986698701972e+02
4.000913724705417280e+02
4.482481702193700812e+02
4.390520725761271592e+02
4.350494564367229486e+02
4.323793989058642069e+02
3.551887965521060551e+02
4.256549971106755379e+02
4.383385504161362860e+02
3.825065374231081705e+02
4.432644616154808546e+02
4.112302041633672616e+02
4.742476389122203386e+02
4.018462864275329025e+02
4.759352017732834383e+02
3.893771971750859962e+02
4.727858166509027456e+02
4.883096543050170908e+02
4.620829379080038279e+02
4.556942360796547291e+02
3.741620595549609902e+02
3.858008291956538187e+02
4.967881394540822271e+02
4.572081406072051095e+02
4.749866354933585626e+02
4.026083327101777058e+02
4.061074271676455965e+02
4.856948882068060698e+02
3.879804765323631273e+02
4.555049169525588582e+02
5.034133897060635263e+02
4.522144852206861287e+02
5.050643411584630940e+02
4.711023393140343387e+02
4.433712766562395586e+02
