1.019913013343475086e+03
9.711965418399611281e+02
1.039826971915045988e+03
1.062653407013587412e+03
1.023472094849358655e+03
9.062344420048661959e+02
9.677069782817161467e+02
9.233809645221858773e+02
9.734308354370565439e+02
1.127198688688718221e+03
9.681872756832007099e+02
9.192421873012951892e+02
9.249663878189811612e+02
1.058505911505445511e+03
1.035622018070508830e+03
9.093208055990359071e+02
8.657708351818195069e+02
1.034706346415206781e+03
8.828794685364379120e+02
9.790199929110737003e+02
8.609611018756579597e+02
1.017068573718173980e+03
9.273750188561940604e+02
1.007618760280150127e+03
1.003408896961889468e+03
9.869141196650580241e+02
1.062489169269791546e+03
1.086457977756779883e+03
9.382577636044119345e+02
9.835351085001260572e+02
1.052420376806689774e+03
1.074876519334707154e+03
1.020551821640654111e+03
9.654641613357657661e+02
1.099745179267236381e+03
9.639455452808098244e+02
9.853288746558453113e+02
9.653308488186493150e+02
1.089622239988830643e+03
8.690144022171091365e+02
9.808824375298476070e+02
9.323023210785250967e+02
9.849714745506407780e+02
1.106276870410737956e+03
9.980587277584194226e+02
1.030855434767828683e+03
8.908589895339580380e+02
9.743670089176605416e+02
9.505518217071447680e+02
9.967674748658964745e+02
1.047109913762026281e+03
9.276543089804515603e+02
9.242322075750332715e+02
1.017484597181035838e+03
9.713797211991117138e+02
9.646640978353057108e+02
1.123533396937713178e+03
1.024638334185229269e+03
1.024384552926383094e+03
1.142617814775939223e+03
1.008675393768473668e+03
1.041053893495238299e+03
9.864866343253662535e+02
9.306626342040609643e+02
8.921525215832872391e+02
1.070650384477843772e+03
1.067255223842307714e+03
1.009995929334219909e+03
9.491172898842528411e+02
9.843983397559139803e+02
8.793337297905678724e+02
1.060086658900512020e+03
9.628363056972914364e+02
9.798462182428319238e+02
1.041708178546766931e+03
9.684490151921938832e+02
9.400469715456920312e+02
1.110133124977817943e+03
9.637652409424941879e+02
1.036118888446263782e+03
9.137627125522219558e+02
9.842244908290865624e+02
1.022022143853006241e+03
1.022173759836538238e+03
9.772508364812271111e+02
1.112172389349984314e+03
9.183666372128076318e+02
9.982335781740974880e+02
9.342462464947462877e+02
1.010317115744197963e+03
1.052529230521229920e+03
1.097755688951535831e+03
9.303635716129120965e+02
1.007020284783669922e+03
8.313410069937307298e+02
8.793561436388307584e+02
1.072964665319254664e+03
9.491167933020373084e+02
1.072937737935143332e+03
9.567748393727093799e+02
