6.549390488242439687e+02
6.501796254795439154e+02
5.958214785891157135e+02
6.228574335411566381e+02
6.560940345350174994e+02
6.501756996288846722e+02
7.192927857649026464e+02
6.041540862415648689e+02
5.813967089937577839e+02
5.677210541714051715e+02
6.576744531477025930e+02
5.590632075181591745e+02
5.983267079861304865e+02
5.310104738013228598e+02
6.258195445740914238e+02
6.683043504083634616e+02
7.010927087778148916e+02
6.740579350457703640e+02
6.034584557693631268e+02
6.764989987911802700e+02
5.948044460416510901e+02
6.145321614335131244e+02
6.060306941893517205e+02
5.705812735211235349e+02
6.846923817213768189e+02
5.936276743291413140e+02
6.280348865730264833e+02
6.426820660680427864e+02
6.687107330628973614e+02
6.739866056744199341e+02
6.370960589772890899e+02
6.675914612061292246e+02
5.800449712992144669e+02
5.684907031805959150e+02
5.783321785007658491e+02
5.919307470561706168e+02
6.797814417698409670e+02
5.837800980086373102e+02
5.706440757009919480e+02
6.423743550174285701e+02
5.666323360849889923e+02
6.467859724770509047e+02
6.851328221557869256e+02
6.256418304327694386e+02
6.182104220870938889e+02
6.297724870290808212e+02
6.511808334081614476e+02
6.131188938301463622e+02
5.120226348968850516e+02
6.200248649684845077e+02
6.546284933430825959e+02
5.548540495661455907e+02
6.201980767899763123e+02
5.427897292509625231e+02
6.255877974951624765e+02
6.535836033795809499e+02
5.714797109249918776e+02
5.884191713016354015e+02
5.688320657670666378e+02
5.694674215007266866e+02
5.926902907965460372e+02
6.738515782060744641e+02
6.123555055352040881e+02
6.102467495564966384e+02
5.360802902983223248e+02
6.700651275147040451e+02
5.791983841374332087e+02
6.817310631362037157e+02
6.305393021882010771e+02
5.759439619101350445e+02
6.366967110570741397e+02
6.489413596516975531e+02
5.462549747383482099e+02
4.904924656165430292e+02
6.026763209851009151e+02
5.986723256938668101e+02
6.538828823850521985e+02
7.417845113624244959e+02
6.271573353508226774e+02
5.994335904036714737e+02
5.610542563949936721e+02
6.334008928338539590e+02
6.018258887632094911e+02
5.906037576776552669e+02
6.488081583090759068e+02
5.707783952605085460e+02
6.176677350309950043e+02
6.456284517467839805e+02
6.684211767183304573e+02
6.489524973389007982e+02
6.642199677939961475e+02
6.122760505084027045e+02
7.186478522648176295e+02
6.489011597333119425e+02
6.202883348049731467e+02
5.597840896074020520e+02
5.482973726762390925e+02
6.852042006974476180e+02
6.640146220950912266e+02
6.154725496277376351e+02
