0.000000000000000000e+00 0.000000000000000000e+00
1.952585530409710390e+00 1.952585530409710390e+00
5.992588321894340986e+00 5.992102090688766758e+00
1.003073936996035442e+01 1.003055896730178098e+01
1.406795230635649929e+01 1.406808151859403822e+01
1.810411388836264734e+01 1.810388673359858203e+01
2.213877336263755069e+01 2.213844276517730947e+01
2.617299420166853352e+01 2.617257114549655483e+01
3.020610646933918275e+01 3.020641325292631763e+01
3.423633868647735312e+01 3.423670807893060442e+01
3.826667840291000289e+01 3.826712564593055532e+01
4.229712098239547657e+01 4.229743569880922394e+01
4.632706330394246663e+01 4.632741504847453484e+01
5.035650111824718067e+01 5.035720152997829047e+01
5.438660188115001404e+01 5.438686599804533728e+01
5.841603115186862993e+01 5.841639196999418004e+01
6.244565401093819901e+01 6.244569916915506269e+01
6.647496794465001813e+01 6.647554015510695535e+01
7.050474832346679932e+01 7.050495177811389169e+01
7.453413953824878035e+01 7.453457544557397796e+01
7.856345058251258706e+01 7.856384449420725957e+01
8.259273848922683214e+01 8.259349588349161309e+01
8.662178575726449026e+01 8.662300828623281745e+01
9.065081382005192268e+01 9.065215827891260858e+01
9.467991288046249565e+01 9.468132112451613125e+01
9.870904475819035895e+01 9.871072299731287103e+01
1.027381264232378442e+02 1.027398596348327544e+02
1.067675618823853227e+02 1.067691107489212072e+02
1.107966952149524502e+02 1.107984466114702684e+02
1.148259933111040851e+02 1.148274049718684751e+02
1.188549877276035858e+02 1.188567164737155082e+02
1.228841524332869142e+02 1.228856673075376449e+02
1.269133534943527764e+02 1.269149871511103242e+02
1.309426303278665387e+02 1.309440542558138816e+02
1.349714799420538043e+02 1.349730511806386346e+02
1.390001083795296495e+02 1.390016982387491282e+02
1.430290519473176687e+02 1.430306091171507035e+02
1.470577019819240263e+02 1.470598953759071037e+02
1.510863429198189465e+02 1.510886372513124059e+02
1.551154257649728549e+02 1.551178196008415853e+02
1.591443990655636469e+02 1.591466914739065999e+02
1.631733629309500202e+02 1.631752835985981278e+02
1.672026531738553388e+02 1.672041226007183354e+02
1.712315432612558368e+02 1.712327153229704209e+02
1.752604317475782523e+02 1.752620660554435688e+02
1.792891310592200398e+02 1.792911460948155309e+02
1.833177678684928082e+02 1.833200392368703149e+02
1.873465510354717480e+02 1.873484757697216878e+02
1.913752785295137926e+02 1.913771612039240040e+02
