0.000000000000000000e+00 0.000000000000000000e+00
4.553644033618980735e+00 4.576808784740235225e+00
9.107288067919466101e+00 9.153387116069087170e+00
1.366093210658968005e+01 1.372973958295771268e+01
1.821457614238677536e+01 1.830587064380811313e+01
2.276822017849615065e+01 2.288178462829615256e+01
2.732186422395605874e+01 2.745748571879522970e+01
3.187550827481967630e+01 3.203297801794842314e+01
3.642915230961841644e+01 3.660826546965848394e+01
4.098279634862937826e+01 4.118335193148772788e+01
4.553644040977886931e+01 4.575824112563400092e+01
5.009008444534600812e+01 5.033293670356604821e+01
5.464372848967252594e+01 5.490744220843497203e+01
5.919737253507857133e+01 5.948176108319903221e+01
6.375101659636621321e+01 6.405589665690719414e+01
6.830466065862771075e+01 6.862985222860595513e+01
7.285830470528601666e+01 7.320363094511105828e+01
7.741194875690607091e+01 7.777723588992176929e+01
8.196559280301264039e+01 8.235067004291803983e+01
8.651923688703587345e+01 8.692393636959872083e+01
9.107288094998432371e+01 9.149703772164909310e+01
9.562652499208130052e+01 9.606997688259743029e+01
1.001801690463017565e+02 1.006427565985387957e+02
1.047338130929054500e+02 1.052153794446062705e+02
1.092874571470823355e+02 1.097878480542338195e+02
1.138411012395906425e+02 1.143601649365342325e+02
1.183947453189364154e+02 1.189323325316952946e+02
1.229483894207661052e+02 1.235043532239219672e+02
1.275020335218509615e+02 1.280762293339564337e+02
1.320556775756060119e+02 1.326479632463253324e+02
1.366093216452922263e+02 1.372195571138977357e+02
1.411629657476390776e+02 1.417910130775839264e+02
1.457166098476131424e+02 1.463623333053917577e+02
1.502702539447091681e+02 1.509335199017034483e+02
1.548238980412713488e+02 1.555045748396893259e+02
1.593775421329161190e+02 1.600755001237179442e+02
1.639311862205638306e+02 1.646462976859880030e+02
1.684848303238434255e+02 1.692169694907681219e+02
1.730384744371662578e+02 1.737875173493131911e+02
1.775921185529480795e+02 1.783579429934370921e+02
1.821457626671764274e+02 1.829282483084469391e+02
1.866994067757277094e+02 1.874984349810198410e+02
1.912530508778632736e+02 1.920685047212725749e+02
1.958066949726144799e+02 1.966384591564105904e+02
2.003603390737138454e+02 2.012082999571742903e+02
2.049139831912415843e+02 2.057780286798193572e+02
2.094676273019445603e+02 2.103476468832868420e+02
2.140212713930700374e+02 2.149171560516483623e+02
2.185749154824364666e+02 2.194865577722861190e+02
2.231285595708888820e+02 2.240558534874264183e+02
2.276822036582537976e+02 2.286250446153890437e+02
2.322358477599511843e+02 2.331941325530314373e+02
2.367894918592172644e+02 2.377631186321818291e+02
2.413431359122492381e+02 2.423320042211941256e+02
2.458967800503709213e+02 2.469007907267590554e+02
2.504504241035541554e+02 2.514694793765663974e+02
2.550040682231052642e+02 2.560380714771298472e+02
2.595577122753975345e+02 2.606065681760274515e+02
2.641113563365624941e+02 2.651749707761333639e+02
2.686650003907768109e+02 2.697432804946615192e+02
2.732186444592167618e+02 2.743114984947117705e+02
2.777722885563200634e+02 2.788796259497714232e+02
2.823259326566329719e+02 2.834476638742930277e+02
2.868795768110069275e+02 2.880156135938437387e+02
2.914332209481469818e+02 2.925834759067411710e+02
2.959868650457362946e+02 2.971512521869140073e+02
3.005405091305684664e+02 3.017189433667934964e+02
3.050941532751141381e+02 3.062865503975851311e+02
3.096477973936568446e+02 3.108540743808426328e+02
3.142014415006712511e+02 3.154215162012213796e+02
3.187550856546558293e+02 3.199888768216200106e+02
3.233087297565866152e+02 3.245561574388565305e+02
3.278623738620083827e+02 3.291233587007837400e+02
3.324160179863239364e+02 3.336904818025456052e+02
3.369696620966279852e+02 3.382575274181014038e+02
3.415233063551692112e+02 3.428244965371583248e+02
3.460769505105192820e+02 3.473913901177006665e+02
3.506305947695014993e+02 3.519582088823365780e+02
3.551842389560956690e+02 3.565249537532637305e+02
3.597378831499880789e+02 3.610916257322106730e+02
3.642915273777113043e+02 3.656582253656116563e+02
3.688451714311416936e+02 3.702247535168510240e+02
3.733988155637158002e+02 3.747912109995828018e+02
3.779524596186059853e+02 3.793575985649504219e+02
3.825061037161477202e+02 3.839239170581872713e+02
3.870597478698778104e+02 3.884901673601220864e+02
3.916133921280608092e+02 3.930563498855212288e+02
3.961670362526045324e+02 3.976224655094657692e+02
4.007206804627709289e+02 4.021885152264479188e+02
4.052743247313601387e+02 4.067544992567335385e+02
4.098279689452365346e+02 4.113204185889794644e+02
4.143816131335560726e+02 4.158862737958568232e+02
4.189352572928249856e+02 4.204520657609713226e+02
4.234889014498613733e+02 4.250177949358372871e+02
4.280425457311363289e+02 4.295834618816936654e+02
4.325961898219511568e+02 4.341490674179614189e+02
4.371498339117100045e+02 4.387146123433657294e+02
