0.000000000000000000e+00 0.000000000000000000e+00
4.552481733731470470e+00 4.578458388153680225e+00
9.104963468175418129e+00 9.156629169499883147e+00
1.365744520379379168e+01 1.373451870547717846e+01
1.820992694083138730e+01 1.831213315655620022e+01
2.276240867888022379e+01 2.288947847644975653e+01
2.731489042816268764e+01 2.746656043985666429e+01
3.186737218233278668e+01 3.204338461887190448e+01
3.641985393099798785e+01 3.661995641272713442e+01
4.097233566709184061e+01 4.119628104912169420e+01
4.552481740228667206e+01 4.577236360990725927e+01
5.007729916443137341e+01 5.034820901569257501e+01
5.462978091492567501e+01 5.492382203824450926e+01
5.918226265173194633e+01 5.949920730600035057e+01
6.373474441797421264e+01 6.407436930207722980e+01
6.828722616798742706e+01 6.864931240219704023e+01
7.283970790539132167e+01 7.322404079200916271e+01
7.739218964701606751e+01 7.779855862576707182e+01
8.194467139911644438e+01 8.237286988660432030e+01
8.649715314072780359e+01 8.694697841312564890e+01
9.104963492622817967e+01 9.152088803212626544e+01
9.560211667723672235e+01 9.609460235481472523e+01
1.001545984548027945e+02 1.006681249850740016e+02
1.047070802484481931e+02 1.052414593973830961e+02
1.092595620164779291e+02 1.098146089324833952e+02
1.138120438085042849e+02 1.143875768933513655e+02
1.183645255976351223e+02 1.189603664887168293e+02
1.229170073982581073e+02 1.235329807795661452e+02
1.274694891679114050e+02 1.281054228399443389e+02
1.320219709256430747e+02 1.326776956504081681e+02
1.365744527326775710e+02 1.372498020068552762e+02
1.411269345399131225e+02 1.418217447588916400e+02
1.456794163347217363e+02 1.463935266294137705e+02
1.502318981345062809e+02 1.509651503007129634e+02
1.547843799317328148e+02 1.555366183728669398e+02
1.593368617257092694e+02 1.601079334425636205e+02
1.638893435177115521e+02 1.646790979090624205e+02
1.684418253196688227e+02 1.692501142014397715e+02
1.729943071328759174e+02 1.738209846499206037e+02
1.775467889499344096e+02 1.783917115834498759e+02
1.820992707639323385e+02 1.829622972137806869e+02
1.866517525763321146e+02 1.875327438171615597e+02
1.912042343780317992e+02 1.921030534873011106e+02
1.957567161724829816e+02 1.966732283076656813e+02
2.003091979766292638e+02 2.012432703259480604e+02
2.048616797952411162e+02 2.058131815612456421e+02
2.094141616017171259e+02 2.103829638999886527e+02
2.139666433928566107e+02 2.149526193078933716e+02
2.185191251814467819e+02 2.195221496611441125e+02
2.230716070339334465e+02 2.240915567391485865e+02
2.276240888240945139e+02 2.286608424386473644e+02
2.321765706157576972e+02 2.332300084337008457e+02
2.367290524224773662e+02 2.377990564484936726e+02
2.412815342568796950e+02 2.423679881624597101e+02
2.458340160048820735e+02 2.469368051619563857e+02
2.503864978141642723e+02 2.515055090781844171e+02
2.549389795595199644e+02 2.560741015329040806e+02
2.594914613397821768e+02 2.606425839729477048e+02
2.640439430976324502e+02 2.652109579399043469e+02
2.685964248517268516e+02 2.697792249838507814e+02
2.731489066034599205e+02 2.743473865332857713e+02
2.777013884013681491e+02 2.789154439013699402e+02
2.822538702133331867e+02 2.834833985098889571e+02
2.868063520505229462e+02 2.880512518291117203e+02
2.913588338007941729e+02 2.926190050484229914e+02
2.959113155991657322e+02 2.971866595778960800e+02
3.004637973822960362e+02 3.017542166873464566e+02
3.050162792278113102e+02 3.063216774966081744e+02
3.095687610501059908e+02 3.108890435047004530e+02
3.141212428560272087e+02 3.154563156142139633e+02
3.186737247954018244e+02 3.200234952644210580e+02
3.232262065973303038e+02 3.245905835349298059e+02
3.277786884019031959e+02 3.291575814101340711e+02
3.323311701748441465e+02 3.337244902079245321e+02
3.368836519833648708e+02 3.382913109505576585e+02
3.414361337997310102e+02 3.428580447512995875e+02
3.459886155741143057e+02 3.474246926258944086e+02
3.505410975306147066e+02 3.519912557191910878e+02
3.550935794166787787e+02 3.565577349272201673e+02
3.596460613112673741e+02 3.611241313577457959e+02
3.641985432385883996e+02 3.656904459803566851e+02
3.687510250585025915e+02 3.702566796428175167e+02
3.733035069362907734e+02 3.748228333238359369e+02
3.778559886908273029e+02 3.793889079176201449e+02
3.824084704466193898e+02 3.839549044916019511e+02
3.869609521907954104e+02 3.885208238829071661e+02
3.915134341534273972e+02 3.930866669857251736e+02
3.960659159936128617e+02 3.976524346421989549e+02
4.006183979022150652e+02 4.022181277533442199e+02
4.051708798724379221e+02 4.067837472828617820e+02
4.097233618636563506e+02 4.113492937700119683e+02
4.142758437526699709e+02 4.159147681659970885e+02
4.188283256149942986e+02 4.204801713350568662e+02
4.233808074704842284e+02 4.250455038210859584e+02
4.279332893839880398e+02 4.296107666540323180e+02
4.324857712106646659e+02 4.341759606734501631e+02
4.370382530723773016e+02 4.387410863056229005e+02
