0.000000000000000000e+00 0.000000000000000000e+00
4.557496264449048873e+00 4.576808778673043143e+00
9.114992529678875854e+00 9.153456941465572427e+00
1.367248879514239057e+01 1.372994717021570388e+01
1.822998506168725896e+01 1.830628208265494905e+01
2.278748133139274046e+01 2.288246422948067504e+01
2.734497759922346205e+01 2.745849609478472786e+01
3.190247387659134404e+01 3.203438011365561522e+01
3.645997016217307163e+01 3.661011863049887438e+01
4.101746642794427089e+01 4.118571399142935974e+01
4.557496269335268835e+01 4.576116841784999423e+01
5.013245896261906864e+01 5.033648412799658445e+01
5.468995525079705544e+01 5.491166328026609733e+01
5.924745151907529817e+01 5.948670796943707018e+01
6.380494779034036412e+01 6.406162026603607274e+01
6.836244405734062468e+01 6.863640217759194684e+01
7.291994033197067893e+01 7.321105565735967957e+01
7.747743663910381429e+01 7.778558261000540597e+01
8.203493291662387321e+01 8.235998489225551111e+01
8.659242921688277761e+01 8.693426436170639704e+01
9.114992551228868933e+01 9.150842281507631526e+01
9.570742182357381012e+01 9.608246201469717107e+01
1.002649180951968049e+02 1.006563836511860899e+02
1.048224144106633702e+02 1.052301894236867383e+02
1.093799107414569391e+02 1.098038809770577586e+02
1.139374070642262495e+02 1.143774599233871641e+02
1.184949033701598466e+02 1.189509278092416480e+02
1.230523997033633634e+02 1.235242862164219275e+02
1.276098959922023823e+02 1.280975365838023095e+02
1.321673922813876914e+02 1.326706804192099298e+02
1.367248885877600912e+02 1.372437192214239303e+02
1.412823849259446831e+02 1.418166543577269749e+02
1.458398812552770778e+02 1.463894872476061266e+02
1.503973775824228767e+02 1.509622192692471288e+02
1.549548739053882116e+02 1.555348516891778559e+02
1.595123702288917684e+02 1.601073858497973958e+02
1.640698665496799435e+02 1.646798230751822132e+02
1.686273628823112460e+02 1.692521646026394819e+02
1.731848592232047395e+02 1.738244116186707515e+02
1.777423555712060761e+02 1.783965653753044194e+02
1.822998519129689043e+02 1.829686270174366882e+02
1.868573482539549957e+02 1.875405977582740604e+02
1.914148445860098491e+02 1.921124786991945541e+02
1.959723409125550688e+02 1.966842709754083103e+02
2.005298372463647638e+02 2.012559756521263239e+02
2.050873335966769559e+02 2.058275938972234940e+02
2.096448299192622358e+02 2.103991267168941590e+02
2.142023262399109171e+02 2.149705751335745276e+02
2.187598225478558334e+02 2.195419402375113123e+02
2.233173188665546149e+02 2.241132228983127561e+02
2.278748151879667319e+02 2.286844242239423579e+02
2.324323115112362359e+02 2.332555451664976829e+02
2.369898078512746906e+02 2.378265865749582417e+02
2.415473041441533724e+02 2.423975495174569232e+02
2.461048005196448401e+02 2.469684348061999231e+02
2.506622968036980694e+02 2.515392433515554558e+02
2.552197931052718900e+02 2.561099761285122440e+02
2.597772894221868114e+02 2.606806338658867617e+02
2.643347856988063995e+02 2.652512175864364963e+02
2.688922820025783267e+02 2.698217279956834318e+02
2.734497782800490882e+02 2.743921660245202361e+02
2.780072746089348925e+02 2.789625323236018630e+02
2.825647710358439326e+02 2.835328277771919829e+02
2.871222674105902115e+02 2.881030531936427224e+02
2.916797637826933283e+02 2.926732093817921623e+02
2.962372601098143718e+02 2.972432970506650918e+02
3.007947564363928450e+02 3.018133168711221970e+02
3.053522528100411364e+02 3.063832697723397018e+02
3.099097491623586507e+02 3.109531564021604026e+02
3.144672455012735099e+02 3.155229772381761677e+02
3.190247418372601942e+02 3.200927332144103161e+02
3.235822381704645068e+02 3.246624250459376526e+02
3.281397345084384369e+02 3.292320532529983552e+02
3.326972309124230378e+02 3.338016186030724839e+02
3.372547272599662165e+02 3.383711216728851241e+02
3.418122235685121950e+02 3.429405632822176813e+02
3.463697199376106255e+02 3.475099439035590194e+02
3.509272162884575437e+02 3.520792643284098062e+02
3.554847127077256346e+02 3.566485250390716146e+02
3.600422091347738842e+02 3.612177267139439891e+02
3.645997055906108244e+02 3.657868698371270284e+02
3.691572018838438680e+02 3.703559548992066084e+02
3.737146982420262020e+02 3.749249828087411629e+02
3.782721945273000301e+02 3.794939539800843704e+02
3.828296908245857821e+02 3.840628688247580840e+02
3.873871872290411602e+02 3.886317280758018455e+02
3.919446836578025568e+02 3.932005322149925064e+02
3.965021799694756055e+02 3.977692817883342968e+02
4.010596764159701024e+02 4.023379773879088361e+02
4.056171729117826885e+02 4.069066195685674643e+02
4.101746693552725560e+02 4.114752086602704253e+02
4.147321657730312836e+02 4.160437452009247181e+02
4.192896621617260848e+02 4.206122299549579111e+02
4.238471585552773035e+02 4.251806632250468283e+02
4.284046550462088589e+02 4.297490453317761876e+02
4.329621514458651745e+02 4.343173770957242823e+02
4.375196477409868976e+02 4.388856586294752447e+02
