0.000000000000000000e+00 0.000000000000000000e+00
4.556938623167996916e+00 4.576808775065726920e+00
9.113877247042641017e+00 9.153447709188178294e+00
1.367081587120893182e+01 1.372991970982347176e+01
1.822775449642152168e+01 1.830622761970846568e+01
2.278469312355465703e+01 2.288237420652857779e+01
2.734163174781046024e+01 2.745836215557630311e+01
3.189857037240818727e+01 3.203419411859679400e+01
3.645550901521235687e+01 3.660987264345362746e+01
4.101244764684398092e+01 4.118540024164717295e+01
4.556938627063815517e+01 4.576077933288688371e+01
5.012632491813434399e+01 5.033601230856898212e+01
5.468326355398866667e+01 5.491110150187956407e+01
5.924020220850172791e+01 5.948604916871862258e+01
6.379714085455441364e+01 6.406085755971434992e+01
6.835407948642695430e+01 6.863552882006794675e+01
7.291101811984475489e+01 7.321006502934531568e+01
7.746795675939539194e+01 7.778446829625281111e+01
8.202489539459966750e+01 8.235874060013770759e+01
8.658183405658630249e+01 8.693288394180402179e+01
9.113877269681617577e+01 9.150690024319024474e+01
9.569571137474639499e+01 9.608079138712599843e+01
1.002526500550806645e+02 1.006545592182618378e+02
1.048095887009586846e+02 1.052282055514417038e+02
1.093665273796069499e+02 1.098017321314077606e+02
1.139234660615742314e+02 1.143751407094437127e+02
1.184804046984225465e+02 1.189484329565757861e+02
1.230373433897528486e+02 1.235216104936057633e+02
1.275942820851077499e+02 1.280946749979256367e+02
1.321512207560731724e+02 1.326676279943315819e+02
1.367081594163680620e+02 1.372404710435850461e+02
1.412650981100465515e+02 1.418132056768637312e+02
1.458220367951096819e+02 1.463858334163157053e+02
1.503789754785343007e+02 1.509583556233525883e+02
1.549359141622979905e+02 1.555307737841995390e+02
1.594928528455810692e+02 1.601030892826173613e+02
1.640497915253305905e+02 1.646753034640237274e+02
1.686067302172949383e+02 1.692474177105265483e+02
1.731636689164002405e+02 1.738194333569209391e+02
1.777206076231773011e+02 1.783913515963143084e+02
1.822775463281723773e+02 1.829631737746640852e+02
1.868344850278848526e+02 1.875349011677579654e+02
1.913914237180169096e+02 1.921065348983960348e+02
1.959483624040474581e+02 1.966780761854662956e+02
2.005053010960413076e+02 2.012495262707034271e+02
2.050622398058993667e+02 2.058208861865270194e+02
2.096191785046952134e+02 2.103921570833637134e+02
2.141761171845762419e+02 2.149633401093978762e+02
2.187330558620980696e+02 2.195344363613530732e+02
2.232899945358117861e+02 2.241054468727417088e+02
2.278469332146331965e+02 2.286763727332292433e+02
2.324038718971381741e+02 2.332472148975454900e+02
2.369608105940833411e+02 2.378179743710509229e+02
2.415177492288752319e+02 2.423886522231426852e+02
2.460746879842313888e+02 2.469592493233840855e+02
2.506316266268398181e+02 2.515297666780847976e+02
2.551885653046499556e+02 2.561002052391128814e+02
2.597455039648131105e+02 2.606705658354681532e+02
2.643024426553421904e+02 2.652408494461580517e+02
2.688593812996620045e+02 2.698110570786036533e+02
2.734163199490413945e+02 2.743811894033404997e+02
2.779732586366452551e+02 2.789512473294184929e+02
2.825301973397401412e+02 2.835212317068455832e+02
2.870871360737936584e+02 2.880911433677335935e+02
2.916440748054458254e+02 2.926609832878773432e+02
2.962010134912162584e+02 2.972307520642011127e+02
3.007579521705069965e+02 3.018004506240201863e+02
3.053148908851881060e+02 3.063700796273698757e+02
3.098718295933946933e+02 3.109396399189964768e+02
3.144287684226359829e+02 3.155091320447266980e+02
3.189857071086224778e+02 3.200785569121022718e+02
3.235426458003613561e+02 3.246479153195404592e+02
3.280995844801257135e+02 3.292172077997535098e+02
3.326565232143465778e+02 3.337864351980784363e+02
3.372134619188225315e+02 3.383555981244361419e+02
3.417704005663313751e+02 3.429246973011806858e+02
3.463273392954761789e+02 3.474937333644477349e+02
3.508842779954876505e+02 3.520627070613719525e+02
3.554412167727698488e+02 3.566316189968199524e+02
3.599981555577918471e+02 3.612004697620429852e+02
3.645550943733539384e+02 3.657692601438020574e+02
3.691120330543669752e+02 3.703379904123527240e+02
3.736689717725022319e+02 3.749066614563057556e+02
3.782259105286218528e+02 3.794752739750679211e+02
3.827828492721858993e+02 3.840438282124962939e+02
3.873397879055578414e+02 3.886123250654245567e+02
3.918967266718253768e+02 3.931807648790091321e+02
3.964536653057439253e+02 3.977491484146685252e+02
4.010106041098121068e+02 4.023174761877089622e+02
4.055675429647757824e+02 4.068857485077796809e+02
4.101244817674678416e+02 4.114539661653551548e+02
4.146814205441869490e+02 4.160221295354278936e+02
4.192383592905754313e+02 4.205902392880580010e+02
4.237952980424640259e+02 4.251582958388305542e+02
4.283522369032244796e+02 4.297262997639061268e+02
4.329091755753979669e+02 4.342942515961698291e+02
4.374661142288176734e+02 4.388621516939072080e+02
