0.000000000000000000e+00 0.000000000000000000e+00
3.563820579455510895e+00 3.684662426554402792e+00
7.127641165154759761e+00 7.362620323151197965e+00
1.069146174646119896e+01 1.103456348616428961e+01
1.425528234527187976e+01 1.470108249485922158e+01
1.781910293644967780e+01 1.836268654919679122e+01
2.138292353430506409e+01 2.201981756115910827e+01
2.494674413706863447e+01 2.567286132569189050e+01
2.851056474069439872e+01 2.932215661524444883e+01
3.207438534165167709e+01 3.296800223503275618e+01
3.563820598095291103e+01 3.661066319907284594e+01
3.920202662130314764e+01 4.025037546575131842e+01
4.276584720372282789e+01 4.388734992724744188e+01
4.632966781660798006e+01 4.752177602192756467e+01
4.989348841798987877e+01 5.115382438264488485e+01
5.345730901082231412e+01 5.478364908234322428e+01
5.702112967775954644e+01 5.841139002701909533e+01
