0.000000000000000000e+00 0.000000000000000000e+00
3.901521290798951824e+00 4.022156606412019997e+00
7.803042579445167881e+00 8.037872567621974440e+00
1.170456388096670608e+01 1.204778926258475735e+01
1.560608518152159618e+01 1.605245847496417611e+01
1.950760648608445536e+01 2.005235808420525956e+01
2.340912777659082522e+01 2.404790454676500033e+01
2.731064909184941314e+01 2.803946287152102101e+01
3.121217038903687069e+01 3.202735452045905618e+01
3.511369172354181956e+01 3.601186415874089164e+01
3.901521301379328577e+01 3.999324493380996159e+01
4.291673436516548890e+01 4.397172290053627819e+01
4.681825569636265527e+01 4.794750084304219939e+01
5.071977703768743595e+01 5.192076102614402799e+01
5.462129833658131872e+01 5.589166809175053174e+01
5.852281968681107571e+01 5.986037122094493412e+01
6.242434098235349182e+01 6.382700591809245338e+01
