0.000000000000000000e+00 0.000000000000000000e+00
3.846658177072234785e+00 3.967349432221892958e+00
7.693316355950866381e+00 7.928214665324419208e+00
1.153997453894311143e+01 1.188324492082107398e+01
1.538663273190158876e+01 1.583299827721574360e+01
1.923329092336829405e+01 1.977795771829830329e+01
2.307994911928593496e+01 2.371854387824719623e+01
2.692660732173241911e+01 2.765512512942682122e+01
3.077326551965223089e+01 3.158802582063108844e+01
3.461992371343478681e+01 3.551753296056273967e+01
3.846658189497237856e+01 3.944390161645462456e+01
4.231324007336486659e+01 4.336735952835431362e+01
4.615989825979848149e+01 4.728811074336427112e+01
5.000655644567018498e+01 5.120633884042783279e+01
5.385321464672848180e+01 5.512220941193814383e+01
5.769987282581207211e+01 5.903587244927128097e+01
6.154653101559622996e+01 6.294746430093924516e+01
