0.000000000000000000e+00 0.000000000000000000e+00
3.659687554777780960e+00 3.780507038972226841e+00
7.319375116071459075e+00 7.554383169049830649e+00
1.097906267297494765e+01 1.132230444210718900e+01
1.463875023597093872e+01 1.508485045372624356e+01
1.829843780429240496e+01 1.884252157494466218e+01
2.195812537836427225e+01 2.259575253020847185e+01
2.561781295609379683e+01 2.634492332383207014e+01
2.927750052031169048e+01 3.009036779923733107e+01
3.293718809030971784e+01 3.383238091128102809e+01
3.659687566546716653e+01 3.757122430160594462e+01
4.025656324881754955e+01 4.130713114181175882e+01
4.391625080403862569e+01 4.504031022571695786e+01
4.757593843747191187e+01 4.877094892669319393e+01
5.123562601161890484e+01 5.249921610393777627e+01
5.489531360868657828e+01 5.622526465989473365e+01
5.855500121799374824e+01 5.994923324580238244e+01
