0.000000000000000000e+00 0.000000000000000000e+00
3.868475771586699530e+00 3.989145940937689705e+00
7.736951542781612901e+00 7.971824940827413997e+00
1.160542731521538329e+01 1.194868311187610033e+01
1.547390309779209083e+01 1.592027602973302081e+01
1.934237888459406207e+01 1.988708466389051210e+01
2.321085467477195508e+01 2.384952796569121602e+01
2.707933047075567146e+01 2.780797298171021481e+01
3.094780624748364062e+01 3.176274293974069352e+01
3.481628203624502760e+01 3.571412389644967789e+01
3.868475785057078298e+01 3.966237018900358891e+01
4.255323364346913451e+01 4.360770883934139874e+01
4.642170944196563198e+01 4.755034341207259274e+01
5.029018527836518615e+01 5.149045695867232553e+01
5.415866112479081096e+01 5.542821474376370361e+01
5.802713694551421497e+01 5.936376635884019493e+01
6.189561272788553481e+01 6.329724795420024464e+01
