0.000000000000000000e+00 0.000000000000000000e+00
3.890459100900102385e+00 4.011106340953346283e+00
7.780918203771573616e+00 8.015763234029893880e+00
1.167137730602333079e+01 1.201461364072881821e+01
1.556183640654632683e+01 1.600821061818422208e+01
1.945229552974353027e+01 1.999703306884718401e+01
2.334275464976378700e+01 2.398149828776745096e+01
2.723321377570428226e+01 2.796197193030582895e+01
3.112367289638366330e+01 3.193877612640351771e+01
3.501413204649823996e+01 3.591219600397217704e+01
3.890459114783440953e+01 3.988248503375058363e+01
4.279505027103506620e+01 4.384986964001060983e+01
4.668550937288830482e+01 4.781455286742762212e+01
5.057596850334472549e+01 5.177671721571441310e+01
5.446642763729090575e+01 5.573652753947837368e+01
5.835688676337851177e+01 5.969413323636815960e+01
6.224734589803978224e+01 6.364966994122902122e+01
