0.000000000000000000e+00 0.000000000000000000e+00
3.679567275992889019e+00 3.800377918320094750e+00
7.359134554671477702e+00 7.594140393176832760e+00
1.103870183484739087e+01 1.138196061762037559e+01
1.471826911895735890e+01 1.516441588797702167e+01
1.839783640859268843e+01 1.894200473569246412e+01
2.207740370352033210e+01 2.271516039666085618e+01
2.575697100240528314e+01 2.648426160630277337e+01
2.943653830430723417e+01 3.024964126361424377e+01
3.311610558707695162e+01 3.401159350452765295e+01
3.679567287553696531e+01 3.777037917118536114e+01
4.047524015315246970e+01 4.152623104164069900e+01
4.415480743169715083e+01 4.527935712533153634e+01
4.783437471804001007e+01 4.902994459070224309e+01
5.151394208921439599e+01 5.277816197723231539e+01
5.519350937472808027e+01 5.652416188292951915e+01
5.887307666145532892e+01 6.026808264395045001e+01
