0.000000000000000000e+00 0.000000000000000000e+00
3.814258015739022678e+00 3.934977466292278514e+00
7.628516040123161090e+00 7.863445262307489081e+00
1.144277406255922358e+01 1.178605722334759065e+01
1.525703208927276400e+01 1.570337513968707199e+01
1.907129012032202908e+01 1.961588498916696111e+01
2.288554815572427259e+01 2.352400982917099981e+01
2.669980619195205662e+01 2.742812009568829268e+01
3.051406421043419215e+01 3.132854169924068444e+01
3.432832222822958812e+01 3.522556314711226122e+01
3.814258027859210642e+01 3.911944058212463915e+01
4.195683832638771094e+01 4.301040261397341169e+01
4.577109635509869179e+01 4.689865417219871802e+01
4.958535437835227100e+01 5.078437951903838865e+01
5.339961244565897402e+01 5.466774489239188739e+01
5.721387051211522845e+01 5.854890068752108334e+01
6.102812854209078353e+01 6.242798368098155493e+01
