0.000000000000000000e+00 0.000000000000000000e+00
4.037445014378409525e+00 4.157910773703164864e+00
8.074890036521995995e+00 8.309489365945767148e+00
1.211233506133549653e+01 1.245535786094386310e+01
1.614978008727312897e+01 1.659605251039864271e+01
2.018722511651827389e+01 2.073203859743281896e+01
2.422467013247768008e+01 2.486372224266957431e+01
2.826211516331103013e+01 2.899145995411687693e+01
3.229956018165764675e+01 3.311556625180541147e+01
3.633700520935432365e+01 3.723631995796685601e+01
4.037445022988499943e+01 4.135396929456176451e+01
4.441189530429315369e+01 4.546873619889507978e+01
4.844934035422610208e+01 4.958081993439692781e+01
5.248678544529681744e+01 5.369039986345084969e+01
5.652423046964042186e+01 5.779763829742957881e+01
6.056167550659854726e+01 6.190268215218483761e+01
6.459912057697967214e+01 6.600566526951678270e+01
