0.000000000000000000e+00 0.000000000000000000e+00
3.968713970762109078e+00 4.089268994866895213e+00
7.937427940803441828e+00 8.172151123950266438e+00
1.190614191853652848e+01 1.224927816974346584e+01
1.587485590051002937e+01 1.632119418206418970e+01
1.984356988473237493e+01 2.038837079634876304e+01
2.381228387432279447e+01 2.445121932615714400e+01
2.778099785437890645e+01 2.851010055221875206e+01
3.174971183786375306e+01 3.256533254028697399e+01
3.571842584340991777e+01 3.661719695587846957e+01
3.968713983530894751e+01 4.066594463830885786e+01
4.365585381957025390e+01 4.471179957129771765e+01
4.762456784711975644e+01 4.875496269624776602e+01
5.159328184071508616e+01 5.279561485539311860e+01
5.556199582170341955e+01 5.683391966256976957e+01
5.953070982758752194e+01 6.087002509694100638e+01
6.349942380396490904e+01 6.490406588114782949e+01
