0.000000000000000000e+00 0.000000000000000000e+00
3.846658176183396449e+00 3.967349431982012842e+00
7.693316356993058491e+00 7.928214665156074759e+00
1.153997454024904101e+01 1.188324491629587953e+01
1.538663272735578857e+01 1.583299827293338424e+01
1.923329092194185463e+01 1.977795771407378211e+01
2.307994911775704594e+01 2.371854384761466150e+01
2.692660731945889552e+01 2.765512507523378360e+01
3.077326549961281543e+01 3.158802575010658842e+01
3.461992370641931416e+01 3.551753288537950937e+01
3.846658194523113394e+01 3.944390154193207110e+01
4.231324015116538817e+01 4.336735944616498273e+01
4.615989834106179046e+01 4.728811066718963474e+01
5.000655652510672411e+01 5.120633878716233767e+01
5.385321473710374818e+01 5.512220937117024278e+01
5.769987291837995969e+01 5.903587242190238271e+01
6.154653113445507984e+01 6.294746427457550908e+01
