0.000000000000000000e+00 0.000000000000000000e+00
3.573128846452754637e+00 3.693969888743586338e+00
7.146257695898110995e+00 7.381242341366739623e+00
1.071938654280203274e+01 1.106250582693234641e+01
1.429251539732455889e+01 1.473834984846276797e+01
1.786564425596600358e+01 1.840928275225809685e+01
2.143877312174177519e+01 2.207574578338408244e+01
2.501190199197183972e+01 2.573812418032510863e+01
2.858503086336436994e+01 2.939675617360445514e+01
3.215815974718290704e+01 3.305194022540172227e+01
3.573128859579175298e+01 3.670394106801288103e+01
3.930441750565331915e+01 4.035299431116279578e+01
4.287754635609354636e+01 4.399931074137618481e+01
4.645067526532618274e+01 4.764307955760392588e+01
5.002380418261036255e+01 5.128447123784164319e+01
5.359693303791643615e+01 5.492363973654684628e+01
5.717006189517486803e+01 5.856072487095536871e+01
