0.000000000000000000e+00 0.000000000000000000e+00
3.814258016065141810e+00 3.934977465343894032e+00
7.628516037058671984e+00 7.863445261424267585e+00
1.144277405975836004e+01 1.178605721957666042e+01
1.525703207606687428e+01 1.570337512607371444e+01
1.907129010708971606e+01 1.961588497459607083e+01
2.288554814332085030e+01 2.352400983232794829e+01
2.669980618325712030e+01 2.742812004992141084e+01
3.051406421690012039e+01 3.132854165485913711e+01
3.432832223662961724e+01 3.522556309022773746e+01
3.814258025771903249e+01 3.911944049502119469e+01
4.195683833734253199e+01 4.301040252215939574e+01
4.577109637227526662e+01 4.689865407163530620e+01
4.958535446332060559e+01 5.078437936313316925e+01
5.339961250845730945e+01 5.466774473849416438e+01
5.721387054180337373e+01 5.854890052808986667e+01
6.102812857178244599e+01 6.242798354988057952e+01
