0.000000000000000000e+00 0.000000000000000000e+00
3.679567276320546476e+00 3.800377918114155040e+00
7.359134560083540499e+00 7.594140399843889000e+00
1.103870183914891356e+01 1.138196062609354797e+01
1.471826913222939837e+01 1.516441590429402630e+01
1.839783642170574396e+01 1.894200475166491415e+01
2.207740369945302916e+01 2.271516041254101026e+01
2.575697100574491571e+01 2.648426161604803397e+01
2.943653830740839084e+01 3.024964126247786211e+01
3.311610558680636274e+01 3.401159350360347133e+01
3.679567292137618040e+01 3.777037921013327804e+01
4.047524022136555288e+01 4.152623104526651332e+01
4.415480749990720710e+01 4.527935723853254046e+01
4.783437482920661665e+01 4.902994471127294673e+01
5.151394210971689347e+01 5.277816213283303881e+01
5.519350943018569922e+01 5.652416201326454370e+01
5.887307671856889613e+01 6.026808279056299966e+01
