0.000000000000000000e+00 0.000000000000000000e+00
3.814258016742609225e+00 3.934977465927465889e+00
7.628516038754836970e+00 7.863445263599436075e+00
1.144277406154879095e+01 1.178605722947923340e+01
1.525703208806434219e+01 1.570337514537402157e+01
1.907129011907848692e+01 1.961588499964788213e+01
2.288554815458186198e+01 2.352400983392907818e+01
2.669980619465701466e+01 2.742812008914255628e+01
3.051406424880264723e+01 3.132854169036405168e+01
3.432832229071571817e+01 3.522556306815766902e+01
3.814258036495736803e+01 3.911944045230458755e+01
4.195683838198883819e+01 4.301040251262186587e+01
4.577109641068104651e+01 4.689865408451168349e+01
4.958535443385736841e+01 5.078437937700149973e+01
5.339961245933962175e+01 5.466774475441971504e+01
5.721387048678316489e+01 5.854890055207090427e+01
6.102812852086179873e+01 6.242798354871531075e+01
