0.000000000000000000e+00 0.000000000000000000e+00
3.669598908474052124e+00 3.790414160507119323e+00
7.339197817479925057e+00 7.574205120135077074e+00
1.100879672854566316e+01 1.135204749243467859e+01
1.467839564656475382e+01 1.512451973695671192e+01
1.834799456903495951e+01 1.889212130762243547e+01
2.201759349661416820e+01 2.265528618349171808e+01
2.568719242757116916e+01 2.641439376355243240e+01
2.935679136157043345e+01 3.016977742904309778e+01
3.302639028703079305e+01 3.392173159308067198e+01
3.669598920493189809e+01 3.767051765989086221e+01
4.036558811659175205e+01 4.141636852944340319e+01
4.403518704449469112e+01 4.515949257832475894e+01
4.770478603409094376e+01 4.890007718477941978e+01
5.137438498691354027e+01 5.263829104809911996e+01
5.504398390063990121e+01 5.637428676534153027e+01
5.871358287181316626e+01 6.010820296273893604e+01
