0.000000000000000000e+00 0.000000000000000000e+00
3.814258017933203959e+00 3.934977465974776489e+00
7.628516035965595243e+00 7.863445262116778522e+00
1.144277405852432139e+01 1.178605722009308465e+01
1.525703208530127597e+01 1.570337512111441924e+01
1.907129011646510008e+01 1.961588497011446464e+01
2.288554813569639634e+01 2.352400982732291013e+01
2.669980617614692164e+01 2.742812003859610925e+01
3.051406422858704914e+01 3.132854165532346258e+01
3.432832227574085238e+01 3.522556306698619721e+01
3.814258031010317040e+01 3.911944043813974758e+01
4.195683839120793834e+01 4.301040247869523370e+01
4.577109642297398295e+01 4.689865405204157156e+01
4.958535449879401824e+01 5.078437934588870917e+01
5.339961257315390242e+01 5.466774472677435881e+01
5.721387064018182400e+01 5.854890052980535842e+01
6.102812867012925580e+01 6.242798346243501584e+01
