0.000000000000000000e+00 0.000000000000000000e+00
3.957402625896580872e+00 4.077971653582207701e+00
7.914805252616697651e+00 8.149547412802819579e+00
1.187220788015841322e+01 1.221536066272866172e+01
1.582961051547183473e+01 1.627595675531352626e+01
1.978701315972544705e+01 2.033180835757019977e+01
2.374441580249101946e+01 2.438332765725070317e+01
2.770181845106039731e+01 2.843087613003116232e+01
3.165922107664911067e+01 3.247477241025775641e+01
3.561662374917474949e+01 3.651529875282371762e+01
3.957402642978814100e+01 4.055270626563138592e+01
4.353142908699881275e+01 4.458721935809811043e+01
4.748883171653484681e+01 4.861903918213619136e+01
5.144623435316896121e+01 5.264834696700116723e+01
5.540363698727738040e+01 5.667530639667360504e+01
5.936103962271710088e+01 6.070006568548127746e+01
6.331844225226920742e+01 6.472275964584784447e+01
