0.000000000000000000e+00 0.000000000000000000e+00
3.771833254318247342e+00 3.892586847104302361e+00
7.543666508502624879e+00 7.778630580759067215e+00
1.131549977529563833e+01 1.165879110244165417e+01
1.508733302996365921e+01 1.553363508674803484e+01
1.885916629739293882e+01 1.940365247343883937e+01
2.263099955719891199e+01 2.326926951982354552e+01
2.640283283216057697e+01 2.713085925704716317e+01
3.017466610637804791e+01 3.098874993757420526e+01
3.394649936738179008e+01 3.484323165298405911e+01
3.771833262165185374e+01 3.869456210083490078e+01
4.149016588830357932e+01 4.254297126772405591e+01
4.526199918281972856e+01 4.638866509472184418e+01
4.903383244164918153e+01 5.023182861395756760e+01
5.280566572390077340e+01 5.407262898081961566e+01
5.657749902782518348e+01 5.791121715046538299e+01
6.034933236466315520e+01 6.174773033289021384e+01
