0.000000000000000000e+00 0.000000000000000000e+00
4.014410525385720518e+00 4.134907707714585712e+00
8.028821058240751540e+00 8.263464842059438098e+00
1.204323158956312767e+01 1.238629674886797716e+01
1.605764212433629012e+01 1.650394228489121318e+01
2.007205266303856206e+01 2.061686886016161679e+01
2.408646320569389587e+01 2.472548436040834474e+01
2.810087373127560895e+01 2.883014672109407073e+01
3.211528428470592900e+01 3.293117162488253769e+01
3.612969482139145327e+01 3.702883889788157745e+01
4.014410535496317323e+01 4.112339757561792908e+01
4.415851592156072059e+01 4.521507029728574878e+01
4.817292645152738828e+01 4.930405698702841732e+01
5.218733698907399798e+01 5.339053745439973397e+01
5.620174757307691493e+01 5.747467441009283107e+01
6.021615812807039703e+01 6.155661515396167260e+01
6.423056866512311558e+01 6.563649373629738193e+01
