0.000000000000000000e+00 0.000000000000000000e+00
3.991530679720837860e+00 4.112058308724851230e+00
7.983061364949588068e+00 8.217747742887096862e+00
1.197459205060728138e+01 1.231769687381176936e+01
1.596612274149319077e+01 1.641244718804222202e+01
1.995765343455753538e+01 2.050246821835705191e+01
2.394918411445052087e+01 2.458816956825501165e+01
2.794071481295764769e+01 2.866991062884643782e+01
3.193224549151847924e+01 3.274800823605817612e+01
3.592377617126260247e+01 3.682274322600653704e+01
3.991530688856589393e+01 4.089436547775694919e+01
4.390683756859667142e+01 4.496309830889228465e+01
4.789836831512106130e+01 4.902914214958440198e+01
5.188989907103809429e+01 5.309267738773097278e+01
5.588142976833741926e+01 5.715386716673197043e+01
5.987296045912351872e+01 6.121285912529025097e+01
6.386449118598208230e+01 6.526978763767419878e+01
