0.000000000000000000e+00 0.000000000000000000e+00
3.868475771793649542e+00 3.989145941763921677e+00
7.736951542588712982e+00 7.971824942121410018e+00
1.160542732760481321e+01 1.194868311309213027e+01
1.547390310969978700e+01 1.592027603215525389e+01
1.934237889611697625e+01 1.988708466649520190e+01
2.321085468733230783e+01 2.384952796769139383e+01
2.707933048406471954e+01 2.780797298499038561e+01
3.094780626279975522e+01 3.176274292290818835e+01
3.481628207389695007e+01 3.571412387601526461e+01
3.868475785418688417e+01 3.966237016774122282e+01
4.255323362623761341e+01 4.360770884402400327e+01
4.642170946400275966e+01 4.755034338817500839e+01
5.029018524270919954e+01 5.149045689749722499e+01
5.415866104609513343e+01 5.542821469462806760e+01
5.802713682804296980e+01 5.936376637149698610e+01
6.189561269271319333e+01 6.329724791892515157e+01
