0.000000000000000000e+00 0.000000000000000000e+00
3.620606043171712862e+00 3.741438355037455477e+00
7.241212087214739412e+00 7.476215658143418707e+00
1.086181814533894041e+01 1.120501355501106744e+01
1.448242419691769456e+01 1.492841611786567491e+01
1.810303025297831425e+01 1.864692733301203731e+01
2.172363631807169781e+01 2.236098486804522878e+01
2.534424238525014772e+01 2.607097112398494332e+01
2.896484845732955193e+01 2.977722188695920025e+01
3.258545450111439834e+01 3.348003374202655635e+01
3.620606055306847537e+01 3.717966965453248918e+01
3.982666660476564857e+01 4.087636402538525715e+01
4.344727267550430838e+01 4.457032648599528812e+01
4.706787872592803268e+01 4.826174525538719706e+01
5.068848485099145762e+01 5.195078993961176650e+01
5.430909090370469983e+01 5.563761381515033833e+01
5.792969705362661870e+01 5.932235609503527485e+01
