0.000000000000000000e+00 0.000000000000000000e+00
3.912585941113848165e+00 4.033208107910040141e+00
7.825171884655475196e+00 8.059984505465067173e+00
1.173775783123773842e+01 1.208096897170651474e+01
1.565034378277032978e+01 1.609671200756463350e+01
1.956292973713303596e+01 2.010769045372754249e+01
2.347551569672650373e+01 2.411431989845951307e+01
2.738810166197106710e+01 2.811696464960144937e+01
3.130068761086443274e+01 3.211594561417033589e+01
3.521327355788520208e+01 3.611154701205340700e+01
3.912585950764987075e+01 4.010402151975037555e+01
4.303844548322621222e+01 4.409359492598770203e+01
4.695103143565211923e+01 4.808046962283727055e+01
5.086361739258600778e+01 5.206482771646560082e+01
5.477620335324952805e+01 5.604683365185532296e+01
5.868878936300535543e+01 6.002663643391614556e+01
6.260137539578447274e+01 6.400437135766723884e+01
