0.000000000000000000e+00 0.000000000000000000e+00
3.649835587321191621e+00 3.770658974122970797e+00
7.299671176586710608e+00 7.534679395035094096e+00
1.094950676651615140e+01 1.129273873682135410e+01
1.459934236312379596e+01 1.504541770538681966e+01
1.824917796490482047e+01 1.879321760703498967e+01
2.189901357225886613e+01 2.253657390702274910e+01
2.554884918316570008e+01 2.627586720640963591e+01
2.919868479797010608e+01 3.001143191332634430e+01
3.284852043006247158e+01 3.374356328547879258e+01
3.649835602079595276e+01 3.747252332155777310e+01
4.014819160957168265e+01 4.119854555410660168e+01
4.379802724860087437e+01 4.492183891100167159e+01
4.744786284234005080e+01 4.864259112841542532e+01
5.109769843760477670e+01 5.236097111232597001e+01
5.474753404892553021e+01 5.607713192231167909e+01
5.839736964852346546e+01 5.979121235129321121e+01
