0.000000000000000000e+00 0.000000000000000000e+00
4.002961713471464122e+00 4.123474468533260939e+00
8.005923430863987278e+00 8.240589179489006710e+00
1.200888515239287635e+01 1.235197109040890062e+01
1.601184687835951337e+01 1.645816038098157108e+01
2.001480860696355180e+01 2.055962553311092478e+01
2.401777033990988386e+01 2.465677527772488276e+01
2.802073207493160822e+01 2.874996828038124974e+01
3.202369380357606587e+01 3.283952081733281148e+01
3.602665554641735923e+01 3.692571316974935769e+01
4.002961726489602512e+01 4.100879491495211937e+01
4.403257898669794201e+01 4.508898893003565433e+01
4.803554070131129095e+01 4.916649542050762989e+01
5.203850242417196625e+01 5.324149451905182673e+01
5.604146414423664169e+01 5.731414909281602377e+01
6.004442590448606865e+01 6.138460665109713688e+01
6.404738769460313108e+01 6.545300148147637742e+01
