0.000000000000000000e+00 0.000000000000000000e+00
3.659687554420655076e+00 3.780507039084147980e+00
7.319375116940946668e+00 7.554383165927802679e+00
1.097906267111908107e+01 1.132230445305529720e+01
1.463875023509598705e+01 1.508485046905904881e+01
1.829843780303070133e+01 1.884252158735773008e+01
2.195812537860265223e+01 2.259575254181079629e+01
2.561781295618204979e+01 2.634492329838294467e+01
2.927750053723709200e+01 3.009036777018596354e+01
3.293718813259203415e+01 3.383238088174092439e+01
3.659687569698343168e+01 3.757122423973375192e+01
4.025656325227355126e+01 4.130713108336284733e+01
4.391625082962163873e+01 4.504031017925340308e+01
4.757593838989156154e+01 4.877094879085674961e+01
5.123562600212149221e+01 5.249921597288656017e+01
5.489531358056132149e+01 5.622526456507417691e+01
5.855500116655655063e+01 5.994923314956843541e+01
