0.000000000000000000e+00 0.000000000000000000e+00
3.640017937421814231e+00 3.760844300505531645e+00
7.280035875436516868e+00 7.515042524779178557e+00
1.092005381610633563e+01 1.126327353970513734e+01
1.456007177362737970e+01 1.500611919415345952e+01
1.820008972373828016e+01 1.874408166586800562e+01
2.184010768000729286e+01 2.247759718568850218e+01
2.548012561988850422e+01 2.620704690410486393e+01
2.912014358527591185e+01 2.993276574273135537e+01
3.276016152694884198e+01 3.365504936049295992e+01
3.640017950085834286e+01 3.737416010889806728e+01
4.004019748103324616e+01 4.109033180605045033e+01
4.368021549196948428e+01 4.480377368609582334e+01
4.732023343525877124e+01 4.851467344188844777e+01
5.096025140881594950e+01 5.222320039963228311e+01
5.460026938829426513e+01 5.592950764626259996e+01
5.824028736677887963e+01 5.963373416610185984e+01
