0.000000000000000000e+00 0.000000000000000000e+00
4.072235567167398429e+00 4.192651726017686542e+00
8.144471140050331570e+00 8.378999064847226563e+00
1.221670671580236878e+01 1.255965921466108526e+01
1.628894228857070914e+01 1.673516447503401139e+01
2.036117787088981501e+01 2.090597690954812649e+01
2.443341345977102463e+01 2.507250004176805902e+01
2.850564905711130592e+01 2.923508816590089765e+01
3.257788466256689475e+01 3.339405405190900922e+01
3.665012026510386534e+01 3.754967494944320094e+01
4.072235586305355071e+01 4.170219787724217042e+01
4.479459144298157014e+01 4.585184378633505276e+01
4.886682702409422063e+01 4.999881097988053114e+01
5.293906260117145024e+01 5.414327808328616243e+01
5.701129821713223578e+01 5.828540667861200575e+01
6.108353379821690510e+01 6.242534327110129766e+01
6.515576940357766489e+01 6.656322105535505784e+01
