0.000000000000000000e+00 0.000000000000000000e+00
3.782358970285051747e+00 3.903104497838936204e+00
7.564717944306709185e+00 7.799674169472748275e+00
1.134707692104925947e+01 1.169036742127312678e+01
1.512943590092629975e+01 1.557574971153150223e+01
1.891179488570284661e+01 1.945630999246231241e+01
2.269415388235211850e+01 2.333247371775753010e+01
2.647651287529095043e+01 2.720461328756130825e+01
3.025887186649880789e+01 3.107305635398831711e+01
3.404123084947967470e+01 3.493809261936424804e+01
3.782358982428129934e+01 3.879997951064360961e+01
4.160594880887461500e+01 4.265894650413261502e+01
4.538830779579078722e+01 4.651519943158992021e+01
4.917066678161331339e+01 5.036892297679305841e+01
5.295302576068975497e+01 5.422028416230043035e+01
5.673538482818656803e+01 5.806943380507421182e+01
6.051774383953495828e+01 6.191650903582085164e+01
