0.000000000000000000e+00 0.000000000000000000e+00
3.824946517819208580e+00 3.945655562463310506e+00
7.649893037606606327e+00 7.884810048624099288e+00
1.147483956198291466e+01 1.181811573546662331e+01
1.529978609590578209e+01 1.574613315743882502e+01
1.912473262877566782e+01 1.966934731056362295e+01
2.294967916907509675e+01 2.358818041749368177e+01
2.677462571976153427e+01 2.750300218350417936e+01
3.059957224711434520e+01 3.141413811735068506e+01
3.442451878749725580e+01 3.532187602293521422e+01
3.824946533299642226e+01 3.922647182553423306e+01
4.207441186345452877e+01 4.312815390542318283e+01
4.589935840880295359e+01 4.702712673699679868e+01
4.972430497246602243e+01 5.092357433806594003e+01
5.354925152254408971e+01 5.481766286962431423e+01
5.737419812828132137e+01 5.870954252913017513e+01
6.119914466025468869e+01 6.259934996610854085e+01
