0.000000000000000000e+00 0.000000000000000000e+00
4.014410524047930195e+00 4.134907707704191360e+00
8.028821046987513199e+00 8.263464842168303903e+00
1.204323158460092458e+01 1.238629674075745335e+01
1.605764212031169080e+01 1.650394227370495059e+01
2.007205264701179459e+01 2.061686884383907170e+01
2.408646318966121669e+01 2.472548434306355603e+01
2.810087373288876478e+01 2.883014670536786284e+01
3.211528428275666158e+01 3.293117159640665648e+01
3.612969482617706518e+01 3.702883884628997180e+01
4.014410535030044969e+01 4.112339755126838980e+01
4.415851588043357623e+01 4.521507032177616026e+01
4.817292642008351322e+01 4.930405696786410630e+01
5.218733694489235120e+01 5.339053742849023365e+01
5.620174747740153265e+01 5.747467436074198588e+01
6.021615802735793466e+01 6.155661511027453514e+01
6.423056857893494964e+01 6.563649370073284217e+01
