0.000000000000000000e+00 0.000000000000000000e+00
3.957402622967527428e+00 4.077971650558132488e+00
7.914805250625553512e+00 8.149547407991011738e+00
1.187220788172953689e+01 1.221536065578670893e+01
1.582961051470445035e+01 1.627595674456412667e+01
1.978701315987116516e+01 2.033180835071333448e+01
2.374441580268088359e+01 2.438332765093282717e+01
2.770181844929194170e+01 2.843087614476839420e+01
3.165922107555492104e+01 3.247477246965917885e+01
3.561662374377108620e+01 3.651529879045142479e+01
3.957402641814842070e+01 4.055270632863853564e+01
4.353142905787137806e+01 4.458721941476055406e+01
4.748883169582168762e+01 4.861903926275481069e+01
5.144623439221828676e+01 5.264834700960982161e+01
5.540363706300458091e+01 5.667530643201489227e+01
5.936103969576825534e+01 6.070006572913484888e+01
6.331844232536866457e+01 6.472275971160240715e+01
