0.000000000000000000e+00 0.000000000000000000e+00
3.803564988717206496e+00 3.924293288694670423e+00
7.607129981964874332e+00 7.842068495876881151e+00
1.141069497913992592e+01 1.175398098106938072e+01
1.521425997648816519e+01 1.566059376435541672e+01
1.901782497929448112e+01 1.956239381754868845e+01
2.282138998560225573e+01 2.345980500738442487e+01
2.662495499692542467e+01 2.735319836713116359e+01
3.042852000210238117e+01 3.124290047649254021e+01
3.423208500011308075e+01 3.512920017572859877e+01
3.803565001939477952e+01 3.901235402618618764e+01
4.183921500850127728e+01 4.289259102877866781e+01
4.564278004324405202e+01 4.677011638791353931e+01
4.944634504480919901e+01 5.064511440289156496e+01
5.324991006552791362e+01 5.451775169102371876e+01
5.705347506413480119e+01 5.838817874235046190e+01
6.085704006738568239e+01 6.225653247237521271e+01
