0.000000000000000000e+00 0.000000000000000000e+00
3.771833252722493590e+00 3.892586847723844112e+00
7.543666506831199214e+00 7.778630576514267148e+00
1.131549976341144159e+01 1.165879109869628927e+01
1.508733302554449196e+01 1.553363508183208097e+01
1.885916629606904138e+01 1.940365246880892158e+01
2.263099956807983659e+01 2.326926954601256625e+01
2.640283284366330463e+01 2.713085928975485928e+01
3.017466611691283873e+01 3.098874996879270327e+01
3.394649941350354538e+01 3.484323168340598897e+01
3.771833267622753993e+01 3.869456213060115601e+01
4.149016598544289991e+01 4.254297129185178505e+01
4.526199928081392443e+01 4.638866514058499746e+01
4.903383255448015632e+01 5.023182871139988492e+01
5.280566580849194480e+01 5.407262908202074669e+01
5.657749907143630708e+01 5.791121725661994901e+01
6.034933238049207205e+01 6.174773046721546166e+01
