0.000000000000000000e+00 0.000000000000000000e+00
3.689594195466177950e+00 3.810399896624432348e+00
7.379188390016672372e+00 7.614192175272339824e+00
1.106878259940172882e+01 1.141204856939018164e+01
1.475837679843750117e+01 1.520454524442148880e+01
1.844797100624817432e+01 1.899217975752317145e+01
2.213756521912664965e+01 2.277538462743130054e+01
2.582715943689236582e+01 2.655453796920895826e+01
2.951675364098542431e+01 3.032997214192919344e+01
3.320634785814409895e+01 3.410198087964015201e+01
3.689594205365241919e+01 3.787082467755723769e+01
4.058553631296088327e+01 4.163673594476050255e+01
4.427513050960403973e+01 4.539992267389420988e+01
4.796472471086968881e+01 4.916057164055695239e+01
5.165431895066090817e+01 5.291885128748789668e+01
5.534391320172472462e+01 5.667491390492207870e+01
5.903350745889768802e+01 6.042889789940073797e+01
