0.000000000000000000e+00 0.000000000000000000e+00
3.730271825722866197e+00 3.851054296906504248e+00
7.460543651638544382e+00 7.695532786639414091e+00
1.119081548309491225e+01 1.153410136762704497e+01
1.492108730940387495e+01 1.536733149756613948e+01
1.865135914948763940e+01 1.919571698233068702e+01
2.238163099366565589e+01 2.301968724729536220e+01
2.611190284126635675e+01 2.683961788398329418e+01
2.984217470878436629e+01 3.065583924193472143e+01
3.357244653874322182e+01 3.446864317790929988e+01
3.730271836839889943e+01 3.827828893213324335e+01
4.103299024344201484e+01 4.208500765472406613e+01
4.476326207060780149e+01 4.588900634478892471e+01
4.849353389778922718e+01 4.969047094597873127e+01
5.222380573131441395e+01 5.348956912106437755e+01
5.595407757552126782e+01 5.728645269824959740e+01
5.968434940354799068e+01 6.108125939836814666e+01
