0.000000000000000000e+00 0.000000000000000000e+00
4.014410524314460105e+00 4.134907709487610106e+00
8.028821048106987490e+00 8.263464845102850731e+00
1.204323157940381606e+01 1.238629675495393201e+01
1.605764211899006710e+01 1.650394228698525723e+01
2.007205266388969278e+01 2.061686886343201763e+01
2.408646321328603079e+01 2.472548436196471755e+01
2.810087375624707562e+01 2.883014672379964338e+01
3.211528428519203970e+01 3.293117161517734814e+01
3.612969482928242115e+01 3.702883885742805603e+01
4.014410540181076215e+01 4.112339756232177024e+01
4.415851593181854184e+01 4.521507031598481774e+01
4.817292647481656331e+01 4.930405701192194812e+01
5.218733703270081037e+01 5.339053749581731267e+01
5.620174756322352039e+01 5.747467443444661939e+01
6.021615810485088360e+01 6.155661519332912235e+01
6.423056870744477465e+01 6.563649376604296037e+01
