0.000000000000000000e+00 0.000000000000000000e+00
4.072235566910404003e+00 4.192651725982865507e+00
8.144471140135498999e+00 8.378999062740295045e+00
1.221670671557888888e+01 1.255965921475712399e+01
1.628894229534537175e+01 1.673516447513329908e+01
2.036117787798539425e+01 2.090597690553662247e+01
2.443341346678830917e+01 2.507250002726753024e+01
2.850564903741676659e+01 2.923508814397965949e+01
3.257788460777646122e+01 3.339405402171240667e+01
3.665012018823364315e+01 3.754967491297465187e+01
4.072235575728710444e+01 4.170219784577315636e+01
4.479459135161441452e+01 4.585184370272171606e+01
4.886682697079953641e+01 4.999881083267557358e+01
5.293906258368080131e+01 5.414327792580834853e+01
5.701129815829519032e+01 5.828540658169545452e+01
6.108353374006752290e+01 6.242534316720755783e+01
6.515576932520021103e+01 6.656322097834575402e+01
