0.000000000000000000e+00 0.000000000000000000e+00
3.835718960283605483e+00 3.956418003018066010e+00
7.671437926191687851e+00 7.906343489284580528e+00
1.150715690017229953e+01 1.185042719156251856e+01
1.534287586952566329e+01 1.578922838585990895e+01
1.917859484299852113e+01 1.972323106791313307e+01
2.301431382119497115e+01 2.365285664990601333e+01
2.685003280341360465e+01 2.757847418508420390e+01
3.068575178052730124e+01 3.150040856060152095e+01
3.452147075000429055e+01 3.541894721571621574e+01
3.835718972472923838e+01 3.933434556911471702e+01
4.219290874202231123e+01 4.324683168434594904e+01
4.602862776474313478e+01 4.715660988318562374e+01
4.986434676151691292e+01 5.106386401419971577e+01
5.370006572974195080e+01 5.496875981958422130e+01
5.753578469981566457e+01 5.887144745264276224e+01
6.137150367238569260e+01 6.277206339001544677e+01
