0.000000000000000000e+00 0.000000000000000000e+00
4.025880315836522172e+00 4.146361330902361253e+00
8.051760633511355181e+00 8.286381335856537689e+00
1.207764095525151227e+01 1.242068371789890868e+01
1.610352128210725198e+01 1.654980603127449257e+01
2.012940160067967454e+01 2.067421462025732737e+01
2.415528193367166665e+01 2.479431646481793550e+01
2.818116225233080741e+01 2.891046878726781699e+01
3.220704256660512499e+01 3.302298670906900213e+01
3.623292290596602072e+01 3.713214953101775251e+01
4.025880322696799851e+01 4.123820588788954922e+01
4.428468357213582607e+01 4.534137808796288027e+01
4.831056388657731304e+01 4.944186562866605783e+01
5.233644424505953907e+01 5.353984824329310754e+01
5.636232456649688061e+01 5.763548833708706809e+01
6.038820492859518652e+01 6.172893306174259465e+01
6.441408527978316556e+01 6.582031630513168352e+01
