0.000000000000000000e+00 0.000000000000000000e+00
3.980137826733090467e+00 4.100680030252126684e+00
7.960275657598058885e+00 8.194982094680073104e+00
1.194041349156695553e+01 1.228353639025768373e+01
1.592055133000963707e+01 1.636688569626522138e+01
1.990068917392081005e+01 2.044550057778683438e+01
2.388082702553565184e+01 2.451979154282673790e+01
2.786096487312864411e+01 2.859011863983483792e+01
3.184110272248027940e+01 3.265679935132110501e+01
3.582124055182164568e+01 3.672011495874392750e+01
3.980137837881144947e+01 4.078031575651250051e+01
4.378151625038860573e+01 4.483762542097093728e+01
4.776165410911168863e+01 4.889224473394988735e+01
5.174179199162515630e+01 5.294435426692753310e+01
5.572192982869203348e+01 5.699411729536066673e+01
5.970206766579035218e+01 6.104168174089653576e+01
6.368220553510943205e+01 6.508718210040092345e+01
