0.000000000000000000e+00 0.000000000000000000e+00
3.803564987026833322e+00 3.924293290099106990e+00
7.607129976319624731e+00 7.842068500769036277e+00
1.141069497012649947e+01 1.175398098450856210e+01
1.521425996746197562e+01 1.566059376727887553e+01
1.901782496996147387e+01 1.956239382003769833e+01
2.282138997625734333e+01 2.345980501230302551e+01
2.662495500121411141e+01 2.735319842581272809e+01
3.042852001641817949e+01 3.124290056078591959e+01
3.423208500885976235e+01 3.512920025063305474e+01
3.803565000181324507e+01 3.901235409834559675e+01
4.183921500349710243e+01 4.289259112793496342e+01
4.564278001634647808e+01 4.677011652349598592e+01
4.944634505319770312e+01 5.064511454251953637e+01
5.324991012105429178e+01 5.451775181891913746e+01
5.705347511966672869e+01 5.838817886045592331e+01
6.085704013985110805e+01 6.225653258521264632e+01
