0.000000000000000000e+00 0.000000000000000000e+00
3.689594193330255845e+00 3.810399896661499142e+00
7.379188386791365240e+00 7.614192169395323617e+00
1.106878259562466482e+01 1.141204856168916137e+01
1.475837679027805294e+01 1.520454521813425686e+01
1.844797099850350008e+01 1.899217973262904025e+01
2.213756521107826103e+01 2.277538461251751301e+01
2.582715943592259578e+01 2.655453796203895678e+01
2.951675365600628709e+01 3.032997218217208513e+01
3.320634786839230657e+01 3.410198087643395581e+01
3.689594209547596648e+01 3.787082469982331645e+01
4.058553634708955116e+01 4.163673595574741881e+01
4.427513055798451092e+01 4.539992261581748778e+01
4.796472482257913583e+01 4.916057161227237771e+01
5.165431902429923383e+01 5.291885127086709417e+01
5.534391322831271509e+01 5.667491393396938548e+01
5.903350743917149401e+01 6.042889787104547850e+01
