0.000000000000000000e+00 0.000000000000000000e+00
3.946117244207249186e+00 4.066699658231154757e+00
7.892234489058404634e+00 8.126994458214841899e+00
1.183835173871215218e+01 1.218151938040194970e+01
1.578446899233106748e+01 1.623082106484118015e+01
1.973058624946050799e+01 2.027537322735059888e+01
2.367670351092483827e+01 2.431558890385228011e+01
2.762282078548906128e+01 2.835183030470561860e+01
3.156893804182314156e+01 3.238441659950390772e+01
3.551505528535179224e+01 3.641363049655494422e+01
3.946117256932664930e+01 4.043972354838881245e+01
4.340728986606153228e+01 4.446292047641779277e+01
4.735340714913252214e+01 4.848342277559454061e+01
5.129952440161902416e+01 5.250141192943414126e+01
5.524564169879678843e+01 5.651705176713383594e+01
5.919175895433652812e+01 6.053049071701975237e+01
6.313787620152395874e+01 6.454186370246387128e+01
