0.000000000000000000e+00 0.000000000000000000e+00
3.814258016420554398e+00 3.934977465160887977e+00
7.628516034493936893e+00 7.863445261267182573e+00
1.144277405690370841e+01 1.178605721887130997e+01
1.525703208335549732e+01 1.570337512604125862e+01
1.907129010118395485e+01 1.961588497475497661e+01
2.288554813685823319e+01 2.352400980088453508e+01
2.669980617754804797e+01 2.742812002080471601e+01
3.051406419593141095e+01 3.132854165233759147e+01
3.432832223350290946e+01 3.522556308370292300e+01
3.814258026459840778e+01 3.911944050074342272e+01
4.195683831384368290e+01 4.301040253214589626e+01
4.577109634254664172e+01 4.689865415676041493e+01
4.958535441923595499e+01 5.078437945401579157e+01
5.339961248407816896e+01 5.466774482547552338e+01
5.721387052118402039e+01 5.854890062218311186e+01
6.102812855118300206e+01 6.242798361678985941e+01
