0.000000000000000000e+00 0.000000000000000000e+00
3.957402625663283935e+00 4.077971650503316781e+00
7.914805255029209619e+00 8.149547408947837468e+00
1.187220788575524288e+01 1.221536065836861695e+01
1.582961052140142932e+01 1.627595674720535612e+01
1.978701315967940388e+01 2.033180835008725751e+01
2.374441580224118553e+01 2.438332767708285331e+01
2.770181844216534017e+01 2.843087614144234720e+01
3.165922107856530587e+01 3.247477242121992447e+01
3.561662371812825256e+01 3.651529876706063504e+01
3.957402634747408854e+01 4.055270630540707089e+01
4.353142902305914674e+01 4.458721933076273558e+01
4.748883165500452463e+01 4.861903913615074657e+01
5.144623428685989097e+01 5.264834691802988687e+01
5.540363694793376936e+01 5.667530633811148277e+01
5.936103963248946513e+01 6.070006565507340213e+01
6.331844226609948834e+01 6.472275962711495367e+01
