0.000000000000000000e+00 0.000000000000000000e+00
4.176993971607209311e+00 4.217909959002870579e+00
8.353987992852026423e+00 8.435094762493225318e+00
1.253098202199391409e+01 1.265157932708195077e+01
1.670797612410094501e+01 1.686738817246698829e+01
2.088497026995017336e+01 2.108254436446213020e+01
2.506196454400233620e+01 2.529706955564297388e+01
2.923895864581415083e+01 2.951098463383264203e+01
3.341595303402515782e+01 3.372430930951367145e+01
3.759294732139521500e+01 3.793706227333781555e+01
4.176994130973450581e+01 4.214926151459010839e+01
4.594693573021787358e+01 4.636092392403098472e+01
5.012393012627224209e+01 5.057206603425811409e+01
5.430092421109419121e+01 5.478270333889678056e+01
5.847791840838370092e+01 5.899285061868840785e+01
6.265491282856446276e+01 6.320252209897803652e+01
6.683190686381739454e+01 6.741173144426089436e+01
7.100890111284184059e+01 7.162049192920970597e+01
7.518589573480878130e+01 7.582881574443445061e+01
7.936288997505747034e+01 8.003671493367588141e+01
8.353988419389790465e+01 8.424420134528452309e+01
8.771687828309757151e+01 8.845128510623176510e+01
9.189387292947589003e+01 9.265797751779723512e+01
9.607086699233036597e+01 9.686428913234946947e+01
1.002478617548296853e+02 1.010702287558151227e+02
1.044248564363942648e+02 1.052758062169707216e+02
1.086018504993672877e+02 1.094810307946818000e+02
1.127788453426739466e+02 1.136859106303684399e+02
1.169558394958956313e+02 1.178904545057582993e+02
1.211328343951837070e+02 1.220946710903304080e+02
1.253098286547050861e+02 1.262985670869785224e+02
1.294868227528612579e+02 1.305021503989468101e+02
1.336638176645370777e+02 1.347054283757138933e+02
1.378408117195066325e+02 1.389084085795227566e+02
1.420178067285711165e+02 1.431110976875957590e+02
1.461948008537372061e+02 1.473135005370415342e+02
1.503717958804036243e+02 1.515156249759630214e+02
1.545487909713175725e+02 1.557174768962833582e+02
1.587257860968570355e+02 1.599190622157735504e+02
1.629027817152450552e+02 1.641203866890670611e+02
1.670797760095759372e+02 1.683214558644733643e+02
1.712567701071309614e+02 1.725222750441554922e+02
1.754337653680172480e+02 1.767228504379954188e+02
1.796107605299517331e+02 1.809231851114317919e+02
1.837877548007452333e+02 1.851232850204031593e+02
1.879647502593119839e+02 1.893231547072725220e+02
1.921417445710841889e+02 1.935227988466393469e+02
1.963187389824535671e+02 1.977222215032020358e+02
2.004957344306520213e+02 2.019214277963463928e+02
