0.000000000000000000e+00 0.000000000000000000e+00
4.172232329304504717e+00 4.217909996298634390e+00
8.344464696118484071e+00 8.434919930389000342e+00
1.251669709420101739e+01 1.265106438038560910e+01
1.668892961796554886e+01 1.686637660934630389e+01
2.086116203563919669e+01 2.108088797147529903e+01
2.503339437771381171e+01 2.529462800597337946e+01
2.920562674419920413e+01 2.950762463394899981e+01
3.337785933582698306e+01 3.371990455574657375e+01
3.755009194301707254e+01 3.793149216022868586e+01
4.172232454947244662e+01 4.214241163459348627e+01
4.589455687759500790e+01 4.635268533940819680e+01
5.006678925408563430e+01 5.056233476250208980e+01
5.423902181178490878e+01 5.477138031629549886e+01
5.841125424322493132e+01 5.897984164808743657e+01
6.258348719574951957e+01 6.318773664698287007e+01
6.675572010041094018e+01 6.739508310796452406e+01
7.092795252592557631e+01 7.160189801258285058e+01
7.510018506555893225e+01 7.580819745787391639e+01
7.927241749366177714e+01 8.001399669890176369e+01
8.344465041308791342e+01 8.421931043100961745e+01
8.761688279456561190e+01 8.842415212243351164e+01
9.178911579626330308e+01 9.262853593358882165e+01
9.596134826523348238e+01 9.683247460147867969e+01
1.001335808295147700e+02 1.010359798643856237e+02
1.043058134675804070e+02 1.052390635078667032e+02
1.084780458877575597e+02 1.094417373458761347e+02
1.126502784572494278e+02 1.136440127006086698e+02
1.168225118633355351e+02 1.178458985435884046e+02
1.209947451642959777e+02 1.220474057770298089e+02
1.251669777060057811e+02 1.262485441519646514e+02
1.293392102586519172e+02 1.304493230282799914e+02
1.335114429717353346e+02 1.346497506070847692e+02
1.376836753460922296e+02 1.388498364467676822e+02
1.418559081270578872e+02 1.430495885576520436e+02
1.460281414822580075e+02 1.472490147608316988e+02
1.502003739810044749e+02 1.514481234910207377e+02
1.543726074150363843e+02 1.556469207841964533e+02
1.585448409163739711e+02 1.598454148776305317e+02
1.627170733743689652e+02 1.640436130276174538e+02
1.668893058675735119e+02 1.682415199754849198e+02
1.710615385298096953e+02 1.724391449476378853e+02
1.752337713357632651e+02 1.766364917578501945e+02
1.794060037999615531e+02 1.808335674528603931e+02
1.835782365103714824e+02 1.850303779385990879e+02
1.877504698729814265e+02 1.892269289473877052e+02
1.919227034456939123e+02 1.934232257934243080e+02
1.960949364410787439e+02 1.976192740321948520e+02
2.002671702343673132e+02 2.018150795191654367e+02
