0.000000000000000000e+00 0.000000000000000000e+00
1.995685067913346433e+00 1.995470660294281995e+00
5.535285055792536824e+00 5.535189407193978894e+00
8.850942013258247698e+00 8.850906032212810359e+00
1.272098904884684956e+01 1.271785126218035700e+01
1.658875541773543461e+01 1.658551970960603938e+01
2.045729856195602281e+01 2.045275215381714062e+01
2.432503821263175325e+01 2.432117973038837988e+01
2.819213944835367158e+01 2.818911742581429891e+01
3.205774812885711356e+01 3.205564195689097318e+01
3.592270483634641920e+01 3.592367821521891358e+01
3.978869112270575670e+01 3.979052532103305140e+01
4.365618807569357784e+01 4.365796419196708200e+01
4.752304333447177953e+01 4.752450008298784212e+01
5.138883635469354516e+01 5.139200747496207100e+01
5.525578620517171657e+01 5.525973888695016711e+01
5.912036327793995838e+01 5.912558365037639874e+01
6.298725435727426714e+01 6.299172303258477967e+01
6.685312356230724617e+01 6.685699971407727560e+01
7.071925269855316287e+01 7.072381787668280140e+01
7.458594019113371587e+01 7.458893519445723541e+01
7.845304061949326524e+01 7.845433504899799004e+01
8.231891311228689290e+01 8.232003167489494899e+01
8.618470893733827154e+01 8.618486531977703180e+01
9.005108037624366091e+01 9.005101845124123372e+01
9.391643263068300485e+01 9.391700131263856122e+01
9.778202924698175025e+01 9.778243350885307450e+01
1.016472280574428169e+02 1.016474856455120062e+02
1.055130558682954955e+02 1.055121722780444884e+02
1.093778175052743507e+02 1.093782974542955060e+02
1.132434200684667758e+02 1.132444491957645312e+02
1.171087873867906808e+02 1.171093445659351460e+02
1.209738800397214504e+02 1.209741127094027036e+02
