0.000000000000000000e+00 0.000000000000000000e+00
1.994281727160152062e+00 1.995705094879526964e+00
5.532572523966875266e+00 5.534190309193325774e+00
8.848042016464749082e+00 8.850222695826838404e+00
1.271658067016905846e+01 1.272017849198800121e+01
1.658698850371379763e+01 1.658906030954206301e+01
2.045558251525944371e+01 2.045812874099215151e+01
2.432007827191024063e+01 2.432696608390897453e+01
2.818723857952584666e+01 2.819472519160436264e+01
3.205500477296108386e+01 3.206333440313666472e+01
3.592376980992412427e+01 3.592845473007535873e+01
3.979195559770113988e+01 3.979584883472440993e+01
4.366015783316277776e+01 4.366301013088003913e+01
4.752797282795744849e+01 4.752992185342426978e+01
5.139410203522304244e+01 5.139664731694070099e+01
5.526095232060585261e+01 5.526334393999941597e+01
5.912652883022650485e+01 5.913035646914379129e+01
6.299396450323393992e+01 6.299695563388713992e+01
6.686114198758319560e+01 6.686329899992183812e+01
7.072828775763520071e+01 7.072926120364240887e+01
7.459577217384548931e+01 7.459621532003794186e+01
7.846156684427619155e+01 7.846278019314762275e+01
8.232933294919435241e+01 8.232972736035922878e+01
8.619458822229138661e+01 8.619607570500923543e+01
9.006120615182761924e+01 9.006313090025939516e+01
9.392780151887878048e+01 9.392896914319624102e+01
9.779469427532876580e+01 9.779516775113424387e+01
1.016612976595525595e+02 1.016621348362822914e+02
1.055270638825892746e+02 1.055281143466086462e+02
1.093933164507682676e+02 1.093945826495621532e+02
1.132597544667666511e+02 1.132599427497536340e+02
1.171255855368265770e+02 1.171254639270673295e+02
1.209911899447561154e+02 1.209920232240872053e+02
