0.000000000000000000e+00 0.000000000000000000e+00
5.082453442007043520e+00 5.120001325457534058e+00
1.016490683584205357e+01 1.023945180499544350e+01
1.524736022889052123e+01 1.535836730432592567e+01
2.032981361164720724e+01 2.047676299045209447e+01
2.541226700854146969e+01 2.559465344035478296e+01
3.049472039600252771e+01 3.071205256710829445e+01
3.557717379579560202e+01 3.582897378047501746e+01
4.065962722118419492e+01 4.094542989748376982e+01
4.574208064920206596e+01 4.606143324929480798e+01
5.082453406130218809e+01 5.117699568949805666e+01
5.590698749406444534e+01 5.629212863000844891e+01
6.098944093027718338e+01 6.140684300131627538e+01
6.607189437494106699e+01 6.652114956747968222e+01
7.115434782110386891e+01 7.163505823677610351e+01
7.623680127579784482e+01 7.674857880986388636e+01
8.131925473615862643e+01 8.186172064013788940e+01
8.640170823125211541e+01 8.697449298655408256e+01
9.148416167822583134e+01 9.208690451045282543e+01
9.656661515842986887e+01 9.719896366861206616e+01
1.016490686398114747e+02 1.023106786363426011e+02
1.067315221749430521e+02 1.074220572814203365e+02
1.118139756600578210e+02 1.125331072282387055e+02
1.168964291541823286e+02 1.176438358334403347e+02
1.219788826554090519e+02 1.227542502138845464e+02
1.270613361670332182e+02 1.278643572557550669e+02
1.321437896655742463e+02 1.329741637019595828e+02
1.372262432089699473e+02 1.380836758150510093e+02
1.423086967296937928e+02 1.431929002918676588e+02
1.473911502541261598e+02 1.483018424481325610e+02
1.524736037854686970e+02 1.534105085200422991e+02
1.575560573219747766e+02 1.585189041632658018e+02
1.626385108694586847e+02 1.636270348994742108e+02
1.677209644248075051e+02 1.687349060524380775e+02
1.728034179783461468e+02 1.738425228165236831e+02
1.778858715476636121e+02 1.789498901987953161e+02
1.829683251170692131e+02 1.840570130862063820e+02
1.880507786943254018e+02 1.891638962176820087e+02
1.931332322878873242e+02 1.942705441884676247e+02
1.982156858668950008e+02 1.993769614664220455e+02
2.032981394596256450e+02 2.044831524306497101e+02
2.083805930665245114e+02 2.095891212680515423e+02
2.134630484863770903e+02 2.146948720600763920e+02
2.185455039604386798e+02 2.198004088318240008e+02
2.236279595028636606e+02 2.249057355020330817e+02
2.287104151352366443e+02 2.300108558607780651e+02
2.337928709075592622e+02 2.351157764272477948e+02
2.388753266375451574e+02 2.402204979570151409e+02
2.439577824264233641e+02 2.453250239323835444e+02
