0.000000000000000000e+00 0.000000000000000000e+00
5.082453392445333229e+00 5.120001332707415642e+00
1.016490679493485061e+01 1.023945182479411642e+01
1.524736019191365344e+01 1.535836732587661047e+01
2.032981359290238643e+01 2.047676302327178277e+01
2.541226699636496988e+01 2.559465346767248661e+01
3.049472040553070684e+01 3.071205259637012830e+01
3.557717381202658657e+01 3.582897380408737575e+01
4.065962722980718524e+01 4.094542992359592404e+01
4.574208067084997964e+01 4.606143327879002669e+01
5.082453409601131256e+01 5.117699572772001204e+01
5.590698751458947413e+01 5.629212864216781753e+01
6.098944095617231653e+01 6.140684299214535713e+01
6.607189439762332483e+01 6.652114951957297251e+01
7.115434768500720963e+01 7.163505818246022727e+01
7.623680114212578474e+01 7.674857874221947895e+01
8.131925460595999766e+01 8.186172066131328506e+01
8.640170808031624006e+01 8.697449300534273675e+01
9.148416155325560339e+01 9.208690452270312221e+01
9.656661526561489950e+01 9.719896368848873180e+01
1.016490687503392962e+02 1.023106786558630006e+02
1.067315222402416879e+02 1.074220573055955867e+02
1.118139757339316986e+02 1.125331072505982632e+02
1.168964292158905351e+02 1.176438358585894832e+02
1.219788827147905579e+02 1.227542502389481456e+02
1.270613362207926968e+02 1.278643572745206569e+02
1.321437897639201537e+02 1.329741636264166686e+02
1.372262432807838763e+02 1.380836757537659025e+02
1.423086968018117773e+02 1.431928999541519261e+02
1.473911503347027576e+02 1.483018421148904054e+02
1.524736038756088305e+02 1.534105080240361190e+02
1.575560574187480256e+02 1.585189036776158389e+02
1.626385109837876826e+02 1.636270344174012621e+02
1.677209645377638481e+02 1.687349055796740913e+02
1.728034180928548267e+02 1.738425223761311429e+02
1.778858716467345289e+02 1.789498897667687629e+02
1.829683252146060681e+02 1.840570126966578073e+02
1.880507787954060746e+02 1.891638958393286316e+02
1.931332323924968932e+02 1.942705438115901302e+02
1.982156859796630783e+02 1.993769611054692064e+02
2.032981395546548811e+02 2.044831520577099013e+02
2.083805931263676428e+02 2.095891208755639354e+02
2.134630485433940237e+02 2.146948716774205081e+02
2.185455040177147055e+02 2.198004084782382677e+02
2.236279595861200846e+02 2.249057352063606174e+02
2.287104151745088245e+02 2.300108555723302857e+02
2.337928708994309090e+02 2.351157761425830302e+02
2.388753266498178505e+02 2.402204978614558968e+02
2.439577824199740519e+02 2.453250241149373778e+02
