0.000000000000000000e+00 0.000000000000000000e+00 0.000000000000000000e+00 0.000000000000000000e+00 0.000000000000000000e+00 0.000000000000000000e+00 0.000000000000000000e+00 0.000000000000000000e+00
0.000000000000000000e+00 4.319157388682270948e-03 3.143829643430962051e-03 9.516177603572373300e-04 4.396629020762432560e-03 1.175289127091971864e-03 1.658022735179898177e-03 1.775642788645726000e-03
1.160755343765848546e-02 4.319157388682270948e-03 1.296109021754481352e-02 2.512874712360120555e-03 6.690754048686525443e-03 1.056942984485390383e-02 1.658022735179898177e-03 1.775642788645726000e-03
1.160755343765848546e-02 4.624426526963517151e-03 1.296109021754481352e-02 2.512874712360120555e-03 6.690754048686525443e-03 1.056942984485390383e-02 2.030006556264389583e-03 1.864114680044437478e-03
1.160755343765848546e-02 4.624426526963517151e-03 1.296109021754481352e-02 2.865361106039188144e-03 6.690754048686525443e-03 1.056942984485390383e-02 2.030006556264389583e-03 2.262921636759865091e-03
1.254521459927453869e-02 6.061981190142478292e-03 1.449485881197176695e-02 2.865361106039188144e-03 7.620365526113850006e-03 1.056942984485390383e-02 2.504264418154759919e-03 2.288450228144145535e-03
1.254521459927453869e-02 6.061981190142478292e-03 1.449485881197176695e-02 2.865361106039188144e-03 1.094424153330968499e-02 1.365324389153253770e-02 2.540082811076871394e-03 2.288450228144145535e-03
1.300653990994060649e-02 6.061981190142478292e-03 1.449485881197176695e-02 2.865361106039188144e-03 1.098910862985810581e-02 1.371930086950090555e-02 2.540082811076871394e-03 2.288450228144145535e-03
1.300653990994060649e-02 6.061981190142478292e-03 1.531779656424347991e-02 2.865361106039188144e-03 1.098910862985810581e-02 1.371930086950090555e-02 2.540082811076871394e-03 2.288450228144145535e-03
1.302649464227154802e-02 6.061981190142478292e-03 1.531779656424347991e-02 3.851976873651448939e-03 1.121414456942348460e-02 1.372787482570869862e-02 3.234894153905543135e-03 2.288450228144145535e-03
1.304598261856967228e-02 6.863548310619194126e-03 1.579772603195377795e-02 3.851976873651448939e-03 1.122860661429739976e-02 1.372787482570869862e-02 3.234894153905543135e-03 2.288450228144145535e-03
1.304598261856967228e-02 6.886938060759462132e-03 1.580540726811408003e-02 3.851976873651448939e-03 1.122860661429739976e-02 1.372787482570869862e-02 3.234894153905543135e-03 2.741850184763298948e-03
1.304598261856967228e-02 6.886938060759462132e-03 1.580540726811408003e-02 3.856440716454301310e-03 1.122860661429739976e-02 1.372787482570869862e-02 3.234894153905543135e-03 3.198750652646777104e-03
1.304598261856967228e-02 6.886938060759462132e-03 1.625594089042732560e-02 3.856440716454301310e-03 1.122860661429739976e-02 1.379695617141152297e-02 3.247421677887871172e-03 3.198750652646777104e-03
1.304598261856967228e-02 6.898042734782450225e-03 1.756737789669538669e-02 3.856440716454301310e-03 1.122860661429739976e-02 1.379695617141152297e-02 3.247421677887871172e-03 3.198750652646777104e-03
1.304598261856967228e-02 6.898042734782450225e-03 1.756737789669538669e-02 3.865102288776962880e-03 1.122860661429739976e-02 1.379695617141152297e-02 3.247421677887871172e-03 3.652310551672144356e-03
1.305523971455457843e-02 7.348788175207232598e-03 1.756737789669538669e-02 3.865102288776962880e-03 1.122860661429739976e-02 1.379695617141152297e-02 3.247421677887871172e-03 3.652310551672144356e-03
