0.000000000000000000e+00 0.000000000000000000e+00 0.000000000000000000e+00 0.000000000000000000e+00 0.000000000000000000e+00 0.000000000000000000e+00 0.000000000000000000e+00 0.000000000000000000e+00
3.284436489242592572e-04 7.610132705282435239e-05 5.002124308752797788e-04 5.684428285195330943e-04 2.370960999887872234e-04 3.231354583379530965e-04 2.463201544445903224e-04 3.879802218189620788e-04
1.650499019916248488e-03 2.617500380050063070e-04 1.055185754283982646e-03 1.117502203449634562e-03 2.370960999887872234e-04 3.231354583379530965e-04 2.463201544445903224e-04 3.879802218189620788e-04
2.946606977063837007e-03 2.719753458926277290e-04 1.055185754283982646e-03 1.117502203449634562e-03 7.791242757217986536e-04 3.231354583379530965e-04 2.917106310054151663e-04 8.036526485657446983e-04
2.965207611146030570e-03 2.719753458926277290e-04 1.332607196236996246e-03 1.117502203449634562e-03 7.791242757217986536e-04 6.093639216240179061e-04 2.275343753352208290e-03 2.375704455889859901e-03
3.486219855477471884e-03 1.565697553418948264e-03 1.332607196236996246e-03 1.117502203449634562e-03 1.927180038511451966e-03 9.982852948897753733e-04 2.275343753352208290e-03 2.613337604787879798e-03
3.486219855477471884e-03 2.242203735542836612e-03 1.332607196236996246e-03 1.576262172008568996e-03 1.927180038511451966e-03 1.382771950950711926e-03 2.275343753352208290e-03 3.368324002709575417e-03
3.486219855477471884e-03 2.709151171586452866e-03 3.438439381744352874e-03 2.517111732217358622e-03 1.927180038511451966e-03 2.234289912976805681e-03 2.275343753352208290e-03 4.687320147660045677e-03
3.490497539092154121e-03 2.709151171586452866e-03 3.438439381744352874e-03 2.517111732217358622e-03 1.927180038511451966e-03 2.234289912976805681e-03 3.083667439511827979e-03 4.687320147660045677e-03
3.876858365103658197e-03 2.709151171586452866e-03 3.872922358537631438e-03 2.517111732217358622e-03 1.927180038511451966e-03 2.234289912976805681e-03 3.092723482422659459e-03 4.694802533549591317e-03
3.880163228594738032e-03 2.709151171586452866e-03 3.872922358537631438e-03 2.517111732217358622e-03 1.927180038511451966e-03 2.610960490206259976e-03 3.092723482422659459e-03 5.497649119727832101e-03
3.880163228594738032e-03 2.709151171586452866e-03 3.872922358537631438e-03 2.517111732217358622e-03 1.927180038511451966e-03 2.984705149948752023e-03 3.091992025917376756e-03 5.497649119727832101e-03
3.880163228594738032e-03 2.709151171586452866e-03 4.347632712631721574e-03 2.517111732217358622e-03 1.931221965127022031e-03 3.360352213243543527e-03 3.091992025917376756e-03 5.497649119727832101e-03
3.880163228594738032e-03 2.709151171586452866e-03 5.149065699180509041e-03 2.639490826069845752e-03 1.931221965127022031e-03 3.360352213243543527e-03 3.091992025917376756e-03 5.868860837658473883e-03
3.881818470816256195e-03 2.709151171586452866e-03 5.149065699180509041e-03 2.639490826069845752e-03 2.302954553654874403e-03 3.360352213243543527e-03 3.091992025917376756e-03 5.868860837658473883e-03
3.884971550519367156e-03 2.709151171586452866e-03 5.149065699180509041e-03 3.125525765547365609e-03 2.302954553654874403e-03 3.360352213243543527e-03 3.462243731633513153e-03 5.868860837658473883e-03
3.887207091648191368e-03 2.709151171586452866e-03 5.149065699180509041e-03 3.492913876755210367e-03 2.302954553654874403e-03 3.360352213243543527e-03 3.583667321308325882e-03 5.868860837658473883e-03
