0.000000000000000000e+00 0.000000000000000000e+00 0.000000000000000000e+00 0.000000000000000000e+00 0.000000000000000000e+00 0.000000000000000000e+00 0.000000000000000000e+00 0.000000000000000000e+00
9.849379826309956343e-05 5.556589506294784542e-05 1.059620403269789790e-04 1.416693762177345661e-04 1.833693963577687214e-04 8.074772204187397051e-04 1.578097785417398313e-04 1.881829592980110988e-04
2.557145054966456638e-02 5.556589506294784542e-05 1.272996277464363835e-02 2.586086117722352640e-02 5.642214507828092508e-04 2.593634801063023076e-02 1.360586975851847680e-02 1.881829592980110988e-04
2.557145054966456638e-02 5.486533788732258360e-04 1.272996277464363835e-02 2.628191417186340195e-02 5.642214507828092508e-04 2.606637360858610197e-02 1.360586975851847680e-02 3.344228157611262020e-04
2.636244941204396453e-02 1.123941367468767050e-03 1.437696173830507740e-02 2.779610219783459901e-02 3.080429080814899023e-03 2.606637360858610197e-02 1.599120452275809567e-02 1.983342130586429608e-03
2.636244941204396453e-02 1.189844569635679136e-03 1.450876896284032311e-02 2.779610219783459901e-02 3.140822469667724996e-03 2.606637360858610197e-02 1.599120452275809567e-02 2.215971252988161409e-03
2.636244941204396453e-02 1.189844569635679136e-03 1.450876896284032311e-02 2.779610219783459901e-02 3.307516743035421314e-03 2.638590987840316870e-02 1.639806984347436103e-02 2.215971252988161409e-03
2.636244941204396453e-02 1.189844569635679136e-03 1.450876896284032311e-02 2.779610219783459901e-02 3.307516743035421314e-03 2.638590987840316870e-02 1.639806984347436103e-02 2.337710401268067173e-03
2.636244941204396453e-02 1.333931808954422768e-03 1.453081575888384019e-02 2.779610219783459901e-02 3.336623552328887854e-03 2.656267160870031188e-02 1.639806984347436103e-02 2.337710401268067173e-03
2.636244941204396453e-02 1.333931808954422768e-03 1.453081575888384019e-02 2.779610219783459901e-02 3.545259153021618204e-03 2.677917653290579070e-02 1.639806984347436103e-02 2.669687338510564212e-03
2.636244941204396453e-02 1.361553782047053573e-03 1.453081575888384019e-02 2.779610219783459901e-02 3.548782861660157613e-03 2.689308662445305531e-02 1.639806984347436103e-02 2.669687338510564212e-03
2.636244941204396453e-02 1.505719935650517982e-03 1.453081575888384019e-02 2.779610219783459901e-02 3.548782861660157613e-03 2.689963391288899969e-02 1.639806984347436103e-02 2.669687338510564212e-03
2.636244941204396453e-02 1.505719935650517982e-03 1.453081575888384019e-02 2.779610219783459901e-02 3.548782861660157613e-03 2.689963391288899969e-02 1.639911503449774377e-02 2.831213022325584916e-03
2.637323278572267435e-02 1.505719935650517982e-03 1.453081575888384019e-02 2.779610219783459901e-02 3.707592005027959825e-03 2.689963391288899969e-02 1.639911503449774377e-02 3.180420064232691857e-03
2.659726304200660252e-02 1.505719935650517982e-03 1.473503302631902143e-02 2.779610219783459901e-02 3.827331851404380814e-03 2.690471780300005000e-02 1.639911503449774377e-02 3.180420064232691857e-03
2.659726304200660252e-02 1.635079946161965836e-03 1.473503302631902143e-02 2.779610219783459901e-02 3.827331851404380814e-03 2.690471780300005000e-02 1.640658062694200225e-02 3.298981144536476846e-03
2.660593881787569337e-02 1.635079946161965836e-03 1.492274901847423507e-02 2.779610219783459901e-02 3.827331851404380814e-03 2.690471780300005000e-02 1.640658062694200225e-02 3.298981144536476846e-03
