0.000000000000000000e+00 0.000000000000000000e+00 0.000000000000000000e+00 0.000000000000000000e+00 0.000000000000000000e+00 0.000000000000000000e+00 0.000000000000000000e+00 0.000000000000000000e+00
1.413032522429080728e-03 1.216981775264969201e-05 1.790574411511425268e-03 1.361068172800461440e-03 9.715109969876678520e-05 0.000000000000000000e+00 1.309582142873910726e-03 1.384121951174765996e-03
2.081883746232619185e-03 1.198795595475310449e-03 1.790574411511425268e-03 1.361068172800461440e-03 1.840222044799944001e-04 5.812171102604975388e-04 1.309582142873910726e-03 2.077721782556475605e-03
2.277269119038916045e-03 1.198795595475310449e-03 1.970705639683291693e-03 1.361068172800461440e-03 3.932606034029889099e-04 5.812171102604975388e-04 1.454243631230898743e-03 2.077721782556475605e-03
2.277269119038916045e-03 1.198795595475310449e-03 1.977884493619797013e-03 1.361068172800461440e-03 7.136290136813272511e-04 9.257394780247544044e-04 1.454243631230898743e-03 2.077721782556475605e-03
2.277269119038916045e-03 1.571132033654895101e-03 2.022902409450466621e-03 1.361068172800461440e-03 7.136290136813272511e-04 1.074116478803058793e-03 1.851737294142452583e-03 2.221922119037600396e-03
2.405794154604734558e-03 1.571132033654895101e-03 2.127614973517003016e-03 1.481587506884096683e-03 9.154244807874079015e-04 1.074116478803058793e-03 1.851737294142452583e-03 2.221922119037600396e-03
2.405794154604734558e-03 1.571132033654895101e-03 2.127614973517003016e-03 1.481587506884096683e-03 9.310111657079289671e-04 1.074116478803058793e-03 1.851737294142452583e-03 2.221922119037600396e-03
2.405794154604734558e-03 1.577465938702005133e-03 2.141581360678657120e-03 1.481587506884096683e-03 1.142183648835155916e-03 1.074116478803058793e-03 1.851737294142452583e-03 2.221922119037600396e-03
2.405794154604734558e-03 1.868396021488443002e-03 2.779184147724074374e-03 1.481587506884096683e-03 1.229082497575639593e-03 1.680943879989627021e-03 2.180907174406567471e-03 2.221922119037600396e-03
2.405794154604734558e-03 1.868396021488443002e-03 2.779184147724074374e-03 1.481587506884096683e-03 1.243165434114060523e-03 1.799943397564618408e-03 2.180907174406567471e-03 2.221922119037600396e-03
2.405794154604734558e-03 1.955534890574504858e-03 2.810824433950642742e-03 1.481587506884096683e-03 1.243165434114060523e-03 1.814231213877803839e-03 2.180907174406567471e-03 2.221922119037600396e-03
2.405794154604734558e-03 1.955534890574504858e-03 2.810824433950642742e-03 1.481587506884096683e-03 1.243165434114060523e-03 1.828824965613762288e-03 2.283992797039502420e-03 2.321756131193129617e-03
2.405794154604734558e-03 1.955534890574504858e-03 2.824657887700254832e-03 1.481587506884096683e-03 1.243165434114060523e-03 1.828824965613762288e-03 2.370095408842587403e-03 2.439858099142714915e-03
2.405794154604734558e-03 1.955534890574504858e-03 2.824657887700254832e-03 1.581867901246385285e-03 1.243165434114060523e-03 1.828824965613762288e-03 2.384182676763657582e-03 2.439858099142714915e-03
2.405794154604734558e-03 1.955534890574504858e-03 2.824657887700254832e-03 1.581867901246385285e-03 1.343822092501056886e-03 1.946417040484055977e-03 2.384182676763657582e-03 2.453505163568748312e-03
2.405794154604734558e-03 1.955534890574504858e-03 2.823884571320434134e-03 1.597619185390556414e-03 1.343822092501056886e-03 2.049643238119031735e-03 2.384182676763657582e-03 2.453505163568748312e-03
