0.000000000000000000e+00 0.000000000000000000e+00 0.000000000000000000e+00 0.000000000000000000e+00 0.000000000000000000e+00 0.000000000000000000e+00 0.000000000000000000e+00 0.000000000000000000e+00
1.723442278948420512e-04 3.700123241803984211e-04 3.965493732366691653e-04 3.195659175691349923e-04 5.283734905288106631e-04 5.721609867479493516e-04 5.622816450342089673e-04 5.754294820214944650e-04
1.723442278948420512e-04 1.868864807406112050e-03 1.755759348891439142e-03 1.562265861285716539e-03 1.971727706279221247e-03 1.906228474410062712e-03 5.622816450342089673e-04 1.818533956412843452e-03
1.723442278948420512e-04 2.598909631317120050e-03 2.147905418297006708e-03 2.161160520884664038e-03 2.396846806555240350e-03 1.906228474410062712e-03 8.074784292237818795e-04 1.938523208426884414e-03
1.723442278948420512e-04 2.598909631317120050e-03 2.147905418297006708e-03 2.307861633854546568e-03 2.396846806555240350e-03 2.090899530751144653e-03 8.429532258877638073e-04 2.012189699983069069e-03
2.890973343796484143e-04 2.739654961831494446e-03 2.147905418297006708e-03 2.307861633854546568e-03 2.477081528807545396e-03 2.156845189292349706e-03 9.042045965867995250e-04 2.012189699983069069e-03
2.890973343796484143e-04 2.739654961831494446e-03 2.224695506455830023e-03 2.307861633854546568e-03 2.554209814702779191e-03 2.156845189292349706e-03 1.028816934853460374e-03 2.012189699983069069e-03
2.890973343796484143e-04 3.085016809922791481e-03 2.908068058393191956e-03 2.367697081912281416e-03 2.554209814702779191e-03 2.156845189292349706e-03 1.425305056034886775e-03 2.349975907251598307e-03
2.890973343796484143e-04 3.122491836229812634e-03 2.957208011054119224e-03 2.524141167911051094e-03 2.554209814702779191e-03 2.156845189292349706e-03 1.425305056034886775e-03 2.387187201557616333e-03
2.890973343796484143e-04 3.172441528143110645e-03 2.957208011054119224e-03 2.573673331620460972e-03 2.723092898647434985e-03 2.156845189292349706e-03 1.425305056034886775e-03 2.387187201557616333e-03
2.890973343796484143e-04 3.172441528143110645e-03 2.957208011054119224e-03 2.669721971829630558e-03 2.765149943993448680e-03 2.198805166657892638e-03 1.586305773155056347e-03 2.387187201557616333e-03
2.888436539282913983e-04 3.172441528143110645e-03 3.010257475898392432e-03 2.669721971829630558e-03 2.765149943993448680e-03 2.399680170087570286e-03 1.586305773155056347e-03 2.387187201557616333e-03
2.886497661904741108e-04 3.172441528143110645e-03 3.010257475898392432e-03 2.669721971829630558e-03 2.765149943993448680e-03 2.399680170087570286e-03 1.586305773155056347e-03 2.441407083495255453e-03
2.886497661904741108e-04 3.172441528143110645e-03 3.010008343875049310e-03 2.669721971829630558e-03 2.886419056486566603e-03 2.399680170087570286e-03 1.586305773155056347e-03 2.494662467179331600e-03
2.886497661904741108e-04 3.172441528143110645e-03 3.009502081946660232e-03 2.669721971829630558e-03 2.886419056486566603e-03 2.399680170087570286e-03 1.586305773155056347e-03 2.494662467179331600e-03
2.886497661904741108e-04 3.290504350886180873e-03 3.009502081946660232e-03 2.724224246603705688e-03 2.886419056486566603e-03 2.399466142970256999e-03 1.586305773155056347e-03 2.494662467179331600e-03
3.424184516171990822e-04 3.290504350886180873e-03 3.009502081946660232e-03 2.724224246603705688e-03 2.886419056486566603e-03 2.399466142970256999e-03 1.586305773155056347e-03 2.494662467179331600e-03
