0.000000000000000000e+00 0.000000000000000000e+00 0.000000000000000000e+00 0.000000000000000000e+00 0.000000000000000000e+00 0.000000000000000000e+00 0.000000000000000000e+00 0.000000000000000000e+00
9.533909989871247603e-03 4.098398808947578686e-03 4.181168737344975739e-03 3.407991399823728784e-03 1.499694425056929958e-03 5.268820149632702510e-03 6.178891673828346143e-03 3.508037094265503697e-03
1.046977676624592790e-02 6.256935770083238424e-03 5.026715957744620766e-03 3.407991399823728784e-03 1.499694425056929958e-03 8.206082227298600040e-03 6.178891673828346143e-03 5.708286782034055484e-03
1.046977676624592790e-02 8.127611175840487867e-03 5.154060384645053894e-03 3.407991399823728784e-03 1.554591612950240176e-03 8.206082227298600040e-03 8.615923398454638366e-03 5.708286782034055484e-03
1.046977676624592790e-02 1.083624594665547752e-02 6.794779801696616134e-03 3.407991399823728784e-03 9.820860705080661224e-03 1.031142290905684433e-02 1.351103473466844056e-02 1.068925494508386406e-02
1.046977676624592790e-02 1.083624594665547752e-02 8.021809315982798491e-03 4.561489701726519075e-03 9.820860705080661224e-03 1.031142290905684433e-02 1.351103473466844056e-02 1.125267489730319426e-02
1.046977676624592790e-02 1.087045803601682792e-02 8.021809315982798491e-03 4.561489701726519075e-03 9.820860705080661224e-03 1.354707778561348164e-02 1.351103473466844056e-02 1.274656208105862283e-02
1.264081328104415744e-02 1.087045803601682792e-02 8.021809315982798491e-03 6.030245789503396736e-03 1.131477498084976219e-02 1.354707778561348164e-02 1.351103473466844056e-02 1.274656208105862283e-02
1.268459023886592263e-02 1.087045803601682792e-02 8.021809315982798491e-03 6.030245789503396736e-03 1.137042315269098935e-02 1.416095235891716778e-02 1.351103473466844056e-02 1.274656208105862283e-02
1.394298778893639235e-02 1.087045803601682792e-02 8.021809315982798491e-03 6.030245789503396736e-03 1.193335508769166609e-02 1.416095235891716778e-02 1.407686539399713443e-02 1.274656208105862283e-02
1.394298778893639235e-02 1.157786222843171231e-02 8.021809315982798491e-03 6.031720213744276582e-03 1.193335508769166609e-02 1.474066145185519254e-02 1.407686539399713443e-02 1.274656208105862283e-02
1.394298778893639235e-02 1.157786222843171231e-02 8.021809315982798491e-03 6.031720213744276582e-03 1.193335508769166609e-02 1.474066145185519254e-02 1.408419670097060816e-02 1.347200868929466881e-02
1.455218245887834883e-02 1.157786222843171231e-02 8.021809315982798491e-03 6.031720213744276582e-03 1.193335508769166609e-02 1.474066145185519254e-02 1.408419670097060816e-02 1.347200868929466881e-02
1.455218245887834883e-02 1.157786222843171231e-02 8.021809315982798491e-03 6.038434386411495325e-03 1.193335508769166609e-02 1.474066145185519254e-02 1.653277884707406511e-02 1.405550924043301279e-02
1.455218245887834883e-02 1.157786222843171231e-02 8.603210472757756577e-03 6.038434386411495325e-03 1.193335508769166609e-02 1.474066145185519254e-02 1.728037860530715758e-02 1.406066383830761879e-02
1.455218245887834883e-02 1.157786222843171231e-02 9.192412821171584356e-03 6.038434386411495325e-03 1.418461319899932960e-02 1.474066145185519254e-02 1.728278560230478433e-02 1.406066383830761879e-02
1.455218245887834883e-02 1.157786222843171231e-02 9.192412821171584356e-03 6.038434386411495325e-03 1.418863790977593908e-02 1.474066145185519254e-02 1.783428119297525427e-02 1.406066383830761879e-02
