0.000000000000000000e+00 0.000000000000000000e+00
4.448893382618640757e+00 4.475175603945864111e+00
8.897787152256443122e+00 8.950053881765215991e+00
1.334668105211035538e+01 1.342464157350737608e+01
1.779557485181580390e+01 1.789894511017969236e+01
2.224446859102383911e+01 2.237297077253417754e+01
2.669336202263971813e+01 2.684672485560185606e+01
3.114225544723186090e+01 3.132021303526992995e+01
3.559114888552608136e+01 3.579344126665127845e+01
4.004004271375889346e+01 4.026641465457959868e+01
4.448893618706748043e+01 4.473913891885396765e+01
4.893782967506653847e+01 4.921161884057779901e+01
5.338672318070196354e+01 5.368385962876298123e+01
5.783561670041234493e+01 5.815586619933844759e+01
6.228451023292916489e+01 6.262764313782402326e+01
6.673340377510230326e+01 6.709919508706232705e+01
7.118229733382304403e+01 7.157052646993727762e+01
7.563119085344757764e+01 7.604164159716567895e+01
8.008008441741549177e+01 8.051254467429338035e+01
8.452897801759962704e+01 8.498323984451225499e+01
8.897787149677401430e+01 8.945373080385282094e+01
9.342676499111507837e+01 9.392402132127752168e+01
9.787565862320816734e+01 9.839411557300100242e+01
1.023245522544791015e+02 1.028640168555449890e+02
1.067734459054923093e+02 1.073337287609937789e+02
1.112223395750229997e+02 1.118032546736874053e+02
1.156712332323540409e+02 1.162725979816751050e+02
1.201201269302996906e+02 1.207417618527327647e+02
1.245690206154059467e+02 1.252107492690042676e+02
1.290179143161172419e+02 1.296795637801357373e+02
1.334668080169984705e+02 1.341482083194787549e+02
1.379157018840059266e+02 1.386166854239650661e+02
1.423645960536139228e+02 1.430849981215146727e+02
1.468134895600058769e+02 1.475531492054404907e+02
1.512623833573564696e+02 1.520211402572403188e+02
1.557112771516723626e+02 1.564889761046523233e+02
1.601601709659695416e+02 1.609566582241268407e+02
1.646090647853126825e+02 1.654241892182745914e+02
1.690579585876052704e+02 1.698915713254012871e+02
1.735068523894802297e+02 1.743588070708750308e+02
1.779557462076411412e+02 1.788258987589159119e+02
1.824046400705171891e+02 1.832928486154200129e+02
1.868535358072335839e+02 1.877596589091475323e+02
1.913024296825220745e+02 1.922263318325881869e+02
1.957513235592367096e+02 1.966928694743935466e+02
2.002002174626490500e+02 2.011592738627385302e+02
2.046491113608556702e+02 2.056255470530362004e+02
2.090980054537984074e+02 2.100916896401470524e+02
2.135468993887914451e+02 2.145577063106634625e+02
2.179957933924432325e+02 2.190235963503587868e+02
2.224446873409482350e+02 2.234893640718548795e+02
2.268935816350653454e+02 2.279550100140920676e+02
2.313424755116924416e+02 2.324205359825386665e+02
2.357913693901926990e+02 2.368859437535910502e+02
2.402402633923325084e+02 2.413512348447707723e+02
2.446891573716530104e+02 2.458164111604979780e+02
2.491380514334652503e+02 2.502814740945493099e+02
2.535869455005535258e+02 2.547464253436335184e+02
2.580358413310780747e+02 2.592112663439130529e+02
2.624847353717659644e+02 2.636759991134579764e+02
2.669336294703118710e+02 2.681406246262654349e+02
2.713825234194919744e+02 2.726051422171965442e+02
2.758314175232138155e+02 2.770695574464862148e+02
2.802803116519368132e+02 2.815338698306675838e+02
2.847292052690426658e+02 2.859980787211699749e+02
2.891780994182108202e+02 2.904621894199807457e+02
2.936269933705638095e+02 2.949262012404196298e+02
2.980758875618327011e+02 2.993901155198332162e+02
3.025247837046295558e+02 3.038539335117338283e+02
3.069736784045393847e+02 3.083176565051954867e+02
3.114225722156582492e+02 3.127812847761439343e+02
3.158714664307837552e+02 3.172448213026617623e+02
3.203203605659838331e+02 3.217082664660132991e+02
3.247692548029073691e+02 3.261716211996980519e+02
3.292181490018487580e+02 3.306348867415051700e+02
3.336670428254708440e+02 3.350980643344609007e+02
3.381159371066333392e+02 3.395611548043606263e+02
3.425648313497325717e+02 3.440241593715618933e+02
3.470137256718475101e+02 3.484870795946225144e+02
3.514626199811201559e+02 3.529499155206501086e+02
3.559115143414364297e+02 3.574126689738390610e+02
