0.000000000000000000e+00 0.000000000000000000e+00
4.446221255278103079e+00 4.475800995478575572e+00
8.892442892232484297e+00 8.951226643877996381e+00
1.333866465959791725e+01 1.342628640345311908e+01
1.778488590576390038e+01 1.790098947528543150e+01
2.223110713278676442e+01 2.237534460615273701e+01
2.667732839389363164e+01 2.684936024315797454e+01
3.112354967481205392e+01 3.132304475946909150e+01
3.556977096586096820e+01 3.579640592566576629e+01
4.001599267661396198e+01 4.026945137355185267e+01
4.446221399405447983e+01 4.474218844363468861e+01
4.890843532553111572e+01 4.921462420378793468e+01
5.335465667375878240e+01 5.368676551908443173e+01
5.780087791556678667e+01 5.815861899307583371e+01
6.224709928803196846e+01 6.263019104177081431e+01
6.669332067475255599e+01 6.710148788351102667e+01
7.113954207808882302e+01 7.157251548438722466e+01
7.558576408796008650e+01 7.604327955800833649e+01
8.003198549967983411e+01 8.051378573686069728e+01
8.447820690425294288e+01 8.498403944831244416e+01
8.892442834662956841e+01 8.945404588680145253e+01
9.337064981437121958e+01 9.392381021922389550e+01
9.781687128415303789e+01 9.839333762007646556e+01
1.022630927535191887e+02 1.028626322892344120e+02
1.067093141080357270e+02 1.073316993066605960e+02
1.111555356285405765e+02 1.118005430388521688e+02
1.156017569955024413e+02 1.162691671000536076e+02
1.200479785524596110e+02 1.207375773333820206e+02
1.244942000873613495e+02 1.252057770642467460e+02
1.289404216800883489e+02 1.296737703818070884e+02
1.333866432521883212e+02 1.341415609478449085e+02
1.378328648326454697e+02 1.386091526900407587e+02
1.422790864474347927e+02 1.430765482297237554e+02
1.467253080604999127e+02 1.475437532019128071e+02
1.511715296706050822e+02 1.520107700402091382e+02
1.556177513728428039e+02 1.564776021752616089e+02
1.600639730923185766e+02 1.609442529689619334e+02
1.645101947128844131e+02 1.654107255553571463e+02
1.689564163865692308e+02 1.698770228346842828e+02
1.734026377734292055e+02 1.743431480897500023e+02
1.778488595803730163e+02 1.788091045797428649e+02
1.822950813334518045e+02 1.832748943932396628e+02
1.867413030406207781e+02 1.877405208398099035e+02
1.911875247840596899e+02 1.922059866135735433e+02
1.956337470850925797e+02 1.966712942882272159e+02
2.000799688371482716e+02 2.011364451107621107e+02
2.045261906302896477e+02 2.056014430465356781e+02
2.089724122569767530e+02 2.100662920556691233e+02
2.134186340707872205e+02 2.145309915263276253e+02
2.178648558825308896e+02 2.189955468098029314e+02
2.223110778596560522e+02 2.234599588651507815e+02
2.267572997159162469e+02 2.279242282166051723e+02
2.312035210560345604e+02 2.323883603454744389e+02
2.356497426749174906e+02 2.368523558126921671e+02
2.400959641848995147e+02 2.413162165963671839e+02
2.445421860031568713e+02 2.457799448545107737e+02
2.489884079220883848e+02 2.502435424943630551e+02
2.534346324826572641e+02 2.547070115662883154e+02
2.578808544188014480e+02 2.591703538756937064e+02
2.623270763816183262e+02 2.636335712716490889e+02
2.667732983392988899e+02 2.680966656670568682e+02
2.712195203232600420e+02 2.725596389233274408e+02
2.756657423035107968e+02 2.770224927924588201e+02
2.801119642879856428e+02 2.814852287526935015e+02
2.845581863009199992e+02 2.859478486993845081e+02
2.890044095771587536e+02 2.904103540310476319e+02
2.934506341502784608e+02 2.948727466960844481e+02
2.978968560882113934e+02 2.993350279427526743e+02
3.023430782743475902e+02 3.037971994884518949e+02
3.067892999149927959e+02 3.082592605439339195e+02
3.112355220229238171e+02 3.127212170426799389e+02
3.156817443098828448e+02 3.171830682477554433e+02
3.201279664145525885e+02 3.216448156816517780e+02
3.245741904874386137e+02 3.261064605035523982e+02
3.290204126567060712e+02 3.305680041558614448e+02
3.334666341128364593e+02 3.350294479459491868e+02
3.379128587353239936e+02 3.394907918863532359e+02
3.423590808172634752e+02 3.439520400042173947e+02
3.468053023521715659e+02 3.484131923432402118e+02
3.512515244082570689e+02 3.528742497785973455e+02
3.556977466400549019e+02 3.573352137052994522e+02
