0.000000000000000000e+00 0.000000000000000000e+00
4.446673804206795921e+00 4.475175784477049667e+00
8.893348004415553731e+00 8.950002427797784321e+00
1.334002231389533222e+01 1.342448849369309016e+01
1.778669651260813112e+01 1.789864219775054011e+01
2.223337031819364285e+01 2.237247150104039051e+01
2.668004416722542516e+01 2.684598405234746821e+01
3.112671804448987700e+01 3.131918723558359829e+01
3.557339232341838198e+01 3.579208819709431566e+01
4.002006621437334388e+01 4.026469375463744171e+01
4.446674010068748828e+01 4.473701064057597421e+01
4.891341401913419418e+01 4.920904522001708870e+01
5.336008786460389786e+01 5.368080399569108607e+01
5.780676236248697819e+01 5.815229248590804900e+01
6.225343631860491911e+01 6.262351674955505842e+01
6.670011027706951268e+01 6.709448238356260674e+01
7.114678423026592213e+01 7.156519492109993053e+01
7.559345822212131338e+01 7.603565961712919830e+01
8.004013209712951493e+01 8.050588152804337483e+01
8.448680612195383333e+01 8.497586569972366988e+01
8.893348016504563702e+01 8.944561691762146438e+01
9.338015405101063493e+01 9.391513981181989834e+01
9.782682810767553860e+01 9.838443899356357747e+01
1.022735021793629926e+02 1.028535187022499002e+02
1.067201762229281599e+02 1.073223833586445437e+02
1.111668512001102727e+02 1.117910364038743580e+02
1.156135253049621099e+02 1.162594830738540566e+02
1.200602003686377657e+02 1.207277259281971737e+02
1.245068744877994789e+02 1.251957703747778936e+02
1.289535486361824610e+02 1.296636191765099397e+02
1.334002227882964462e+02 1.341312759317717394e+02
1.378468969223989689e+02 1.385987443009747153e+02
1.422935710902586663e+02 1.430660277632622410e+02
1.467402454992781031e+02 1.475331292605886233e+02
1.511869196462357650e+02 1.520000521480603197e+02
1.556335941691403377e+02 1.564667996833753421e+02
1.600802684315754618e+02 1.609333747263466137e+02
1.645269425275727144e+02 1.653997804263512137e+02
1.689736167826229121e+02 1.698660195006572167e+02
1.734202910034865681e+02 1.743320951069197235e+02
1.778669652662958356e+02 1.787980095147429154e+02
1.823136395153224498e+02 1.832637655524696356e+02
1.867603144252261131e+02 1.877293661839422612e+02
1.912069883361502889e+02 1.921948135671187856e+02
1.956536625908853466e+02 1.966601099076217452e+02
2.001003369345482383e+02 2.011252584454558701e+02
2.045470112299487937e+02 2.055902614164925239e+02
2.089936855883329656e+02 2.100551205704774134e+02
2.134403598985063581e+02 2.145198384880534945e+02
2.178870379700708497e+02 2.189844160476253592e+02
2.223337123671429936e+02 2.234488581867654773e+02
2.267803867735672156e+02 2.279131653391710017e+02
2.312270611998624190e+02 2.323773397603562216e+02
2.356737356315575767e+02 2.368413834070349253e+02
2.401204100778059569e+02 2.413052982782222671e+02
2.445670861483826002e+02 2.457690863858316845e+02
2.490137605979950592e+02 2.502327494057299191e+02
2.534604349804224910e+02 2.546962896112564749e+02
2.579071095038459589e+02 2.591597084200568020e+02
2.623537836638347471e+02 2.636230072910555009e+02
2.668004581895789897e+02 2.680861882994952339e+02
2.712471339254242935e+02 2.725492530624828191e+02
2.756938085978631534e+02 2.770122038981360220e+02
2.801404831207173629e+02 2.814750412210657373e+02
2.845871584807285330e+02 2.859377670627084171e+02
2.890338325806126250e+02 2.904003830968927105e+02
2.934805073704969232e+02 2.948628907816180913e+02
2.979271840211333711e+02 2.993252915838476724e+02
3.023738608437904531e+02 3.037875871701251071e+02
3.068205354476044704e+02 3.082497786309013463e+02
3.112672101304208923e+02 3.127118675044604288e+02
3.157138843854699530e+02 3.171738552488441201e+02
3.201605590651255397e+02 3.216357430623017990e+02
3.246072331980222998e+02 3.260975324815879048e+02
3.290539099089972979e+02 3.305592244117713108e+02
3.335005846083679444e+02 3.350208202412878791e+02
3.379472605765775484e+02 3.394823215372326217e+02
3.423939348196723813e+02 3.439437291151959926e+02
3.468406095519270593e+02 3.484050416693393117e+02
3.512872842852225972e+02 3.528662656689524511e+02
3.557339591094769276e+02 3.573273998985720254e+02
