0.000000000000000000e+00 0.000000000000000000e+00
5.033182828169472600e+00 5.072387813803987733e+00
1.006636568172404900e+01 1.014417578085386218e+01
1.509954850414084859e+01 1.521538194913830999e+01
2.013273134226461991e+01 2.028602345217444025e+01
2.516591425175747432e+01 2.535611675736718240e+01
3.019909710314920659e+01 3.042567760016723355e+01
3.523227999476344507e+01 3.549472107181327374e+01
4.026546283252324088e+01 4.056326161396768271e+01
4.529864567074611159e+01 4.563131308883758663e+01
5.033182851147098091e+01 5.069888884809200391e+01
5.536501133044093592e+01 5.576600154506355977e+01
6.039819417439522908e+01 6.083266346568623817e+01
6.543137700772734888e+01 6.589888636948532508e+01
7.046455986398295579e+01 7.096468159295989153e+01
7.549774270166381029e+01 7.603005998379691732e+01
8.053092556756006104e+01 8.109503201987001830e+01
8.556410843318231230e+01 8.615960779965443805e+01
9.059729131040772643e+01 9.122379701309839106e+01
9.563047420108671304e+01 9.628760911469211692e+01
1.006636570924917464e+02 1.013510530599588435e+02
1.056968400031321096e+02 1.064141375530089135e+02
1.107300229274742946e+02 1.114768710249651491e+02
1.157632058509969681e+02 1.165392616095015939e+02
1.207963887949518664e+02 1.216013170904059137e+02
1.258295717488580721e+02 1.266630450152485423e+02
1.308627547167309899e+02 1.317244527773248706e+02
1.358959376765730553e+02 1.367855474221354370e+02
1.409291206492956690e+02 1.418463358478953751e+02
1.459623036541788110e+02 1.469068245764038920e+02
1.509954865983606851e+02 1.519670201559016789e+02
1.560286696238710533e+02 1.570269285593095390e+02
1.610618526548074101e+02 1.620865560494267470e+02
1.660950357050290904e+02 1.671459083717178373e+02
1.711282187826556651e+02 1.722049911680572905e+02
1.761614018477653758e+02 1.772638099195544328e+02
1.811945849286829571e+02 1.823223699367808024e+02
1.862277680238095741e+02 1.873806763747563764e+02
1.912609511181511266e+02 1.924387342469249518e+02
1.962941342304265504e+02 1.974965504823352944e+02
2.013273173507985803e+02 2.025541255817053923e+02
2.063605007407668097e+02 2.076114662536535889e+02
2.113936838991976117e+02 2.126685791783461354e+02
2.164268670513991140e+02 2.177254642186349827e+02
2.214600502224182037e+02 2.227821300646394320e+02
2.264932334043610922e+02 2.278385762699872430e+02
2.315264165783309522e+02 2.328948090712513022e+02
2.365595998025503945e+02 2.379508323490825603e+02
2.415927830355566073e+02 2.430066535421901790e+02
