0.000000000000000000e+00 0.000000000000000000e+00
4.579251041798100275e+00 4.595586686367722606e+00
9.158502083708883745e+00 9.191058676964143359e+00
1.373775312549066285e+01 1.378641758962274366e+01
1.831700416794716446e+01 1.838166501469141778e+01
2.289625521265103103e+01 2.297680249303650868e+01
2.747550626203601354e+01 2.757183155496783655e+01
3.205475730568792869e+01 3.216675368176873917e+01
3.663400834893094782e+01 3.676157032992355767e+01
4.121325940170790147e+01 4.135628293151398793e+01
4.579251045764311101e+01 4.595089288264085781e+01
5.037176151959121739e+01 5.054540156601321144e+01
5.495101257042262688e+01 5.513981028774520610e+01
5.953026363718326763e+01 5.973412041548847640e+01
6.410951468628188366e+01 6.432833320786687636e+01
6.868876573560140741e+01 6.892244994031042893e+01
7.326801677785664424e+01 7.351647182787360180e+01
7.784726784239258279e+01 7.811040012188695414e+01
8.242651888669357163e+01 8.270423599842794715e+01
8.700576993097146783e+01 8.729798064013414205e+01
9.158502098453905660e+01 9.189163516590946301e+01
9.616427204108873639e+01 9.648520072770361367e+01
1.007435231133329552e+02 1.010786784183697762e+02
1.053227741618179323e+02 1.056720693365965360e+02
1.099020252516290270e+02 1.102653745659355593e+02
1.144812763212871261e+02 1.148585951027816492e+02
1.190605274085479266e+02 1.194517319967437174e+02
1.236397784820200911e+02 1.240447862636256247e+02
1.282190295473764365e+02 1.286377589137185851e+02
1.327982806293339593e+02 1.332306508498957385e+02
1.373775317123962907e+02 1.378234630720018004e+02
1.419567827714851660e+02 1.424161965103664045e+02
1.465360338599580245e+02 1.470088521133582447e+02
1.511152849489341179e+02 1.516014307321804040e+02
1.556945360307008741e+02 1.561939333331173998e+02
1.602737870975702776e+02 1.607863607167162456e+02
1.648530382113134465e+02 1.653787137591393446e+02
1.694322893279856430e+02 1.699709933044617287e+02
1.740115404308090774e+02 1.745632002403417005e+02
1.785907915097365048e+02 1.791553353256223033e+02
1.831700426167757598e+02 1.837473993279099886e+02
1.877492936799212941e+02 1.883393931125017389e+02
1.923285448065618368e+02 1.929313174201840013e+02
1.969077958684866303e+02 1.975231730322523731e+02
2.014870469162520976e+02 2.021149606221252668e+02
2.060662980118938208e+02 2.067066810442142923e+02
2.106455490703119722e+02 2.112983348994875996e+02
2.152248001256077714e+02 2.158899229668473083e+02
2.198040512097678629e+02 2.204814459653225356e+02
2.243833022711999092e+02 2.250729045500084453e+02
2.289625533741405548e+02 2.296642994341520989e+02
2.335418044860285249e+02 2.342556312673977743e+02
2.381210555619727245e+02 2.388469007623897653e+02
2.427003066979825121e+02 2.434381084526464178e+02
2.472795577731972685e+02 2.480292550778664236e+02
2.518588088399322942e+02 2.526203412234084738e+02
2.564380599788464110e+02 2.572113675445795025e+02
2.610173110411235484e+02 2.618023346440153887e+02
2.655965620957231863e+02 2.663932430239682390e+02
2.701758131946569392e+02 2.709840934405800681e+02
2.747550643632314404e+02 2.755748862977068825e+02
2.793343155362346124e+02 2.801656222358152490e+02
2.839135666436839642e+02 2.847563019407700722e+02
2.884928177696618832e+02 2.893469257964167696e+02
2.930720688882011586e+02 2.939374944952407986e+02
2.976513199975063344e+02 2.985280084250562140e+02
3.022305710863915920e+02 3.031184682814277949e+02
3.068098221396248846e+02 3.077088744511692084e+02
3.113890731865834596e+02 3.122992276106718350e+02
3.159683242410982302e+02 3.168895281087831677e+02
3.205475753225275639e+02 3.214797765598391379e+02
3.251268265117014380e+02 3.260699732850721375e+02
3.297060775743537420e+02 3.306601189887391570e+02
3.342853286821750203e+02 3.352502140379235698e+02
3.388645798389275114e+02 3.398402588316330366e+02
3.434438309117967947e+02 3.444302540083331223e+02
3.480230819732817622e+02 3.490201999188698778e+02
3.526023330822986850e+02 3.536100971113252172e+02
3.571815841326423424e+02 3.581999458448177052e+02
3.617608351878041617e+02 3.627897468376598908e+02
3.663400863390261861e+02 3.673795002646024841e+02
3.709193373938353488e+02 3.719692067593641696e+02
3.754985885575207476e+02 3.765588665437088594e+02
3.800778397365741625e+02 3.811484800985630272e+02
3.846570908390942805e+02 3.857380479357350396e+02
3.892363419431480906e+02 3.903275704920849876e+02
3.938155930083860312e+02 3.949170479730892112e+02
3.983948440905127200e+02 3.995064810344362058e+02
4.029740951456230960e+02 4.040958697925595970e+02
4.075533462261196291e+02 4.086852147442020851e+02
4.121325973503140290e+02 4.132745162918183723e+02
4.167118484530082014e+02 4.178637748194597634e+02
4.212910995650814812e+02 4.224529907115608012e+02
4.258703506756272645e+02 4.270421642451458411e+02
4.304496017352537365e+02 4.316312958585990600e+02
4.350288528345422492e+02 4.362203859232118361e+02
4.396081039498698146e+02 4.408094347450743271e+02
4.441873551432761360e+02 4.453984428458416005e+02
4.487666063054225560e+02 4.499874104278547975e+02
4.533458573594310792e+02 4.545763377848451228e+02
4.579251084313682441e+02 4.591652253088172415e+02
4.625043594899366894e+02 4.637540732324483770e+02
4.670836107283918182e+02 4.683428819929009705e+02
4.716628617814321274e+02 4.729316518196245624e+02
4.762421130134322311e+02 4.775203830956478441e+02
4.808213642734245923e+02 4.821090760942306588e+02
4.854006153398294146e+02 4.866977311348791773e+02
4.899798664852980323e+02 4.912863485496169460e+02
4.945591175350679123e+02 4.958749286960157292e+02
4.991383687162502838e+02 5.004634718011396330e+02
5.037176198726522216e+02 5.050519782054890925e+02
5.082968709980051472e+02 5.096404481520783065e+02
5.128761220611960425e+02 5.142288820231090085e+02
5.174553731396180183e+02 5.188172801012376567e+02
5.220346242041305231e+02 5.234056425204405514e+02
5.266138754475284713e+02 5.279939696369274316e+02
5.311931265706652994e+02 5.325822616359484982e+02
5.357723777065730246e+02 5.371705189740902142e+02
5.403516287686564965e+02 5.417587416905653299e+02
5.449308800654911238e+02 5.463469301940385776e+02
5.495101311364223875e+02 5.509350848303676003e+02
5.540893822303844445e+02 5.555232056799802649e+02
5.586686333690312267e+02 5.601112930661413429e+02
5.632478845731740194e+02 5.646993474559051265e+02
5.678271357037651796e+02 5.692873687897180162e+02
5.724063867901506910e+02 5.738753575469196448e+02
5.769856379758271032e+02 5.784633137684288613e+02
5.815648890882353044e+02 5.830512379899423649e+02
5.861441401897434389e+02 5.876391300288055390e+02
