0.000000000000000000e+00 0.000000000000000000e+00
4.579251042204562694e+00 4.595586687269658910e+00
9.158502084093237627e+00 9.191058677863551907e+00
1.373775312888757227e+01 1.378641759000529277e+01
1.831700417160714878e+01 1.838166501513133966e+01
2.289625522274240055e+01 2.297680249351046911e+01
2.747550626897281845e+01 2.757183155546933762e+01
3.205475731154729857e+01 3.216675368644823152e+01
3.663400835445536075e+01 3.676157033449226219e+01
4.121325940082121519e+01 4.135628293489190810e+01
4.579251045331558601e+01 4.595089288913258940e+01
5.037176150223533710e+01 5.054540156310379473e+01
5.495101256811799573e+01 5.513981028474172774e+01
5.953026361860861471e+01 5.973412039030174014e+01
6.410951467439872431e+01 6.432833317269127349e+01
6.868876574910497368e+01 6.892244990223602485e+01
7.326801679773612364e+01 7.351647179046821634e+01
7.784726784965573643e+01 7.811040007426221621e+01
8.242651890400574644e+01 8.270423594644866228e+01
8.700576994696641009e+01 8.729798059446707725e+01
9.158502099322859635e+01 9.189163512065817940e+01
9.616427204978779741e+01 9.648520067440215087e+01
1.007435231218231024e+02 1.010786783933013453e+02
1.053227742132052640e+02 1.056720693285625998e+02
1.099020252936602162e+02 1.102653745543477584e+02
1.144812763441454422e+02 1.148585950799767943e+02
1.190605274217448084e+02 1.194517319742085419e+02
1.236397784951862349e+02 1.240447862345874910e+02
1.282190295604770540e+02 1.286377588554353508e+02
1.327982806058720371e+02 1.332306508076262048e+02
1.373775316640417827e+02 1.378234630250006205e+02
1.419567827151727784e+02 1.424161964667319182e+02
1.465360338125280464e+02 1.470088520665688634e+02
1.511152848631089967e+02 1.516014307220728199e+02
1.556945359085986809e+02 1.561939333319727439e+02
1.602737869783555880e+02 1.607863607301409559e+02
1.648530380872837782e+02 1.653787137915708456e+02
1.694322891762569157e+02 1.699709933445886634e+02
1.740115402399305822e+02 1.745632002401150658e+02
1.785907912966839035e+02 1.791553353242869093e+02
1.831700423809631673e+02 1.837473993605429996e+02
1.877492934413868966e+02 1.883393931442237204e+02
1.923285445026054958e+02 1.929313174126519925e+02
1.969077955560014175e+02 1.975231729769242861e+02
2.014870466183973576e+02 2.021149606238683418e+02
2.060662976876887740e+02 2.067066809941877921e+02
2.106455487859798268e+02 2.112983348981114773e+02
2.152247998649828844e+02 2.158899229704097706e+02
2.198040509135036018e+02 2.204814459569123528e+02
2.243833019633786989e+02 2.250729045201416625e+02
2.289625530145868879e+02 2.296642993955330780e+02
2.335418041632610198e+02 2.342556312165152121e+02
2.381210552956878814e+02 2.388469006767019778e+02
2.427003064394774015e+02 2.434381084289209696e+02
2.472795575086502140e+02 2.480292550497793513e+02
2.518588086402519934e+02 2.526203412004245479e+02
2.564380597056076567e+02 2.572113674720740164e+02
2.610173108386857166e+02 2.618023345167988509e+02
2.655965618889899247e+02 2.663932429841502199e+02
2.701758129569029734e+02 2.709840933791423367e+02
2.747550641248470811e+02 2.755748862982580363e+02
2.793343152985150937e+02 2.801656222740971884e+02
2.839135664060096929e+02 2.847563019923092043e+02
2.884928175467547931e+02 2.893469258457833462e+02
2.930720686186604098e+02 2.939374945601634863e+02
2.976513197290726112e+02 2.985280086032076952e+02
3.022305708245917799e+02 3.031184684564540817e+02
3.068098218795682897e+02 3.077088746098327192e+02
3.113890729265178265e+02 3.122992276788963864e+02
3.159683239810414079e+02 3.168895282263455329e+02
3.205475750623259046e+02 3.214797766702126864e+02
3.251268261098543917e+02 3.260699734184082672e+02
3.297060772277762339e+02 3.306601190858486916e+02
3.342853283413072631e+02 3.352502141329426877e+02
3.388645794980486130e+02 3.398402590138476285e+02
3.434438306701798638e+02 3.444302541310467518e+02
3.480230817316805769e+02 3.490202000631536521e+02
3.526023327924403930e+02 3.536100972500299235e+02
3.571815839052154047e+02 3.581999460358584884e+02
3.617608350335444811e+02 3.627897469025767805e+02
3.663400860894815878e+02 3.673795004142466496e+02
3.709193372391143839e+02 3.719692067827421624e+02
3.754985882905953076e+02 3.765588666281780661e+02
3.800778394695557836e+02 3.811484802462854304e+02
3.846570905721209783e+02 3.857380481292382797e+02
3.892363416785632353e+02 3.903275706723435974e+02
3.938155927610687854e+02 3.949170481337456522e+02
3.983948438216149839e+02 3.995064810754760174e+02
4.029740949195470989e+02 4.040958699161819823e+02
4.075533459997745922e+02 4.086852148295722600e+02
4.121325971243633148e+02 4.132745164269670681e+02
4.167118482306351552e+02 4.178637749602848999e+02
4.212910993427691437e+02 4.224529908765744040e+02
4.258703504533022510e+02 4.270421644626605939e+02
4.304496015327657688e+02 4.316312961892716658e+02
4.350288525899215983e+02 4.362203862252600857e+02
4.396081037049489737e+02 4.408094351191697911e+02
4.441873548989009350e+02 4.453984430873593965e+02
4.487666059588133294e+02 4.499874106670053493e+02
4.533458570128492511e+02 4.545763378962487877e+02
4.579251080831064655e+02 4.591652254374248514e+02
4.625043591473960873e+02 4.637540733591275739e+02
4.670836103039069940e+02 4.683428821177053578e+02
4.716628613566426793e+02 4.729316519546706559e+02
4.762421125889246696e+02 4.775203832236549033e+02
4.808213638489252730e+02 4.821090762216372241e+02
4.854006150523800329e+02 4.866977312822032218e+02
4.899798662715633100e+02 4.912863486749200774e+02
4.945591174576875346e+02 4.958749287988592300e+02
4.991383687454289202e+02 5.004634719991961447e+02
5.037176198558615852e+02 5.050519783226913546e+02
5.082968709809782695e+02 5.096404483972033290e+02
5.128761220892654364e+02 5.142288821148005127e+02
5.174553732435326765e+02 5.188172800882665570e+02
5.220346243531594155e+02 5.234056425530752676e+02
5.266138754033781879e+02 5.279939696699718752e+02
5.311931266661506470e+02 5.325822617975195499e+02
5.357723777304915984e+02 5.371705190637555916e+02
5.403516288361458919e+02 5.417587419233761921e+02
5.449308800698435107e+02 5.463469304263795721e+02
5.495101312458926941e+02 5.509350849411539457e+02
5.540893823402443559e+02 5.555232057924396258e+02
5.586686334792748312e+02 5.601112932148201935e+02
5.632478845954560711e+02 5.646993476488121360e+02
5.678271357237509847e+02 5.692873690989436000e+02
5.724063868390345533e+02 5.738753577089693181e+02
5.769856380422976372e+02 5.784633138776518990e+02
5.815648891072605693e+02 5.830512380100076371e+02
5.861441402760515302e+02 5.876391301271557950e+02
