0.000000000000000000e+00 0.000000000000000000e+00
4.579251041647214748e+00 4.595586686733645898e+00
9.158502083558792251e+00 9.191058677333149518e+00
1.373775312618223765e+01 1.378641758945496854e+01
1.831700416890632965e+01 1.838166501457739344e+01
2.289625521975230527e+01 2.297680249292154642e+01
2.747550626941189478e+01 2.757183155034191202e+01
3.205475731419357288e+01 3.216675367866150737e+01
3.663400835681144940e+01 3.676157032704944072e+01
4.121325940695312795e+01 4.135628292063947242e+01
4.579251046772010625e+01 4.595089286542344098e+01
5.037176152058412981e+01 5.054540153946460634e+01
5.495101257403342743e+01 5.513981026509601691e+01
5.953026362434422936e+01 5.973412037478158254e+01
6.410951467558479067e+01 6.432833314654567403e+01
6.868876574727258344e+01 6.892244987628981789e+01
7.326801682397385207e+01 7.351647176468910061e+01
7.784726787566620487e+01 7.811040004822417870e+01
8.242651891995313918e+01 8.270423591496999904e+01
8.700576996587329859e+01 8.729798056703774023e+01
9.158502100945950986e+01 9.189163509305977584e+01
9.616427206744931766e+01 9.648520066290367936e+01
1.007435231397826954e+02 1.010786783666559074e+02
1.053227741882397197e+02 1.056720692848824399e+02
1.099020252569144702e+02 1.102653745095902877e+02
1.144812763360717724e+02 1.148585950469759212e+02
1.190605274262413218e+02 1.194517319416702463e+02
1.236397784996887879e+02 1.240447862021886749e+02
1.282190295649186282e+02 1.286377588229991318e+02
1.327982806348039446e+02 1.332306507629425880e+02
1.373775316873372674e+02 1.378234629894011505e+02
1.419567827500450790e+02 1.424161964640827307e+02
1.465360337975677680e+02 1.470088520639458238e+02
1.511152849136823306e+02 1.516014306826666029e+02
1.556945359690138844e+02 1.561939332894734775e+02
1.602737870606478623e+02 1.607863606651337136e+02
1.648530381778758738e+02 1.653787137272574910e+02
1.694322892691576499e+02 1.699709932895618181e+02
1.740115403715899163e+02 1.745632001996863778e+02
1.785907914503390543e+02 1.791553352839591753e+02
1.831700425042805591e+02 1.837473993380249624e+02
1.877492936287704595e+02 1.883393931219412138e+02
1.923285447053007147e+02 1.929313174337221426e+02
1.969077958039850103e+02 1.975231730384368802e+02
2.014870468979013367e+02 2.021149606477697773e+02
2.060662979607101306e+02 2.067066810313871770e+02
2.106455490802364352e+02 2.112983349234293655e+02
2.152248001810554285e+02 2.158899229854826274e+02
2.198040512702951617e+02 2.204814460075876354e+02
2.243833023547963990e+02 2.250729046352588796e+02
2.289625534316776907e+02 2.296642995741289042e+02
2.335418044964708884e+02 2.342556313863269963e+02
2.381210555640200255e+02 2.388469008124741322e+02
2.427003066265113489e+02 2.434381085821962643e+02
2.472795577046414337e+02 2.480292552277750815e+02
2.518588088095008004e+02 2.526203413803042395e+02
2.564380598797189919e+02 2.572113677176543547e+02
2.610173109436323102e+02 2.618023347534537493e+02
2.655965619957488002e+02 2.663932432112115976e+02
2.701758130446619361e+02 2.709840935986917430e+02
2.747550642140269019e+02 2.755748864933598838e+02
2.793343153882668730e+02 2.801656225231996586e+02
2.839135664954695812e+02 2.847563022231173591e+02
2.884928175633546061e+02 2.893469261570455728e+02
2.930720686514425211e+02 2.939374948520169823e+02
2.976513197538380382e+02 2.985280087983951489e+02
3.022305709308770929e+02 3.031184686524709377e+02
3.068098220118945392e+02 3.077088748225127119e+02
3.113890730588352653e+02 3.122992278635103389e+02
3.159683241133589036e+02 3.168895284136652322e+02
3.205475751945686511e+02 3.214797767773889632e+02
3.251268262832947471e+02 3.260699735809472486e+02
3.297060773377501164e+02 3.306601191738511716e+02
3.342853283927346411e+02 3.352502142210906868e+02
3.388645795494649064e+02 3.398402591171005156e+02
3.434438306329230954e+02 3.444302543104371921e+02
3.480230816944276171e+02 3.490202002941881574e+02
3.526023327649353405e+02 3.536100974787337918e+02
3.571815838345266911e+02 3.581999463275444668e+02
3.617608350370301764e+02 3.627897472922908264e+02
3.663400861229001748e+02 3.673795006859026557e+02
3.709193371777081438e+02 3.719692070396803274e+02
3.754985883936767550e+02 3.765588669160745212e+02
3.800778395727763268e+02 3.811484806055457284e+02
3.846570906752962742e+02 3.857380484850536959e+02
3.892363417817721825e+02 3.903275709328382845e+02
3.938155928599106801e+02 3.949170483962116123e+02
3.983948440497670731e+02 3.995064812971314723e+02
4.029740951048640909e+02 4.040958700264845902e+02
4.075533461962199340e+02 4.086852150336102909e+02
4.121325973176315074e+02 4.132745166991777523e+02
4.167118484232898936e+02 4.178637752198467297e+02
4.212910995352049781e+02 4.224529912167199655e+02
4.258703506457584353e+02 4.270421647478569867e+02
4.304496017218235693e+02 4.316312963978302264e+02
4.350288528475421117e+02 4.362203864333615684e+02
4.396081039632708212e+02 4.408094352676904464e+02
4.441873551565864773e+02 4.453984432360855408e+02
4.487666062229885142e+02 4.499874107939771193e+02
4.533458573184803981e+02 4.545763381790765720e+02
4.579251083952790395e+02 4.591652255711975386e+02
4.625043596095297289e+02 4.637540734936443414e+02
4.670836107053950172e+02 4.683428822641442366e+02
4.716628619085453806e+02 4.729316521027337217e+02
4.762421131406991321e+02 4.775203833724256128e+02
4.808213644005369360e+02 4.821090764030008700e+02
4.854006156536496519e+02 4.866977314629439775e+02
4.899798668368440531e+02 4.912863488612598530e+02
4.945591181212357128e+02 4.958749289747687499e+02
4.991383693860431663e+02 5.004634721852186203e+02
5.037176205449003987e+02 5.050519785966980635e+02
5.082968716080841318e+02 5.096404485573896181e+02
5.128761226993615310e+02 5.142288822990121844e+02
5.174553738573922601e+02 5.188172801830230583e+02
5.220346249225275415e+02 5.234056425207960501e+02
5.266138760124224518e+02 5.279939695484321192e+02
5.311931271358021149e+02 5.325822616807815848e+02
5.357723782001489781e+02 5.371705190170052902e+02
5.403516294967141675e+02 5.417587418282912495e+02
5.449308805946875509e+02 5.463469304233150297e+02
5.495101317092781983e+02 5.509350850453308794e+02
5.540893828924483842e+02 5.555232058968335878e+02
5.586686340311582626e+02 5.601112933810618415e+02
5.632478851473391614e+02 5.646993477721050567e+02
5.678271362760062857e+02 5.692873692620905786e+02
5.724063873625071892e+02 5.738753578611576813e+02
5.769856385475218303e+02 5.784633140590374296e+02
5.815648896599620912e+02 5.830512380447519263e+02
5.861441408289966830e+02 5.876391300558872217e+02
