0.000000000000000000e+00 0.000000000000000000e+00
4.579251041660592492e+00 4.595586686438728918e+00
9.158502083572470198e+00 9.191058677038542513e+00
1.373775312537901172e+01 1.378641758961374286e+01
1.831700416810566878e+01 1.838166501472277758e+01
2.289625521895755611e+01 2.297680249427152788e+01
2.747550626856904898e+01 2.757183155709937949e+01
3.205475731183337018e+01 3.216675368379684130e+01
3.663400835468389971e+01 3.676157033202939317e+01
4.121325940742777050e+01 4.135628292612170753e+01
4.579251046741505604e+01 4.595089287532661615e+01
5.037176151042702088e+01 5.054540155548383495e+01
5.495101256016285163e+01 5.513981027725505157e+01
5.953026361037842662e+01 5.973412038544704217e+01
6.410951466313792935e+01 6.432833316595454676e+01
6.868876571204000925e+01 6.892244989485025997e+01
7.326801675761703336e+01 7.351647178291293017e+01
7.784726783094080815e+01 7.811040007629685533e+01
8.242651890429675632e+01 8.270423594250684118e+01
8.700576997162794157e+01 8.729798057351460727e+01
9.158502102804337142e+01 9.189163512350192775e+01
9.616427208393139381e+01 9.648520068983762599e+01
1.007435231562350140e+02 1.010786783989382513e+02
1.053227742080181031e+02 1.056720693087379175e+02
1.099020252659923642e+02 1.102653745119431932e+02
1.144812763580559078e+02 1.148585950619432481e+02
1.190605274316954763e+02 1.194517319616728201e+02
1.236397784781118077e+02 1.240447862470702773e+02
1.282190295623356917e+02 1.286377588729992567e+02
1.327982806289653581e+02 1.332306508082987762e+02
1.373775317025875324e+02 1.378234630345077107e+02
1.419567827617189550e+02 1.424161965072479461e+02
1.465360338090597452e+02 1.470088521113487161e+02
1.511152848632578412e+02 1.516014307298890458e+02
1.556945359137739047e+02 1.561939333354463031e+02
1.602737869640226052e+02 1.607863607064843166e+02
1.648530380157783668e+02 1.653787137416936162e+02
1.694322890900272682e+02 1.699709933145784362e+02
1.740115401539771085e+02 1.745632002065433710e+02
1.785907912282027610e+02 1.791553352973256210e+02
1.831700422778224038e+02 1.837473993151095897e+02
1.877492933682763976e+02 1.883393931109544326e+02
1.923285444656602863e+02 1.929313174015536561e+02
1.969077955276487160e+02 1.975231729498475488e+02
2.014870466264134734e+02 2.021149605815481891e+02
2.060662977606000368e+02 2.067066809476457081e+02
2.106455488644180605e+02 2.112983348274817104e+02
2.152247999354584636e+02 2.158899228993821851e+02
2.198040510365448199e+02 2.204814458817087939e+02
2.243833021045766714e+02 2.250729044577715285e+02
2.289625532050584411e+02 2.296642993902921148e+02
2.335418042647256129e+02 2.342556312544406865e+02
2.381210553283918898e+02 2.388469006944475836e+02
2.427003064261746772e+02 2.434381083974243438e+02
2.472795575666714569e+02 2.480292549992031468e+02
2.518588086304663420e+02 2.526203411322147190e+02
2.564380597031929483e+02 2.572113673904686380e+02
2.610173108351984865e+02 2.618023344456591417e+02
2.655965618904977532e+02 2.663932428938226735e+02
2.701758130609944146e+02 2.709840932349986815e+02
2.747550642157427774e+02 2.755748861857213683e+02
2.793343153878123530e+02 2.801656221230384745e+02
2.839135664955103948e+02 2.847563018170294526e+02
2.884928175907361947e+02 2.893469257056119659e+02
2.930720686533046546e+02 2.939374944029036101e+02
2.976513197637677308e+02 2.985280083361801076e+02
3.022305709154703663e+02 3.031184682291263925e+02
3.068098220381870078e+02 3.077088743977443528e+02
3.113890730888306280e+02 3.122992275480494300e+02
3.159683241428107863e+02 3.168895280736296627e+02
3.205475752237285292e+02 3.214797764006701755e+02
3.251268262712546857e+02 3.260699732058618565e+02
3.297060773256828270e+02 3.306601189417935984e+02
3.342853284285615132e+02 3.352502139900547036e+02
3.388645795852038418e+02 3.398402587725879584e+02
3.434438307896131164e+02 3.444302539628242812e+02
3.480230819093116565e+02 3.490201999242084412e+02
3.526023329798360919e+02 3.536100971011578054e+02
3.571815841174307025e+02 3.581999459700754187e+02
3.617608352727314127e+02 3.627897469604342859e+02
3.663400863518633059e+02 3.673795003621046931e+02
3.709193374066707065e+02 3.719692068600421635e+02
3.754985885701588586e+02 3.765588666083795033e+02
3.800778397492016438e+02 3.811484802643035437e+02
3.846570908517015823e+02 3.857380481098973064e+02
3.892363419581977269e+02 3.903275706856487091e+02
3.938155930213319493e+02 3.949170482516626066e+02
3.983948442217583192e+02 3.995064812771394713e+02
4.029740953550357858e+02 4.040958701171969096e+02
4.075533464354205080e+02 4.086852150551059140e+02
4.121325975599598337e+02 4.132745166740230616e+02
4.167118486663804902e+02 4.178637751758540730e+02
4.212910997785366476e+02 4.224529910292473005e+02
4.258703508890804414e+02 4.270421646513850646e+02
4.304496019487077660e+02 4.316312962711567707e+02
4.350288530058693368e+02 4.362203863077808137e+02
4.396081041215655318e+02 4.408094351127762138e+02
4.441873553157807919e+02 4.453984430827068763e+02
4.487666064031775477e+02 4.499874106615991423e+02
4.533458574628150473e+02 4.545763380187061102e+02
4.579251087316096118e+02 4.591652254486332367e+02
4.625043598707075034e+02 4.637540733731020737e+02
4.670836111387612846e+02 4.683428821347222879e+02
4.716628622322788260e+02 4.729316519618325856e+02
4.762421134640875380e+02 4.775203832332550746e+02
4.808213647241425974e+02 4.821090762959263429e+02
4.854006158303516258e+02 4.866977313280042381e+02
4.899798668940819653e+02 4.912863487290231888e+02
4.945591179493968639e+02 4.958749288407976792e+02
4.991383691758871350e+02 5.004634719508121634e+02
5.037176203322707124e+02 5.050519782933810120e+02
5.082968714563452863e+02 5.096404482639746902e+02
5.128761225195407860e+02 5.142288821222438173e+02
5.174553738088138743e+02 5.188172800218161456e+02
5.220346249419349078e+02 5.234056424010342425e+02
5.266138761091459628e+02 5.279939695208553303e+02
5.311931271660233733e+02 5.325822616189343535e+02
5.357723783360320340e+02 5.371705187962038508e+02
5.403516294346657105e+02 5.417587414854840517e+02
5.449308806933258893e+02 5.463469301143347820e+02
5.495101317642370304e+02 5.509350846846512013e+02
5.540893828587290955e+02 5.555232055372184732e+02
5.586686339968171069e+02 5.601112931811655926e+02
5.632478851181327855e+02 5.646993474412770411e+02
5.678271362525226778e+02 5.692873687195160528e+02
5.724063873390085746e+02 5.738753573023574290e+02
5.769856385247887829e+02 5.784633134625350976e+02
5.815648896371772025e+02 5.830512374570535030e+02
5.861441408060485401e+02 5.876391294664076668e+02
