0.000000000000000000e+00 0.000000000000000000e+00
4.579251041671814626e+00 4.595586686321994740e+00
9.158502083579781683e+00 9.191058676921571191e+00
1.373775312541662785e+01 1.378641758894615421e+01
1.831700416814168264e+01 1.838166501401948594e+01
2.289625521250775364e+01 2.297680249235799010e+01
2.747550626217869763e+01 2.757183155427701848e+01
3.205475730486579522e+01 3.216675368245587663e+01
3.663400835389383303e+01 3.676157033143758213e+01
4.121325939631540791e+01 4.135628292414304497e+01
4.579251045242189377e+01 4.595089287586792182e+01
5.037176150135759656e+01 5.054540155586947492e+01
5.495101255114708749e+01 5.513981028496564818e+01
5.953026361164816649e+01 5.973412041462584909e+01
6.410951466355137995e+01 6.432833319455633614e+01
6.868876571246931917e+01 6.892244992441273155e+01
7.326801675803527303e+01 7.351647181226775274e+01
7.784726780465931029e+01 7.811040009323059508e+01
8.242651887197332883e+01 8.270423596855383153e+01
8.700576991967636786e+01 8.729798060953622496e+01
9.158502099300758914e+01 9.189163514936255694e+01
9.616427205002980827e+01 9.648520071953717547e+01
1.007435231222746665e+02 1.010786784463999481e+02
1.053227741817480592e+02 1.056720693801016466e+02
1.099020252334127008e+02 1.102653745895066493e+02
1.144812763031185057e+02 1.148585951255976170e+02
1.190605273767841936e+02 1.194517320207044264e+02
1.236397784503147363e+02 1.240447863046817645e+02
1.282190295033032896e+02 1.286377589255371561e+02
1.327982805819011958e+02 1.332306508589217628e+02
1.373775316670322582e+02 1.378234630751986742e+02
1.419567827261566890e+02 1.424161965534113961e+02
1.465360337950604048e+02 1.470088521526328691e+02
1.511152848877486861e+02 1.516014307708319109e+02
1.556945359364322599e+02 1.561939333440096505e+02
1.602737869821681898e+02 1.607863607060359641e+02
1.648530380839356440e+02 1.653787137771781772e+02
1.694322891300007541e+02 1.699709933657352963e+02
1.740115401935766783e+02 1.745632002999224710e+02
1.785907912691213824e+02 1.791553353822342842e+02
1.831700423499113413e+02 1.837473994264109933e+02
1.877492934138421390e+02 1.883393932268083404e+02
1.923285444749955104e+02 1.929313175230948332e+02
1.969077956051189631e+02 1.975231731169726004e+02
2.014870466937465494e+02 2.021149607576725771e+02
2.060662977936971458e+02 2.067066811128873951e+02
2.106455488900919022e+02 2.112983350046418991e+02
2.152248000165022006e+02 2.158899230832960257e+02
2.198040510847325777e+02 2.204814460421848707e+02
2.243833022155235426e+02 2.250729046268725142e+02
2.289625532885394250e+02 2.296642995117554733e+02
2.335418043482581538e+02 2.342556313277290769e+02
2.381210554586969579e+02 2.388469007644523003e+02
2.427003065660045422e+02 2.434381084853876018e+02
2.472795576291270550e+02 2.480292551317303378e+02
2.518588086943674114e+02 2.526203412465013685e+02
2.564380597576885634e+02 2.572113675560645447e+02
2.610173108912252360e+02 2.618023346406549763e+02
2.655965619913123419e+02 2.663932430908752167e+02
2.701758130458106280e+02 2.709840935145846856e+02
2.747550641765529349e+02 2.755748864234286657e+02
2.793343153345482506e+02 2.801656224380994900e+02
2.839135664420237504e+02 2.847563021689651919e+02
2.884928175449727519e+02 2.893469261372232495e+02
2.930720686040008900e+02 2.939374948322936234e+02
2.976513197147643268e+02 2.985280087590301719e+02
3.022305708101592927e+02 3.031184686649903597e+02
3.068098218740902894e+02 3.077088748441548773e+02
3.113890730098212316e+02 3.122992278898337872e+02
3.159683241639719427e+02 3.168895283852228317e+02
3.205475753475895999e+02 3.214797767268568123e+02
3.251268264084491761e+02 3.260699734400227499e+02
3.297060774962339451e+02 3.306601191766969805e+02
3.342853285934858150e+02 3.352502141236826105e+02
3.388645797501087600e+02 3.398402590314485678e+02
3.434438308736760064e+02 3.444302541582177355e+02
3.480230819351584159e+02 3.490202001021555134e+02
3.526023329977351750e+02 3.536100973061064678e+02
3.571815840510803355e+02 3.581999460864628304e+02
3.617608352756378736e+02 3.627897470326793155e+02
3.663400863428544199e+02 3.673795004770643118e+02
3.709193373976643215e+02 3.719692068831035385e+02
3.754985884511797849e+02 3.765588666705540390e+02
3.800778396302863484e+02 3.811484803992262869e+02
3.846570907327678697e+02 3.857380482979109502e+02
3.892363418392363315e+02 3.903275708806002058e+02
3.938155929023624253e+02 3.949170483421311815e+02
3.983948439627998823e+02 3.995064812433448651e+02
4.029740950696570394e+02 4.040958700649300681e+02
4.075533461500888279e+02 4.086852150640514196e+02
4.121325972734821903e+02 4.132745167311691716e+02
4.167118483792668826e+02 4.178637752998778296e+02
4.212910994913584659e+02 4.224529911502819459e+02
4.258703506019157317e+02 4.270421646814722862e+02
4.304496017301302118e+02 4.316312963933152673e+02
4.350288527872901909e+02 4.362203865983987043e+02
4.396081039030835313e+02 4.408094354693781156e+02
4.441873550971394025e+02 4.453984434368944108e+02
4.487666062720066975e+02 4.499874110163682417e+02
4.533458573457052125e+02 4.545763382639973429e+02
4.579251084161001017e+02 4.591652256693213303e+02
4.625043594746655344e+02 4.637540735919548638e+02
4.670836106998035575e+02 4.683428823515365593e+02
4.716628618376183795e+02 4.729316521848409138e+02
4.762421130691703297e+02 4.775203834560387577e+02
4.808213643290619075e+02 4.821090764512989608e+02
4.854006154470596357e+02 4.866977315109722895e+02
4.899798665888257574e+02 4.912863489220458177e+02
4.945591176479663318e+02 4.958749290273203769e+02
4.991383689330835978e+02 5.004634721582259544e+02
5.037176200897499143e+02 5.050519784897574596e+02
5.082968712145229802e+02 5.096404484646329820e+02
5.128761222779359059e+02 5.142288823212952593e+02
5.174553733453271889e+02 5.188172803643897169e+02
5.220346245315995475e+02 5.234056427549669479e+02
5.266138756214492105e+02 5.279939697332549713e+02
5.311931267446680067e+02 5.325822618592205799e+02
5.357723778090050928e+02 5.371705190867326110e+02
5.403516288680915522e+02 5.417587419640930193e+02
5.449308799402649583e+02 5.463469304625592713e+02
5.495101310112087276e+02 5.509350852204881903e+02
5.540893821057159130e+02 5.555232060685576698e+02
5.586686332443566698e+02 5.601112937087036698e+02
5.632478845529311684e+02 5.646993480958464033e+02
5.678271356822214102e+02 5.692873696127123821e+02
5.724063868282771637e+02 5.738753582841128491e+02
5.769856380140436158e+02 5.784633144619637051e+02
5.815648891523644579e+02 5.830512384773521717e+02
5.861441403213661943e+02 5.876391305048755385e+02
