0.000000000000000000e+00 0.000000000000000000e+00
4.481863157134121423e+00 4.502491826424373400e+00
8.963726314749539625e+00 9.004799557365640084e+00
1.344558947323930198e+01 1.350692649003634749e+01
1.792745263123924815e+01 1.800887583589679863e+01
2.240931579377460992e+01 2.251065071556116948e+01
2.689117895235320077e+01 2.701225417043254851e+01
3.137304212291151373e+01 3.151368917055712870e+01
3.585490528593551574e+01 3.601495860241323754e+01
4.033676846447353626e+01 4.051606527833800442e+01
4.481863162329662487e+01 4.501701191974682814e+01
4.930049478674199293e+01 4.951780120582151312e+01
5.378235797278875907e+01 5.401843575773028761e+01
5.826422113918242474e+01 5.851891810540691097e+01
6.274608430772124024e+01 6.301925073345948647e+01
6.722794747956660899e+01 6.751943605013039473e+01
7.170981064172309516e+01 7.201947642640800495e+01
7.619167384152046907e+01 7.651937419543968133e+01
8.067353701193943039e+01 8.101913157026109502e+01
8.515540020894445661e+01 8.551875075359680523e+01
8.963726339487485006e+01 9.001823385499230312e+01
9.411912660744718551e+01 9.451758300025329618e+01
9.860098977315720958e+01 9.901680023661883467e+01
1.030828529528512689e+02 1.035158875628164026e+02
1.075647161722882572e+02 1.080148469372416287e+02
1.120465793757662425e+02 1.125136802686673718e+02
1.165284425894267457e+02 1.170123894375822999e+02
1.210103058130944902e+02 1.215109762546907461e+02
1.254921689750026701e+02 1.260094425114787100e+02
1.299740321606556108e+02 1.305077899314972285e+02
1.344558953309248466e+02 1.350060202672652849e+02
1.389377585324514826e+02 1.395041351400219867e+02
1.434196217680236600e+02 1.440021362754762890e+02
1.479014850077213055e+02 1.485000251742414434e+02
1.523833482522628913e+02 1.529978034344690059e+02
1.568652114970080902e+02 1.574954725918102838e+02
1.613470747428847289e+02 1.619930341641595533e+02
1.658289379922795490e+02 1.664904896549346063e+02
1.703108011573515341e+02 1.709878404902922000e+02
1.747926644161452714e+02 1.754850880550467025e+02
1.792745276668197221e+02 1.799822337244737014e+02
1.837563909092475001e+02 1.844792788859421364e+02
1.882382541399546199e+02 1.889762248792598314e+02
1.927201173622862598e+02 1.934730729251884895e+02
1.972019805942286723e+02 1.979698244185922249e+02
2.016838438370075437e+02 2.024664805756958970e+02
2.061657070713471285e+02 2.069630426044836895e+02
2.106475702883363397e+02 2.114595117004538736e+02
2.151294334968666249e+02 2.159558890415319752e+02
2.196112966981643240e+02 2.204521758204227808e+02
2.240931598685266408e+02 2.249483731750618176e+02
2.285750230788148940e+02 2.294444822096148755e+02
2.330568862918576656e+02 2.339405040045369901e+02
2.375387495016583728e+02 2.384364396309326821e+02
2.420206127952999964e+02 2.429322901999953217e+02
2.465024760386293678e+02 2.474280566999855182e+02
2.509843392385803895e+02 2.519237401011791349e+02
2.554662024066214485e+02 2.564193414513694620e+02
2.599480656126612530e+02 2.609148616741030082e+02
2.644299288803599097e+02 2.654103018371627627e+02
2.689117921426882845e+02 2.699056628829631563e+02
2.733936553989095160e+02 2.744009457037684570e+02
2.778755186188652715e+02 2.788961511529055883e+02
2.823573818544828100e+02 2.833912801692071071e+02
2.868392451249592909e+02 2.878863336583985415e+02
2.913211083738111142e+02 2.923813124302041615e+02
2.958029715832863076e+02 2.968762174233089581e+02
3.002848348135141237e+02 3.013710493620120587e+02
3.047666980856535019e+02 3.058658093052597451e+02
3.092485613041303054e+02 3.103604977547597628e+02
3.137304245360080017e+02 3.148551156469773105e+02
3.182122877011718174e+02 3.193496637100230373e+02
3.226941509256292306e+02 3.238441428912256015e+02
3.271760141462270326e+02 3.283385537183269207e+02
3.316578773114125624e+02 3.328328971434057166e+02
3.361397405385799857e+02 3.373271737300709674e+02
3.406216037431029235e+02 3.418213842478968445e+02
3.451034670203419523e+02 3.463155293586806920e+02
3.495853301938844879e+02 3.508096099629793798e+02
3.540671934983272990e+02 3.553036265357666821e+02
3.585490568130164775e+02 3.597975797880053506e+02
3.630309201567984019e+02 3.642914703939364927e+02
3.675127833941716062e+02 3.687852990390181844e+02
3.719946466771899622e+02 3.732790663330703183e+02
3.764765099972710232e+02 3.777727728833633591e+02
3.809583733346209442e+02 3.822664193960964667e+02
3.854402366283947572e+02 3.867600063942777524e+02
3.899220999305157420e+02 3.912535344824274262e+02
3.944039631075120269e+02 3.957470043954438097e+02
3.988858264500121322e+02 4.002404167228557412e+02
4.033676898189156645e+02 4.047337718425200705e+02
4.078495532144233380e+02 4.092270703490128199e+02
4.123314165571925400e+02 4.137203129486738931e+02
4.168132799316318824e+02 4.182135000478454572e+02
4.212951432101384626e+02 4.227066323287071441e+02
4.257770065024230917e+02 4.271997102126627510e+02
4.302588697428877822e+02 4.316927342924398090e+02
