0.000000000000000000e+00 0.000000000000000000e+00
4.480095382526503300e+00 4.502491830695844577e+00
8.960190766085091241e+00 9.004768387946729291e+00
1.344028614954472545e+01 1.350683381822468121e+01
1.792038153366956266e+01 1.800869215086425612e+01
2.240047692240360178e+01 2.251034729578034188e+01
2.688057230640447415e+01 2.701180306086731164e+01
3.136066769064857596e+01 3.151306313634775336e+01
3.584076308529158439e+01 3.601413112677805373e+01
4.032085847736755113e+01 4.051501050971828022e+01
4.480095387659284967e+01 4.501570469633252003e+01
4.928104927251760614e+01 4.951621700539504900e+01
5.376114466331932817e+01 5.401655063895999831e+01
5.824124006538883691e+01 5.851670873763659131e+01
6.272133546302369922e+01 6.301669437744340030e+01
6.720143084658477051e+01 6.751651052126850061e+01
7.168152626346093825e+01 7.201616006174312190e+01
7.616162167759557633e+01 7.651564582799966274e+01
8.064171707347969686e+01 8.101497054823089172e+01
8.512181249529206184e+01 8.551413691370177617e+01
8.960190789638451747e+01 9.001314758116777170e+01
9.408200329716422061e+01 9.451200504406122604e+01
9.856209873854129455e+01 9.901071184452042928e+01
1.030421941794168958e+02 1.035092703741413231e+02
1.075222895791951032e+02 1.080076830015540850e+02
1.120023850012271396e+02 1.125059520831964477e+02
1.164824804162873590e+02 1.170040798339539947e+02
1.209625758648791560e+02 1.215020684728752087e+02
1.254426712800287049e+02 1.259999201567136140e+02
1.299227666951161666e+02 1.304976370112422046e+02
1.344028620832324918e+02 1.349952210370933869e+02
1.388829574768766122e+02 1.394926743201704937e+02
1.433630529388317427e+02 1.439899987574215174e+02
1.478431484050848326e+02 1.484871963052989088e+02
1.523232438742731176e+02 1.529842688282529366e+02
1.568033393445086290e+02 1.574812181779855678e+02
1.612834348151349104e+02 1.619780461154056752e+02
1.657635302909330903e+02 1.664747544048036616e+02
1.702436257447529897e+02 1.709713448439078434e+02
1.747237212281462462e+02 1.754678189960464749e+02
1.792038167041289967e+02 1.799641785315323830e+02
1.836839121733014508e+02 1.844604250791423965e+02
1.881640076312258429e+02 1.889565602807935534e+02
1.926441030780830488e+02 1.934525856050099435e+02
1.971241985344869647e+02 1.979485025536274065e+02
2.016042939990351215e+02 2.024443126898083847e+02
2.060843894605308719e+02 2.069400174054869126e+02
2.105644849049227219e+02 2.114356181114587230e+02
2.150445803345583329e+02 2.159311162548231664e+02
2.195246757726392275e+02 2.204265131230734482e+02
2.240047712072245076e+02 2.249218100427594891e+02
2.284848666406375628e+02 2.294170084381721040e+02
2.329649620825671832e+02 2.339121095151201644e+02
2.374450575201770448e+02 2.384071145180910776e+02
2.419251530370021896e+02 2.429020247538491049e+02
2.464052485548019717e+02 2.473968414061220358e+02
2.508853439568389945e+02 2.518915656044744651e+02
2.553654393538534464e+02 2.563861985552575788e+02
2.598455347850373869e+02 2.608807413631992631e+02
2.643256302553248815e+02 2.653751952814689616e+02
2.688057257378787313e+02 2.698695612624200066e+02
2.732858212170887100e+02 2.743638405095748567e+02
2.777659166206479995e+02 2.788580339529031562e+02
2.822460120831638051e+02 2.833521426976566318e+02
2.867261075756696869e+02 2.878461677833047361e+02
2.912062030378300506e+02 2.923401101715297727e+02
2.956862984745789618e+02 2.968339708902034886e+02
3.001663939274001223e+02 3.013277508957992836e+02
3.046464894236718237e+02 3.058214512655322324e+02
3.091265848959517371e+02 3.103150726735141234e+02
3.136066803528478886e+02 3.148086162450533720e+02
3.180867757596008687e+02 3.193020827833261137e+02
3.225668712101306710e+02 3.237954732610764950e+02
3.270469666626787557e+02 3.282887884374704868e+02
3.315270621124923309e+02 3.327820292358794063e+02
3.360071575643380584e+02 3.372751964317818647e+02
3.404872529983582581e+02 3.417682909766021453e+02
3.449673484943836002e+02 3.462613136217130432e+02
3.494474439769460332e+02 3.507542651813702150e+02
3.539275395054876299e+02 3.552471464401808134e+02
3.584076348940848220e+02 3.597399581673113289e+02
3.628877304629285163e+02 3.642327010896398747e+02
3.673678258987729350e+02 3.687253760405523053e+02
3.718479214095399357e+02 3.732179836396115320e+02
3.763280168546365303e+02 3.777105247088546207e+02
3.808081124388454555e+02 3.822029998594820199e+02
3.852882078907136929e+02 3.866954097186263652e+02
3.897683034397871324e+02 3.911877551203027110e+02
3.942483988534585251e+02 3.956800367916233654e+02
3.987284944689546364e+02 4.001722553205875101e+02
4.032085900573641766e+02 4.046644114769094926e+02
4.076886856819894547e+02 4.091565057103196068e+02
4.121687812537105629e+02 4.136485387056977743e+02
4.166488767855439050e+02 4.181405113086624397e+02
4.211289722905021335e+02 4.226324239925392590e+02
4.256090678766362316e+02 4.271242772468268640e+02
4.300891633362334119e+02 4.316160718588030250e+02
