0.000000000000000000e+00 0.000000000000000000e+00
4.481863157055570035e+00 4.502491826090635030e+00
8.963726314698277520e+00 9.004799557033027924e+00
1.344558947253819881e+01 1.350692648947539176e+01
1.792745263054542804e+01 1.800887583533560132e+01
2.240931579385472361e+01 2.251065072008853463e+01
2.689117895577155082e+01 2.701225417495911785e+01
3.137304211626129913e+01 3.151368916877729731e+01
3.585490527921501780e+01 3.601495859189969906e+01
4.033676844380801185e+01 4.051606524918903318e+01
4.481863162147782020e+01 4.501701189069747500e+01
4.930049479154696712e+01 4.951780118670318132e+01
5.378235797634551574e+01 5.401843573871587978e+01
5.826422115109826194e+01 5.851891809281286783e+01
6.274608431932934138e+01 6.301925073643077724e+01
6.722794750558708188e+01 6.751943606196221026e+01
7.170981067282562549e+01 7.201947644637047574e+01
7.619167383846797748e+01 7.651937421331206224e+01
8.067353700826657814e+01 8.101913156054013143e+01
8.515540018138746348e+01 8.551875071302643505e+01
8.963726336428638319e+01 9.001823381907767896e+01
9.411912654617830754e+01 9.451758296437097329e+01
9.860098972169518561e+01 9.901680022352316257e+01
1.030828528871269327e+02 1.035158875490227217e+02
1.075647160924225147e+02 1.080148469599986072e+02
1.120465792671874112e+02 1.125136802965748899e+02
1.165284424381720640e+02 1.170123894611583637e+02
1.210103056621077542e+02 1.215109762726396099e+02
1.254921688318869144e+02 1.260094425014998194e+02
1.299740320211490996e+02 1.305077899738928977e+02
1.344558951939287681e+02 1.350060202825182216e+02
1.389377583573166817e+02 1.395041351610679499e+02
1.434196215921476778e+02 1.440021362620265108e+02
1.479014848323754165e+02 1.485000251476860740e+02
1.523833480758482324e+02 1.529978034095998396e+02
1.568652113194029880e+02 1.574954725768068897e+02
1.613470745632599801e+02 1.619930341482009339e+02
1.658289378137602625e+02 1.664904896678968953e+02
1.703108009786602679e+02 1.709878404906060609e+02
1.747926642354569253e+02 1.754850880805585120e+02
1.792745274871612082e+02 1.799822337618280699e+02
1.837563907294884586e+02 1.844792789468340004e+02
1.882382539616216945e+02 1.889762248946277055e+02
1.927201171833494300e+02 1.934730730283609148e+02
1.972019804165066148e+02 1.979698244865360550e+02
2.016838436642984789e+02 2.024664806420035461e+02
2.061657068193365490e+02 2.069630426692678498e+02
2.106475700267384354e+02 2.114595117632113102e+02
2.151294332351671983e+02 2.159558891012007393e+02
2.196112964428885164e+02 2.204521758790847343e+02
2.240931596564185213e+02 2.249483732322064498e+02
2.285750228639311672e+02 2.294444822641476094e+02
2.330568860962657425e+02 2.339405040574641248e+02
2.375387493299798507e+02 2.384364396677241871e+02
2.420206126186165534e+02 2.429322902284007455e+02
2.465024757917469174e+02 2.474280567269066751e+02
2.509843390385555040e+02 2.519237401267118912e+02
2.554662023345427428e+02 2.564193415285568562e+02
2.599480655243593787e+02 2.609148618150558150e+02
2.644299287378443069e+02 2.654103019766615148e+02
2.689117919999272317e+02 2.699056630208191336e+02
2.733936552560459177e+02 2.744009458445580094e+02
2.778755184760477732e+02 2.788961512913482466e+02
2.823573816982001858e+02 2.833912802671587770e+02
2.868392449631723480e+02 2.878863337426624298e+02
2.913211082099929854e+02 2.923813125849366656e+02
2.958029714191349626e+02 2.968762175269870909e+02
3.002848346511070758e+02 3.013710494713087655e+02
3.047666979195637396e+02 3.058658093039668415e+02
3.092485611650780015e+02 3.103604977918932946e+02
3.137304244522332510e+02 3.148551156287057893e+02
3.182122877799187677e+02 3.193496638224240769e+02
3.226941510981323518e+02 3.238441430396068199e+02
3.271760143256000219e+02 3.283385539003961640e+02
3.316578775123509786e+02 3.328328972522515983e+02
3.361397407394618995e+02 3.373271737620877957e+02
3.406216040263886953e+02 3.418213842924627670e+02
3.451034673028015050e+02 3.463155293873847995e+02
3.495853304855754686e+02 3.508096099572150024e+02
3.540671938144440105e+02 3.553036264524919829e+02
3.585490571294016036e+02 3.597975796913239037e+02
3.630309204726247572e+02 3.642914702994406753e+02
3.675127836692010419e+02 3.687852988833028576e+02
3.719946469487446734e+02 3.732790661363166009e+02
3.764765101459017274e+02 3.777727726814906646e+02
3.809583734826122736e+02 3.822664191955688011e+02
3.854402368556253009e+02 3.867600062922496704e+02
3.899221001579315953e+02 3.912535344659129350e+02
3.944039633966433485e+02 3.957470043702991234e+02
3.988858267466555390e+02 4.002404166733679176e+02
4.033676901155977248e+02 4.047337716895326594e+02
4.078495535113393657e+02 4.092270703316974050e+02
4.123314169152677096e+02 4.137203129246535127e+02
4.168132802211586636e+02 4.182134999774028756e+02
4.212951434995125624e+02 4.227066322986134992e+02
4.257770067917246593e+02 4.271997103572249443e+02
4.302588700321942383e+02 4.316927343858112636e+02
