0.000000000000000000e+00 0.000000000000000000e+00
4.359949708462532492e+00 4.385401902077364689e+00
8.719899631364475212e+00 8.770523796148488316e+00
1.307984969059429048e+01 1.315537145258136320e+01
1.743979959226617282e+01 1.753995042223279910e+01
2.179974928966326786e+01 2.192426699046826144e+01
2.615969936361059212e+01 2.630832645771052825e+01
3.051964907869191279e+01 3.069213446050138572e+01
3.487959918704927986e+01 3.507569641930993498e+01
3.923954892557149776e+01 3.945901723757639701e+01
4.359949867221104114e+01 4.384210185555875228e+01
4.795944842868880187e+01 4.822495492080872737e+01
5.231939811980336685e+01 5.260758133642612222e+01
5.667934833261099214e+01 5.698998540512928912e+01
6.103929866123539227e+01 6.137217193928742631e+01
6.539924904065205169e+01 6.575414446873389807e+01
6.975919886616826204e+01 7.013590744963173051e+01
7.411914938513345419e+01 7.451746529848796285e+01
7.847909920939942197e+01 7.889882108569321417e+01
8.283904905939995444e+01 8.327997965899027122e+01
8.719899887093914970e+01 8.766094337897482092e+01
9.155894951224675538e+01 9.204171643963758243e+01
9.591889938279669536e+01 9.642230234628107155e+01
1.002788500869164636e+02 1.008027050892145695e+02
1.046388006762706482e+02 1.051829268282280196e+02
1.089987505711934546e+02 1.095629717994220300e+02
1.133587013243051018e+02 1.139428420218048643e+02
1.177186521930200058e+02 1.183225420412233859e+02
1.220786020838738750e+02 1.227020728924765081e+02
1.264385531070296622e+02 1.270814392392072136e+02
1.307985030829664765e+02 1.314606429500389595e+02
1.351584541528387717e+02 1.358396861190900893e+02
1.395184041157206138e+02 1.402185729764539985e+02
1.438783552631109046e+02 1.445973052499549567e+02
1.482383052129751491e+02 1.489758846363354223e+02
1.525982551393219353e+02 1.533543146342566956e+02
1.569582049409747810e+02 1.577325982898835264e+02
1.613181548544177986e+02 1.621107361454966167e+02
1.656781048788717214e+02 1.664887314983320721e+02
1.700380561498558336e+02 1.708665866318917210e+02
1.743980061949343963e+02 1.752443043782735970e+02
1.787579563415965254e+02 1.796218856605883047e+02
1.831179063951944102e+02 1.839993330369029252e+02
1.874778564753142973e+02 1.883766482959161408e+02
1.918378063906746434e+02 1.927538339685460187e+02
1.961977564815404378e+02 1.971308923711361274e+02
2.005577063602613066e+02 2.015078244089083057e+02
2.049176564664069531e+02 2.058846321932670662e+02
2.092776065884876857e+02 2.102613184470995975e+02
2.136375566933027983e+02 2.146378837215372641e+02
2.179975068038959591e+02 2.190143303249397775e+02
2.223574568070584405e+02 2.233906598648815418e+02
2.267174069865671413e+02 2.277668743904251869e+02
2.310773570629758069e+02 2.321429748682916738e+02
2.354373070697706964e+02 2.365189650932230165e+02
2.397972569455269536e+02 2.408948437929078068e+02
2.441572067763932239e+02 2.452706125424164725e+02
2.485171569714174211e+02 2.496462741941379591e+02
2.528771070273803332e+02 2.540218293889284666e+02
2.572370572535218685e+02 2.583972804716992187e+02
2.615970071600143001e+02 2.627726292063434244e+02
2.659569595234679014e+02 2.671478747544661019e+02
2.703169097648595312e+02 2.715230213597807847e+02
2.746768621664662646e+02 2.758980680432684949e+02
2.790368124472055342e+02 2.802730163351153578e+02
2.833967625646359920e+02 2.846478682145593098e+02
2.877567150363831843e+02 2.890226251036168605e+02
2.921166651608787106e+02 2.933972873085357946e+02
2.964766150511778733e+02 2.977718566137912148e+02
3.008365676934224666e+02 3.021463350744307377e+02
3.051965179695442885e+02 3.065207221411232013e+02
3.095564707523280958e+02 3.108950214130842369e+02
3.139164235126505673e+02 3.152692307790647419e+02
3.182763738838654035e+02 3.196433529814055987e+02
3.226363242559273203e+02 3.240173890501597498e+02
3.269962768824260024e+02 3.283913393985419589e+02
3.313562272669070694e+02 3.327652074513883349e+02
3.357161776749085789e+02 3.371389913740551947e+02
3.400761277021532010e+02 3.415126932853091830e+02
3.444360781266183267e+02 3.458863141294449406e+02
3.487960311899988142e+02 3.502598553511803630e+02
