0.000000000000000000e+00 0.000000000000000000e+00
4.876795695932034214e+00 4.894034345595438928e+00
9.753591392641510538e+00 9.787943706376424302e+00
1.463038708992168324e+01 1.468172990087439800e+01
1.950718279376483011e+01 1.957539470054878805e+01
2.438397849127151318e+01 2.446893985294301643e+01
2.926077419796255441e+01 2.936236704944044362e+01
3.413756989449125001e+01 3.425567796167086954e+01
3.901436559125207282e+01 3.914887421927999611e+01
4.389116128881468626e+01 4.404195742434589533e+01
4.876795698495907061e+01 4.893492912417374896e+01
5.364475268769797367e+01 5.382779085201557479e+01
5.852154839007002352e+01 5.872054411779799210e+01
6.339834409479060184e+01 6.361319039823575139e+01
6.827513979238318598e+01 6.850573110311881919e+01
7.315193549960892483e+01 7.339816766368446110e+01
7.802873120642730953e+01 7.829050146168779634e+01
8.290552690278425985e+01 8.318273385212296489e+01
8.778232261754953925e+01 8.807486615609568048e+01
9.265911831576215718e+01 9.296689966552517603e+01
9.753591401525315518e+01 9.785883567207606859e+01
1.024127097155403305e+02 1.027506754078473676e+02
1.072895054286093171e+02 1.076424201361294593e+02
1.121663011711302858e+02 1.125340710403129094e+02
1.170430968851616171e+02 1.174256292974536109e+02
1.219198926094314004e+02 1.223170960708837072e+02
1.267966883358879642e+02 1.272084724822863393e+02
1.316734840746119062e+02 1.320997596929933593e+02
1.365502798210209221e+02 1.369909587361922831e+02
1.414270755641094297e+02 1.418820707649642827e+02
1.463038712700701751e+02 1.467730967466224570e+02
1.511806669977763136e+02 1.516640377553132453e+02
1.560574627561884142e+02 1.565548948142192103e+02
1.609342585129847976e+02 1.614456689495467572e+02
1.658110542300023837e+02 1.663363611092460133e+02
1.706878499584416886e+02 1.712269723116173736e+02
1.755646456619725200e+02 1.761175034106789781e+02
1.804414413838326539e+02 1.810079554198451319e+02
1.853182371356444946e+02 1.858983291914572646e+02
1.901950328602324589e+02 1.907886256481998544e+02
1.950718285821481004e+02 1.956788457145077587e+02
1.999486242911327167e+02 2.005689902211178435e+02
2.048254200533693279e+02 2.054590600160012173e+02
2.097022158225819908e+02 2.103490559523485217e+02
2.145790115977810615e+02 2.152389788808976334e+02
2.194558073080015674e+02 2.201288295245337281e+02
2.243326030918485117e+02 2.250186087234680201e+02
2.292093988094549672e+02 2.299083172768822578e+02
2.340861945810004272e+02 2.347979559597313255e+02
2.389629903424826693e+02 2.396875255779810914e+02
2.438397860603380423e+02 2.445770268374701857e+02
2.487165817727366175e+02 2.494664604576644820e+02
2.535933775245590027e+02 2.543558271747085371e+02
2.584701732368449143e+02 2.592451276217010445e+02
2.633469689496018304e+02 2.641343626265730222e+02
2.682237646864788871e+02 2.690235328187670802e+02
2.731005604872224239e+02 2.739126388879311662e+02
2.779773562187752418e+02 2.788016814731063278e+02
2.828541519674412257e+02 2.836906612081073717e+02
2.877309477408900875e+02 2.885795788245442282e+02
2.926077434574951894e+02 2.934684349247961563e+02
2.974845392426842636e+02 2.983572301165432918e+02
3.023613349842747198e+02 3.032459650318447189e+02
3.072381307323695410e+02 3.081346402602382568e+02
3.121149264431146548e+02 3.130232564022845736e+02
3.169917222515858839e+02 3.179118141065548571e+02
3.218685179634510405e+02 3.228003138220125265e+02
3.267453136727418723e+02 3.276887563108974746e+02
3.316221093818074905e+02 3.325771420021752647e+02
3.364989051069363768e+02 3.374654714041455463e+02
3.413757008469155494e+02 3.423537451596151300e+02
3.462524965572172277e+02 3.472419638986453947e+02
3.511292923839619675e+02 3.521301280257761732e+02
3.560060881371368282e+02 3.570182380910279107e+02
3.608828838432262955e+02 3.619062945413623993e+02
3.657596795499181326e+02 3.667942979479388441e+02
3.706364752849738124e+02 3.716822487865610469e+02
3.755132710249688444e+02 3.765701475675866732e+02
3.803900667619139995e+02 3.814579948120742756e+02
3.852668625147571220e+02 3.863457909210517869e+02
3.901436582268105440e+02 3.912335365365995585e+02
3.950204539739987695e+02 3.961212320163050435e+02
3.998972497160529542e+02 4.010088777508885300e+02
4.047740455615686415e+02 4.058964743022748962e+02
4.096508412690578211e+02 4.107840221212608185e+02
4.145276369788014108e+02 4.156715215372534544e+02
4.194044328240100867e+02 4.205589730283579684e+02
4.242812285732975965e+02 4.254463771994402919e+02
4.291580243345229633e+02 4.303337342446232014e+02
4.340348200607389799e+02 4.352210447072236548e+02
4.389116157836987213e+02 4.401083089233210330e+02
4.437884114978223806e+02 4.449955272969227735e+02
4.486652072445347130e+02 4.498827003201230355e+02
4.535420031119618898e+02 4.547698282695407670e+02
4.584187988273127985e+02 4.596569117550903911e+02
4.632955946583185778e+02 4.645439508963313529e+02
4.681723903751628768e+02 4.694309462328150175e+02
4.730491860950529599e+02 4.743178981141858230e+02
4.779259818407155649e+02 4.792048070169272478e+02
4.828027775634984664e+02 4.840916730706576914e+02
4.876795733276199485e+02 4.889784967438245076e+02
4.925563690987171981e+02 4.938652783964737409e+02
4.974331648950322915e+02 4.987520184900224649e+02
5.023099606574663767e+02 5.036387171882120128e+02
5.071867565254588044e+02 5.085253751246893330e+02
5.120635524272191788e+02 5.134119922990378200e+02
5.169403481612310998e+02 5.182985691839904803e+02
5.218171440424530374e+02 5.231851061927166029e+02
5.266939397932653719e+02 5.280716035886258624e+02
5.315707355755447452e+02 5.329580616296403832e+02
5.364475313222454815e+02 5.378444807135567771e+02
5.413243270489199404e+02 5.427308611234666387e+02
5.462011229643089791e+02 5.476172031603280175e+02
5.510779187689028049e+02 5.525035071536801752e+02
5.559547144873614570e+02 5.573897734372529840e+02
5.608315102724266126e+02 5.622760023435290577e+02
5.657083061253224514e+02 5.671621940031316171e+02
5.705851020034936028e+02 5.720483489843928737e+02
5.754618978553171473e+02 5.769344674137623770e+02
5.803386937470916109e+02 5.818205495585441440e+02
5.852154894616385263e+02 5.867065956561069697e+02
5.900922851725421197e+02 5.915926060133047031e+02
5.949690808845347192e+02 5.964785809295608487e+02
5.998458767756351335e+02 6.013645208146689356e+02
6.047226724832618174e+02 6.062504257514187884e+02
6.095994683939095466e+02 6.111362960775647934e+02
6.144762642243931623e+02 6.160221321350313701e+02
6.193530601132598576e+02 6.209079341118656430e+02
6.242298558529234924e+02 6.257937021302179801e+02
6.291066515622569568e+02 6.306794366315681373e+02
6.339834474454114570e+02 6.355651379483047094e+02
6.388602433817391102e+02 6.404508062060787097e+02
6.437370393425703696e+02 6.453364414751029017e+02
6.486138352751542016e+02 6.502220440855212473e+02
6.534906311891804762e+02 6.551076144893027049e+02
6.583674271126760686e+02 6.599931527763956183e+02
6.632442230389208362e+02 6.648786590708984932e+02
6.681210189484888815e+02 6.697641338613283324e+02
6.729978147962344792e+02 6.746495772471566852e+02
6.778746106028435179e+02 6.795349893580442995e+02
6.827514064314239022e+02 6.844203707201393172e+02
6.876282021465860907e+02 6.893057211091036152e+02
6.925049980992134806e+02 6.941910412396207448e+02
6.973817938733129722e+02 6.990763309408819168e+02
7.022585896996229167e+02 7.039615904560087074e+02
7.071353854540636803e+02 7.088468202192269700e+02
7.120121813946423117e+02 7.137320204548464062e+02
7.168889772850445752e+02 7.186171912051836443e+02
7.217657731746105583e+02 7.235023328304403094e+02
7.266425688792221536e+02 7.283874453625753631e+02
7.315193645849876702e+02 7.332725290371445226e+02
7.363961604681820745e+02 7.381575842017462037e+02
7.412729562829368888e+02 7.430426107653003100e+02
7.461497520201826319e+02 7.479276092355869423e+02
7.510265479799400055e+02 7.528125796717711182e+02
7.559033438718121261e+02 7.576975222885256471e+02
7.607801395897688508e+02 7.625824372732051870e+02
7.656569353623935967e+02 7.674673245624941273e+02
7.705337311105080289e+02 7.723521847789095318e+02
7.754105268601138050e+02 7.772370177494667587e+02
7.802873226217029696e+02 7.821218240444524099e+02
