0.000000000000000000e+00 0.000000000000000000e+00
4.881396433819445768e+00 4.891636174617929989e+00
9.762792868435067106e+00 9.783227500240590402e+00
1.464418930346390368e+01 1.467477437322815170e+01
1.952558573864983060e+01 1.956627718065997712e+01
2.440698217292380434e+01 2.445773631088767530e+01
2.928837861672729304e+01 2.934915214311477172e+01
3.416977505114464009e+01 3.424052505757066456e+01
3.905117150087829714e+01 3.913185541990639393e+01
4.393256793588504650e+01 4.402314360179524044e+01
4.881396437023639123e+01 4.891438994576461141e+01
5.369536081048244114e+01 5.380559483639453333e+01
5.857675725071716499e+01 5.869675859924305428e+01
6.345815369380132864e+01 6.358788158978309468e+01
6.833955013110865195e+01 6.847896415785541535e+01
7.322094656853747097e+01 7.337000663879135232e+01
7.810234300548782471e+01 7.826100938372444205e+01
8.298373947399429085e+01 8.315197270665966300e+01
8.786513592749187751e+01 8.804289691725860223e+01
9.274653239026943652e+01 9.293378235201655002e+01
9.762792883749663986e+01 9.782462933396402605e+01
1.025093252864657245e+02 1.027154381599461033e+02
1.073907217385557544e+02 1.076062091737342428e+02
1.122721181962902790e+02 1.124969426628762363e+02
1.171535146484887662e+02 1.173876389232649160e+02
1.220349111113379479e+02 1.222782982648685390e+02
1.269163075960960896e+02 1.271689209588900269e+02
1.317977040338233508e+02 1.320595073259860897e+02
1.366791004850187505e+02 1.369500576238697818e+02
1.415604969708774377e+02 1.418405721621894031e+02
1.464418934126724139e+02 1.467310512122975865e+02
1.513232898749287472e+02 1.516214950556318399e+02
1.562046863110026038e+02 1.565119040257299616e+02
1.610860828046319284e+02 1.614022783380394230e+02
1.659674792757995760e+02 1.662926182264897079e+02
1.708488757171244856e+02 1.711829240041596449e+02
1.757302721519718887e+02 1.760731959090965688e+02
1.806116686224754915e+02 1.809634342503698008e+02
1.854930651337758718e+02 1.858536392049359449e+02
1.903744616013984796e+02 1.907438110870778871e+02
1.952558581179207522e+02 1.956339501483649315e+02
2.001372546280294387e+02 2.005240565939841701e+02
2.050186510664989896e+02 2.054141307359932966e+02
2.099000475742614924e+02 2.103041727533889116e+02
2.147814440876547053e+02 2.151941828705545561e+02
2.196628406097617017e+02 2.200841613715053882e+02
2.245442370592290331e+02 2.249741084920192975e+02
2.294256335273947798e+02 2.298640244354123752e+02
2.343070300437490516e+02 2.347539094250887786e+02
2.391884264982430182e+02 2.396437637544189556e+02
2.440698229663873065e+02 2.445335876169939979e+02
2.489512194246717911e+02 2.494233811481284135e+02
2.538326158769331755e+02 2.543131447138480894e+02
2.587140123271572065e+02 2.592028784434308477e+02
2.635954087777811310e+02 2.640925824774388389e+02
2.684768052412218822e+02 2.689822571676616576e+02
2.733582017512097195e+02 2.738719026112345318e+02
2.782395982008412147e+02 2.787615190857921448e+02
2.831209947063688332e+02 2.836511068042796637e+02
2.880023911910089396e+02 2.885406659617756304e+02
2.928837876428940490e+02 2.934301967633722370e+02
2.977651841207092502e+02 2.983196994205671899e+02
3.026465805944145586e+02 3.032091740943275795e+02
3.075279770431918109e+02 3.080986209631018937e+02
3.124093734918519658e+02 3.129880401738394085e+02
3.172907699402204571e+02 3.178774320519728462e+02
3.221721663880724691e+02 3.227667967136745801e+02
3.270535629149522947e+02 3.276561343752219955e+02
3.319349594346886079e+02 3.325454452091218513e+02
3.368163560055118069e+02 3.374347293971686668e+02
3.416977525655565842e+02 3.423239871042072764e+02
3.465791490690883165e+02 3.472132184114906295e+02
3.514605456355776596e+02 3.521024236664936211e+02
3.563419421304597563e+02 3.569916029937149347e+02
3.612233385844695022e+02 3.618807565827687540e+02
3.661047350310834645e+02 3.667698844692727675e+02
3.709861315045167203e+02 3.716589870226868015e+02
3.758675279928473856e+02 3.765480642044357751e+02
3.807489244379302704e+02 3.814371163272381864e+02
3.856303208846716188e+02 3.863261434795467721e+02
3.905117173294713666e+02 3.912151459761655587e+02
3.953931138704880937e+02 3.961041237530977241e+02
4.002745103475092492e+02 4.009930771758467927e+02
4.051559069416367720e+02 4.058820063120606392e+02
4.100373034133601777e+02 4.107709113837267410e+02
4.149186999151355622e+02 4.156597923961959395e+02
4.198000963880670611e+02 4.205486495347209939e+02
4.246814928668007951e+02 4.254374830229255622e+02
4.295628893212228832e+02 4.303262930538402316e+02
4.344442857853868531e+02 4.352150796538389841e+02
4.393256822459758268e+02 4.401038430624831790e+02
4.442070786979466561e+02 4.449925834098739870e+02
4.490884751467467026e+02 4.498813008924705059e+02
4.539698715925597980e+02 4.547699954920258278e+02
4.588512681190039189e+02 4.596586676284057376e+02
4.637326646977326732e+02 4.645473171343573995e+02
4.686140611857474596e+02 4.694359443060195076e+02
4.734954576351435094e+02 4.743245492612462044e+02
4.783768541197586615e+02 4.792131321338227394e+02
4.832582506100976616e+02 4.841016930857042553e+02
4.881396470628180850e+02 4.889902322642801096e+02
4.930210435697780440e+02 4.938787498180662965e+02
4.979024400127835293e+02 4.987672458170515029e+02
5.027838364955417205e+02 5.036557203597209309e+02
5.076652330430687243e+02 5.085441735809792476e+02
5.125466295222425970e+02 5.134326056832561562e+02
5.174280261378241903e+02 5.183210169047426916e+02
5.223094227039049429e+02 5.232094070619883723e+02
5.271908192760416796e+02 5.280977765850877859e+02
5.320722159329319538e+02 5.329861254930474388e+02
5.369536124157990571e+02 5.378744537745091066e+02
5.418350089358859805e+02 5.427627617027720817e+02
5.467164055764110344e+02 5.476510492687477836e+02
5.515978021258506487e+02 5.525393166729373888e+02
5.564791985848804643e+02 5.574275640708103765e+02
5.613605951174786242e+02 5.623157916373110083e+02
5.662419917133177023e+02 5.672039992507883426e+02
5.711233883316388074e+02 5.720921873987356321e+02
5.760047849127740847e+02 5.769803558146386422e+02
5.808861814870074340e+02 5.818685047827603967e+02
5.857675779374372951e+02 5.867566344268475405e+02
5.906489743863238573e+02 5.916447447818981118e+02
5.955303709114031108e+02 5.965328361139160052e+02
6.004117675337412265e+02 6.014209084252917137e+02
6.052931640457329650e+02 6.063089619090402493e+02
6.101745604874539595e+02 6.111969964176284975e+02
6.150559570273435384e+02 6.160850123230607096e+02
6.199373536310772579e+02 6.209730096860536150e+02
6.248187500716619525e+02 6.258609884412285282e+02
6.297001466500748847e+02 6.307489489207360975e+02
6.345815432499340432e+02 6.356368910806498889e+02
6.394629399352495511e+02 6.405248151948394479e+02
6.443443366324155477e+02 6.454127211047075434e+02
6.492257333013851621e+02 6.503006089942672361e+02
6.541071299338778999e+02 6.551884790523191668e+02
6.589885264319636917e+02 6.600763313342033598e+02
6.638699230794084087e+02 6.649641659196427099e+02
6.687513197011592183e+02 6.698519829643776120e+02
6.736327163152570847e+02 6.747397826124090443e+02
6.785141128472625951e+02 6.796275647912202658e+02
6.833955094436188347e+02 6.845153297378499246e+02
6.882769060972412944e+02 6.894030775630353673e+02
6.931583025492775505e+02 6.942908081452892475e+02
6.980396992355224484e+02 6.991785218043003169e+02
7.029210958940761884e+02 7.040662186899386370e+02
7.078024923500187242e+02 7.089538986071868294e+02
7.126838889160183044e+02 7.138415619473928473e+02
7.175652856134153126e+02 7.187292086066574939e+02
7.224466820917033374e+02 7.236168387212875359e+02
7.273280785343436037e+02 7.285044522240232254e+02
7.322094751976542284e+02 7.333920495312693220e+02
7.370908716700716923e+02 7.382796303864834044e+02
7.419722682197091217e+02 7.431671949517300391e+02
7.468536646780862611e+02 7.480547436745343930e+02
7.517350612589198136e+02 7.529422761159412403e+02
7.566164578806912004e+02 7.578297928223386180e+02
7.614978543701066656e+02 7.627172936189481334e+02
7.663792508767517120e+02 7.676047786996214199e+02
7.712606473627233754e+02 7.724922480474068607e+02
7.761420438525516374e+02 7.773797018252600992e+02
7.810234403552658478e+02 7.822671400970777995e+02
