0.000000000000000000e+00 0.000000000000000000e+00
4.878180557125627814e+00 4.891636174750163768e+00
9.756361115836664766e+00 9.783195036401513889e+00
1.463454167441787490e+01 1.467467747870760064e+01
1.951272223524356519e+01 1.956608437717747151e+01
2.439090280043468439e+01 2.445741659668050261e+01
2.926908335842468034e+01 2.934867498642238814e+01
3.414726391613888268e+01 3.423986037979621244e+01
3.902544447414118167e+01 3.913097359921117402e+01
4.390362504999416160e+01 4.402201544637514985e+01
4.878180561587412001e+01 4.891298670713332797e+01
5.365998618002878118e+01 5.380388818123221739e+01
5.853816674580590984e+01 5.869472062385173672e+01
6.341634731182313800e+01 6.358548477338254656e+01
6.829452787106671963e+01 6.847618138555145606e+01
7.317270845250860134e+01 7.336681118932578727e+01
7.805088901544428381e+01 7.825737491797471534e+01
8.292906958260525130e+01 8.314787326852177785e+01
8.780725015808519629e+01 8.803830693073368252e+01
9.268543073801961896e+01 9.292867656760127204e+01
9.756361130404121695e+01 9.781898287531851111e+01
1.024417918792624675e+02 1.027092265016744363e+02
1.073199724495634655e+02 1.075994081256529569e+02
1.121981530250434957e+02 1.124895283714575953e+02
1.170763336204381346e+02 1.173795878676903044e+02
1.219545142063256264e+02 1.222695872391832381e+02
1.268326947710087325e+02 1.271595270838196114e+02
1.317108753497734881e+02 1.320494080485523796e+02
1.365890559525859658e+02 1.369392306603946281e+02
1.414672365499332045e+02 1.418289955531766964e+02
1.463454171342754080e+02 1.467187032801379019e+02
1.512235977148994550e+02 1.516083544276533246e+02
1.561017783153081098e+02 1.564979495540862899e+02
1.609799589328004572e+02 1.613874892446118565e+02
1.658581395280429547e+02 1.662769739658179446e+02
1.707363201390006680e+02 1.711664042792155556e+02
1.756145007226566577e+02 1.760557807224622593e+02
1.804926813053763794e+02 1.809451038257744244e+02
1.853708618910332575e+02 1.858343740874153411e+02
1.902490424782174046e+02 1.907235920054539520e+02
1.951272231185073167e+02 1.956127581224671985e+02
2.000054036840581375e+02 2.005018728644337216e+02
2.048835842508628957e+02 2.053909367647142403e+02
2.097617648483025050e+02 2.102799503021531109e+02
2.146399454848551329e+02 2.151689139007016536e+02
2.195181261294083868e+02 2.200578280147238388e+02
2.243963067148622486e+02 2.249466931836246317e+02
2.292744873114415043e+02 2.298355097687013426e+02
2.341526679385180216e+02 2.347242782174390072e+02
2.390308485545238568e+02 2.396129990018939679e+02
2.439090291802779689e+02 2.445016725464232650e+02
2.487872097537518812e+02 2.493902993386901699e+02
2.536653903267518899e+02 2.542788797494720257e+02
2.585435709148365504e+02 2.591674141821999910e+02
2.634217514961704865e+02 2.640559030319716953e+02
2.682999320928980183e+02 2.689443466872245949e+02
2.731781127413713079e+02 2.738327456342665300e+02
2.780562933150824847e+02 2.787211001521141043e+02
2.829344739318745496e+02 2.836094107255131007e+02
2.878126545043777469e+02 2.884976776944283188e+02
2.926908351836376596e+02 2.933859014516311277e+02
2.975690157878008222e+02 2.982740823828536918e+02
3.024471963595370312e+02 3.031622208308758673e+02
3.073253769315381305e+02 3.080503171693777631e+02
3.122035575126402591e+02 3.129383717276980406e+02
3.170817380914184582e+02 3.178263848698501874e+02
3.219599186644315978e+02 3.227143569357174329e+02
3.268380992576473432e+02 3.276022883721678909e+02
3.317162799308065360e+02 3.324901794510311674e+02
3.365944605051338954e+02 3.373780304131275329e+02
3.414726410968458481e+02 3.422658416852051460e+02
3.463508216722629527e+02 3.471536136173685918e+02
3.512290023600908171e+02 3.520413464675083901e+02
3.561071829758218428e+02 3.569290405893084994e+02
3.609853635650069918e+02 3.618166963828800249e+02
3.658635441334704410e+02 3.667043140339964111e+02
3.707417247297875633e+02 3.715918938146207893e+02
3.756199053330356605e+02 3.764794361486127059e+02
3.804980859314578652e+02 3.813669412983924758e+02
3.853762665015391349e+02 3.862544095317449546e+02
3.902544470690832554e+02 3.911418412479468429e+02
3.951326277157547793e+02 3.960292366359514062e+02
4.000108083178628249e+02 4.009165960052110904e+02
4.048889890279709789e+02 4.058039195941794901e+02
4.097671695990775333e+02 4.106912078217177964e+02
4.146453501700367497e+02 4.155784608809581187e+02
4.195235308437215735e+02 4.204656789405172503e+02
4.244017114803139634e+02 4.253528623389994436e+02
4.292798921234746672e+02 4.302400114749685258e+02
4.341580727108040492e+02 4.351271265350109161e+02
4.390362533267926892e+02 4.400142077096801927e+02
4.439144339020746770e+02 4.449012552660580013e+02
4.487926144740260952e+02 4.497882695152524661e+02
4.536707950415011510e+02 4.546752506305857651e+02
4.585489756181244729e+02 4.595621989368704590e+02
4.634271562799985986e+02 4.644491146980915346e+02
4.683053368556662690e+02 4.693359981409205375e+02
4.731835174281977743e+02 4.742228494260949674e+02
4.780616980390772710e+02 4.791096689000888773e+02
4.829398787907881569e+02 4.839964567137457152e+02
4.878180593652323296e+02 4.888832132305515188e+02
4.926962399999963509e+02 4.937699386789364553e+02
4.975744205802624265e+02 4.986566330382750607e+02
5.024526011966621013e+02 5.035432967332143335e+02
5.073307819024657874e+02 5.084299300358568985e+02
5.122089624770911769e+02 5.133165330556669232e+02
5.170871430523063736e+02 5.182031059558972856e+02
5.219653237773778756e+02 5.230896491280628879e+02
5.268435043866547858e+02 5.279761626232253775e+02
5.317216849502431160e+02 5.328626468547060995e+02
5.365998655551379670e+02 5.377491018136684033e+02
5.414780463359614942e+02 5.426355278563967204e+02
5.463562271077921650e+02 5.475219249772596868e+02
5.512344077710610009e+02 5.524082935290276737e+02
5.561125885213841684e+02 5.572946337188980124e+02
5.609907692316955945e+02 5.621809458581328727e+02
5.658689499471699946e+02 5.670672299650037758e+02
5.707471306868076226e+02 5.719534861654985889e+02
5.756253113972310302e+02 5.768397149390450522e+02
5.805034921782879564e+02 5.817259163080112785e+02
5.853816727825662838e+02 5.866120905068904676e+02
5.902598533522946127e+02 5.914982375403967580e+02
5.951380340963902427e+02 5.963843577966912335e+02
6.000162148441361296e+02 6.012704513929686527e+02
6.048943954113104837e+02 6.061565184291398509e+02
6.097725759860775270e+02 6.110425592736587532e+02
6.146507566727575522e+02 6.159285737999794037e+02
6.195289372504150833e+02 6.208145624811254493e+02
6.244071178461422278e+02 6.257005253201702999e+02
6.292852984319928282e+02 6.305864624941045804e+02
6.341634791732947178e+02 6.354723742480689452e+02
6.390416599721975217e+02 6.403582607300301106e+02
6.439198407933071167e+02 6.452441222093647184e+02
6.487980215860691260e+02 6.501299586531765726e+02
6.536762023557050725e+02 6.550157704288823197e+02
6.585543831917254920e+02 6.599015575163490439e+02
6.634325639711322538e+02 6.647873202412082492e+02
6.683107446376880034e+02 6.696730586913945444e+02
6.731889254424202136e+02 6.745587729265448615e+02
6.780671060998682833e+02 6.794444632085824196e+02
6.829452867590266578e+02 6.843301295505677899e+02
6.878234673380045479e+02 6.892157722194098142e+02
6.927016481089599438e+02 6.941013915072683176e+02
6.975798288123258999e+02 6.989869871608990479e+02
7.024580094434168132e+02 7.038725598688312175e+02
7.073361900255165438e+02 7.087581094653584159e+02
7.122143707674056259e+02 7.136436361138206621e+02
7.170925515285562142e+02 7.185291399167148256e+02
7.219707321338589736e+02 7.234146210519450051e+02
7.268489126996937557e+02 7.283000795215489234e+02
7.317270933600066201e+02 7.331855157986527729e+02
7.366052739629817552e+02 7.380709298281532256e+02
7.414834546372962905e+02 7.429563217406953299e+02
7.463616352779824865e+02 7.478416915430539120e+02
7.512398158781272741e+02 7.527270394927738835e+02
7.561179966266128076e+02 7.576123659723970150e+02
7.609961772183760331e+02 7.624976707800979057e+02
7.658743578512147678e+02 7.673829542534232360e+02
7.707525384607556589e+02 7.722682164570843497e+02
7.756307190724608063e+02 7.771534574870196366e+02
7.805088996961467274e+02 7.820386774885691921e+02
