0.000000000000000000e+00 0.000000000000000000e+00
4.880313353252596187e+00 4.891636174644554025e+00
9.760626707258870383e+00 9.783217553302822722e+00
1.464094006185485952e+01 1.467474467031403051e+01
1.952125341629997735e+01 1.956621804890809813e+01
2.440156677076790004e+01 2.445763821021013484e+01
2.928188012532515216e+01 2.934900566465872629e+01
3.416219347917297711e+01 3.424032091742559203e+01
3.904250683311513370e+01 3.913158446738590612e+01
4.392282019834352269e+01 4.402279679956576075e+01
4.880313355236252448e+01 4.891395838858763057e+01
5.368344691249150458e+01 5.380506974013898969e+01
5.856376028012678603e+01 5.869613130196988493e+01
6.344407364279661010e+01 6.358714351514100827e+01
6.832438699922627734e+01 6.847810685900284966e+01
7.320470036366668865e+01 7.336902178257264495e+01
7.808501372091348003e+01 7.825988874120994865e+01
8.296532708397798217e+01 8.315070814943840105e+01
8.784564045592244952e+01 8.804148046867639721e+01
9.272595384304310073e+01 9.293220608125514559e+01
9.760626720286632008e+01 9.782288543395199554e+01
1.024865805607736320e+02 1.027135189224954104e+02
1.073668939273954095e+02 1.076041069899997069e+02
1.122472072992089807e+02 1.124946500188618188e+02
1.171275206924519807e+02 1.173851484023000751e+02
1.220078340931768111e+02 1.222756025371236319e+02
1.268881474977289372e+02 1.271660127949777461e+02
1.317684608661659240e+02 1.320563796017380582e+02
1.366487742608819076e+02 1.369467032797309685e+02
1.415290876446884454e+02 1.418369842225409059e+02
1.464094010418605762e+02 1.467272227956681263e+02
1.512897144029038543e+02 1.516174194103213040e+02
1.561700277704542543e+02 1.565075743520453386e+02
1.610503411836833152e+02 1.613976880517515724e+02
1.659306545746275674e+02 1.662877607713451766e+02
1.708109679353161994e+02 1.711777928857449069e+02
1.756912813340883588e+02 1.760677847476184184e+02
1.805715947124370473e+02 1.809577367092267366e+02
1.854519081085792891e+02 1.858476490690041203e+02
1.903322215026902882e+02 1.907375221983562881e+02
1.952125349388643372e+02 1.956273564031450860e+02
2.000928483602874906e+02 2.005171520225032111e+02
2.049731617803675476e+02 2.054069093026193968e+02
2.098534751404251608e+02 2.102966285755062472e+02
2.147337885734237943e+02 2.151863101680640398e+02
2.196141020134649580e+02 2.200759543824347588e+02
2.244944154174509947e+02 2.249655615412414136e+02
2.293747288624109899e+02 2.298551318812285444e+02
2.342550422999562159e+02 2.347446657900877085e+02
2.391353557118013100e+02 2.396341634615409646e+02
2.440156690724062969e+02 2.445236252800368391e+02
2.488959824419125653e+02 2.494130514001234644e+02
2.537762958110868681e+02 2.543024421980512670e+02
2.586566092006486315e+02 2.591917979786771298e+02
2.635369225889758127e+02 2.640811188965975020e+02
2.684172359723643240e+02 2.689704053536746642e+02
2.732975493427105107e+02 2.738596575244843621e+02
2.781778627237939645e+02 2.787488757084339568e+02
2.830581760965750391e+02 2.836380601633128435e+02
2.879384894652307594e+02 2.885272110918772910e+02
2.928188029079785792e+02 2.934163288172983926e+02
2.976991162829973518e+02 2.983054135987439395e+02
3.025794296798979985e+02 3.031944656239430742e+02
3.074597430480721414e+02 3.080834851768667022e+02
3.123400564258257646e+02 3.129724724723364488e+02
3.172203697955465600e+02 3.178614277936077883e+02
3.221006831645264583e+02 3.227503513556258099e+02
3.269809966340234269e+02 3.276392434272135574e+02
3.318613101065969886e+02 3.325281042176947039e+02
3.367416235046368911e+02 3.374169339286368654e+02
3.416219368714494067e+02 3.423057327300366524e+02
3.465022502474995463e+02 3.471945009463643146e+02
3.513825637328382072e+02 3.520832387742424316e+02
3.562628771477700980e+02 3.569719464628339551e+02
3.611431905109944864e+02 3.618606242003822899e+02
3.660235038764183173e+02 3.667492721977680503e+02
3.709038172690392230e+02 3.716378906343666131e+02
3.757841306746842065e+02 3.765264798372749624e+02
3.806644440381202230e+02 3.814150398821551562e+02
3.855447574675756641e+02 3.863035710790586563e+02
3.904250708824098410e+02 3.911920735621546896e+02
3.953053843231983819e+02 3.960805476387354247e+02
4.001856977231237806e+02 4.009689934117426446e+02
4.050660112343017545e+02 4.058574110939056254e+02
4.099463246065701014e+02 4.107458008561112592e+02
4.148266380399178956e+02 4.156341629367241239e+02
4.197069514384838840e+02 4.205224973959278714e+02
4.245872648057667789e+02 4.254108046122887004e+02
4.294675781796069600e+02 4.302990846869595316e+02
4.343478915672211542e+02 4.351873378211769818e+02
4.392282049577352154e+02 4.400755641553552096e+02
4.441085183291290264e+02 4.449637638691323218e+02
4.489888316973253382e+02 4.498519372301344674e+02
4.538691451397333481e+02 4.547400843248203159e+02
4.587494585126142397e+02 4.596282053433034207e+02
4.636297719960588211e+02 4.645163005411229733e+02
4.685100853670696779e+02 4.694043699877180416e+02
4.733903987358370955e+02 4.742924139477486847e+02
4.782707121439115667e+02 4.791804325358374967e+02
4.831510255596977004e+02 4.840684258854194582e+02
4.880313389298420361e+02 4.889563942778922865e+02
4.929116523622179784e+02 4.938443378878358772e+02
4.977919657578844976e+02 4.987322568601982198e+02
5.026722791620222779e+02 5.036201511813386560e+02
5.075525925582401783e+02 5.085080210769839368e+02
5.124329059240353672e+02 5.133958669015228224e+02
5.173132192948291959e+02 5.182836884673407667e+02
5.221935327917061613e+02 5.231714861911502794e+02
5.270738461846733571e+02 5.280592601180007932e+02
5.319541596188240646e+02 5.329470106091388288e+02
5.368344730222123644e+02 5.378347375290275068e+02
5.417147864067256933e+02 5.427224411266676043e+02
5.465950999693314998e+02 5.476101215420433164e+02
5.514754134336640163e+02 5.524977790393348869e+02
5.563557268237379958e+02 5.573854136357574589e+02
5.612360402733505680e+02 5.622730255641351960e+02
5.661163537874286931e+02 5.671606149824890508e+02
5.709966673244714457e+02 5.720481818263984906e+02
5.758769808271334796e+02 5.769357263161464289e+02
5.807572943602613122e+02 5.818232487920848826e+02
5.856376077303132206e+02 5.867107491007518547e+02
5.905179211175141063e+02 5.915982275777785162e+02
5.953982346021582543e+02 5.964856843431427933e+02
6.002785481411733599e+02 6.013731195123875750e+02
6.051588616254218778e+02 6.062605331928582473e+02
6.100391749908894781e+02 6.111479254119549296e+02
6.149194884601754438e+02 6.160352963834161528e+02
6.197998018257815147e+02 6.209226462226934018e+02
6.246801151854249383e+02 6.258099752804146192e+02
6.295604285495426211e+02 6.306972834017331024e+02
6.344407420760312561e+02 6.355845707544506240e+02
6.393210556768750621e+02 6.404718374736615942e+02
6.442013692937659926e+02 6.453590837259189357e+02
6.490816828821948548e+02 6.502463096504536679e+02
6.539619964373428047e+02 6.551335154095027065e+02
6.588423097997757623e+02 6.600207010445212745e+02
6.637226233701253477e+02 6.649078665444203580e+02
6.686029367319853236e+02 6.697950123550131138e+02
6.734832503117727356e+02 6.746821382329725338e+02
6.783635638189598467e+02 6.795692444425228587e+02
6.832438773745122944e+02 6.844563311313414715e+02
6.881241907504324899e+02 6.893433984463306388e+02
6.930045041648894539e+02 6.942304464041280880e+02
6.978848175437615282e+02 6.991174752490233004e+02
7.027651309290334893e+02 7.040044850961331804e+02
7.076454445440280097e+02 7.088914758150733633e+02
7.125257579426138363e+02 7.137784477404921972e+02
7.174060714446435441e+02 7.186654008674186116e+02
7.222863848567308196e+02 7.235523353453713753e+02
7.271666983084999174e+02 7.284392513839591174e+02
7.320470119006197365e+02 7.333261490111558487e+02
7.369273253140607949e+02 7.382130282560231080e+02
7.418076387816761326e+02 7.430998893336976607e+02
7.466879523948578026e+02 7.479867322761449486e+02
7.515682659802259877e+02 7.528735570414419271e+02
7.564485795211900268e+02 7.577603639135519416e+02
7.613288929589118652e+02 7.626471528279821541e+02
7.662092063861266524e+02 7.675339241148221845e+02
7.710895197914841219e+02 7.724206779233148836e+02
7.759698332004351187e+02 7.773074141447283409e+02
7.808501467257385684e+02 7.821941327658075807e+02
