0.000000000000000000e+00 0.000000000000000000e+00 0.000000000000000000e+00 0.000000000000000000e+00 0.000000000000000000e+00 0.000000000000000000e+00 0.000000000000000000e+00 0.000000000000000000e+00 0.000000000000000000e+00
0.000000000000000000e+00 4.162107482923900648e+00 5.754059055901453945e+00 5.754059055901453945e+00 5.754059055901453945e+00 5.754059055901453945e+00 5.754059055901453945e+00 5.754059055901453945e+00 5.754059055901453945e+00
0.000000000000000000e+00 6.818602652651508222e+00 1.025611220275090751e+01 1.126045841223791832e+01 1.150811811360095938e+01 1.150811811360095938e+01 1.150811811360095938e+01 1.150811811360095938e+01 1.150811811360095938e+01
0.000000000000000000e+00 8.740554357573390831e+00 1.381359931267689589e+01 1.608738569074942859e+01 1.698987993780043126e+01 1.722119876203941047e+01 1.726217717003498819e+01 1.726217717003498819e+01 1.726217717003498819e+01
0.000000000000000000e+00 1.023568156370688875e+01 1.669850331566822987e+01 2.022638018835993634e+01 2.200467095995705336e+01 2.272579934098804699e+01 2.295921187763718763e+01 2.300939137884461871e+01 2.301623623116657313e+01
0.000000000000000000e+00 1.145451800560570987e+01 1.909999399270423481e+01 2.377914685553004404e+01 2.650068777009483512e+01 2.788598919313758984e+01 2.849084444331256094e+01 2.870188479031417472e+01 2.875878200642951654e+01
0.000000000000000000e+00 1.248096778250600991e+01 2.114468397354118068e+01 2.685632453413382592e+01 3.050557504977712853e+01 3.263915335592386668e+01 3.375757289126386240e+01 3.426179225598813360e+01 3.445187369489733697e+01
0.000000000000000000e+00 1.336623868514094227e+01 2.291840827010557646e+01 2.955148521333151734e+01 3.407634125644053569e+01 3.697910564256250154e+01 3.869856562209806583e+01 3.961205648977537663e+01 4.003716151824183100e+01
0.000000000000000000e+00 1.414373876926308782e+01 2.448089613819977828e+01 3.193832083272881306e+01 3.727445420126073117e+01 4.093059976484251905e+01 4.329151156256591548e+01 4.469701248845031216e+01 4.545336892874258439e+01
0.000000000000000000e+00 1.483640497070544839e+01 2.587489340255354975e+01 3.407373241058101598e+01 4.015602873215537016e+01 4.453119196476184527e+01 4.754106917500556051e+01 4.948725227440267815e+01 5.065083649816946831e+01
0.000000000000000000e+00 1.546063267878491310e+01 2.713181141856212264e+01 3.600164340274699271e+01 4.276905183653393294e+01 4.782113096161191379e+01 5.146716344709990665e+01 5.397527664667038039e+01 5.559765169262547602e+01
0.000000000000000000e+00 1.602852969367602043e+01 2.827528974363667658e+01 3.775622210136169343e+01 4.515344533814187855e+01 5.083855045611889523e+01 5.509662414010632858e+01 5.816851960093877949e+01 6.027907043560492895e+01
0.000000000000000000e+00 1.654928158103172109e+01 2.932349965680091586e+01 3.936433950018974315e+01 4.734208266609653037e+01 5.361758711257260757e+01 5.845812366902724477e+01 6.208311934365899276e+01 6.469378109609203875e+01
0.000000000000000000e+00 1.703001588379004616e+01 3.029067274073249649e+01 4.084738059680534406e+01 4.936198927302310580e+01 5.618795168755485747e+01 6.157945597552885886e+01 6.573941768653834572e+01 6.884959611285646019e+01
0.000000000000000000e+00 1.747637056722241056e+01 3.118814066837627763e+01 4.222256814960005045e+01 5.123544600878030053e+01 5.857514968544844436e+01 6.448625565537375337e+01 6.915907730937992426e+01 7.275979379851926865e+01
0.000000000000000000e+00 1.789287970855277266e+01 3.202505913581929065e+01 4.350393173992321749e+01 5.298091751312737330e+01 6.080094981603937043e+01 6.720153178867118982e+01 7.236339789131771738e+01 7.644043368170821395e+01
0.000000000000000000e+00 1.828324245169457285e+01 3.280892259014635215e+01 4.470302270752695506e+01 5.461380200763713333e+01 6.288390749710457328e+01 6.974562816896273887e+01 7.537242529713262229e+01 7.990856304064712390e+01
