0.000000000000000000e+00 0.000000000000000000e+00 0.000000000000000000e+00 0.000000000000000000e+00 0.000000000000000000e+00 0.000000000000000000e+00 0.000000000000000000e+00 0.000000000000000000e+00 0.000000000000000000e+00
0.000000000000000000e+00 4.162107483218847825e+00 6.801382583460800824e+00 6.801382583460800824e+00 6.801382583460800824e+00 6.801382583460800824e+00 6.801382583460800824e+00 6.801382583460800824e+00 6.801382583460800824e+00
0.000000000000000000e+00 6.818602663980806611e+00 1.155289478262862701e+01 1.299525673862706299e+01 1.360276516294616300e+01 1.360276516294616300e+01 1.360276516294616300e+01 1.360276516294616300e+01 1.360276516294616300e+01
0.000000000000000000e+00 8.740554365730041297e+00 1.513760334590144652e+01 1.815295566593209742e+01 1.976987827818825139e+01 2.025273086711372983e+01 2.040414776182614887e+01 2.040414776182614887e+01 2.040414776182614887e+01
0.000000000000000000e+00 1.023568157192144135e+01 1.798476237559867741e+01 2.242127702580995674e+01 2.515670870285918426e+01 2.643904688645601553e+01 2.701168996576762993e+01 2.716712177691559305e+01 2.720553035595328595e+01
0.000000000000000000e+00 1.145451803055554940e+01 2.033134168979115231e+01 2.600259441889669176e+01 2.982421613838902275e+01 3.202726962679615497e+01 3.323114816971447283e+01 3.375083439589726453e+01 3.394887543631747207e+01
0.000000000000000000e+00 1.248096780422305230e+01 2.231948715091195368e+01 2.905996809768764422e+01 3.388483681615716137e+01 3.701687229774431387e+01 3.896188827462896143e+01 4.001295310384351467e+01 4.052505996463314375e+01
0.000000000000000000e+00 1.336623870642091205e+01 2.404005256369611487e+01 3.171307005417175873e+01 3.744759479503233024e+01 4.146515909960280055e+01 4.418505255435848511e+01 4.586668308750984835e+01 4.682593254118165049e+01
0.000000000000000000e+00 1.414373878807260532e+01 2.555412319447130898e+01 3.404855710518234702e+01 4.060383101763134306e+01 4.544447079682022661e+01 4.892793646219625003e+01 5.128225860184110729e+01 5.277803600620339353e+01
0.000000000000000000e+00 1.483640498736118829e+01 2.690449621620147624e+01 3.612979797291617956e+01 4.342645355710153865e+01 4.902416648167942981e+01 5.323712505816239116e+01 5.626825601401677801e+01 5.834781725607000169e+01
0.000000000000000000e+00 1.546063269950613162e+01 2.812219324298425960e+01 3.800392497685584203e+01 4.597283176040305364e+01 5.226472155477322445e+01 5.716356915726080246e+01 6.085349221037055401e+01 6.353240660770801185e+01
0.000000000000000000e+00 1.602852971567060081e+01 2.923034951645175283e+01 3.970665087368629997e+01 4.828810785609867651e+01 5.521685186857110494e+01 6.075563529512925243e+01 6.507491547954843725e+01 6.834792872469473934e+01
0.000000000000000000e+00 1.654928160878551680e+01 3.024663964621111489e+01 4.126552895283104760e+01 5.040802880922222329e+01 5.792243942827809633e+01 6.405646392036715042e+01 6.897079117620475586e+01 7.282026089478770814e+01
0.000000000000000000e+00 1.703001590774486118e+01 3.118484792797113414e+01 4.270217758123197882e+01 5.236116033608372078e+01 6.041592849494611528e+01 6.710340078322984425e+01 7.257733700522214804e+01 7.697900383144315128e+01
0.000000000000000000e+00 1.747637058919200470e+01 3.205591796465045462e+01 4.403382081840504725e+01 5.417056107489761985e+01 6.272569174595389541e+01 6.992832298790843026e+01 7.592732736440973440e+01 8.085398762179778487e+01
0.000000000000000000e+00 1.789287972864867271e+01 3.286867415992031027e+01 4.527437365575223538e+01 5.585503604209283424e+01 6.487520570445258272e+01 7.255828711259601960e+01 7.904972517613474281e+01 8.447345517138749926e+01
0.000000000000000000e+00 1.828324246429915689e+01 3.363032991058637577e+01 4.643521959421120471e+01 5.743007420165503163e+01 6.688401284075507647e+01 7.501623851083235195e+01 8.196981162149859301e+01 8.786324911669059645e+01
