0.000000000000000000e+00 0.000000000000000000e+00 0.000000000000000000e+00 0.000000000000000000e+00 0.000000000000000000e+00 0.000000000000000000e+00 0.000000000000000000e+00 0.000000000000000000e+00 0.000000000000000000e+00
0.000000000000000000e+00 4.162107493115348333e+00 6.635600710678914105e+00 6.635600710678914105e+00 6.635600710678914105e+00 6.635600710678914105e+00 6.635600710678914105e+00 6.635600710678914105e+00 6.635600710678914105e+00
0.000000000000000000e+00 6.818602667483832924e+00 1.134667737981092728e+01 1.272840762484059951e+01 1.327120143160130183e+01 1.327120143160130183e+01 1.327120143160130183e+01 1.327120143160130183e+01 1.327120143160130183e+01
0.000000000000000000e+00 8.740554374780515445e+00 1.492556077663815373e+01 1.783794451713526286e+01 1.933581722602497877e+01 1.977809776680385312e+01 1.990680215221914651e+01 1.990680215221914651e+01 1.990680215221914651e+01
0.000000000000000000e+00 1.023568159032215874e+01 1.777737746498566196e+01 2.208671724130757497e+01 2.466947895941697766e+01 2.586460075331770980e+01 2.637561521579104351e+01 2.651138095626377122e+01 2.654240289240294359e+01
0.000000000000000000e+00 1.145451803226005083e+01 2.013166450323879175e+01 2.566273254806874604e+01 2.931325982340900538e+01 3.139225072827380814e+01 3.249512820174358296e+01 3.296085440685039458e+01 3.313037834337217902e+01
0.000000000000000000e+00 1.248096780948074880e+01 2.212806191652165211e+01 2.872176665298732345e+01 3.336642290185382365e+01 3.634919392909795022e+01 3.816133792367766375e+01 3.912154582846502393e+01 3.957429863705935702e+01
0.000000000000000000e+00 1.336623871404081143e+01 2.385655710195464962e+01 3.137986891945310930e+01 3.693045903947701447e+01 4.078276759282962161e+01 4.334676622455313577e+01 4.490549370937505103e+01 4.577246424334869346e+01
0.000000000000000000e+00 1.414373879781964405e+01 2.537796043134242296e+01 3.372187150112127085e+01 4.009255876308638022e+01 4.475837557087588436e+01 4.807041949783066315e+01 5.027700093248024160e+01 5.165089642146483584e+01
0.000000000000000000e+00 1.483640499891131270e+01 2.673501665705344976e+01 3.581020855380916856e+01 4.292335247317369351e+01 4.834094122205944899e+01 5.237256197546450665e+01 5.523797015397641985e+01 5.717161663777052638e+01
0.000000000000000000e+00 1.546063271096641145e+01 2.795877771303539561e+01 3.769153015048763677e+01 4.547895265176173751e+01 5.158819354959101133e+01 5.629975746203309939e+01 5.981155168510605336e+01 6.232626824641284458e+01
0.000000000000000000e+00 1.602852972794998365e+01 2.907243664754030377e+01 3.940130251151475704e+01 4.780380476052489769e+01 5.454916620268475924e+01 5.989745373912937509e+01 6.403041564219611814e+01 6.712594755334131946e+01
0.000000000000000000e+00 1.654928162081515097e+01 3.009373118273574477e+01 4.096695740196577873e+01 4.993327139486293476e+01 5.726471354056602081e+01 6.320688528418008900e+01 6.792977662770388747e+01 7.159248200272075735e+01
0.000000000000000000e+00 1.703001592141293230e+01 3.103650540011024717e+01 4.241005955879321476e+01 5.189571012245268378e+01 5.976865261824887909e+01 6.626416294823057740e+01 7.154374020478891794e+01 7.575241922800201166e+01
0.000000000000000000e+00 1.747637060390610486e+01 3.191175643401922812e+01 4.374781614297645405e+01 5.371407224904668709e+01 6.208897452723108046e+01 6.910036662947433683e+01 7.490363824348776234e+01 7.963336980304839585e+01
0.000000000000000000e+00 1.789287974434623152e+01 3.272835539911268654e+01 4.499414504992202524e+01 5.540711336905800266e+01 6.424892693298436086e+01 7.174203965988152731e+01 7.803745680546307995e+01 8.326199374201344483e+01
0.000000000000000000e+00 1.828324248219686865e+01 3.349355599448367116e+01 4.616044305279095994e+01 5.699030659677706723e+01 6.626791765561088710e+01 7.421179834092390593e+01 8.096981806774809343e+01 8.666301767907775400e+01
