0.000000000000000000e+00 0.000000000000000000e+00
3.381664268960555830e-01 3.772313722456441809e-01
4.384617142722399663e+00 4.479728615329134911e+00
8.427293560973076580e+00 8.576931226084280269e+00
1.246942709919629344e+01 1.267245914969948295e+01
1.651127094782140503e+01 1.676636213049918567e+01
2.055241407964442146e+01 2.085916449715072574e+01
2.459314111433586447e+01 2.495041455721964496e+01
2.863377417589504148e+01 2.904009482794855757e+01
3.267400839503184784e+01 3.312814853551897443e+01
3.671360166966222494e+01 3.721410996902147872e+01
4.075223788686149362e+01 4.129873598602604545e+01
4.479001345718775440e+01 4.538143432631227370e+01
4.882755627017868250e+01 4.946300109193383321e+01
5.286434452779528215e+01 5.354390466379928171e+01
5.689996434181188789e+01 5.762361955921588219e+01
6.093575110567405773e+01 6.170355430709480515e+01
6.497001004614790531e+01 6.578068539502314138e+01
6.900383702400591801e+01 6.985651912529725394e+01
7.303685571821709743e+01 7.393048099817283969e+01
7.706834551878402806e+01 7.800117991561558028e+01
8.109946654694552137e+01 8.207383220802940116e+01
8.512917024539777344e+01 8.614532622150693442e+01
8.915841952376376867e+01 9.021427027778489105e+01
9.318670842239788499e+01 9.428186203380690245e+01
9.721373702189706023e+01 9.834713922285146737e+01
1.012400125093033125e+02 1.024108529647909478e+02
1.052650197597325530e+02 1.064730031544796702e+02
1.092892513401736068e+02 1.105340599574386431e+02
1.133127225299150780e+02 1.145968488318235927e+02
1.173347667024163883e+02 1.186598075368097227e+02
1.213556517657430192e+02 1.227257214151916003e+02
1.253747402319277171e+02 1.267888595559396236e+02
