0.000000000000000000e+00 0.000000000000000000e+00
3.427605225313010706e-01 3.418857167568374322e-01
3.527748134156872162e+00 3.526941167262905186e+00
7.727844291628960249e+00 7.726707284247725127e+00
1.192480164788457486e+01 1.192455709302876699e+01
1.611516428610039853e+01 1.611381534569708407e+01
2.030302369813463059e+01 2.030448104078967475e+01
2.449190620888796133e+01 2.449409261734213317e+01
2.868085721647818787e+01 2.868365882715885817e+01
3.286926900117460804e+01 3.287272430257124967e+01
3.705706536206933777e+01 3.706076625751110498e+01
4.124542992926444640e+01 4.124715013105478789e+01
4.543294790988338860e+01 4.543491613495598358e+01
4.962042207799547100e+01 4.962355478369882178e+01
5.380778964649385898e+01 5.381177769556026647e+01
5.799520822217834137e+01 5.799959219229484830e+01
6.218257796322770048e+01 6.218658664872867803e+01
6.636971607744840185e+01 6.637382437686039793e+01
7.055711439321859757e+01 7.056087961062310399e+01
7.474395623164973301e+01 7.474808615710090010e+01
7.893133337823260831e+01 7.893514165737707344e+01
8.311879638118169566e+01 8.312224304862786539e+01
8.730642134437350421e+01 8.730777949875556487e+01
9.149307646464711752e+01 9.149524574915878361e+01
9.568005735049449356e+01 9.568226438655952393e+01
9.986687746795149678e+01 9.987005516244062164e+01
1.040539419600683146e+02 1.040570137523967276e+02
1.082406467863269910e+02 1.082441922066210509e+02
1.124279884135583956e+02 1.124311835367945207e+02
1.166149046498777722e+02 1.166184825285191380e+02
1.208022188228315059e+02 1.208053950176187925e+02
1.249887488814610919e+02 1.249919711604065213e+02
1.291757276136503094e+02 1.291798352127755152e+02
1.333631186786598732e+02 1.333675069937725368e+02
1.375504563594590479e+02 1.375543522107758463e+02
1.417371316899149747e+02 1.417415831973877687e+02
1.459244675477805231e+02 1.459286300546104655e+02
1.501111780709807419e+02 1.501143631030842016e+02
1.542983436534495354e+02 1.543024415699153735e+02
1.584854475574431376e+02 1.584893005084154254e+02
1.626722460007896700e+02 1.626766065345028096e+02
1.668587204704008968e+02 1.668634767856019607e+02
1.710461960258625709e+02 1.710507042511967484e+02
1.752329678120459562e+02 1.752378867254672627e+02
1.794207803471328759e+02 1.794247546626691587e+02
1.836082892354500871e+02 1.836114313723928717e+02
1.877953704609652732e+02 1.877984058537193448e+02
1.919824320819596437e+02 1.919862049223757481e+02
1.961692644968810555e+02 1.961742413696703693e+02
