0.000000000000000000e+00 0.000000000000000000e+00
3.415030753851278078e-01 3.424588584818408776e-01
3.526530237595094430e+00 3.527706607697134178e+00
7.726951720269766177e+00 7.727739785579319509e+00
1.192090289681966730e+01 1.192249436938514862e+01
1.611193290330398753e+01 1.611199619665033111e+01
2.030164956089583939e+01 2.030291001208323820e+01
2.449065423863694235e+01 2.449264673023206740e+01
2.867939138712208802e+01 2.868223401856479526e+01
3.286835734846439294e+01 3.287194431211115386e+01
3.705632282766359253e+01 3.705991985104373754e+01
4.124455256487068056e+01 4.124814449489169021e+01
4.543234142961286182e+01 4.543640513488881538e+01
4.962040874993446948e+01 4.962431529732720037e+01
5.380764787279824191e+01 5.381179298278097889e+01
5.799465946947388062e+01 5.799980005542747108e+01
6.218251238356128852e+01 6.218564738240988277e+01
6.637003718491732229e+01 6.637232650508423148e+01
7.055731535527741016e+01 7.056013169670690388e+01
7.474464920638691012e+01 7.474772907374043029e+01
7.893211089389731683e+01 7.893530371483380748e+01
8.311934683095373089e+01 8.312320914548570272e+01
8.730649052325421167e+01 8.730894054988189623e+01
9.149362040657291573e+01 9.149658303818785043e+01
9.568093638591838612e+01 9.568424393406142769e+01
9.986778539924925724e+01 9.987141777868802706e+01
1.040547763474356628e+02 1.040583309818866127e+02
1.082417858595518112e+02 1.082452014906665738e+02
1.124287786973261660e+02 1.124322105238819631e+02
1.166159203284606747e+02 1.166193249607274822e+02
1.208030894410416778e+02 1.208065175081020612e+02
1.249905801567149410e+02 1.249946878468518747e+02
1.291775682483998651e+02 1.291801631073875285e+02
1.333647426968325931e+02 1.333672167345085882e+02
1.375513517643167347e+02 1.375543740981070755e+02
1.417382670932635165e+02 1.417419613171107358e+02
1.459252526255809244e+02 1.459290178484684475e+02
1.501120425803571266e+02 1.501158192226633332e+02
1.542992808887083243e+02 1.543032942914850878e+02
1.584863090839246524e+02 1.584910306007203644e+02
1.626730437473946154e+02 1.626780568156601134e+02
1.668602592677244161e+02 1.668660183382757225e+02
1.710474706525547504e+02 1.710537054437584743e+02
1.752342124903548495e+02 1.752409738792360940e+02
1.794210221081951033e+02 1.794280433096996603e+02
1.836077453020820371e+02 1.836145599467439524e+02
1.877945573034056110e+02 1.878020319927786659e+02
1.919818857192204575e+02 1.919890770100278701e+02
1.961694796872053530e+02 1.961755512205586456e+02
