0.000000000000000000e+00 0.000000000000000000e+00
3.186042344531108128e-01 3.186042344531108128e-01
4.505565395164828679e+00 4.505564666533445894e+00
8.683499373920973596e+00 8.683708347940033434e+00
1.285613748945822721e+01 1.285657093039897347e+01
1.702781245506169228e+01 1.702878497639580502e+01
2.119924416278379198e+01 2.120034854950713665e+01
2.537059870961067887e+01 2.537161804063538284e+01
2.954191916207917856e+01 2.954293142008733497e+01
3.371288938996767115e+01 3.371417488208905411e+01
3.788400653317217603e+01 3.788558437822865699e+01
4.205480295640211352e+01 4.205644086016661731e+01
4.622562125417874768e+01 4.622728944063588585e+01
5.039632548297094417e+01 5.039801985103308368e+01
5.456694147753029256e+01 5.456942694437618968e+01
5.873768683271318736e+01 5.874017788115484962e+01
6.290815590127837709e+01 6.291090626915364226e+01
6.707862035450106930e+01 6.708129822298951694e+01
7.124917467735049570e+01 7.125202126524845880e+01
7.541956535709620368e+01 7.542274780940206824e+01
7.958984787449949749e+01 7.959335530943667436e+01
8.376011203266051552e+01 8.376391998212972112e+01
8.793071162516815775e+01 8.793440222976350640e+01
9.210099877966909787e+01 9.210509961313167082e+01
9.627126263876147050e+01 9.627535037618437741e+01
1.004415403740827486e+02 1.004457436242068979e+02
1.046118241263577033e+02 1.046158530175037527e+02
1.087820870111659985e+02 1.087863387030431284e+02
1.129522193852566261e+02 1.129567488035481659e+02
1.171226106984229887e+02 1.171270651136570393e+02
1.212928140891423396e+02 1.212975040501130337e+02
1.254630017718299086e+02 1.254679160072608539e+02
1.296332355936500562e+02 1.296377506986358412e+02
1.338035270028999832e+02 1.338083303810868472e+02
1.379736782381780245e+02 1.379788130830123976e+02
1.421439017708160861e+02 1.421492342133525710e+02
1.463142149909956231e+02 1.463194462846260819e+02
1.504845095354260422e+02 1.504893410305430450e+02
1.546545349162180969e+02 1.546595015354475890e+02
1.588247995925669613e+02 1.588296014323493068e+02
1.629949111087017286e+02 1.629996076836208374e+02
1.671650265970695841e+02 1.671697193121334237e+02
1.713349958451105408e+02 1.713399640700751547e+02
1.755051010449675459e+02 1.755102668777282702e+02
1.796750951681682409e+02 1.796803719801571049e+02
1.838451417650774715e+02 1.838506730417629456e+02
1.880150629884448392e+02 1.880210077792901018e+02
1.921851079502879998e+02 1.921909105255505210e+02
1.963552176808059357e+02 1.963610348173437501e+02
