0.000000000000000000e+00 0.000000000000000000e+00
3.415927948885482124e-01 3.421750864929773428e-01
3.526910841320965773e+00 3.527425575001225333e+00
7.727125958306086062e+00 7.727500467987967525e+00
1.192156156970301062e+01 1.192486255628709202e+01
1.611210125359562539e+01 1.611553023279762087e+01
2.030213752108746661e+01 2.030581025877911472e+01
2.449167258704706995e+01 2.449549458940548874e+01
2.868114671021714912e+01 2.868524304526189184e+01
3.287008472954600080e+01 3.287474591457521456e+01
3.705812779784163524e+01 3.706376590236116897e+01
4.124608964152334067e+01 4.125276752686076520e+01
4.543439263116735560e+01 4.544148935776359366e+01
4.962224557378891632e+01 4.962957788835370820e+01
5.381024721806167577e+01 5.381767089515736302e+01
5.799776563650381433e+01 5.800552315319647079e+01
6.218550525189898792e+01 6.219390217750917316e+01
6.637274659178611103e+01 6.638152417263098926e+01
7.055990918687284363e+01 7.056916107634398827e+01
7.474762185957260385e+01 7.475682203410015347e+01
7.893495667295098883e+01 7.894472879882746952e+01
8.312220731343438729e+01 8.313153352414633446e+01
8.730945895914136656e+01 8.731851699979625892e+01
9.149656194974016898e+01 9.150608059473572098e+01
9.568382824923833141e+01 9.569349083185250038e+01
9.987080318911745280e+01 9.988072272706929766e+01
1.040584038931875881e+02 1.040678533699511235e+02
1.082457055307182543e+02 1.082556016887044876e+02
1.124328638973777288e+02 1.124428011531695120e+02
1.166202663145336658e+02 1.166304973086186010e+02
1.208073166192623660e+02 1.208185452927007191e+02
1.249945787098510834e+02 1.250053395934671272e+02
1.291815825830715028e+02 1.291928743870242045e+02
1.333688381842680428e+02 1.333795923305677888e+02
1.375561620941469414e+02 1.375671745225517100e+02
1.417433676926858652e+02 1.417538926253467935e+02
1.459304523585044251e+02 1.459411281250406489e+02
1.501170635876807751e+02 1.501287064986150313e+02
1.543040744549666954e+02 1.543151039366062491e+02
1.584909704496358813e+02 1.585017788255909466e+02
1.626781929260655488e+02 1.626886056572774351e+02
1.668650355562518257e+02 1.668763688010507735e+02
1.710519955211213983e+02 1.710639403343108143e+02
1.752392102934356899e+02 1.752507915472070295e+02
1.794262642389628297e+02 1.794383336388356440e+02
1.836132458136773664e+02 1.836255634011265556e+02
1.878006642643176747e+02 1.878122031257450431e+02
1.919872629124898253e+02 1.919990733633434843e+02
1.961741242558157410e+02 1.961859611045807128e+02
