0.000000000000000000e+00 0.000000000000000000e+00
3.457947152366509513e-01 3.457931446190398717e-01
4.654130152575184809e+00 4.654128849627468867e+00
8.945237951677233568e+00 8.946065041181299193e+00
1.322964410227084464e+01 1.323239730254917035e+01
1.751344543733917902e+01 1.751821290099501738e+01
2.179579435695998058e+01 2.180247596181018821e+01
2.607400360638968095e+01 2.608333007261649072e+01
3.034944053309199319e+01 3.036090351601581716e+01
3.462488171261402670e+01 3.463832424913415764e+01
3.889987960107031739e+01 3.891536780536026896e+01
4.317542708528254281e+01 4.319261449096954664e+01
4.745090811462433322e+01 4.746923392366561245e+01
5.172881480180629410e+01 5.174609687475850706e+01
5.601376514774018034e+01 5.602265565348972132e+01
6.029083486984674067e+01 6.029972596182851419e+01
6.456579429295530304e+01 6.457634820265570852e+01
6.884115869723399328e+01 6.885281276226649538e+01
7.312014337466349900e+01 7.312860122471042246e+01
7.739429426342080376e+01 7.740485555793833328e+01
8.167345175792436862e+01 8.168133188895998842e+01
8.594713201735950747e+01 8.595796733701821779e+01
9.022794322037132986e+01 9.023438785853466015e+01
9.450527922478541143e+01 9.451026056493198269e+01
9.878270100425856981e+01 9.878667304207237976e+01
1.030572140281664986e+02 1.030625463126384318e+02
1.073329879577701007e+02 1.073384365643576928e+02
1.116099611587201679e+02 1.116141023892509736e+02
1.158867871761285215e+02 1.158899862593742256e+02
1.201630143989347772e+02 1.201656924130841873e+02
1.244385348853379156e+02 1.244417850554565348e+02
1.287147983607508479e+02 1.287175202288196090e+02
1.329908154970862029e+02 1.329936625508810550e+02
1.372661244279419748e+02 1.372700604521509717e+02
1.415425890072588402e+02 1.415460434034200716e+02
1.458190288809661581e+02 1.458222431208162106e+02
1.500956693806659246e+02 1.500981082350095903e+02
1.543709144777414224e+02 1.543739532740121376e+02
1.586458332972992196e+02 1.586500826478092563e+02
1.629230558663394106e+02 1.629251306043756244e+02
1.671980999672557289e+02 1.672003940880473465e+02
1.714737784418265392e+02 1.714761465075439730e+02
1.757495754763390607e+02 1.757511750082496178e+02
1.800249439924504600e+02 1.800271924866091240e+02
1.843006800500261022e+02 1.843023303545158456e+02
1.885761627113865302e+02 1.885784004842553259e+02
1.928519542544731848e+02 1.928540779089509272e+02
1.971276687547781989e+02 1.971298997114203644e+02
2.014034885701941846e+02 2.014056268463206720e+02
2.056793473710473279e+02 2.056815370576142641e+02
2.099552385546516575e+02 2.099576016132006089e+02
2.142313874340775044e+02 2.142332550075157940e+02
2.185071829272423827e+02 2.185089917027942761e+02
2.227829954084980102e+02 2.227846706855404477e+02
2.270586068556393400e+02 2.270598861435131823e+02
2.313339444724857117e+02 2.313358079189622174e+02
2.356097194344683032e+02 2.356118247485210020e+02
2.398855884793663620e+02 2.398876900401759258e+02
2.441614088050034752e+02 2.441630945507052104e+02
2.484371037647969445e+02 2.484386859615371463e+02
2.527125978801839210e+02 2.527144473091993859e+02
2.569883077171505761e+02 2.569895743700405433e+02
2.612636127841235520e+02 2.612653019995973409e+02
2.655391840661895344e+02 2.655411813152009017e+02
2.698151742445184595e+02 2.698162392758692363e+02
